# freq_hz inoise_V_per_rtHz onoise_V_per_rtHz
1.000000000000000056e-01 4.191766735826282726e-05 2.481106878542692851e+00
1.122018454301963036e-01 3.957552916428964322e-05 2.342475901529847970e+00
1.258925411794167004e-01 3.736571625183948095e-05 2.211677170970963946e+00
1.412537544622753938e-01 3.528066048434552786e-05 2.088262747448290213e+00
1.584893192461112876e-01 3.331323222270970774e-05 1.971810640694386940e+00
1.778279410038922093e-01 3.145671458369498285e-05 1.861923287178878894e+00
1.995262314968878903e-01 2.970477922857141034e-05 1.758226117933104904e+00
2.238721138568338098e-01 2.805146359000599966e-05 1.660366211245799084e+00
2.511886431509577911e-01 2.649114945077221024e-05 1.568011025172652007e+00
2.818382931264450941e-01 2.501854279309999050e-05 1.480847205097191033e+00
3.162277660168377191e-01 2.362865484241012987e-05 1.398579461859710937e+00
3.548133892335750827e-01 2.231678423380026934e-05 1.320929516235261003e+00
3.981071705534969252e-01 2.107850023398933975e-05 1.247635105791262022e+00
4.466835921509625940e-01 1.990962695550263907e-05 1.178449050390568020e+00
5.011872336272716888e-01 1.880622850370587850e-05 1.113138372827430000e+00
5.623413251903484067e-01 1.776459500088888887e-05 1.051483471292179006e+00
6.309573444801924724e-01 1.678122943497349940e-05 9.932773405563052327e-01
7.079457843841370224e-01 1.585283528358754975e-05 9.383248389534135647e-01
7.943282347242804908e-01 1.497630486722144920e-05 8.864419984039061395e-01
8.912509381337443415e-01 1.414870838797754017e-05 8.374553748926583108e-01
9.999999999999985567e-01 1.336728361304505079e-05 7.912014369599709163e-01
1.122018454301962009e+00 1.262942616449738049e-05 7.475259899070773040e-01
1.258925411794165061e+00 1.193268037932206923e-05 7.062836335489662831e-01
1.412537544622751939e+00 1.127473070576620961e-05 6.673372514695057323e-01
1.584893192461110933e+00 1.065339360412161066e-05 6.305575298472325674e-01
1.778279410038920094e+00 1.006660992198996996e-05 5.958225040248834592e-01
1.995262314968875961e+00 9.512437715869419486e-06 5.630171310920342176e-01
2.238721138568334990e+00 8.989045492594469844e-06 5.320328868381789533e-01
2.511886431509574802e+00 8.494705845749987627e-06 5.027673855133287795e-01
2.818382931264447944e+00 8.027789463672089335e-06 4.751240209046849738e-01
3.162277660168371973e+00 7.586759487050530638e-06 4.490116273011618975e-01
3.548133892335747053e+00 7.170166195464017205e-06 4.243441589722932172e-01
3.981071705534962923e+00 6.776642003416929579e-06 4.010403868342539146e-01
4.466835921509620277e+00 6.404896747608401351e-06 3.790236110131590119e-01
5.011872336272709560e+00 6.053713248256450175e-06 3.582213880442987053e-01
5.623413251903476073e+00 5.721943128326060219e-06 3.385652714654969753e-01
6.309573444801915620e+00 5.408502875474034707e-06 3.199905645734936188e-01
7.079457843841360010e+00 5.112370132429263626e-06 3.024360841147359924e-01
7.943282347242792696e+00 4.832580202378364619e-06 2.858439336774822870e-01
8.912509381337429204e+00 4.568222756726365174e-06 2.701592855431175222e-01
9.999999999999969802e+00 4.318438733353898649e-06 2.553301697452762253e-01
1.122018454301960055e+01 4.082417414198766379e-06 2.413072690828030054e-01
1.258925411794163018e+01 3.859393671653592930e-06 2.280437188480406996e-01
1.412537544622749941e+01 3.648645373895353049e-06 2.154949100830184094e-01
1.584893192461107958e+01 3.449490939848959125e-06 2.036182952896863074e-01
1.778279410038917163e+01 3.261287035038440996e-06 1.923731957365462097e-01
1.995262314968872985e+01 3.083426400097346149e-06 1.817206098816571136e-01
2.238721138568331881e+01 2.915335804197136043e-06 1.716230230552175107e-01
2.511886431509570983e+01 2.756474116110272163e-06 1.620442195310760058e-01
2.818382931264443059e+01 2.606330486055092064e-06 1.529490996236728961e-01
3.162277660168367888e+01 2.464422631874387985e-06 1.443035066780823938e-01
3.548133892335741280e+01 2.330295223480022979e-06 1.360740720186517927e-01
3.981071705534957061e+01 2.203518359853746058e-06 1.282280903415974893e-01
4.466835921509613172e+01 2.083686133230744104e-06 1.207334438790584052e-01
5.011872336272701745e+01 1.970415275408788103e-06 1.135586009329877938e-01
5.623413251903466659e+01 1.863343881423321078e-06 1.066727226429971948e-01
6.309573444801905850e+01 1.762130206108541895e-06 1.000459198523924037e-01
7.079457843841348108e+01 1.666451529327622905e-06 9.364970706823158575e-02
7.943282347242779906e+01 1.576003085902650928e-06 8.745769830832950120e-02
8.912509381337414993e+01 1.490497056507564033e-06 8.144657358868345742e-02
9.999999999999954525e+01 1.409661616006249962e-06 7.559730724557355008e-02
1.122018454301958030e+02 1.333240035923897019e-06 6.989658416832222887e-02
1.258925411794160993e+02 1.260989837933319937e-06 6.433823824339858499e-02
1.412537544622747134e+02 1.192681995420202928e-06 5.892444595428376203e-02
1.584893192461105969e+02 1.128100180362657012e-06 5.366632571646699768e-02
1.778279410038913966e+02 1.067040052921630009e-06 4.858359592476566707e-02
1.995262314968869930e+02 1.009308591290551942e-06 4.370305404471141325e-02
2.238721138568328115e+02 9.547234594952716152e-07 3.905588660302364984e-02
2.511886431509566933e+02 9.031124109696784466e-07 3.467413272282755116e-02
2.818382931264438866e+02 8.543127258588172037e-07 3.058689135623084143e-02
3.162277660168363127e+02 8.081706801201526773e-07 2.681696983628211947e-02
3.548133892335736164e+02 7.645410446056590150e-07 2.337855426096127967e-02
3.981071705534951093e+02 7.232866124126034654e-07 2.027620205370662954e-02
4.466835921509606919e+02 6.842777528900898902e-07 1.750512146625794047e-02
5.011872336272695065e+02 6.473919907816066347e-07 1.505244430098016083e-02
5.623413251903459695e+02 6.125136090716384327e-07 1.289907690888103010e-02
6.309573444801897040e+02 5.795332741868978397e-07 1.102172739042256086e-02
7.079457843841338445e+02 5.483476822805132435e-07 9.394804239908082638e-03
7.943282347242768537e+02 5.188592254005327870e-07 7.992006117140784335e-03
8.912509381337401919e+02 4.909756764129180843e-07 6.787532723789607009e-03
9.999999999999939746e+02 4.646098916138421871e-07 5.756924166003076805e-03
1.122018454301957036e+03 4.396795300269656838e-07 4.877579762718363236e-03
1.258925411794158890e+03 4.161067884385233897e-07 4.129024216583166568e-03
1.412537544622744917e+03 3.938181512768142101e-07 3.492988947927432985e-03
1.584893192461102899e+03 3.727441544931663205e-07 2.953367513780611950e-03
1.778279410038911010e+03 3.528191626488507789e-07 2.496091955482697064e-03
1.995262314968865894e+03 3.339811584570012167e-07 2.108964951442011179e-03
2.238721138568324022e+03 3.161715440700425249e-07 1.781472319355848931e-03
2.511886431509562954e+03 2.993349534426666063e-07 1.504592242916798998e-03
2.818382931264433864e+03 2.834190751365199123e-07 1.270611477373728921e-03
3.162277660168357215e+03 2.683744849672265787e-07 1.072954446165127942e-03
3.548133892335728888e+03 2.541544879262514988e-07 9.060281558256796366e-04
3.981071705534944158e+03 2.407149688396943182e-07 7.650839116765570077e-04
4.466835921509598847e+03 2.280142512540815120e-07 6.460955935493185951e-04
5.011872336272685970e+03 2.160129640645409908e-07 5.456535419940362419e-04
5.623413251903449236e+03 2.046739154249505066e-07 4.608727318482553118e-04
6.309573444801885671e+03 1.939619735013957083e-07 3.893137578746434855e-04
7.079457843841326394e+03 1.838439536508409028e-07 3.289151420018544933e-04
7.943282347242755350e+03 1.742885116257905945e-07 2.779355372463120956e-04
8.912509381337387822e+03 1.652660424230645940e-07 2.349045126013519082e-04
9.999999999999923602e+03 1.567485844112992105e-07 1.985807322024585081e-04
1.122018454301954989e+04 1.487097283868338115e-07 1.679164759996248034e-04
1.258925411794156935e+04 1.411245312224627025e-07 1.420275791092726080e-04
1.412537544622743007e+04 1.339694337874468090e-07 1.201679880428738932e-04
1.584893192461100989e+04 1.272221828314426948e-07 1.017082419677649936e-04
1.778279410038908100e+04 1.208617565394062002e-07 8.611728490412773080e-05
1.995262314968862847e+04 1.148682934801054055e-07 7.294710091935723993e-05
2.238721138568321112e+04 1.092230246877044939e-07 6.181973913051038967e-05
2.511886431509559043e+04 1.039082086352069940e-07 5.241636020916016217e-05
2.818382931264429862e+04 9.890706888045209818e-08 4.446799161206620811e-05
3.162277660168351940e+04 9.420373419106186250e-08 3.774772644325008030e-05
3.548133892335723795e+04 8.978318098443918300e-08 3.206414145147878187e-05
3.981071705534937792e+04 8.563117795346384257e-08 2.725574427031736933e-05
4.466835921509592299e+04 8.173423278787607725e-08 2.318628932879104965e-05
5.011872336272677785e+04 7.807954094544672156e-08 1.974082679851945054e-05
5.623413251903439959e+04 7.465493647550515422e-08 1.682236999649675102e-05
6.309573444801875303e+04 7.144884494854120027e-08 1.434908452517159030e-05
7.079457843841314025e+04 6.845023859804137605e-08 1.225191750378931022e-05
7.943282347242740798e+04 6.564859383118797875e-08 1.047259799616316082e-05
8.912509381337370723e+04 6.303385131063593571e-08 8.961950507840793758e-06
9.999999999999903957e+04 6.059637884597642271e-08 7.678472509546229905e-06
1.122018454301953025e+05 5.832693735657035101e-08 6.587134623060642396e-06
1.258925411794154934e+05 5.621665017322281765e-08 5.658368578476144378e-06
1.412537544622741116e+05 5.425697593114696119e-08 4.867213517793871861e-06
1.584893192461098079e+05 5.243968526900026735e-08 4.192595831248174843e-06
1.778279410038905044e+05 5.075684148821598822e-08 3.616721602957604036e-06
1.995262314968859137e+05 4.920078524577409325e-08 3.124564025050484816e-06
2.238721138568317110e+05 4.776412325664764741e-08 2.703430909652494914e-06
2.511886431509554095e+05 4.643972087674653318e-08 2.342599761865093072e-06
2.818382931264425279e+05 4.522069833223862969e-08 2.033009847998184804e-06
3.162277660168345901e+05 4.410043026707324293e-08 1.767002353605250085e-06
3.548133892335718265e+05 4.307254820732734739e-08 1.538101123504647075e-06
3.981071705534930807e+05 4.213094549799313678e-08 1.340827656487404030e-06
4.466835921509583713e+05 4.126978426186770237e-08 1.170545018740324044e-06
5.011872336272670073e+05 4.048350396578135235e-08 1.023326175209987925e-06
5.623413251903430792e+05 3.976683125781097188e-08 8.958429414654367509e-07
6.309573444801864680e+05 3.911479085903643884e-08 7.852723495215813832e-07
7.079457843841302674e+05 3.852271745163011856e-08 6.892177193617566654e-07
7.943282347242728574e+05 3.798626869701821715e-08 6.056421469444788647e-07
8.912509381337357918e+05 3.750143973910988251e-08 5.328124725445554023e-07
9.999999999999889405e+05 3.706457979413255290e-08 4.692520926175128150e-07
1.122018454301950987e+06 3.667241169817302236e-08 4.137012287802977225e-07
1.258925411794153042e+06 3.632205557449883942e-08 3.650834822661128860e-07
1.412537544622737914e+06 3.601105809461425117e-08 3.224776816777148910e-07
1.584893192461095983e+06 3.573742913858442246e-08 2.850941855585602147e-07
1.778279410038901959e+06 3.549968800620308040e-08 2.522549308671530921e-07
1.995262314968856983e+06 3.529692167856590228e-08 2.233766287724277969e-07
2.238721138568312861e+06 3.512885795419988712e-08 1.979566023685567037e-07
2.511886431509550195e+06 3.499595653549597994e-08 1.755608401039732097e-07
2.818382931264420040e+06 3.489952123764962957e-08 1.558139054487578116e-07
3.162277660168340895e+06 3.484183629884127316e-08 1.383903997645585951e-07
3.548133892335711978e+06 3.482632908567910906e-08 1.230077227987683046e-07
3.981071705534923822e+06 3.485776001961489064e-08 1.094199152856956956e-07
4.466835921509576030e+06 3.494243791095553914e-08 9.741240218610444256e-08
5.011872336272660643e+06 3.508845460048297315e-08 8.679748431349957449e-08
5.623413251903420314e+06 3.530592638902678246e-08 7.741045213193193427e-08
6.309573444801853038e+06 3.560722081874114003e-08 6.910622018609894948e-08
7.079457843841289170e+06 3.600713604859867724e-08 6.175640525820696994e-08
7.943282347242713906e+06 3.652298730998172722e-08 5.524679787020356310e-08
8.912509381337340921e+06 3.717454318789239888e-08 4.947520547589102925e-08
9.999999999999871477e+06 3.798374821172537153e-08 4.434967496903216679e-08
