# freq_hz inoise_V_per_rtHz onoise_V_per_rtHz
1.000000000000000056e-01 4.150312470518068323e-05 2.125090182062706834e+00
1.122018454301963036e-01 3.918167141225991935e-05 2.006224631313659135e+00
1.258925411794167004e-01 3.699153091059895681e-05 1.894082645656030017e+00
1.412537544622753938e-01 3.492518340863244705e-05 1.788279201567742005e+00
1.584893192461112876e-01 3.297554537725614807e-05 1.688451609621067107e+00
1.778279410038922093e-01 3.113594390721708994e-05 1.594258202384327916e+00
1.995262314968878903e-01 2.940009259262316063e-05 1.505377100225455900e+00
2.238721138568338098e-01 2.776206884871990028e-05 1.421505050370970080e+00
2.511886431509577911e-01 2.621629257766369998e-05 1.342356334844837962e+00
2.818382931264450941e-01 2.475750610126012014e-05 1.267661743168670085e+00
3.162277660168377191e-01 2.338075528455433038e-05 1.197167605947933922e+00
3.548133892335750827e-01 2.208137177877895007e-05 1.130634885698706960e+00
3.981071705534969252e-01 2.085495631649965007e-05 1.067838321486284991e+00
4.466835921509625940e-01 1.969736299586950917e-05 1.008565624151245954e+00
5.011872336272716888e-01 1.860468449472466105e-05 9.526167190908360061e-01
5.623413251903484067e-01 1.757323815884203914e-05 8.998030337443549964e-01
6.309573444801924724e-01 1.659955291204935125e-05 8.499468271011140219e-01
7.079457843841370224e-01 1.568035693904066055e-05 8.028805587090442897e-01
7.943282347242804908e-01 1.481256609472193073e-05 7.584462948116454939e-01
8.912509381337443415e-01 1.399327299669973922e-05 7.164951493812368177e-01
9.999999999999985567e-01 1.321973676014663006e-05 6.768867579477569896e-01
1.122018454301962009e+00 1.248937333673533986e-05 6.394887822451974513e-01
1.258925411794165061e+00 1.179974642164510073e-05 6.041764438124483938e-01
1.412537544622751939e+00 1.114855889481218055e-05 5.708320847922727648e-01
1.584893192461110933e+00 1.053364476463426039e-05 5.393447542716244270e-01
1.778279410038920094e+00 9.952961584252055640e-06 5.096098185988154894e-01
1.995262314968875961e+00 9.404583312328560851e-06 4.815285941983886153e-01
2.238721138568334990e+00 8.886693591934536658e-06 4.550080014830690800e-01
2.511886431509574802e+00 8.397579422734365674e-06 4.299602385340658972e-01
2.818382931264447944e+00 7.935625203155725245e-06 4.063024732862117183e-01
3.162277660168371973e+00 7.499307120625617607e-06 3.839565530131399118e-01
3.548133892335747053e+00 7.087187869269363705e-06 3.628487299597061844e-01
3.981071705534962923e+00 6.697911675703842836e-06 3.429094020142051114e-01
4.466835921509620277e+00 6.330199614716054179e-06 3.240728673514203240e-01
5.011872336272709560e+00 5.982845197707576671e-06 3.062770920090593929e-01
5.623413251903476073e+00 5.654710217809349665e-06 2.894634893845202117e-01
6.309573444801915620e+00 5.344720836532912082e-06 2.735767106561594053e-01
7.079457843841360010e+00 5.051863897727927068e-06 2.585644451433665725e-01
7.943282347242792696e+00 4.775183455465058623e-06 2.443772296231518926e-01
8.912509381337429204e+00 4.513777503260960804e-06 2.309682656185365890e-01
9.999999999999969802e+00 4.266794892812119160e-06 2.182932436674797083e-01
1.122018454301960055e+01 4.033432431108676667e-06 2.063101735734048925e-01
1.258925411794163018e+01 3.812932145461615999e-06 1.949792196346873951e-01
1.412537544622749941e+01 3.604578706598880900e-06 1.842625398588781938e-01
1.584893192461107958e+01 3.407697000570916007e-06 1.741241282008297031e-01
1.778279410038917163e+01 3.221649840755675945e-06 1.645296589418676902e-01
1.995262314968872985e+01 3.045835811769964080e-06 1.554463324792645096e-01
2.238721138568331881e+01 2.879687237579386956e-06 1.468427220648700071e-01
2.511886431509570983e+01 2.722668266555917964e-06 1.386886214813113083e-01
2.818382931264443059e+01 2.574273066660991041e-06 1.309548943612336980e-01
3.162277660168367888e+01 2.434024124335598859e-06 1.236133269585635019e-01
3.548133892335741280e+01 2.301470641058039992e-06 1.166364878252443005e-01
3.981071705534957061e+01 2.176187021886552805e-06 1.099976002204092057e-01
4.466835921509613172e+01 2.057771450639303201e-06 1.036704363863314021e-01
5.011872336272701745e+01 1.945844546679434018e-06 9.762924724274474331e-02
5.623413251903466659e+01 1.840048098569227050e-06 9.184874662891426289e-02
6.309573444801905850e+01 1.740043870136207099e-06 8.630417571033342783e-02
7.079457843841348108e+01 1.645512474756007925e-06 8.097147972799031979e-02
7.943282347242779906e+01 1.556152313903439989e-06 7.582763408723332266e-02
8.912509381337414993e+01 1.471678576254866102e-06 7.085115663483872173e-02
9.999999999999954525e+01 1.391822293843098941e-06 6.602283298933779576e-02
1.122018454301958030e+02 1.316329451971068008e-06 6.132665591280155037e-02
1.258925411794160993e+02 1.244960149783367102e-06 5.675093239824578750e-02
1.412537544622747134e+02 1.177487808576225060e-06 5.228944403249687067e-02
1.584893192461105969e+02 1.113698425097163921e-06 4.794246093680718662e-02
1.778279410038913966e+02 1.053389867246047962e-06 4.371734556244819686e-02
1.995262314968869930e+02 9.963712097403916705e-07 3.962845745789737167e-02
2.238721138568328115e+02 9.424621074498138324e-07 3.569614414483472664e-02
2.511886431509566933e+02 8.914922042382309268e-07 3.194477743889315852e-02
2.818382931264438866e+02 8.433005752782285208e-07 2.840003829445207975e-02
3.162277660168363127e+02 7.977352009202790629e-07 2.508588698912639012e-02
3.548133892335736164e+02 7.546524703109896398e-07 2.202176888084345086e-02
3.981071705534951093e+02 7.139167130591832681e-07 1.922055498234824869e-02
4.466835921509606919e+02 6.753997573473487214e-07 1.668750939260368882e-02
5.011872336272695065e+02 6.389805129786432054e-07 1.442031045437604936e-02
5.623413251903459695e+02 6.045445779370166640e-07 1.240992617428367945e-02
6.309573444801897040e+02 5.719838671200406779e-07 1.064202314969027972e-02
7.079457843841338445e+02 5.411962619813839050e-07 9.098578604314051452e-03
7.943282347242768537e+02 5.120852798924846315e-07 7.759432802002571260e-03
8.912509381337401919e+02 4.845597621013647797e-07 6.603617215234810871e-03
9.999999999999939746e+02 4.585335792307898262e-07 5.610385837940422629e-03
1.122018454301957036e+03 4.339253533184463771e-07 4.759944936591421934e-03
1.258925411794158890e+03 4.106581954586134058e-07 4.033916669000015345e-03
1.412537544622744917e+03 3.886594581581812126e-07 3.415589290003115831e-03
1.584893192461102899e+03 3.678605015700124935e-07 2.890008868102489099e-03
1.778279410038911010e+03 3.481964728136931165e-07 2.443961365389169145e-03
1.995262314968865894e+03 3.296060976379320924e-07 2.065884564780979833e-03
2.238721138568324022e+03 3.120314837200694865e-07 1.745739602610628990e-03
2.511886431509562954e+03 2.954179349371956911e-07 1.474863304204715973e-03
2.818382931264433864e+03 2.797137759793399075e-07 1.245815611433917980e-03
3.162277660168357215e+03 2.648701867092144946e-07 1.052231197167111023e-03
3.548133892335728888e+03 2.508410457045667904e-07 8.886806068133957376e-04
3.981071705534944158e+03 2.375827824485029073e-07 7.505436922812959823e-04
4.466835921509598847e+03 2.250542376607253879e-07 6.338963898080715673e-04
5.011872336272685970e+03 2.132165312876251933e-07 5.354108175656441433e-04
5.623413251903449236e+03 2.020329376931525012e-07 4.522680268991378927e-04
6.309573444801885671e+03 1.914687676137344051e-07 3.820823961369102808e-04
7.079457843841326394e+03 1.814912564608551113e-07 3.228365038882351841e-04
7.943282347242755350e+03 1.720694585734711078e-07 2.728252878761652117e-04
8.912509381337387822e+03 1.631741470396855911e-07 2.306083370068622886e-04
9.999999999999923602e+03 1.547777187233467023e-07 1.949692461514757990e-04
1.122018454301954989e+04 1.468541041462897958e-07 1.648810640129599945e-04
1.258925411794156935e+04 1.393786818917301888e-07 1.394769712508841933e-04
1.412537544622743007e+04 1.323281972084983962e-07 1.180254307978298998e-04
1.584893192461100989e+04 1.256806845103417885e-07 9.990915075580052477e-05
1.778279410038908100e+04 1.194153934795145998e-07 8.460728982254599260e-05
1.995262314968862847e+04 1.135127185001706937e-07 7.168041546996490091e-05
2.238721138568321112e+04 1.079541311651364057e-07 6.075779557924275854e-05
2.511886431509559043e+04 1.027221156200415957e-07 5.152666598674258199e-05
2.818382931264429862e+04 9.780010653266678328e-08 4.372316959716477736e-05
3.162277660168351940e+04 9.317242950282222614e-08 3.712470865104086913e-05
3.548133892335723795e+04 8.882424376011931660e-08 3.154349099755482849e-05
3.981071705534937792e+04 8.474148703388600038e-08 2.682108479630900870e-05
4.466835921509592299e+04 8.091082252128824782e-08 2.282382458803965952e-05
5.011872336272677785e+04 7.731958792616452961e-08 1.943893597569527014e-05
5.623413251903439959e+04 7.395574659136254621e-08 1.657126670327298948e-05
6.309573444801875303e+04 7.080784079981788465e-08 1.414052937309155082e-05
7.079457843841314025e+04 6.786494737211511189e-08 1.207897578257344080e-05
7.943282347242740798e+04 6.511663573759528410e-08 1.032943534132236033e-05
8.912509381337370723e+04 6.255292869876391403e-08 8.843660573922183134e-06
9.999999999999903957e+04 6.016426614024912868e-08 7.580931613558718103e-06
1.122018454301953025e+05 5.794147195012245240e-08 6.506879117925383352e-06
1.258925411794154934e+05 5.587572441850258276e-08 5.592491384847676173e-06
1.412537544622741116e+05 5.395853035372254964e-08 4.813276804180726621e-06
1.584893192461098079e+05 5.218170310813508970e-08 4.148557306785341315e-06
1.778279410038905044e+05 5.053734463495501007e-08 3.580872285790920866e-06
1.995262314968859137e+05 4.901783160767206893e-08 3.095475686447977035e-06
2.238721138568317110e+05 4.761580553016624814e-08 2.679911678097475035e-06
2.511886431509554095e+05 4.632416665715000970e-08 2.323656611630708070e-06
2.818382931264425279e+05 4.513607144046365814e-08 2.017816898800895985e-06
3.162277660168345901e+05 4.404493312749163735e-08 1.754874078527080982e-06
3.548133892335718265e+05 4.304442507358990282e-08 1.528469706286647034e-06
3.981071705534930807e+05 4.212848629905265282e-08 1.333223859451085959e-06
4.466835921509583713e+05 4.129132882892550799e-08 1.164582023836511894e-06
5.011872336272670073e+05 4.052744640378182300e-08 1.018685945384546003e-06
5.623413251903430792e+05 3.983162424139846224e-08 8.922647200664612156e-07
6.309573444801864680e+05 3.919894966091247814e-08 7.825429745434845621e-07
7.079457843841302674e+05 3.862482354796374862e-08 6.871634785911332135e-07
7.943282347242728574e+05 3.810497283704591307e-08 6.041219412583292059e-07
8.912509381337357918e+05 3.763546441092177019e-08 5.317120892388729746e-07
9.999999999999889405e+05 3.721272106321752730e-08 4.684794196523628924e-07
1.122018454301950987e+06 3.683354043701810908e-08 4.131822655041801181e-07
1.258925411794153042e+06 3.649511813914205737e-08 3.647590231330392247e-07
1.412537544622737914e+06 3.619507653655806815e-08 3.223005672493062143e-07
1.584893192461095983e+06 3.593150106776160693e-08 2.850270305918409039e-07
1.778279410038901959e+06 3.570298624316776796e-08 2.522682524589856941e-07
1.995262314968856983e+06 3.550869385277223929e-08 2.234473088450587066e-07
2.238721138568312861e+06 3.534842622042299021e-08 1.980666289660575901e-07
2.511886431509550195e+06 3.522271759367781205e-08 1.756962801762995024e-07
2.818382931264420040e+06 3.513294685259898967e-08 1.559640693815163102e-07
3.162277660168340895e+06 3.508147452510261779e-08 1.385471642337063055e-07
3.548133892335711978e+06 3.507180640807034710e-08 1.231649840124355021e-07
3.981071705534923822e+06 3.510878461901323053e-08 1.095731493205678997e-07
4.466835921509576030e+06 3.519880425118754784e-08 9.755831328598243994e-08
5.011872336272660643e+06 3.535004950028229007e-08 8.693372527381726817e-08
5.623413251903420314e+06 3.557273667902073172e-08 7.753540402869362046e-08
6.309573444801853038e+06 3.587934257517760011e-08 6.921882112459145775e-08
7.079457843841289170e+06 3.628478523139777892e-08 6.185601992635040705e-08
7.943282347242713906e+06 3.680651138961980949e-08 5.533312140912388707e-08
8.912509381337340921e+06 3.746443304880503213e-08 4.954819644389785748e-08
9.999999999999871477e+06 3.828064927177177290e-08 4.440951304004632699e-08
