# freq_hz inoise_V_per_rtHz onoise_V_per_rtHz
1.000000000000000056e-01 4.281287453229928896e-05 2.170297365088841079e+00
1.122018454301963036e-01 4.041531752986151331e-05 2.048759031230572791e+00
1.258925411794167004e-01 3.815355678376388873e-05 1.934104503263810004e+00
1.412537544622753938e-01 3.601980484766947681e-05 1.825939028894050908e+00
1.584893192461112876e-01 3.400672670855777705e-05 1.723890786808508047e+00
1.778279410038922093e-01 3.210741315721749988e-05 1.627609537671985906e+00
1.995262314968878903e-01 3.031535574556255881e-05 1.536765355313951975e+00
2.238721138568338098e-01 2.862442323516472124e-05 1.451047433318999991e+00
2.511886431509577911e-01 2.702883944721058164e-05 1.370162962512222027e+00
2.818382931264450941e-01 2.552316242954811993e-05 1.293836075095980087e+00
3.162277660168377191e-01 2.410226486161224044e-05 1.221806851445361053e+00
3.548133892335750827e-01 2.276131562282827900e-05 1.153830385806581038e+00
3.981071705534969252e-01 2.149576245460854028e-05 1.089675907366121965e+00
4.466835921509625940e-01 2.030131565029600894e-05 1.029125953369010915e+00
5.011872336272716888e-01 1.917393271138992156e-05 9.719755911628782385e-01
5.623413251903484067e-01 1.810980391212480906e-05 9.180316862308501857e-01
6.309573444801924724e-01 1.710533871798287087e-05 8.671122134514448465e-01
7.079457843841370224e-01 1.615715300701437115e-05 8.190456089881011925e-01
7.943282347242804908e-01 1.526205704593375969e-05 7.736701603651763293e-01
8.912509381337443415e-01 1.441704417586342985e-05 7.308334324318068731e-01
9.999999999999985567e-01 1.361928016532497026e-05 6.903917270503816539e-01
1.122018454301962009e+00 1.286609319063786961e-05 6.522095744729154987e-01
1.258925411794165061e+00 1.215496440629149065e-05 6.161592544868330634e-01
1.412537544622751939e+00 1.148351907011391934e-05 5.821203455218442180e-01
1.584893192461110933e+00 1.084951819018248072e-05 5.499793000120878350e-01
1.778279410038920094e+00 1.025085066241251981e-05 5.196290444027977795e-01
1.995262314968875961e+00 9.685525869631705722e-06 4.909686022786244886e-01
2.238721138568334990e+00 9.151666714703992947e-06 4.639027391716125104e-01
2.511886431509574802e+00 8.647503061917725248e-06 4.383416276808099199e-01
2.818382931264447944e+00 8.171365562402037024e-06 4.142005316026330930e-01
3.162277660168371973e+00 7.721679840791698658e-06 3.913995078314533860e-01
3.548133892335747053e+00 7.296961021728088907e-06 3.698631248433760232e-01
3.981071705534962923e+00 6.895808576068309702e-06 3.495201966227455270e-01
4.466835921509620277e+00 6.516901467881425606e-06 3.303035309304230838e-01
5.011872336272709560e+00 6.158993584444175866e-06 3.121496908451906749e-01
5.623413251903476073e+00 5.820909432513601763e-06 2.949987685346230903e-01
6.309573444801915620e+00 5.501540085154412630e-06 2.787941702293649238e-01
7.079457843841360010e+00 5.199839364339023060e-06 2.634824113850861016e-01
7.943282347242792696e+00 4.914820245421291743e-06 2.490129210198704091e-01
8.912509381337429204e+00 4.645551470414785652e-06 2.353378542123990003e-01
9.999999999999969802e+00 4.391154357786203182e-06 2.224119117398656864e-01
1.122018454301960055e+01 4.150799797207203035e-06 2.101921658273425975e-01
1.258925411794163018e+01 3.923705418396302340e-06 1.986378909777432034e-01
1.412537544622749941e+01 3.709132923829680931e-06 1.877103988623222974e-01
1.584893192461107958e+01 3.506385575707581978e-06 1.773728762894463962e-01
1.778279410038917163e+01 3.314805828134513042e-06 1.675902253550589915e-01
1.995262314968872985e+01 3.133773096008523048e-06 1.583289050431166134e-01
2.238721138568331881e+01 2.962701652619559798e-06 1.495567738341868902e-01
2.511886431509570983e+01 2.801038648431412898e-06 1.412429333612990889e-01
2.818382931264443059e+01 2.648262243967689887e-06 1.333575739162189966e-01
3.162277660168367888e+01 2.503879850141494985e-06 1.258718237813359897e-01
3.548133892335741280e+01 2.367426469762586906e-06 1.187576061036555997e-01
3.981071705534957061e+01 2.238463134326248009e-06 1.119875095327920039e-01
4.466835921509613172e+01 2.116575430536402047e-06 1.055346823235703974e-01
5.011872336272701745e+01 2.001372111342987955e-06 9.937276422915192198e-02
5.623413251903466659e+01 1.892483786581463063e-06 9.347587631505623051e-02
6.309573444801905850e+01 1.789561688591840900e-06 8.781869551088884729e-02
7.079457843841348108e+01 1.692276508466832040e-06 8.237664735703992269e-02
7.943282347242779906e+01 1.600317298834666073e-06 7.712625502824455026e-02
8.912509381337414993e+01 1.513390439322879992e-06 7.204568187798338075e-02
9.999999999999954525e+01 1.431218661075738073e-06 6.711549332507348031e-02
1.122018454301958030e+02 1.353540126910832014e-06 6.231963565810504091e-02
1.258925411794160993e+02 1.280107563900692954e-06 5.764657881241105203e-02
1.412537544622747134e+02 1.210687445353519993e-06 5.309049882377556845e-02
1.584893192461105969e+02 1.145059219344391986e-06 4.865228807540950690e-02
1.778279410038913966e+02 1.083014581114808013e-06 4.434011929316020173e-02
1.995262314968869930e+02 1.024356786815324094e-06 4.016926995261371758e-02
2.238721138568328115e+02 9.689000062133878975e-07 3.616099937575108919e-02
2.511886431509566933e+02 9.164687121272687516e-07 3.234045771353538656e-02
2.818382931264438866e+02 8.668971044774890858e-07 2.873385805114058930e-02
3.162277660168363127e+02 8.200285669698817928e-07 2.536537553862575067e-02
3.548133892335736164e+02 7.757151545400515420e-07 2.225433871212521147e-02
3.981071705534951093e+02 7.338171097975460903e-07 1.941321011645675068e-02
4.466835921509606919e+02 6.942024068104796657e-07 1.684663110267616004e-02
5.011872336272695065e+02 6.567463206674048864e-07 1.455153425102745021e-02
5.623413251903459695e+02 6.213310213438999992e-07 1.251810313300961985e-02
6.309573444801897040e+02 5.878451904863641296e-07 1.073124600844974942e-02
7.079457843841338445e+02 5.561836598057564822e-07 9.172249158717367748e-03
7.943282347242768537e+02 5.262470698493081830e-07 7.820349580629281511e-03
8.912509381337401919e+02 4.979415479891585882e-07 6.654067854193151596e-03
9.999999999999939746e+02 4.711784045335123264e-07 5.652234393847161385e-03
1.122018454301957036e+03 4.458738459286230052e-07 4.794709148339590041e-03
1.258925411794158890e+03 4.219487040788227158e-07 4.062833476216763141e-03
1.412537544622744917e+03 3.993281808671860103e-07 3.439668875133648166e-03
1.584893192461102899e+03 3.779416070114189182e-07 2.910078461343416998e-03
1.778279410038911010e+03 3.577222144384938035e-07 2.460700395711566939e-03
1.995262314968865894e+03 3.386069214070788866e-07 2.079852733438249026e-03
2.238721138568324022e+03 3.205361296502785992e-07 1.757399283850650000e-03
2.511886431509562954e+03 3.034535328509208103e-07 1.484597450526696939e-03
2.818382931264433864e+03 2.873059357996178108e-07 1.253942114650999926e-03
3.162277660168357215e+03 2.720430836209620832e-07 1.059014457622026043e-03
3.548133892335728888e+03 2.576175004859426799e-07 8.943408984695488473e-04
3.981071705534944158e+03 2.439843372596145936e-07 7.552647805071019405e-04
4.466835921509598847e+03 2.311012275610465949e-07 6.378317565306989255e-04
5.011872336272685970e+03 2.189281517396108047e-07 5.386887699878525069e-04
5.623413251903449236e+03 2.074273082957990996e-07 4.549959058576762269e-04
6.309573444801885671e+03 1.965629922974902088e-07 3.843500542020676842e-04
7.079457843841326394e+03 1.863014803639261069e-07 3.247191880404737144e-04
7.943282347242755350e+03 1.766109218086959948e-07 2.743860343947416105e-04
8.912509381337387822e+03 1.674612355512089919e-07 2.318999650855478915e-04
9.999999999999923602e+03 1.588240124230423044e-07 1.960360202256166914e-04
1.122018454301954989e+04 1.506724225109281129e-07 1.657600817430587045e-04
1.258925411794156935e+04 1.429811271935374058e-07 1.401993237364091034e-04
1.412537544622743007e+04 1.357261955433329102e-07 1.186171732820309017e-04
1.584893192461100989e+04 1.288850247796549042e-07 1.003921153776827059e-04
1.778279410038908100e+04 1.224362644736565129e-07 8.499976652258733694e-05
1.995262314968862847e+04 1.163597442217803063e-07 7.199772271242516519e-05
2.238721138568321112e+04 1.106364045216329936e-07 6.101275889981236790e-05
2.511886431509559043e+04 1.052482306036820005e-07 5.173001937261562756e-05
2.818382931264429862e+04 1.001781889945359984e-07 4.388389221887813136e-05
3.162277660168351940e+04 9.541016661361013420e-08 3.725030740655822071e-05
3.548133892335723795e+04 9.092891223518350692e-08 3.164023761643973713e-05
3.981071705534937792e+04 8.671998018275437804e-08 2.689421482796220956e-05
4.466835921509592299e+04 8.276967616266903325e-08 2.287770440809308833e-05
5.011872336272677785e+04 7.906500518860010973e-08 1.947720295369219921e-05
5.623413251903439959e+04 7.559362159778919797e-08 1.659694684447199001e-05
6.309573444801875303e+04 7.234378121189948170e-08 1.415613605388740942e-05
7.079457843841314025e+04 6.930429574863910645e-08 1.208659261778859978e-05
7.943282347242740798e+04 6.646448964195522536e-08 1.033078573487518024e-05
8.912509381337370723e+04 6.381415947509150173e-08 8.840166096332117721e-06
9.999999999999903957e+04 6.134353626840835048e-08 7.573761006937489734e-06
1.122018454301953025e+05 5.904325088788953678e-08 6.496989441485367596e-06
1.258925411794154934e+05 5.690430284711969685e-08 5.580662571949505783e-06
1.412537544622741116e+05 5.491803276125485980e-08 4.800140698175372281e-06
1.584893192461098079e+05 5.307609867451581765e-08 4.134622071303334671e-06
1.778279410038905044e+05 5.137045642272062912e-08 3.566542940184405833e-06
1.995262314968859137e+05 4.979334411144369314e-08 3.081071394783066946e-06
2.238721138568317110e+05 4.833727069384139210e-08 2.665680316966364973e-06
2.511886431509554095e+05 4.699500852681740326e-08 2.309787054593497927e-06
2.818382931264425279e+05 4.575958967981978815e-08 2.004449382289111840e-06
3.162277660168345901e+05 4.462430567726266737e-08 1.742108952192484092e-06
3.548133892335718265e+05 4.358271028399241984e-08 1.516374819810365979e-06
3.981071705534930807e+05 4.262862490282546233e-08 1.321840794213074054e-06
4.466835921509583713e+05 4.175614615125380687e-08 1.153931343858050052e-06
5.011872336272670073e+05 4.095965522571639684e-08 1.008771612120785969e-06
5.623413251903430792e+05 4.023382874794427981e-08 8.830777927495053367e-07
6.309573444801864680e+05 3.957365091807213325e-08 7.740646984835264083e-07
7.079457843841302674e+05 3.897442697007634024e-08 6.793678486285408550e-07
7.943282347242728574e+05 3.843179813304528293e-08 5.969778149858952646e-07
8.912509381337357918e+05 3.794175854184723328e-08 5.251849144657937738e-07
9.999999999999889405e+05 3.750067480999829253e-08 4.625326321332466124e-07
1.122018454301950987e+06 3.710530927288648997e-08 4.077784058799095786e-07
1.258925411794153042e+06 3.675284822976522700e-08 3.598606158355881046e-07
1.412537544622737914e+06 3.644093685635956217e-08 3.178707988347507146e-07
1.584893192461095983e+06 3.616772282357452271e-08 2.810302600002109767e-07
1.778279410038901959e+06 3.593191103264072746e-08 2.486703815784532207e-07
1.995262314968856983e+06 3.573283224521033313e-08 2.202160373687408050e-07
2.238721138568312861e+06 3.557052871099317244e-08 1.951716140992917944e-07
2.511886431509550195e+06 3.544586011208548128e-08 1.731092180369377984e-07
2.818382931264420040e+06 3.536063314338424204e-08 1.536587117787986963e-07
3.162277660168340895e+06 3.531775766590257905e-08 1.364992814095013048e-07
3.548133892335711978e+06 3.532143135399272815e-08 1.213522810395820090e-07
3.981071705534923822e+06 3.537735276485885927e-08 1.079751417143218973e-07
4.466835921509576030e+06 3.549295934186527924e-08 9.615616516200857115e-08
5.011872336272660643e+06 3.567768151157541293e-08 8.571005270653683098e-08
5.623413251903420314e+06 3.594319627776101201e-08 7.647404658098667000e-08
6.309573444801853038e+06 3.630365333048146895e-08 6.830458701650644791e-08
7.079457843841289170e+06 3.677583408781580787e-08 6.107441565369375101e-08
7.943282347242713906e+06 3.737919081796287684e-08 5.467008496662133973e-08
8.912509381337340921e+06 3.813570231682400751e-08 4.898986418454085164e-08
9.999999999999871477e+06 3.906947983483934001e-08 4.394206136397735674e-08
