# freq_hz inoise_V_per_rtHz onoise_V_per_rtHz
1.000000000000000056e-01 4.558990155355843819e-05 2.619279653612263115e+00
1.122018454301963036e-01 4.304599485834578152e-05 2.473124620732893852e+00
1.258925411794167004e-01 4.064559708708894716e-05 2.335214519193003824e+00
1.412537544622753938e-01 3.838051372057323736e-05 2.205078569137028044e+00
1.584893192461112876e-01 3.624302424302121062e-05 2.082273217585567160e+00
1.778279410038922093e-01 3.422585436104444076e-05 1.966380543681202964e+00
1.995262314968878903e-01 3.232214987163672764e-05 1.857006758305252969e+00
2.238721138568338098e-01 3.052545208018339791e-05 1.753780792463035088e+00
2.511886431509577911e-01 2.882967467546663893e-05 1.656352969157292021e+00
2.818382931264450941e-01 2.722908197428649952e-05 1.564393753776007978e+00
3.162277660168377191e-01 2.571826845361052072e-05 1.477592578311631044e+00
3.548133892335750827e-01 2.429213949313631122e-05 1.395656735004042970e+00
3.981071705534969252e-01 2.294589325581837080e-05 1.318310335259643917e+00
4.466835921509625940e-01 2.167500363829277002e-05 1.245293329944173077e+00
5.011872336272716888e-01 2.047520422724835964e-05 1.176360587377893063e+00
5.623413251903484067e-01 1.934247320165715143e-05 1.111281025579035964e+00
6.309573444801924724e-01 1.827301912440488908e-05 1.049836795505608933e+00
7.079457843841370224e-01 1.726326757027043840e-05 9.918225122372964497e-01
7.943282347242804908e-01 1.630984854040206918e-05 9.370445312188629972e-01
8.912509381337443415e-01 1.540958461644405863e-05 8.853202668547228704e-01
9.999999999999985567e-01 1.455947981028917062e-05 8.364775509016547650e-01
1.122018454301962009e+00 1.375670906808296964e-05 7.903540282535110872e-01
1.258925411794165061e+00 1.299860838959548045e-05 7.467965878485711695e-01
1.412537544622751939e+00 1.228266552641384064e-05 7.056608265573361960e-01
1.584893192461110933e+00 1.160651122460568004e-05 6.668105440263044636e-01
1.778279410038920094e+00 1.096791097956595922e-05 6.301172665618992585e-01
1.995262314968875961e+00 1.036475727269742943e-05 5.954597982384034482e-01
2.238721138568334990e+00 9.795062261395602330e-06 5.627237975046041063e-01
2.511886431509574802e+00 9.256950895518369673e-06 5.318013776459186159e-01
2.818382931264447944e+00 8.748654435127339307e-06 5.025907295320347634e-01
3.162277660168371973e+00 8.268504345796628236e-06 4.749957651444409179e-01
3.548133892335747053e+00 7.814926549203003286e-06 4.489257804335485269e-01
3.981071705534962923e+00 7.386436008042927084e-06 4.242951361011442768e-01
4.466835921509620277e+00 6.981631625574004630e-06 4.010229549405460170e-01
5.011872336272709560e+00 6.599191441254043855e-06 3.790328343938452194e-01
5.623413251903476073e+00 6.237868105056044623e-06 3.582525730030478028e-01
6.309573444801915620e+00 5.896484614075743895e-06 3.386139094400146821e-01
7.079457843841360010e+00 5.573930296024003119e-06 3.200522727996856220e-01
7.943282347242792696e+00 5.269157025113409826e-06 3.025065428337970208e-01
8.912509381337429204e+00 4.981175656710041936e-06 2.859188187913049850e-01
9.999999999999969802e+00 4.709052667931309209e-06 2.702341955222877234e-01
1.122018454301960055e+01 4.451906992131941104e-06 2.554005455030045058e-01
1.258925411794163018e+01 4.208907035935631592e-06 2.413683054649125026e-01
1.412537544622749941e+01 3.979267868142255873e-06 2.280902663813285103e-01
1.584893192461107958e+01 3.762248570472792149e-06 2.155213657147682926e-01
1.778279410038917163e+01 3.557149740708154076e-06 2.036184811043021126e-01
1.995262314968872985e+01 3.363311139336826795e-06 1.923402251462179025e-01
2.238721138568331881e+01 3.180109471351237881e-06 1.816467416932253942e-01
2.511886431509570983e+01 3.006956295326616891e-06 1.714995053061089958e-01
2.818382931264443059e+01 2.843296052380087005e-06 1.618611273216215007e-01
3.162277660168367888e+01 2.688604208044382825e-06 1.526951746843812074e-01
3.548133892335741280e+01 2.542385500500789091e-06 1.439660114986293094e-01
3.981071705534957061e+01 2.404172289001827003e-06 1.356386784560326131e-01
4.466835921509613172e+01 2.273522996677151074e-06 1.276788320622418982e-01
5.011872336272701745e+01 2.150020642257234884e-06 1.200527738181109971e-01
5.623413251903466659e+01 2.033271455570480904e-06 1.127276085304556030e-01
6.309573444801905850e+01 1.922903571971131933e-06 1.056715790073337047e-01
7.079457843841348108e+01 1.818565801139301953e-06 9.885462818558012066e-02
7.943282347242779906e+01 1.719926465961446992e-06 9.224923376741621384e-02
8.912509381337414993e+01 1.626672307450764939e-06 8.583153715261164496e-02
9.999999999999954525e+01 1.538507451903307059e-06 7.958273964848354420e-02
1.122018454301958030e+02 1.455152436707836952e-06 7.349065964371037651e-02
1.258925411794160993e+02 1.376343291436591990e-06 6.755123938591083010e-02
1.412537544622747134e+02 1.301830671040793057e-06 6.176968354736948885e-02
1.584893192461105969e+02 1.231379038159961917e-06 5.616084082275343142e-02
1.778279410038913966e+02 1.164765891728081031e-06 5.074847665964601212e-02
1.995262314968869930e+02 1.101781039223671034e-06 4.556324583748264101e-02
2.238721138568328115e+02 1.042225910065002072e-06 4.063947254201410314e-02
2.511886431509566933e+02 9.859129077967264716e-07 3.601118287589719774e-02
2.818382931264438866e+02 9.326647988508814174e-07 3.170808210761683066e-02
3.162277660168363127e+02 8.823141357935911326e-07 2.775221623224335965e-02
3.548133892335736164e+02 8.347027130898908664e-07 2.415586693384393080e-02
3.981071705534951093e+02 7.896810535327771817e-07 2.092089599948069104e-02
4.466835921509606919e+02 7.471079235898623698e-07 1.803940535704882941e-02
5.011872336272695065e+02 7.068498760217113934e-07 1.549534100796600040e-02
5.623413251903459695e+02 6.687808182209407488e-07 1.326658480155980084e-02
6.309573444801897040e+02 6.327816048103664535e-07 1.132712547327912982e-02
7.079457843841338445e+02 5.987396531226265862e-07 9.649019782596589961e-03
7.943282347242768537e+02 5.665485802627314470e-07 8.203987628151243952e-03
8.912509381337401919e+02 5.361078605294488165e-07 6.964594458048812588e-03
9.999999999999939746e+02 5.073225020414209594e-07 5.905046373500370989e-03
1.122018454301957036e+03 4.801027414797990151e-07 5.001660723947760900e-03
1.258925411794158890e+03 4.543637559211092237e-07 4.233086777130854080e-03
1.412537544622744917e+03 4.300253907922900015e-07 3.580347313132445971e-03
1.584893192461102899e+03 4.070119030346528168e-07 3.026760908314371067e-03
1.778279410038911010e+03 3.852517186147069212e-07 2.557791429653997074e-03
1.995262314968865894e+03 3.646772035684686120e-07 2.160858787579331922e-03
2.238721138568324022e+03 3.452244478107787741e-07 1.825134532887455040e-03
2.511886431509562954e+03 3.268330609838533901e-07 1.541337769516928956e-03
2.818382931264433864e+03 3.094459796590939985e-07 1.301540864565183019e-03
3.162277660168357215e+03 2.930092852431609791e-07 1.098990240602350970e-03
3.548133892335728888e+03 2.774720319745444050e-07 9.279446844525391248e-04
3.981071705534944158e+03 2.627860844288580967e-07 7.835317744098917528e-04
4.466835921509598847e+03 2.489059639816967238e-07 6.616218941760523614e-04
5.011872336272685970e+03 2.357887037056749035e-07 5.587186622560775997e-04
5.623413251903449236e+03 2.233937112047474037e-07 4.718642845193870075e-04
6.309573444801885671e+03 2.116826389127933964e-07 3.985582249740057077e-04
7.079457843841326394e+03 2.006192614059282036e-07 3.366876042391677175e-04
7.943282347242755350e+03 1.901693592988380072e-07 2.844678229569046072e-04
8.912509381337387822e+03 1.803006093143241118e-07 2.403920333287988119e-04
9.999999999999923602e+03 1.709824801332170898e-07 2.031882236870243951e-04
1.122018454301954989e+04 1.621861336484775982e-07 1.717828246530937937e-04
1.258925411794156935e+04 1.538843312624944116e-07 1.452698828921997057e-04
1.412537544622743007e+04 1.460513448822092122e-07 1.228849753597183907e-04
1.584893192461100989e+04 1.386628722805834898e-07 1.039831515233836945e-04
1.778279410038908100e+04 1.316959565083981112e-07 8.802029247269446081e-05
1.995262314968862847e+04 1.251289090549454878e-07 7.453736494722641845e-05
2.238721138568321112e+04 1.189412364733491973e-07 6.314712545588994984e-05
2.511886431509559043e+04 1.131135702038559007e-07 5.352289650223368268e-05
2.818382931264429862e+04 1.076275993497182025e-07 4.538909405930301866e-05
3.162277660168351940e+04 1.024660061838934016e-07 3.851323444440752026e-05
3.548133892335723795e+04 9.761240419292787109e-08 3.269919043699044312e-05
3.981071705534937792e+04 9.305127849670162226e-08 2.778150199798436011e-05
4.466835921509592299e+04 8.876792852024286641e-08 2.362057702791632135e-05
5.011872336272677785e+04 8.474841283661205763e-08 2.009864317525851844e-05
5.623413251903439959e+04 8.097949614703794420e-08 1.711633329032742840e-05
6.309573444801875303e+04 7.744859841668321245e-08 1.458980542926980006e-05
7.079457843841314025e+04 7.414374623842649723e-08 1.244831375906431980e-05
7.943282347242740798e+04 7.105352655191460810e-08 1.063215978061591052e-05
8.912509381337370723e+04 6.816704289733280540e-08 9.090964319594929395e-06
9.999999999999903957e+04 6.547387442911553417e-08 7.782210041121713663e-06
1.122018454301953025e+05 6.296403795000276797e-08 6.670012111285422234e-06
1.258925411794154934e+05 6.062795324608668907e-08 5.724081259243516740e-06
1.412537544622741116e+05 5.845641200449909800e-08 4.918849091637171761e-06
1.584893192461098079e+05 5.644055057427475704e-08 4.232730235947655197e-06
1.778279410038905044e+05 5.457182678592199307e-08 3.647499872325370955e-06
1.995262314968859137e+05 5.284200097675825761e-08 3.147768576576406025e-06
2.238721138568317110e+05 5.124312128085627945e-08 2.720539234025548904e-06
2.511886431509554095e+05 4.976751313929495824e-08 2.354833175131764075e-06
2.818382931264425279e+05 4.840777287773110792e-08 2.041374702650932093e-06
3.162277660168345901e+05 4.715676509309764720e-08 1.772324881937295003e-06
3.548133892335718265e+05 4.600762350128262778e-08 1.541056899044733065e-06
3.981071705534930807e+05 4.495375483308588247e-08 1.341966501025144972e-06
4.466835921509583713e+05 4.398884533602862881e-08 1.170312050282051093e-06
5.011872336272670073e+05 4.310686945188146768e-08 1.022079581751807035e-06
5.623413251903430792e+05 4.230210029753958213e-08 8.938689731658894207e-07
6.309573444801864680e+05 4.156912168174620899e-08 7.827979453910849636e-07
7.079457843841302674e+05 4.090284154007711226e-08 6.864211208857518436e-07
7.943282347242728574e+05 4.029850686226620989e-08 6.026617979531837300e-07
8.912509381337357918e+05 3.975172041489005943e-08 5.297544608995509698e-07
9.999999999999889405e+05 3.925845982428193738e-08 4.661963519911780798e-07
1.122018454301950987e+06 3.881509987561055737e-08 4.107066878140575865e-07
1.258925411794153042e+06 3.841843920137592695e-08 3.621923220647421114e-07
1.412537544622737914e+06 3.806573287407099874e-08 3.197188398574924053e-07
1.584893192461095983e+06 3.775473277931831792e-08 2.824862257776328923e-07
1.778279410038901959e+06 3.748373802091615766e-08 2.498083799659806005e-07
1.995262314968856983e+06 3.725165798107400021e-08 2.210958687340981049e-07
2.238721138568312861e+06 3.705809099816120323e-08 1.958413919704525054e-07
2.511886431509550195e+06 3.690342187474549112e-08 1.736075296586768947e-07
2.818382931264420040e+06 3.678894149680624138e-08 1.540163984554216987e-07
3.162277660168340895e+06 3.671699158355559760e-08 1.367409068917284901e-07
3.548133892335711978e+06 3.669113677233768211e-08 1.214973463229200917e-07
3.981071705534923822e+06 3.671636455815658211e-08 1.080390959745156999e-07
4.466835921509576030e+06 3.679931063166673097e-08 9.615125542680808046e-08
5.011872336272660643e+06 3.694850239306425837e-08 8.564604804500942516e-08
5.623413251903420314e+06 3.717460635738881707e-08 7.635886606131969887e-08
6.309573444801853038e+06 3.749065547890581809e-08 6.814485342828573419e-08
7.079457843841289170e+06 3.791222031396463319e-08 6.087594845713317836e-08
7.943282347242713906e+06 3.845747460850073723e-08 5.443833542895169718e-08
8.912509381337340921e+06 3.914709422768328003e-08 4.873028364338662038e-08
9.999999999999871477e+06 4.000392334926079166e-08 4.366038140928640040e-08
