# freq_hz inoise_V_per_rtHz onoise_V_per_rtHz
1.000000000000000056e-01 4.438566695163916276e-05 2.635497900925250825e+00
1.122018454301963036e-01 4.190632642923078154e-05 2.488281736607072858e+00
1.258925411794167004e-01 3.956701883617731714e-05 2.349380243128651014e+00
1.412537544622753938e-01 3.735973790431814664e-05 2.218318050759422011e+00
1.584893192461112876e-01 3.527694108843522683e-05 2.094647318281240178e+00
1.778279410038922093e-01 3.331152235291591290e-05 1.977946118482871940e+00
1.995262314968878903e-01 3.145678657566257987e-05 1.867816919310979040e+00
2.238721138568338098e-01 2.970642547203444878e-05 1.763885154991859938e+00
2.511886431509577911e-01 2.805449494750687135e-05 1.665797881765697985e+00
2.818382931264450941e-01 2.649539379327407135e-05 1.573222513186572913e+00
3.162277660168377191e-01 2.502384364422273954e-05 1.485845630237043968e+00
3.548133892335750827e-01 2.363487012358649896e-05 1.403371861785718044e+00
3.981071705534969252e-01 2.232378510317660923e-05 1.325522831180377059e+00
4.466835921509625940e-01 2.108617001238915052e-05 1.252036165018274083e+00
5.011872336272716888e-01 1.991786013323085082e-05 1.182664560369808937e+00
5.623413251903484067e-01 1.881492982240093884e-05 1.117174906952340008e+00
6.309573444801924724e-01 1.777367860503047960e-05 1.055347460958236949e+00
7.079457843841370224e-01 1.679061808802709000e-05 9.969750674357505948e-01
7.943282347242804908e-01 1.586245964411521077e-05 9.418624283036908240e-01
8.912509381337443415e-01 1.498610282061371945e-05 8.898254132516026926e-01
9.999999999999985567e-01 1.415862442976342047e-05 8.406904109368009692e-01
1.122018454301962009e+00 1.337726828002026012e-05 7.942937180386131502e-01
1.258925411794165061e+00 1.263943551017406010e-05 7.504809638689652340e-01
1.412537544622751939e+00 1.194267549044834962e-05 7.091065683673956066e-01
1.584893192461110933e+00 1.128467725689333030e-05 6.700332314279945356e-01
1.778279410038920094e+00 1.066326144740877943e-05 6.331314516158774719e-01
1.995262314968875961e+00 1.007637270963641968e-05 5.982790724318562958e-01
2.238721138568334990e+00 9.522072552747561870e-06 5.653608543759892635e-01
2.511886431509574802e+00 8.998532616830772513e-06 5.342680711438271279e-01
2.818382931264447944e+00 8.504028335160578175e-06 5.048981283632965056e-01
3.162277660168371973e+00 8.036932966109577709e-06 4.771542033452663145e-01
3.548133892335747053e+00 7.595711972857692631e-06 4.509449043767168042e-01
3.981071705534962923e+00 7.178917730359575374e-06 4.261839481319107947e-01
4.466835921509620277e+00 6.785184540259259942e-06 4.027898538138605100e-01
5.011872336272709560e+00 6.413223935595192228e-06 3.806856526655336137e-01
5.623413251903476073e+00 6.061820258222811735e-06 3.597986115076793889e-01
6.309573444801915620e+00 5.729826492900682886e-06 3.400599689682031745e-01
7.079457843841360010e+00 5.416160342943428947e-06 3.214046830675444943e-01
7.943282347242792696e+00 5.119800533244128250e-06 3.037711888173306174e-01
8.912509381337429204e+00 4.839783327314281407e-06 2.871011644789780992e-01
9.999999999999969802e+00 4.575199245783684578e-06 2.713393051205362227e-01
1.122018454301960055e+01 4.325189974549256772e-06 2.564331021131135979e-01
1.258925411794163018e+01 4.088945451463370809e-06 2.423326272373332035e-01
1.412537544622749941e+01 3.865701121111819615e-06 2.289903201479958905e-01
1.584893192461107958e+01 3.654735347851331141e-06 2.163607781057038104e-01
1.778279410038917163e+01 3.455366977859167061e-06 2.044005471783137962e-01
1.995262314968872985e+01 3.266953041495073004e-06 1.930679146163644944e-01
2.238721138568331881e+01 3.088886587790601840e-06 1.823227029194859072e-01
2.511886431509570983e+01 2.920594643364890977e-06 1.721260673789850870e-01
2.818382931264443059e+01 2.761536288520907976e-06 1.624403007958518941e-01
3.162277660168367888e+01 2.611200843704035015e-06 1.532286518721998059e-01
3.548133892335741280e+01 2.469106159907020881e-06 1.444551677319080019e-01
3.981071705534957061e+01 2.334797006983500981e-06 1.360845764092656895e-01
4.466835921509613172e+01 2.207843554187916884e-06 1.280822321117907892e-01
5.011872336272701745e+01 2.087839937594037834e-06 1.204141544757935944e-01
5.623413251903466659e+01 1.974402909358687922e-06 1.130472021290238049e-01
6.309573444801905850e+01 1.867170564093074989e-06 1.059494287896752956e-01
7.079457843841348108e+01 1.765801137882176018e-06 9.909067330934526185e-02
7.943282347242779906e+01 1.669971875754206014e-06 9.244342777975786407e-02
8.912509381337414993e+01 1.579377963648265940e-06 8.598400230334544980e-02
9.999999999999954525e+01 1.493731521159610105e-06 7.969395310855195702e-02
1.122018454301958030e+02 1.412760651559719939e-06 7.356165795331669199e-02
1.258925411794160993e+02 1.336208545793082019e-06 6.758381530999606202e-02
1.412537544622747134e+02 1.263832637345233045e-06 6.176653819897254261e-02
1.584893192461105969e+02 1.195403805057899952e-06 5.612564852356138195e-02
1.778279410038913966e+02 1.130705621137464966e-06 5.068582671787032201e-02
1.995262314968869930e+02 1.069533641763518935e-06 4.547844655195579233e-02
2.238721138568328115e+02 1.011694737855164946e-06 4.053823510524078716e-02
2.511886431509566933e+02 9.570064636947194285e-07 3.589923556506052771e-02
2.818382931264438866e+02 9.052964612422337546e-07 3.159078480819239171e-02
3.162277660168363127e+02 8.564018980998320131e-07 2.763424337564342886e-02
3.548133892335736164e+02 8.101689372034316547e-07 2.404100454378270066e-02
3.981071705534951093e+02 7.664522364305764359e-07 2.081196632736865074e-02
4.466835921509606919e+02 7.251144764180909596e-07 1.793830329780829111e-02
5.011872336272695065e+02 6.860259149817785884e-07 1.540314892918193991e-02
5.623413251903459695e+02 6.490639666233008445e-07 1.318372819843628002e-02
6.309573444801897040e+02 6.141128056966327667e-07 1.125353750498151936e-02
7.079457843841338445e+02 5.810629918887692652e-07 9.584292852290992454e-03
7.943282347242768537e+02 5.498111167466465162e-07 8.147500408117867854e-03
8.912509381337401919e+02 5.202594700550306299e-07 6.915610725392861216e-03
9.999999999999939746e+02 4.923157249385613199e-07 5.862787096159958848e-03
1.122018454301957036e+03 4.658926406255470062e-07 4.965353399591370884e-03
1.258925411794158890e+03 4.409077818716351180e-07 4.201996839454234800e-03
1.412537544622744917e+03 4.172832540984080099e-07 3.553796209986697860e-03
1.584893192461102899e+03 3.949454533554170853e-07 3.004134766013375878e-03
1.778279410038911010e+03 3.738248302645419877e-07 2.538543390759795057e-03
1.995262314968865894e+03 3.538556671523440888e-07 2.144507327836454088e-03
2.238721138568324022e+03 3.349758676209949942e-07 1.811259405947027905e-03
2.511886431509562954e+03 3.171267578491656936e-07 1.529574713240431033e-03
2.818382931264433864e+03 3.002528989535381116e-07 1.291575819134097025e-03
3.162277660168357215e+03 2.843019097777872770e-07 1.090553553365566008e-03
3.548133892335728888e+03 2.692242995098784196e-07 9.208055852277824849e-04
3.981071705534944158e+03 2.549733095601973087e-07 7.774932759041562700e-04
4.466835921509598847e+03 2.415047641625184201e-07 6.565161877541486005e-04
5.011872336272685970e+03 2.287769291871783912e-07 5.544030259627891807e-04
5.623413251903449236e+03 2.167503786815835105e-07 4.682174881399798734e-04
6.309573444801885671e+03 2.053878686761625097e-07 3.954773989169985907e-04
7.079457843841326394e+03 1.946542178165143074e-07 3.340855302021727177e-04
7.943282347242755350e+03 1.845161944017509016e-07 2.822706013012902734e-04
8.912509381337387822e+03 1.749424094286829052e-07 2.385370825685908906e-04
9.999999999999923602e+03 1.659032152579241917e-07 2.016225699844664061e-04
1.122018454301954989e+04 1.573706095348952955e-07 1.704616427363318018e-04
1.258925411794156935e+04 1.493181440135464990e-07 1.441552537531867891e-04
1.412537544622743007e+04 1.417208379454503869e-07 1.219448300776752934e-04
1.584893192461100989e+04 1.345550957113276051e-07 1.031903743736052972e-04
1.778279410038908100e+04 1.277986283863834945e-07 8.735196000395267291e-05
1.995262314968862847e+04 1.214303789463408014e-07 7.397410089355680829e-05
2.238721138568321112e+04 1.154304508369645973e-07 6.267255417411314610e-05
2.511886431509559043e+04 1.097800396484434955e-07 5.312318010968184758e-05
2.818382931264429862e+04 1.044613676564686984e-07 4.505254060645357293e-05
3.162277660168351940e+04 9.945762101583532519e-08 3.822996632640005867e-05
3.548133892335723795e+04 9.475288942033411380e-08 3.246086385643059990e-05
3.981071705534937792e+04 9.033210807498876568e-08 2.758106967100037933e-05
4.466835921509592299e+04 8.618100186407356889e-08 2.345208750420048156e-05
5.011872336272677785e+04 8.228603164072484441e-08 1.995707114883932140e-05
5.623413251903439959e+04 7.863434261105778476e-08 1.699743613383848954e-05
6.309573444801875303e+04 7.521371483677303158e-08 1.449000191257154006e-05
7.079457843841314025e+04 7.201251593359329417e-08 1.236458153120851006e-05
7.943282347242740798e+04 6.901965609638197473e-08 1.056194871869605055e-05
8.912509381337370723e+04 6.622454563227787111e-08 9.032123292837578041e-06
9.999999999999903957e+04 6.361705522693318361e-08 7.732925015455459683e-06
1.122018454301953025e+05 6.118747920203024314e-08 6.628753838970014939e-06
1.258925411794154934e+05 5.892650203967517769e-08 5.689561068889025807e-06
1.412537544622741116e+05 5.682516844811738247e-08 4.889981522345542299e-06
1.584893192461098079e+05 5.487485721967201016e-08 4.208601454262628719e-06
1.778279410038905044e+05 5.306725908492355753e-08 3.627340974256411869e-06
1.995262314968859137e+05 5.139435869808801869e-08 3.130933016407163947e-06
2.238721138568317110e+05 4.984842079996853989e-08 2.706483739414253993e-06
2.511886431509554095e+05 4.842198050358499795e-08 2.343101607766334917e-06
2.818382931264425279e+05 4.710783754132229737e-08 2.031584408172958132e-06
3.162277660168345901e+05 4.589905421166165878e-08 1.764155144140621978e-06
3.548133892335718265e+05 4.478895667881621819e-08 1.534239173965772961e-06
3.981071705534930807e+05 4.377113922029688145e-08 1.336276157048284936e-06
4.466835921509583713e+05 4.283947099445322980e-08 1.165561383435116911e-06
5.011872336272670073e+05 4.198810491889866216e-08 1.018111911667358994e-06
5.623413251903430792e+05 4.121148831501165991e-08 8.905536549523693397e-07
6.309573444801864680e+05 4.050437508403321260e-08 7.800261586130762701e-07
7.079457843841302674e+05 3.986183933515516934e-08 6.841023177563561433e-07
7.943282347242728574e+05 3.927929058155612941e-08 6.007207110867680237e-07
8.912509381337357918e+05 3.875249085266950737e-08 5.281285857088280941e-07
9.999999999999889405e+05 3.827757433578611830e-08 4.648338314553389068e-07
1.122018454301950987e+06 3.785107045407749688e-08 4.095645384068144861e-07
1.258925411794153042e+06 3.746993160874443270e-08 3.612349480619019768e-07
1.412537544622737914e+06 3.713156715788389951e-08 3.189167914717833813e-07
1.584893192461095983e+06 3.683388557014122246e-08 2.818151626604804965e-07
1.778279410038901959e+06 3.657534706893174941e-08 2.492482074277678836e-07
1.995262314968856983e+06 3.635502945613030228e-08 2.206300187489109004e-07
2.238721138568312861e+06 3.617271013812176099e-08 1.954562248213470093e-07
2.511886431509550195e+06 3.602896761450166147e-08 1.732918357327732034e-07
2.818382931264420040e+06 3.592530572699233830e-08 1.537609824362044023e-07
3.162277660168340895e+06 3.586430365081308322e-08 1.365382388758662048e-07
3.548133892335711978e+06 3.584979370252791241e-08 1.213412664533846948e-07
3.981071705534923822e+06 3.588706721219985914e-08 1.079245607329382055e-07
4.466835921509576030e+06 3.598310552744002694e-08 9.607411514404630140e-08
5.011872336272660643e+06 3.614682817834809170e-08 8.560284663063891187e-08
5.623413251903420314e+06 3.638934284834971188e-08 7.634665543652521344e-08
6.309573444801853038e+06 3.672417178241329678e-08 6.816101732858277400e-08
7.079457843841289170e+06 3.716741692182838988e-08 6.091803318657192773e-08
7.943282347242713906e+06 3.773781275822717729e-08 5.450388923784524743e-08
8.912509381337340921e+06 3.845660467858006166e-08 4.881671157989712258e-08
9.999999999999871477e+06 3.934718662918966011e-08 4.376482809469545776e-08
