# freq_hz inoise_V_per_rtHz onoise_V_per_rtHz
1.000000000000000056e-01 3.877605653352416201e-05 2.680527998511274212e+00
1.122018454301963036e-01 3.661840369361326085e-05 2.531372937303249859e+00
1.258925411794167004e-01 3.458208649735074712e-05 2.390605566799715920e+00
1.412537544622753938e-01 3.266020022912944205e-05 2.257748585166098998e+00
1.584893192461112876e-01 3.084623815352514876e-05 2.132352199073035859e+00
1.778279410038922093e-01 2.913406827136981889e-05 2.013992517574664021e+00
1.995262314968878903e-01 2.751791145106660953e-05 1.902270040858770939e+00
2.238721138568338098e-01 2.599232085279718928e-05 1.796808238221053955e+00
2.511886431509577911e-01 2.455216256825496106e-05 1.697252209948105106e+00
2.818382931264450941e-01 2.319259740321667917e-05 1.603267428108023918e+00
3.162277660168377191e-01 2.190906373465843001e-05 1.514538551544138079e+00
3.548133892335750827e-01 2.069726137824726110e-05 1.430768310647047015e+00
3.981071705534969252e-01 1.955313640591402040e-05 1.351676457743538950e+00
4.466835921509625940e-01 1.847286685685099858e-05 1.276998779188871946e+00
5.011872336272716888e-01 1.745284928869435872e-05 1.206486165481986950e+00
5.623413251903484067e-01 1.648968611886005153e-05 1.139903735942251028e+00
6.309573444801924724e-01 1.558017370901518958e-05 1.077030014692115900e+00
7.079457843841370224e-01 1.472129114849695048e-05 1.017656154883084918e+00
7.943282347242804908e-01 1.391018969514932071e-05 9.615852082835177894e-01
8.912509381337443415e-01 1.314418283454443007e-05 9.086314375164820101e-01
9.999999999999985567e-01 1.242073692090045069e-05 8.586196683947717734e-01
1.122018454301962009e+00 1.173746236521067956e-05 8.113846799488005912e-01
1.258925411794165061e+00 1.109210533816742004e-05 7.667706298819095823e-01
1.412537544622751939e+00 1.048253995740828937e-05 7.246305133170256596e-01
1.584893192461110933e+00 9.906760930438062679e-06 6.848256528190402870e-01
1.778279410038920094e+00 9.362876626294881270e-06 6.472252177890092106e-01
1.995262314968875961e+00 8.849102550640923408e-06 6.117057714295894844e-01
2.238721138568334990e+00 8.363755200471786747e-06 5.781508435762489073e-01
2.511886431509574802e+00 7.905246276061338607e-06 5.464505277757973900e-01
2.818382931264447944e+00 7.472077229095272026e-06 5.165011010728538521e-01
3.162277660168371973e+00 7.062834127202540166e-06 4.882046650359123108e-01
3.548133892335747053e+00 6.676182816273892393e-06 4.614688066177040082e-01
3.981071705534962923e+00 6.310864363065508267e-06 4.362062774994335257e-01
4.466835921509620277e+00 5.965690761628026815e-06 4.123346906150234248e-01
5.011872336272709560e+00 5.639540888080227624e-06 3.897762325895505198e-01
5.623413251903476073e+00 5.331356689167255353e-06 3.684573908554011901e-01
6.309573444801915620e+00 5.040139590908003300e-06 3.483086942301458766e-01
7.079457843841360010e+00 4.764947114449419080e-06 3.292644657518393192e-01
7.943282347242792696e+00 4.504889687009438723e-06 3.112625865706528105e-01
8.912509381337429204e+00 4.259127636508631741e-06 2.942442696914205902e-01
9.999999999999969802e+00 4.026868359165723302e-06 2.781538423516213832e-01
1.122018454301960055e+01 3.807363649966774947e-06 2.629385358068840883e-01
1.258925411794163018e+01 3.599907186514523026e-06 2.485482812869387048e-01
1.412537544622749941e+01 3.403832157325230155e-06 2.349355108882633936e-01
1.584893192461107958e+01 3.218509026167732958e-06 2.220549622000687895e-01
1.778279410038917163e+01 3.043343424535230927e-06 2.098634855401489974e-01
1.995262314968872985e+01 2.877774164806508016e-06 1.983198528404283012e-01
2.238721138568331881e+01 2.721271367091654150e-06 1.873845675187990889e-01
2.511886431509570983e+01 2.573334693169559855e-06 1.770196751766121013e-01
2.818382931264443059e+01 2.433491681312050191e-06 1.671885757723121091e-01
3.162277660168367888e+01 2.301296176154110014e-06 1.578558391814847972e-01
3.548133892335741280e+01 2.176326848112453161e-06 1.489870279465002889e-01
3.981071705534957061e+01 2.058185797177124842e-06 1.405485337738409946e-01
4.466835921509613172e+01 1.946497236204159979e-06 1.325074382118117122e-01
5.011872336272701745e+01 1.840906249122509059e-06 1.248314131755698941e-01
5.623413251903466659e+01 1.741077619736837947e-06 1.174886836988481009e-01
6.309573444801905850e+01 1.646694727060233021e-06 1.104480832845691068e-01
7.079457843841348108e+01 1.557458503348284960e-06 1.036792406615122952e-01
7.943282347242779906e+01 1.473086451229441963e-06 9.715294368400134717e-02
8.912509381337414993e+01 1.393311716536784054e-06 9.084172765637725522e-02
9.999999999999954525e+01 1.317882213644022946e-06 8.472072833677246617e-02
1.122018454301958030e+02 1.246559800294762942e-06 7.876880683135868699e-02
1.258925411794160993e+02 1.179119499089051931e-06 7.296991057979616835e-02
1.412537544622747134e+02 1.115348762956128039e-06 6.731454457222466048e-02
1.584893192461105969e+02 1.055046782097307080e-06 6.180112733258769780e-02
1.778279410038913966e+02 9.980238300288932029e-07 5.643691502158174750e-02
1.995262314968869930e+02 9.441006464924085262e-07 5.123812569350572055e-02
2.238721138568328115e+02 8.931078551286868397e-07 4.622895904200163136e-02
2.511886431509566933e+02 8.448854139341278138e-07 4.143939406954817717e-02
2.818382931264438866e+02 7.992820966319085758e-07 3.690194729048047739e-02
3.162277660168363127e+02 7.561550031988478612e-07 3.264787850930239710e-02
3.548133892335736164e+02 7.153690978901316639e-07 2.870352492055171928e-02
3.981071705534951093e+02 6.767967731996729485e-07 2.508742953014377053e-02
4.466835921509606919e+02 6.403174382838996917e-07 2.180870810234782076e-02
5.011872336272695065e+02 6.058171304614676520e-07 1.886676900143091987e-02
5.623413251903459695e+02 5.731881484812111349e-07 1.625219223543956926e-02
6.309573444801897040e+02 5.423287063257264446e-07 1.394838580286410917e-02
7.079457843841338445e+02 5.131426063887458552e-07 1.193359432613120934e-02
7.943282347242768537e+02 4.855389309310685965e-07 1.018290163903221024e-02
8.912509381337401919e+02 4.594317507825163805e-07 8.669989071011191192e-03
9.999999999999939746e+02 4.347398503164708046e-07 7.368531975657124748e-03
1.122018454301957036e+03 4.113864677791412203e-07 6.253211212387983775e-03
1.258925411794158890e+03 3.892990501080986824e-07 5.300374919874838685e-03
1.412537544622744917e+03 3.684090214239093881e-07 4.488413963533490099e-03
1.584893192461102899e+03 3.486515644251210162e-07 3.797920950404814946e-03
1.778279410038911010e+03 3.299654139605544928e-07 3.211696847039217841e-03
1.995262314968865894e+03 3.122926620940180837e-07 2.714658042710706935e-03
2.238721138568324022e+03 2.955785740151818141e-07 2.293684298800239153e-03
2.511886431509562954e+03 2.797714141868770846e-07 1.937436770178214019e-03
2.818382931264433864e+03 2.648222821532688957e-07 1.636166053958461927e-03
3.162277660168357215e+03 2.506849574655272967e-07 1.381523157856990019e-03
3.548133892335728888e+03 2.373157532119803014e-07 1.166381140228356893e-03
3.981071705534944158e+03 2.246733776679454931e-07 9.846715949047692238e-04
4.466835921509598847e+03 2.127188036073789911e-07 8.312377597167835931e-04
5.011872336272685970e+03 2.014151448432048880e-07 7.017044977152898152e-04
5.623413251903449236e+03 1.907275395867937020e-07 5.923644745041007883e-04
6.309573444801885671e+03 1.806230402387722103e-07 5.000793413458357733e-04
7.079457843841326394e+03 1.710705092440531970e-07 4.221944912377749892e-04
7.943282347242755350e+03 1.620405206627892993e-07 3.564658846800870915e-04
8.912509381337387822e+03 1.535052671268763103e-07 3.009974755314360107e-04
9.999999999999923602e+03 1.454384718680758096e-07 2.541878607640347129e-04
1.122018454301954989e+04 1.378153055192128943e-07 2.146849002808898016e-04
1.258925411794156935e+04 1.306123074038967095e-07 1.813471868339047082e-04
1.412537544622743007e+04 1.238073110436151902e-07 1.532113789700791887e-04
1.584893192461100989e+04 1.173793736229029057e-07 1.294645362722977877e-04
1.778279410038908100e+04 1.113087091646670936e-07 1.094207117373528982e-04
1.995262314968862847e+04 1.055766251782673971e-07 9.250116015231805739e-05
2.238721138568321112e+04 1.001654625525179957e-07 7.821761312413773716e-05
2.511886431509559043e+04 9.505853847536937827e-08 6.615815174264257960e-05
2.818382931264429862e+04 9.024009217077955932e-08 5.597527754901957306e-05
3.162277660168351940e+04 8.569523325239149145e-08 4.737584242466440270e-05
3.548133892335723795e+04 8.140989250269815021e-08 4.011254952819332697e-05
3.981071705534937792e+04 7.737077489613965510e-08 3.397678135453866173e-05
4.466835921509592299e+04 7.356531469518446222e-08 2.879254846153506009e-05
5.011872336272677785e+04 6.998163246039770369e-08 2.441138425567213920e-05
5.623413251903439959e+04 6.660849382940841336e-08 2.070803825684669122e-05
6.309573444801875303e+04 6.343526993558189892e-08 1.757684315720255074e-05
7.079457843841314025e+04 6.045189935610562966e-08 1.492865039244914974e-05
7.943282347242740798e+04 5.764885150092810945e-08 1.268824533734126063e-05
8.912509381337370723e+04 5.501709137913932048e-08 1.079216710169355033e-05
9.999999999999903957e+04 5.254804570777638924e-08 9.186869616505209392e-06
1.122018454301953025e+05 5.023357035951273211e-08 7.827170594700305718e-06
1.258925411794154934e+05 4.806591917946237838e-08 6.674943298495632408e-06
1.412537544622741116e+05 4.603771423648467689e-08 5.698013096302403025e-06
1.584893192461098079e+05 4.414191760913630848e-08 4.869226737939093367e-06
1.778279410038905044e+05 4.237180483889715698e-08 4.165667301883768404e-06
1.995262314968859137e+05 4.072094021095420920e-08 3.567991993879226174e-06
2.238721138568317110e+05 3.918315404299754671e-08 3.059873556089776941e-06
2.511886431509554095e+05 3.775252217264543215e-08 2.627529056298171890e-06
2.818382931264425279e+05 3.642334783183437973e-08 2.259322369048177806e-06
3.162277660168345901e+05 3.519014608056649798e-08 1.945428805820000979e-06
3.548133892335718265e+05 3.404763094227661680e-08 1.677552160808427022e-06
3.981071705534930807e+05 3.299070534021484242e-08 1.448685965115071979e-06
4.466835921509583713e+05 3.201445388148214794e-08 1.252912029145469030e-06
5.011872336272670073e+05 3.111413847741449779e-08 1.085230440293988928e-06
5.623413251903430792e+05 3.028519673208266100e-08 9.414160977597489005e-07
6.309573444801864680e+05 2.952324298183818136e-08 8.178976397472509276e-07
7.079457843841302674e+05 2.882407183577271958e-08 7.116552680679240435e-07
7.943282347242728574e+05 2.818366405668122952e-08 6.201345246777439707e-07
8.912509381337357918e+05 2.759819464095428043e-08 5.411735357624688106e-07
9.999999999999889405e+05 2.706404300832746925e-08 4.729416283093430775e-07
1.122018454301950987e+06 2.657780530152461031e-08 4.138875509378558058e-07
1.258925411794153042e+06 2.613630892251189981e-08 3.626958065341713938e-07
1.412537544622737914e+06 2.573662959599741048e-08 3.182498357585666206e-07
1.584893192461095983e+06 2.537611144996136902e-08 2.796009857356859816e-07
1.778279410038901959e+06 2.505239083468372984e-08 2.459423627641534030e-07
1.995262314968856983e+06 2.476342486149592990e-08 2.165868066440121102e-07
2.238721138568312861e+06 2.450752592424803160e-08 1.909483410778813871e-07
2.511886431509550195e+06 2.428340375969343044e-08 1.685265540471953070e-07
2.818382931264420040e+06 2.409021689048989852e-08 1.488934454302310972e-07
3.162277660168340895e+06 2.392763554640091040e-08 1.316823502586235903e-07
3.548133892335711978e+06 2.379591832673319913e-08 1.165786059438309967e-07
3.981071705534923822e+06 2.369600487033843065e-08 1.033116826467210010e-07
4.466835921509576030e+06 2.362962651935392088e-08 9.164853887752344066e-08
5.011872336272660643e+06 2.359943622031788039e-08 8.138800087402811288e-08
5.623413251903420314e+06 2.360915746108020134e-08 7.235599504864263841e-08
6.309573444801853038e+06 2.366374958490232156e-08 6.440148940957716589e-08
7.079457843841289170e+06 2.376958301005953849e-08 5.739302283686600769e-08
7.943282347242713906e+06 2.393461241021031161e-08 5.121572241735412121e-08
8.912509381337340921e+06 2.416852867488336864e-08 4.576872918971669324e-08
9.999999999999871477e+06 2.448286181311313928e-08 4.096297395962935020e-08
