# freq_hz re(vout/vdiff) im(vout/vdiff) re(vdiff) im(vdiff)
1.000000000000000056e-01 5.321872783722168242e+04 2.942278190172777030e+01 1.000000000000134781e+00 7.452877720768136536e-17
1.122018454301963036e-01 5.321873580038591172e+04 2.102170987801817859e+01 1.000000000000107025e+00 4.229687690459541703e-17
1.258925411794167004e-01 5.321874097741878359e+04 1.289958002463618492e+01 1.000000000000085043e+00 2.061654253341257004e-17
1.412537544622753938e-01 5.321874364401465573e+04 4.948617963845428847e+00 1.000000000000067502e+00 6.282379836137701372e-18
1.584893192461112876e-01 5.321874394217864756e+04 -2.936679605987169595e+00 1.000000000000053735e+00 -2.961398354159261813e-18
1.778279410038922093e-01 5.321874188778911048e+04 -1.086094473845340325e+01 1.000000000000042633e+00 -8.699771926947351286e-18
1.995262314968878903e-01 5.321873737144279585e+04 -1.892932651585485004e+01 1.000000000000033751e+00 -1.204412976087842061e-17
2.238721138568338098e-01 5.321873015262916306e+04 -2.724888618092782622e+01 1.000000000000026867e+00 -1.377174644447770007e-17
2.511886431509577911e-01 5.321871984692243132e+04 -3.593001762010248257e+01 1.000000000000021316e+00 -1.442439788455688977e-17
2.818382931264450941e-01 5.321870590551011264e+04 -4.508791202864605907e+01 1.000000000000016875e+00 -1.437806317212641130e-17
3.162277660168377191e-01 5.321868758596762200e+04 -5.484408616945347603e+01 1.000000000000013545e+00 -1.389216931831031068e-17
3.548133892335750827e-01 5.321866391272270266e+04 -6.532799447342104315e+01 1.000000000000010658e+00 -1.314436436070958999e-17
3.981071705534969252e-01 5.321863362510505249e+04 -7.667874633043767574e+01 1.000000000000008438e+00 -1.225505506785495005e-17
4.466835921509625940e-01 5.321859511021431535e+04 -8.904695129928801123e+01 1.000000000000006661e+00 -1.130470720579061973e-17
5.011872336272716888e-01 5.321854631703301857e+04 -1.025967166384927083e+02 1.000000000000005329e+00 -1.034602982107814018e-17
5.623413251903484067e-01 5.321848464721113123e+04 -1.175078235476664048e+02 1.000000000000004219e+00 -9.412544574948108082e-18
6.309573444801924724e-01 5.321840681670857884e+04 -1.339781108326797039e+02 1.000000000000003331e+00 -8.524602030924438972e-18
7.079457843841370224e-01 5.321830868092997844e+04 -1.522260973928518126e+02 1.000000000000002665e+00 -7.693595997565864193e-18
7.943282347242804908e-01 5.321818501404543349e+04 -1.724938780020941635e+02 1.000000000000002220e+00 -6.924907070437514721e-18
8.912509381337443415e-01 5.321802923075141734e+04 -1.950503303476558301e+02 1.000000000000001776e+00 -6.219950864078188349e-18
9.999999999999985567e-01 5.321783303566765971e+04 -2.201946752300358412e+02 1.000000000000001332e+00 -5.577596288251911695e-18
1.122018454301962009e+00 5.321758598171787162e+04 -2.482604362450653639e+02 1.000000000000001110e+00 -4.995141303515917044e-18
1.258925411794165061e+00 5.321727491400659346e+04 -2.796198501904184468e+02 1.000000000000000888e+00 -4.468978474344982615e-18
1.412537544622751939e+00 5.321688326962440624e+04 -3.146887848834967372e+02 1.000000000000000666e+00 -3.995043659189869123e-18
1.584893192461110933e+00 5.321639019616964652e+04 -3.539322270535336656e+02 1.000000000000000444e+00 -3.569113618326357146e-18
1.778279410038920094e+00 5.321576944216433913e+04 -3.978704094661148361e+02 1.000000000000000444e+00 -3.186998842854940819e-18
1.995262314968875961e+00 5.321498796046640928e+04 -4.470856534109492486e+02 1.000000000000000444e+00 -2.844664148115288099e-18
2.238721138568334990e+00 5.321400415060519299e+04 -5.022300100447741897e+02 1.000000000000000222e+00 -2.538299859148030073e-18
2.511886431509574802e+00 5.321276564691760723e+04 -5.640337916730039751e+02 1.000000000000000222e+00 -2.264359560665491123e-18
2.818382931264447944e+00 5.321120653545195819e+04 -6.333150916162043131e+02 1.000000000000000222e+00 -2.019575551373613160e-18
3.162277660168371973e+00 5.320924385263019212e+04 -7.109903984333022890e+02 1.000000000000000222e+00 -1.800959739500414168e-18
3.548133892335747053e+00 5.320677318111081695e+04 -7.980864163415569692e+02 1.000000000000000000e+00 -1.605795323516637094e-18
3.981071705534962923e+00 5.320366311132833653e+04 -8.957532077574671803e+02 1.000000000000000000e+00 -1.431622922505726946e-18
4.466835921509620277e+00 5.319974827853606257e+04 -1.005278774621283901e+03 1.000000000000000000e+00 -1.276223644543004928e-18
5.011872336272709560e+00 5.319482061210302345e+04 -1.128105190582283967e+03 1.000000000000000000e+00 -1.137600760345510985e-18
5.623413251903476073e+00 5.318861834301619092e+04 -1.265846383363593077e+03 1.000000000000000000e+00 -1.013961078425482929e-18
6.309573444801915620e+00 5.318081220312182268e+04 -1.420307641623280006e+03 1.000000000000000000e+00 -9.036967228750234575e-19
7.079457843841360010e+00 5.317098811110483803e+04 -1.593506877604450892e+03 1.000000000000000000e+00 -8.053677433579608671e-19
7.943282347242792696e+00 5.315862547051443107e+04 -1.787697607671015021e+03 1.000000000000000000e+00 -7.176858019224318596e-19
8.912509381337429204e+00 5.314306999894519686e+04 -2.005393506036260078e+03 1.000000000000000000e+00 -6.394990568045265520e-19
9.999999999999969802e+00 5.312349975957978313e+04 -2.249394226711557167e+03 1.000000000000000000e+00 -5.697782811025079555e-19
1.122018454301960055e+01 5.309888277255564753e+04 -2.522811952982210187e+03 1.000000000000000000e+00 -5.076042011416494108e-19
1.258925411794163018e+01 5.306792424255057267e+04 -2.829097792533757911e+03 1.000000000000000000e+00 -4.521560064488295625e-19
1.412537544622749941e+01 5.302900105445912050e+04 -3.172066649126265929e+03 1.000000000000000000e+00 -4.027009641602503784e-19
1.584893192461107958e+01 5.298008077469767886e+04 -3.555918514445332221e+03 1.000000000000000000e+00 -3.585850609630410123e-19
1.778279410038917163e+01 5.291862198193821678e+04 -3.985253166063925164e+03 1.000000000000000000e+00 -3.192245922469550023e-19
1.995262314968872985e+01 5.284145239598966145e+04 -4.465073940250619671e+03 1.000000000000000000e+00 -2.840986189002566866e-19
2.238721138568331881e+01 5.274462107906400342e+04 -5.000774463711775752e+03 1.000000000000000000e+00 -2.527422156847995901e-19
2.511886431509570983e+01 5.262322111927963124e+04 -5.598099854309713919e+03 1.000000000000000000e+00 -2.247404404053503952e-19
2.818382931264443059e+01 5.247117994169594749e+04 -6.263070816418745380e+03 1.000000000000000000e+00 -1.997229595111502951e-19
3.162277660168367888e+01 5.228101613982780691e+04 -7.001855175710754338e+03 1.000000000000000000e+00 -1.773592729104605079e-19
3.548133892335741280e+01 5.204356508460240730e+04 -7.820566735458043695e+03 1.000000000000000000e+00 -1.573544883318437996e-19
3.981071705534957061e+01 5.174768138876924058e+04 -8.724966125110271605e+03 1.000000000000000000e+00 -1.394456032302741055e-19
4.466835921509613172e+01 5.137993567323122261e+04 -9.720033197536937223e+03 1.000000000000000000e+00 -1.233982596012299932e-19
5.011872336272701745e+01 5.092433726358193235e+04 -1.080937686448159002e+04 1.000000000000000000e+00 -1.090039434521917081e-19
5.623413251903466659e+01 5.036213462047564826e+04 -1.199444848888297929e+04 1.000000000000000000e+00 -9.607760494466355777e-20
6.309573444801905850e+01 4.967177196726840339e+04 -1.327353305549501056e+04 1.000000000000000000e+00 -8.445567554522386937e-20
7.079457843841348108e+01 4.882911238439106819e+04 -1.464051409256031002e+04 1.000000000000000000e+00 -7.399445229357547791e-20
7.943282347242779906e+01 4.780806960377286305e+04 -1.608345094330231041e+04 1.000000000000000000e+00 -6.456880324124733578e-20
8.912509381337414993e+01 4.658181185975664994e+04 -1.758307741769406857e+04 1.000000000000000000e+00 -5.607111910793732613e-20
9.999999999999954525e+01 4.512469240074964910e+04 -1.911143155041713908e+04 1.000000000000000000e+00 -4.841039314971319273e-20
1.122018454301958030e+02 4.341499604642543272e+04 -2.063094784110526962e+04 1.000000000000000000e+00 -4.151125838757906870e-20
1.258925411794160993e+02 4.143844188424066670e+04 -2.209445546172559989e+04 1.000000000000000000e+00 -3.531276233701034887e-20
1.412537544622747134e+02 3.919213762578374735e+04 -2.344657191467165831e+04 1.000000000000000000e+00 -2.976664220255027209e-20
1.584893192461105969e+02 3.668836764525552280e+04 -2.462687937666216021e+04 1.000000000000000000e+00 -2.483490625211619913e-20
1.778279410038913966e+02 3.395731587199310889e+04 -2.557496479523196103e+04 1.000000000000000000e+00 -2.048667702555718895e-20
1.995262314968869930e+02 3.104772016709496165e+04 -2.623688332406530026e+04 1.000000000000000000e+00 -1.669448084071363017e-20
2.238721138568328115e+02 2.802469391783371975e+04 -2.657201141103413102e+04 1.000000000000000000e+00 -1.343044457880347071e-20
2.511886431509566933e+02 2.496457328742255049e+04 -2.655883165825335163e+04 1.000000000000000000e+00 -1.066305324806978975e-20
2.818382931264438866e+02 2.194750223983433170e+04 -2.619820252612144031e+04 1.000000000000000000e+00 -8.355115970177693147e-21
3.162277660168363127e+02 1.904921190081007080e+04 -2.551322590174147990e+04 1.000000000000000000e+00 -6.463338558472911920e-21
3.548133892335736164e+02 1.633373197842812078e+04 -2.454574686318443128e+04 1.000000000000000000e+00 -4.939478001855715740e-21
3.981071705534951093e+02 1.384844710769481026e+04 -2.335043601706077970e+04 1.000000000000000000e+00 -3.732643463773242977e-21
4.466835921509606919e+02 1.162214545405691024e+04 -2.198791807431057896e+04 1.000000000000000000e+00 -2.792072299254065992e-21
5.011872336272695065e+02 9.665860133181047786e+03 -2.051838613662376883e+04 1.000000000000000000e+00 -2.069723014905720183e-21
5.623413251903459695e+02 7.975706869051829926e+03 -1.899669387323728006e+04 1.000000000000000000e+00 -1.522230394988750933e-21
6.309573444801897040e+02 6.536713231107305546e+03 -1.746932026271002906e+04 1.000000000000000000e+00 -1.112039808536301030e-21
7.079457843841338445e+02 5.326756139010379229e+03 -1.597309684110650960e+04 1.000000000000000000e+00 -8.077673107292566022e-22
7.943282347242768537e+02 4.320015068679985234e+03 -1.453529422051577058e+04 1.000000000000000000e+00 -5.839658701800801068e-22
8.912509381337401919e+02 3.489657044474167833e+03 -1.317457878338129012e+04 1.000000000000000000e+00 -4.205174941369563214e-22
9.999999999999939746e+02 2.809708274345748123e+03 -1.190240271494149965e+04 1.000000000000000000e+00 -3.018473074714134216e-22
1.122018454301957036e+03 2.256209431263303031e+03 -1.072450527648920070e+04 1.000000000000000000e+00 -2.161038517526824144e-22
1.258925411794158890e+03 1.807811286728290042e+03 -9.642324195163242621e+03 1.000000000000000000e+00 -1.543952066788301913e-22
1.412537544622744917e+03 1.445973274193491989e+03 -8.654214441330052068e+03 1.000000000000000000e+00 -1.101259550439657992e-22
1.584893192461102899e+03 1.154904987183356070e+03 -7.756439893497706180e+03 1.000000000000000000e+00 -7.844922085006257154e-23
1.778279410038911010e+03 9.213584405603870664e+02 -6.943944159913655312e+03 1.000000000000000000e+00 -5.582963132301103465e-23
1.995262314968865894e+03 7.343473006159474608e+02 -6.210927353520067300e+03 1.000000000000000000e+00 -3.970388574554418276e-23
2.238721138568324022e+03 5.848432203507833265e+02 -5.551262907991770589e+03 1.000000000000000000e+00 -2.822240640772339760e-23
2.511886431509562954e+03 4.654795452014039938e+02 -4.958788399445557843e+03 1.000000000000000000e+00 -2.005574065577041984e-23
2.818382931264433864e+03 3.702790977029740134e+02 -4.427500427628166108e+03 1.000000000000000000e+00 -1.425122844135889068e-23
3.162277660168357215e+03 2.944134735511044028e+02 -3.951678515814930051e+03 1.000000000000000000e+00 -1.012788206513640014e-23
3.548133892335728888e+03 2.339958661656577021e+02 -3.525957752128529137e+03 1.000000000000000000e+00 -7.199859689524616096e-24
3.981071705534944158e+03 1.859060610170639904e+02 -3.145365325632836175e+03 1.000000000000000000e+00 -5.121078546744078246e-24
4.466835921509598847e+03 1.476447162293590907e+02 -2.805332261211157856e+03 1.000000000000000000e+00 -3.645311915054696211e-24
5.011872336272685970e+03 1.172132834529923002e+02 -2.501688648417426975e+03 1.000000000000000000e+00 -2.597545365231845977e-24
5.623413251903449236e+03 9.301585518351539861e+01 -2.230648326220130002e+03 1.000000000000000000e+00 -1.853474163414352044e-24
6.309573444801885671e+03 7.377943336563491528e+01 -1.988787241022570015e+03 1.000000000000000000e+00 -1.324861188807425037e-24
7.079457843841326394e+03 5.848946986907039758e+01 -1.773018409465657896e+03 1.000000000000000000e+00 -9.490989328009520618e-25
7.943282347242755350e+03 4.633794899463060091e+01 -1.580565482642128018e+03 1.000000000000000000e+00 -6.817790463727796326e-25
8.912509381337387822e+03 3.668169317140956309e+01 -1.408936238257711921e+03 1.000000000000000000e+00 -4.914087931697243124e-25
9.999999999999923602e+03 2.900895678613336059e+01 -1.255896852617604964e+03 1.000000000000000000e+00 -3.556574234618915965e-25
1.122018454301954989e+04 2.291270775389444125e+01 -1.119447472533117889e+03 1.000000000000000000e+00 -2.586913220846593787e-25
1.258925411794156935e+04 1.806928910915461017e+01 -9.977993780710036162e+02 1.000000000000000000e+00 -1.892831551021927012e-25
1.412537544622743007e+04 1.422139636017891995e+01 -8.893538711827523002e+02 1.000000000000000000e+00 -1.394707836240944001e-25
1.584893192461100989e+04 1.116450978360832025e+01 -7.926829224198985457e+02 1.000000000000000000e+00 -1.036064084516066971e-25
1.778279410038908100e+04 8.736088215752049635e+00 -7.065115403225338468e+02 1.000000000000000000e+00 -7.768256524920288617e-26
1.995262314968862847e+04 6.806966420052511069e+00 -6.297017876038681834e+02 1.000000000000000000e+00 -5.885444538704637870e-26
2.238721138568321112e+04 5.274510871433202297e+00 -5.612383432331607764e+02 1.000000000000000000e+00 -4.510140021469445110e-26
2.511886431509559043e+04 4.057175316478384808e+00 -5.002154987448059842e+02 1.000000000000000000e+00 -3.498708900556642865e-26
2.818382931264429862e+04 3.090171707393726042e+00 -4.458254721419398834e+02 1.000000000000000000e+00 -2.748952890717093766e-26
3.162277660168351940e+04 2.322028467397661000e+00 -3.973479243595095909e+02 1.000000000000000000e+00 -2.188067147837855931e-26
3.548133892335723795e+04 1.711854922970033055e+00 -3.541405673188713763e+02 1.000000000000000000e+00 -1.764106704681154062e-26
3.981071705534937792e+04 1.227167010080383980e+00 -3.156307591665433847e+02 1.000000000000000000e+00 -1.439938516318860857e-26
4.466835921509592299e+04 8.421596073178013730e-01 -2.813079891289568195e+02 1.000000000000000000e+00 -1.188954411797402990e-26
5.011872336272677785e+04 5.363336134205840544e-01 -2.507171625162567068e+02 1.000000000000000000e+00 -9.920314167877901769e-27
5.623413251903439959e+04 2.934051735386425941e-01 -2.234526037398148048e+02 1.000000000000000000e+00 -8.353758346723152336e-27
6.309573444801875303e+04 1.004390322855125972e-01 -1.991527028999790900e+02 1.000000000000000000e+00 -7.089934370441103712e-27
7.079457843841314025e+04 -5.283997015375985207e-02 -1.774951384277175919e+02 1.000000000000000000e+00 -6.056033365561021130e-27
7.943282347242740798e+04 -1.745938687581286008e-01 -1.581926149203142131e+02 1.000000000000000000e+00 -5.198663095304965650e-27
8.912509381337370723e+04 -2.713061088602500837e-01 -1.409890614419539929e+02 1.000000000000000000e+00 -4.478360014288343269e-27
9.999999999999903957e+04 -3.481267215085642186e-01 -1.256562410582023972e+02 1.000000000000000000e+00 -3.865681980774297697e-27
1.122018454301953025e+05 -4.091465264742261132e-01 -1.119907275449457984e+02 1.000000000000000000e+00 -3.338422003333090055e-27
1.258925411794154934e+05 -4.576149528025743041e-01 -9.981120978090535800e+01 1.000000000000000000e+00 -2.879617662230197920e-27
1.412537544622741116e+05 -4.961130573809103828e-01 -8.895608849598450263e+01 1.000000000000000000e+00 -2.476125317266936947e-27
1.584893192461098079e+05 -5.266909654871583246e-01 -7.928133382362585735e+01 1.000000000000000000e+00 -2.117595671279802886e-27
1.778279410038905044e+05 -5.509770369013898828e-01 -7.065857543788827400e+01 1.000000000000000000e+00 -1.795734570145943052e-27
1.995262314968859137e+05 -5.702645784893080050e-01 -6.297340009160601682e+01 1.000000000000000000e+00 -1.503766922973558943e-27
2.238721138568317110e+05 -5.855807120896153739e-01 -5.612383409127122036e+01 1.000000000000000000e+00 -1.236045019841534082e-27
2.511886431509554095e+05 -5.977410721706807317e-01 -5.001899063815147173e+01 1.000000000000000000e+00 -9.877599433442085874e-28
2.818382931264425279e+05 -6.073932382350583081e-01 -4.457786414715140921e+01 1.000000000000000000e+00 -7.547264072284171704e-28
3.162277660168345901e+05 -6.150512219433588168e-01 -3.972825559543115759e+01 1.000000000000000000e+00 -5.332198832546168438e-28
3.548133892335718265e+05 -6.211228385283233955e-01 -3.540581465422844332e+01 1.000000000000000000e+00 -3.198509904980631160e-28
3.981071705534930807e+05 -6.259314247928960961e-01 -3.155318592260221067e+01 1.000000000000000000e+00 -1.114663067440616967e-28
4.466835921509583713e+05 -6.297330580689769475e-01 -2.811924794889455015e+01 1.000000000000000000e+00 9.493229330427807026e-29
5.011872336272670073e+05 -6.327301939512195439e-01 -2.505843495062476833e+01 1.000000000000000000e+00 3.022554853398960953e-28
5.623413251903430792e+05 -6.350824487679515018e-01 -2.233013224414224851e+01 1.000000000000000000e+00 5.133858315001551276e-28
6.309573444801864680e+05 -6.369151013548921547e-01 -1.989813736516163090e+01 1.000000000000000000e+00 7.312318575646043958e-28
7.079457843841302674e+05 -6.383257674750012489e-01 -1.773017973768556033e+01 1.000000000000000000e+00 9.587795121011848711e-28
7.943282347242728574e+05 -6.393896027134590154e-01 -1.579749252965348916e+01 1.000000000000000000e+00 1.199143245488669918e-27
8.912509381337357918e+05 -6.401633111810225429e-01 -1.407443100474955955e+01 1.000000000000000000e+00 1.455618706314778954e-27
9.999999999999889405e+05 -6.406881769937083915e-01 -1.253813234178334035e+01 1.000000000000000000e+00 1.731739181037878926e-27
1.122018454301950987e+06 -6.409922794801979906e-01 -1.116821238991011001e+01 1.000000000000000000e+00 2.031337934017688026e-27
1.258925411794153042e+06 -6.410920164573148394e-01 -9.946495378105346674e+00 1.000000000000000000e+00 2.358619159033566843e-27
1.412537544622737914e+06 -6.409930206264197183e-01 -8.856772995207585097e+00 1.000000000000000000e+00 2.718240719682273936e-27
1.584893192461095983e+06 -6.406905280196412145e-01 -7.884589684555215250e+00 1.000000000000000000e+00 3.115412875008411987e-27
1.778279410038901959e+06 -6.401692321337498770e-01 -7.017051341971598077e+00 1.000000000000000000e+00 3.556018381824647327e-27
1.995262314968856983e+06 -6.394026379425047368e-01 -6.242654933331420075e+00 1.000000000000000000e+00 4.046761091004385320e-27
2.238721138568312861e+06 -6.383519169777976954e-01 -5.551136853123945336e+00 1.000000000000000000e+00 4.595352447945191739e-27
2.511886431509550195e+06 -6.369642555342583945e-01 -4.933338110587042635e+00 1.000000000000000000e+00 5.210748235364597990e-27
2.818382931264420040e+06 -6.351706907847035621e-01 -4.381084693216226178e+00 1.000000000000000000e+00 5.903451623917964284e-27
3.162277660168340895e+06 -6.328834464143210381e-01 -3.887081702512130033e+00 1.000000000000000000e+00 6.685903087772904704e-27
3.548133892335711978e+06 -6.299928157769549841e-01 -3.444820082176772047e+00 1.000000000000000000e+00 7.572982803294342186e-27
3.981071705534923822e+06 -6.263637110985894596e-01 -3.048494983429400840e+00 1.000000000000000000e+00 8.582656235187747738e-27
4.466835921509576030e+06 -6.218321112552729346e-01 -2.692935010141817020e+00 1.000000000000000000e+00 9.736797504804829254e-27
5.011872336272660643e+06 -6.162018152691547401e-01 -2.373541753376815056e+00 1.000000000000000000e+00 1.106222545744571020e-26
5.623413251903420314e+06 -6.092421577110136433e-01 -2.086239127482741207e+00 1.000000000000000000e+00 1.259198020488758036e-26
6.309573444801853038e+06 -6.006876696377205782e-01 -1.827432011210915030e+00 1.000000000000000000e+00 1.436684719039100993e-26
7.079457843841289170e+06 -5.902410582312318521e-01 -1.593973508430805985e+00 1.000000000000000000e+00 1.643709298785174139e-26
7.943282347242713906e+06 -5.775812616734370408e-01 -1.383139682106603097e+00 1.000000000000000000e+00 1.886430247688899874e-26
8.912509381337340921e+06 -5.623785776553400506e-01 -1.192609807600077065e+00 1.000000000000000000e+00 2.172309258408443936e-26
9.999999999999871477e+06 -5.443187232340854775e-01 -1.020449009540016938e+00 1.000000000000000000e+00 2.510232484484736121e-26
1.122018454301949032e+07 -5.231368395654332204e-01 -8.650887240804858713e-01 1.000000000000000000e+00 2.910526928933364115e-26
1.258925411794150993e+07 -4.986605725921580134e-01 -7.252991460519032652e-01 1.000000000000000000e+00 3.384804230072848804e-26
1.412537544622736052e+07 -4.708583393793387972e-01 -6.001474120970152759e-01 1.000000000000000000e+00 3.945564859840609887e-26
1.584893192461092956e+07 -4.398851113718136863e-01 -4.889366555377954171e-01 1.000000000000000000e+00 4.605522457229858100e-26
1.778279410038898885e+07 -4.061147300472828792e-01 -3.911250181322475927e-01 1.000000000000000000e+00 5.376669329940901665e-26
1.995262314968853071e+07 -3.701467852982416873e-01 -3.062300564706165740e-01 1.000000000000000000e+00 6.269195374337571007e-26
2.238721138568310067e+07 -3.327792482929113893e-01 -2.337310781565850870e-01 1.000000000000000000e+00 7.290466950149820044e-26
2.511886431509545818e+07 -2.949457483442428085e-01 -1.729867285839853941e-01 1.000000000000000000e+00 8.444322545221041355e-26
2.818382931264415011e+07 -2.576265494577474890e-01 -1.231845571842272030e-01 1.000000000000000000e+00 9.730901382330592383e-26
3.162277660168335959e+07 -2.217507795164213868e-01 -8.333233082437636885e-02 1.000000000000000000e+00 1.114707492680626983e-25
3.548133892335704714e+07 -1.881102568856075907e-01 -5.228985612240472092e-02 1.000000000000000000e+00 1.268734122127148903e-25
3.981071705534917116e+07 -1.573009958963519916e-01 -2.882967533682572955e-02 1.000000000000000000e+00 1.434485643551821915e-25
4.466835921509567648e+07 -1.296993886533754914e-01 -1.170945129571454926e-02 1.000000000000000000e+00 1.611220913128909942e-25
5.011872336272651702e+07 -1.054704258762377000e-01 2.604305334443351170e-04 1.000000000000000000e+00 1.798163483749583987e-25
5.623413251903410256e+07 -8.459876768732006724e-02 8.165220319253978232e-03 1.000000000000000000e+00 1.994459359406097950e-25
6.309573444801841676e+07 -6.693133637050091567e-02 1.295455174917413931e-02 1.000000000000000000e+00 2.199090723214630925e-25
7.079457843841277063e+07 -5.222153851339757236e-02 1.543042465625554978e-02 1.000000000000000000e+00 2.410787905816749799e-25
7.943282347242699564e+07 -4.016845221692467299e-02 1.625001811301136911e-02 1.000000000000000000e+00 2.627992270218209913e-25
8.912509381337325275e+07 -3.044774701275667142e-02 1.593791978570052031e-02 1.000000000000000000e+00 2.848917183454355978e-25
9.999999999999853969e+07 -2.273382359228336841e-02 1.490288449988167938e-02 1.000000000000000000e+00 3.071732119685507992e-25
1.122018454301947057e+08 -1.671436285670372876e-02 1.345553513779861043e-02 1.000000000000000000e+00 3.294858577323297160e-25
1.258925411794148982e+08 -1.209921448907511077e-02 1.182490543779612067e-02 1.000000000000000000e+00 3.517323191462400918e-25
1.412537544622732997e+08 -8.625548063886200392e-03 1.017301209929464059e-02 1.000000000000000000e+00 3.739076707220130032e-25
1.584893192461090088e+08 -6.060713590457563610e-03 8.607511054021497326e-03 1.000000000000000000e+00 3.961173916261668200e-25
1.778279410038895905e+08 -4.203616319069451712e-03 7.192866217759205649e-03 1.000000000000000000e+00 4.185730156387350384e-25
1.995262314968850017e+08 -2.884875509211271092e-03 5.960415404523376759e-03 1.000000000000000000e+00 4.415620669224390063e-25
2.238721138568305969e+08 -1.965773821849469208e-03 4.917454009961411826e-03 1.000000000000000000e+00 4.653950598306759634e-25
2.511886431509541869e+08 -1.336020459044437057e-03 4.055198785080321375e-03 1.000000000000000000e+00 4.903371491601221683e-25
2.818382931264411211e+08 -9.105252195415368876e-04 3.355391042320153994e-03 1.000000000000000000e+00 5.165340625704024921e-25
3.162277660168331265e+08 -6.255542198183378566e-04 2.795372341011744845e-03 1.000000000000000000e+00 5.439415473903024544e-25
3.548133892335699797e+08 -4.347078351584227215e-04 2.351639635277538026e-03 1.000000000000000000e+00 5.722662795010348571e-25
3.981071705534911156e+08 -3.051111708062102129e-04 2.002060625953218029e-03 1.000000000000000000e+00 6.009256023908789960e-25
4.466835921509562135e+08 -2.140817058748140024e-04 1.727038030940154919e-03 1.000000000000000000e+00 6.290341501777286301e-25
5.011872336272644997e+08 -1.463968260114071945e-04 1.509938847161893969e-03 1.000000000000000000e+00 6.554264696802149427e-25
5.623413251903402805e+08 -9.216743333019608044e-05 1.337071080711609060e-03 1.000000000000000000e+00 6.787241101155886768e-25
6.309573444801833630e+08 -4.524881818964693173e-05 1.197425831096755010e-03 1.000000000000000000e+00 6.974509012405870451e-25
7.079457843841267824e+08 -2.084493993568275918e-06 1.082331479268948057e-03 1.000000000000000000e+00 7.101900364243246345e-25
7.943282347242689133e+08 3.912677548921566036e-05 9.851035552359932272e-04 1.000000000000000000e+00 7.157626315614846043e-25
8.912509381337313652e+08 7.903629138203398664e-05 9.007255545168804450e-04 1.000000000000000000e+00 7.133946381179184088e-25
9.999999999999840260e+08 1.175938984841854053e-04 8.255651684297662289e-04 1.000000000000000000e+00 7.028342851509403653e-25
