# freq_hz re(vout/vdiff) im(vout/vdiff) re(vdiff) im(vdiff)
1.000000000000000056e-01 6.512130588807364984e+04 3.013018505797736069e+01 1.000000000000164979e+00 7.632065033512936936e-17
1.122018454301963036e-01 6.512131351977596205e+04 2.026928215243243869e+01 1.000000000000131006e+00 4.078294948968313703e-17
1.258925411794167004e-01 6.512131807805221615e+04 1.067733752250866530e+01 1.000000000000104139e+00 1.706487984506078153e-17
1.412537544622753938e-01 6.512131980564605328e+04 1.227073288097965342e+00 1.000000000000082601e+00 1.557796648351447997e-18
1.584893192461112876e-01 6.512131879455762828e+04 -8.206908585157391300e+00 1.000000000000065725e+00 -8.275988133781629188e-18
1.778279410038922093e-01 6.512131499094310857e+04 -1.774979009335274682e+01 1.000000000000052180e+00 -1.421783549005544874e-17
1.995262314968878903e-01 6.512130819224711013e+04 -2.752819813737444576e+01 1.000000000000041522e+00 -1.751531889768721146e-17
2.238721138568338098e-01 6.512129803641641047e+04 -3.767188462363689894e+01 1.000000000000032863e+00 -1.903959081742664968e-17
2.511886431509577911e-01 6.512128398261935945e+04 -4.831544799698401249e+01 1.000000000000026201e+00 -1.939662967160247881e-17
2.818382931264450941e-01 6.512126528244565998e+04 -5.960011902583016052e+01 1.000000000000020872e+00 -1.900585407162166076e-17
3.162277660168377191e-01 6.512124094005193911e+04 -7.167563450516760781e+01 1.000000000000016431e+00 -1.815565031853993133e-17
3.548133892335750827e-01 6.512120965913128748e+04 -8.470222369895799375e+01 1.000000000000013101e+00 -1.704256956643288960e-17
3.981071705534969252e-01 6.512116977388339001e+04 -9.885273382369747708e+01 1.000000000000010436e+00 -1.579897630800781903e-17
4.466835921509625940e-01 6.512111916030957218e+04 -1.143149226973431070e+02 1.000000000000008216e+00 -1.451253200106098112e-17
5.011872336272716888e-01 6.512105512310968334e+04 -1.312939488637826742e+02 1.000000000000006661e+00 -1.323990820326132965e-17
5.623413251903484067e-01 6.512097425216028205e+04 -1.500150920777429349e+02 1.000000000000005107e+00 -1.201642323412471053e-17
6.309573444801924724e-01 6.512087224093227996e+04 -1.707267400271250892e+02 1.000000000000004219e+00 -1.086280068952893026e-17
7.079457843841370224e-01 6.512074365718407353e+04 -1.937036806111640317e+02 1.000000000000003331e+00 -9.789897312920555752e-18
7.943282347242804908e-01 6.512058165372386429e+04 -2.192507430181585448e+02 1.000000000000002665e+00 -8.801999456790315802e-18
8.912509381337443415e-01 6.512037760384983994e+04 -2.477068352923810153e+02 1.000000000000001998e+00 -7.899111687764285535e-18
9.999999999999985567e-01 6.512012064207066578e+04 -2.794494310831348685e+02 1.000000000000001554e+00 -7.078536789574840398e-18
1.122018454301962009e+00 6.511979708567435591e+04 -3.148995638651744002e+02 1.000000000000001332e+00 -6.335958486234801937e-18
1.258925411794165061e+00 6.511938970638489991e+04 -3.545273931392546842e+02 1.000000000000001110e+00 -5.666176014694333280e-18
1.412537544622751939e+00 6.511887681338615948e+04 -3.988584139851138275e+02 1.000000000000000888e+00 -5.063595698654686034e-18
1.584893192461110933e+00 6.511823109898734401e+04 -4.484803888504336555e+02 1.000000000000000666e+00 -4.522553587532361654e-18
1.778279410038920094e+00 6.511741818562580738e+04 -5.040510885946839608e+02 1.000000000000000444e+00 -4.037521257243109285e-18
1.995262314968875961e+00 6.511639479709677835e+04 -5.663069385002024774e+02 1.000000000000000444e+00 -3.603231354404180008e-18
2.238721138568334990e+00 6.511510645704422495e+04 -6.360726740843546168e+02 1.000000000000000222e+00 -3.214748514347162097e-18
2.511886431509574802e+00 6.511348459281893884e+04 -7.142721208710045175e+02 1.000000000000000222e+00 -2.867503559548843090e-18
2.818382931264447944e+00 6.511144289153574209e+04 -8.019402214426291948e+02 1.000000000000000222e+00 -2.557303442980383127e-18
3.162277660168371973e+00 6.510887271595856873e+04 -9.002364415300972951e+02 1.000000000000000222e+00 -2.280325571253751086e-18
3.548133892335747053e+00 6.510563733875677281e+04 -1.010459693749175699e+03 1.000000000000000222e+00 -2.033102451865042928e-18
3.981071705534962923e+00 6.510156469230673247e+04 -1.134064921589665801e+03 1.000000000000000000e+00 -1.812500722396559965e-18
4.466835921509620277e+00 6.509643825462251698e+04 -1.272681485542799919e+03 1.000000000000000000e+00 -1.615697300397085933e-18
5.011872336272709560e+00 6.508998559664141794e+04 -1.428133485117361033e+03 1.000000000000000000e+00 -1.440154473355211925e-18
5.623413251903476073e+00 6.508186399771751894e+04 -1.602462131069657062e+03 1.000000000000000000e+00 -1.283595110357776056e-18
6.309573444801915620e+00 6.507164238980517257e+04 -1.797950245930263918e+03 1.000000000000000000e+00 -1.143978737068192021e-18
7.079457843841360010e+00 6.505877871072869311e+04 -2.017148910021945085e+03 1.000000000000000000e+00 -1.019478914527815025e-18
7.943282347242792696e+00 6.504259152681472187e+04 -2.262906173605048025e+03 1.000000000000000000e+00 -9.084621583194757194e-19
8.912509381337429204e+00 6.502222451844355237e+04 -2.538397608141913224e+03 1.000000000000000000e+00 -8.094684984705718231e-19
9.999999999999969802e+00 6.499660210262756300e+04 -2.847158249529139994e+03 1.000000000000000000e+00 -7.211936914380475293e-19
1.122018454301960055e+01 6.496437409019550250e+04 -3.193115164018427095e+03 1.000000000000000000e+00 -6.424730390759556352e-19
1.258925411794163018e+01 6.492384684124545311e+04 -3.580619403230120042e+03 1.000000000000000000e+00 -5.722667354453153146e-19
1.412537544622749941e+01 6.487289789880209719e+04 -4.014475454045108108e+03 1.000000000000000000e+00 -5.096466435588609010e-19
1.584893192461107958e+01 6.480887056874745758e+04 -4.499965360619396961e+03 1.000000000000000000e+00 -4.537843956997120460e-19
1.778279410038917163e+01 6.472844441963238205e+04 -5.042863406661303998e+03 1.000000000000000000e+00 -4.039407093827385222e-19
1.995262314968872985e+01 6.462747728335588181e+04 -5.649435480471815026e+03 1.000000000000000000e+00 -3.594558139911310806e-19
2.238721138568331881e+01 6.450081419255267974e+04 -6.326414864913464044e+03 1.000000000000000000e+00 -3.197408890309066933e-19
2.511886431509570983e+01 6.434205903170300007e+04 -7.080943047893873882e+03 1.000000000000000000e+00 -2.842704227485481097e-19
2.818382931264443059e+01 6.414330588206603716e+04 -7.920460094993369239e+03 1.000000000000000000e+00 -2.525754088601560160e-19
3.162277660168367888e+01 6.389482967291175009e+04 -8.852524084743139611e+03 1.000000000000000000e+00 -2.242373088795958807e-19
3.548133892335741280e+01 6.358474063288934849e+04 -9.884533156957553729e+03 1.000000000000000000e+00 -1.988827176442088989e-19
3.981071705534957061e+01 6.319861528586108034e+04 -1.102331726985774912e+04 1.000000000000000000e+00 -1.761786797196024071e-19
4.466835921509613172e+01 6.271912976949089352e+04 -1.227456080356365055e+04 1.000000000000000000e+00 -1.558286138135674998e-19
5.011872336272701745e+01 6.212574063822963217e+04 -1.364201367974533969e+04 1.000000000000000000e+00 -1.375688101106791099e-19
5.623413251903466659e+01 6.139448534218852728e+04 -1.512645118450847076e+04 1.000000000000000000e+00 -1.211654698293087000e-19
6.309573444801905850e+01 6.049800937141756003e+04 -1.672435668495259961e+04 1.000000000000000000e+00 -1.064122546262091962e-19
7.079457843841348108e+01 5.940596693736456655e+04 -1.842633460760265007e+04 1.000000000000000000e+00 -9.312830200727269330e-20
7.943282347242779906e+01 5.808597907226614188e+04 -2.021532246553153163e+04 1.000000000000000000e+00 -8.115663726254386872e-20
8.912509381337414993e+01 5.650535099506316328e+04 -2.206476794509890169e+04 1.000000000000000000e+00 -7.036286898038508080e-20
9.999999999999954525e+01 5.463372320285357273e+04 -2.393706995310416823e+04 1.000000000000000000e+00 -6.063399400945395200e-20
1.122018454301958030e+02 5.244672381103607768e+04 -2.578273328260868948e+04 1.000000000000000000e+00 -5.187706751368446936e-20
1.258925411794160993e+02 4.993047231679758988e+04 -2.754080837653634080e+04 1.000000000000000000e+00 -4.401743698390803079e-20
1.412537544622747134e+02 4.708645476105005218e+04 -2.914120203052818033e+04 1.000000000000000000e+00 -3.699623676875470752e-20
1.584893192461105969e+02 4.393590087944109109e+04 -3.050924988028771986e+04 1.000000000000000000e+00 -3.076692991623507023e-20
1.778279410038913966e+02 4.052249397012846021e+04 -3.157248595634302910e+04 1.000000000000000000e+00 -2.529091917498900112e-20
1.995262314968869930e+02 3.691222178366139269e+04 -3.226885410050546852e+04 1.000000000000000000e+00 -2.053257463567172030e-20
2.238721138568328115e+02 3.318961207004423341e+04 -3.255490570561503046e+04 1.000000000000000000e+00 -1.645437474897522007e-20
2.511886431509566933e+02 2.945047356738643066e+04 -3.241213749709101103e+04 1.000000000000000000e+00 -1.301304719272523049e-20
2.818382931264438866e+02 2.579231774211678930e+04 -3.184983283235672934e+04 1.000000000000000000e+00 -1.015749304441028003e-20
3.162277660168363127e+02 2.230441861215712925e+04 -3.090362604240178916e+04 1.000000000000000000e+00 -7.828867502628221151e-21
3.548133892335736164e+02 1.905959494958538926e+04 -2.963018648631500037e+04 1.000000000000000000e+00 -5.962613191207385203e-21
3.981071705534951093e+02 1.610920623408880056e+04 -2.809943612324643982e+04 1.000000000000000000e+00 -4.491753403442035131e-21
4.466835921509606919e+02 1.348183850028382949e+04 -2.638615041226345056e+04 1.000000000000000000e+00 -3.350537923653119870e-21
5.011872336272695065e+02 1.118517544621080015e+04 -2.456258387857590060e+04 1.000000000000000000e+00 -2.477638770788362008e-21
5.623413251903459695e+02 9.209955455532328415e+03 -2.269312138006322130e+04 1.000000000000000000e+00 -1.818403213785050814e-21
6.309573444801897040e+02 7.534795003951509898e+03 -2.083123463713364981e+04 1.000000000000000000e+00 -1.326023644440516011e-21
7.079457843841338445e+02 6.130889520282286867e+03 -1.901847540608108102e+04 1.000000000000000000e+00 -9.617510961493758254e-22
7.943282347242768537e+02 4.965982825512272939e+03 -1.728495667829446029e+04 1.000000000000000000e+00 -6.944150857209427242e-22
8.912509381337401919e+02 4.007355009033068200e+03 -1.565072959652155077e+04 1.000000000000000000e+00 -4.995348848310655237e-22
9.999999999999939746e+02 3.223837252647444984e+03 -1.412755842520479928e+04 1.000000000000000000e+00 -3.582609893883509054e-22
1.122018454301957036e+03 2.587002450362374930e+03 -1.272074471942546916e+04 1.000000000000000000e+00 -2.563139736643156964e-22
1.258925411794158890e+03 2.071731032644931020e+03 -1.143079353719623941e+04 1.000000000000000000e+00 -1.830190858284847012e-22
1.412537544622744917e+03 1.656345141887949922e+03 -1.025482448840662983e+04 1.000000000000000000e+00 -1.304817873456507918e-22
1.584893192461102899e+03 1.322471352100184049e+03 -9.187703246343380670e+03 1.000000000000000000e+00 -9.291425962577708334e-23
1.778279410038911010e+03 1.054752065113621029e+03 -8.222910746128040046e+03 1.000000000000000000e+00 -6.610285577347690586e-23
1.995262314968865894e+03 8.404885096939166260e+02 -7.353186846836541008e+03 1.000000000000000000e+00 -4.699718051954670136e-23
2.238721138568324022e+03 6.692688671144971977e+02 -6.570990776506047041e+03 1.000000000000000000e+00 -3.339889192021008751e-23
2.511886431509562954e+03 5.326128697570444501e+02 -5.868818851894741783e+03 1.000000000000000000e+00 -2.372940342664930121e-23
2.818382931264433864e+03 4.236494849932432771e+02 -5.239414476462706261e+03 1.000000000000000000e+00 -1.685841933961563908e-23
3.162277660168357215e+03 3.368344356939820159e+02 -4.675899030787319134e+03 1.000000000000000000e+00 -1.197848029808615989e-23
3.548133892335728888e+03 2.677085779767012923e+02 -4.171846045411908563e+03 1.000000000000000000e+00 -8.513803797189881749e-24
3.981071705534944158e+03 2.126947409205735084e+02 -3.721315712037252979e+03 1.000000000000000000e+00 -6.054403488239729132e-24
4.466835921509598847e+03 1.689291396160895999e+02 -3.318862380074358043e+03 1.000000000000000000e+00 -4.308680930530288644e-24
5.011872336272685970e+03 1.341228040313889096e+02 -2.959524268180075978e+03 1.000000000000000000e+00 -3.069425531025082836e-24
5.623413251903449236e+03 1.064485534055393998e+02 -2.638801984759083098e+03 1.000000000000000000e+00 -2.189495683605853041e-24
6.309573444801885671e+03 8.444931231039775810e+01 -2.352630508181575806e+03 1.000000000000000000e+00 -1.564461266299982013e-24
7.079457843841326394e+03 6.696408170881859689e+01 -2.097347833874217031e+03 1.000000000000000000e+00 -1.120235525781767086e-24
7.943282347242755350e+03 5.306836751159506349e+01 -1.869662461624333901e+03 1.000000000000000000e+00 -8.042738343846735016e-25
8.912509381337387822e+03 4.202637824718495807e+01 -1.666621152739443005e+03 1.000000000000000000e+00 -5.793172232768934617e-25
9.999999999999923602e+03 3.325274330512110765e+01 -1.485577865492534102e+03 1.000000000000000000e+00 -4.189485764314504561e-25
1.122018454301954989e+04 2.628191149551841121e+01 -1.324164409951704101e+03 1.000000000000000000e+00 -3.044383709819302796e-25
1.258925411794156935e+04 2.074371869854291006e+01 -1.180263115114817992e+03 1.000000000000000000e+00 -2.225068905269730992e-25
1.412537544622743007e+04 1.634390421104205160e+01 -1.051981629985034033e+03 1.000000000000000000e+00 -1.637372636922371029e-25
1.584893192461100989e+04 1.284858351234609053e+01 -9.376298702590612493e+02 1.000000000000000000e+00 -1.214503881638158885e-25
1.778279410038908100e+04 1.007188416140247966e+01 -8.356990498017253231e+02 1.000000000000000000e+00 -9.090749081504834750e-26
1.995262314968862847e+04 7.866104653714566020e+00 -7.448426929001241206e+02 1.000000000000000000e+00 -6.874500829239706108e-26
2.238721138568321112e+04 6.113885292438983043e+00 -6.638594990741207766e+02 1.000000000000000000e+00 -5.257414914435805267e-26
2.511886431509559043e+04 4.721980788640835591e+00 -5.916779210248776053e+02 1.000000000000000000e+00 -4.069716561490119251e-26
2.818382931264429862e+04 3.616309407526168140e+00 -5.273423128699100744e+02 1.000000000000000000e+00 -3.190632400160340965e-26
3.162277660168351940e+04 2.738016718153907902e+00 -4.700005093778041783e+02 1.000000000000000000e+00 -2.534146486540854079e-26
3.548133892335723795e+04 2.040347224735736820e+00 -4.188927023249096919e+02 1.000000000000000000e+00 -2.038907067604006115e-26
3.981071705534937792e+04 1.486158119234147090e+00 -3.733414886580276857e+02 1.000000000000000000e+00 -1.661073647232993128e-26
4.466835921509592299e+04 1.045943480431072992e+00 -3.327429741416910929e+02 1.000000000000000000e+00 -1.369246884991375036e-26
5.011872336272677785e+04 6.962644996065833203e-01 -2.965588253476196883e+02 1.000000000000000000e+00 -1.140874043518476984e-26
5.623413251903439959e+04 4.185021556837940082e-01 -2.643091726129475205e+02 1.000000000000000000e+00 -9.596996442478879158e-27
6.309573444801875303e+04 1.978662728882487898e-01 -2.355662752065406949e+02 1.000000000000000000e+00 -8.139567241407576090e-27
7.079457843841314025e+04 2.260824454016647014e-02 -2.099488686752991100e+02 1.000000000000000000e+00 -6.950828138837567904e-27
7.943282347242740798e+04 -1.166043833317080974e-01 -1.871171221088883954e+02 1.000000000000000000e+00 -5.968078032696358674e-27
8.912509381337370723e+04 -2.271847706093242936e-01 -1.667681404328656072e+02 1.000000000000000000e+00 -5.145054015135653821e-27
9.999999999999903957e+04 -3.150214637698497966e-01 -1.486319534026335987e+02 1.000000000000000000e+00 -4.447315113827358823e-27
1.122018454301953025e+05 -3.847919159058811878e-01 -1.324679390791000060e+02 1.000000000000000000e+00 -3.848951737776667688e-27
1.258925411794154934e+05 -4.402115522404287939e-01 -1.180616350600986948e+02 1.000000000000000000e+00 -3.330235804676848710e-27
1.412537544622741116e+05 -4.842316043959479233e-01 -1.052218956095449016e+02 1.000000000000000000e+00 -2.875938741247190871e-27
1.584893192461098079e+05 -5.191962579364717278e-01 -9.377835734049833150e+01 1.000000000000000000e+00 -2.474123926765643887e-27
1.778279410038905044e+05 -5.469674809906321933e-01 -8.357918005793716532e+01 1.000000000000000000e+00 -2.115276496130442956e-27
1.995262314968859137e+05 -5.690241766141309609e-01 -7.448903297233356113e+01 1.000000000000000000e+00 -1.791673093136836835e-27
2.238721138568317110e+05 -5.865409342012942728e-01 -6.638729967811660515e+01 1.000000000000000000e+00 -1.496922534852935916e-27
2.511886431509554095e+05 -6.004505775165134285e-01 -5.916647815778242858e+01 1.000000000000000000e+00 -1.225628386703058066e-27
2.818382931264425279e+05 -6.114938423176646820e-01 -5.273075467631924340e+01 1.000000000000000000e+00 -9.731383722714926587e-28
3.162277660168345901e+05 -6.202588204394122728e-01 -4.699473264624941038e+01 1.000000000000000000e+00 -7.353558588304367014e-28
3.548133892335718265e+05 -6.272122782263322982e-01 -4.188229965821467715e+01 1.000000000000000000e+00 -5.085955746433389395e-28
3.981071705534930807e+05 -6.327245122447220371e-01 -3.732561764509983249e+01 1.000000000000000000e+00 -2.894708771354946833e-28
4.466835921509583713e+05 -6.370890709645624650e-01 -3.326422281905347944e+01 1.000000000000000000e+00 -7.480327435069811928e-29
5.011872336272670073e+05 -6.405383853151939144e-01 -2.964422341631994939e+01 1.000000000000000000e+00 1.384523449185106008e-28
5.623413251903430792e+05 -6.432561486407849527e-01 -2.641758465283723112e+01 1.000000000000000000e+00 3.532718339304476004e-28
6.309573444801864680e+05 -6.453870992545315266e-01 -2.354149137625721977e+01 1.000000000000000000e+00 5.726188444155276425e-28
7.079457843841302674e+05 -6.470447300971818860e-01 -2.097777998211508077e+01 1.000000000000000000e+00 7.994977874638427575e-28
7.943282347242728574e+05 -6.483173354616458273e-01 -1.869243205691887866e+01 1.000000000000000000e+00 1.037004986722578003e-27
8.912509381337357918e+05 -6.492727167675307332e-01 -1.665512302830386915e+01 1.000000000000000000e+00 1.288380054671781992e-27
9.999999999999889405e+05 -6.499618000614121316e-01 -1.483881985102870971e+01 1.000000000000000000e+00 1.557059439591978079e-27
1.122018454301950987e+06 -6.504213584810338844e-01 -1.321942239194586932e+01 1.000000000000000000e+00 1.846734084437073086e-27
1.258925411794153042e+06 -6.506759867373713702e-01 -1.177544376533585968e+01 1.000000000000000000e+00 2.161413360282722156e-27
1.412537544622737914e+06 -6.507394371932316846e-01 -1.048772539942230075e+01 1.000000000000000000e+00 2.505497914611498124e-27
1.584893192461095983e+06 -6.506153932594922473e-01 -9.339183066994372950e+00 1.000000000000000000e+00 2.883864624701330068e-27
1.778279410038901959e+06 -6.502977303589400071e-01 -8.314580542819138387e+00 1.000000000000000000e+00 3.301967808681948937e-27
1.995262314968856983e+06 -6.497702918216812229e-01 -7.400327922723429097e+00 1.000000000000000000e+00 3.765962112715635780e-27
2.238721138568312861e+06 -6.490061894025725975e-01 -6.584301986188624056e+00 1.000000000000000000e+00 4.282854207931052944e-27
2.511886431509550195e+06 -6.479666229947727007e-01 -5.855686286304793597e+00 1.000000000000000000e+00 4.860692736199178735e-27
2.818382931264420040e+06 -6.465992094744390517e-01 -5.204828954817012132e+00 1.000000000000000000e+00 5.508808944291215720e-27
3.162277660168340895e+06 -6.448358089105531432e-01 -4.623116462102077051e+00 1.000000000000000000e+00 6.238124227749854896e-27
3.548133892335711978e+06 -6.425898534838414555e-01 -4.102861835258496015e+00 1.000000000000000000e+00 7.061545457892731920e-27
3.981071705534923822e+06 -6.397532183987124643e-01 -3.637206074044950999e+00 1.000000000000000000e+00 7.994474288017178525e-27
4.466835921509576030e+06 -6.361927397746198753e-01 -3.220031731930537156e+00 1.000000000000000000e+00 9.055462194164641215e-27
5.011872336272660643e+06 -6.317465942548774471e-01 -2.845887842945773905e+00 1.000000000000000000e+00 1.026704764572295002e-26
5.623413251903420314e+06 -6.262209196430099656e-01 -2.509925544132565189e+00 1.000000000000000000e+00 1.165681341280353034e-26
6.309573444801853038e+06 -6.193873010155709347e-01 -2.207843874845004883e+00 1.000000000000000000e+00 1.325869678280788026e-26
7.079457843841289170e+06 -6.109820626512713071e-01 -1.935845233539635002e+00 1.000000000000000000e+00 1.511456751655239089e-26
7.943282347242713906e+06 -6.007086981470409759e-01 -1.690599826786109094e+00 1.000000000000000000e+00 1.727604922955677100e-26
8.912509381337340921e+06 -5.882451634578063082e-01 -1.469218016308506902e+00 1.000000000000000000e+00 1.980648927614334955e-26
9.999999999999871477e+06 -5.732580380779053186e-01 -1.269228715223311932e+00 1.000000000000000000e+00 2.278287089716313082e-26
1.122018454301949032e+07 -5.554254891944707673e-01 -1.088560834747446027e+00 1.000000000000000000e+00 2.629730703097613861e-26
1.258925411794150993e+07 -5.344702408612065359e-01 -9.255233625742228520e-01 1.000000000000000000e+00 3.045757473984516246e-26
1.412537544622736052e+07 -5.102020134188987033e-01 -7.787783029087163023e-01 1.000000000000000000e+00 3.538599124645851120e-26
1.584893192461092956e+07 -4.825659834947553239e-01 -6.473001065024023282e-01 1.000000000000000000e+00 4.121588925121481276e-26
1.778279410038898885e+07 -4.516900460032352016e-01 -5.303163141205978759e-01 1.000000000000000000e+00 4.808514308673027825e-26
1.995262314968853071e+07 -4.179201207865930190e-01 -4.272277512378211961e-01 1.000000000000000000e+00 5.612673337635964968e-26
2.238721138568310067e+07 -3.818312850015502802e-01 -3.375127790067459221e-01 1.000000000000000000e+00 6.545720966863289345e-26
2.511886431509545818e+07 -3.442050590710319935e-01 -2.606273749049601851e-01 1.000000000000000000e+00 7.616490519877953088e-26
2.818382931264415011e+07 -3.059704160215512836e-01 -1.959182203091945906e-01 1.000000000000000000e+00 8.830044656730661040e-26
3.162277660168335959e+07 -2.681162994459789783e-01 -1.425662615014957890e-01 1.000000000000000000e+00 1.018719953494299970e-25
3.548133892335704714e+07 -2.315926016892577988e-01 -9.957194984291070639e-02 1.000000000000000000e+00 1.168465103643071087e-25
3.981071705534917116e+07 -1.972203524976456901e-01 -6.578245042582302193e-02 1.000000000000000000e+00 1.331563773419095941e-25
4.466835921509567648e+07 -1.656284097183116089e-01 -3.995011681525741792e-02 1.000000000000000000e+00 1.507087581170727913e-25
5.011872336272651702e+07 -1.372250558033492884e-01 -2.080505968535472858e-02 1.000000000000000000e+00 1.693938776816517986e-25
5.623413251903410256e+07 -1.122028604739720992e-01 -7.124620052846253326e-03 1.000000000000000000e+00 1.890888202100644960e-25
6.309573444801841676e+07 -9.056796016674049932e-02 2.212392750425784104e-03 1.000000000000000000e+00 2.096552697862138057e-25
7.079457843841277063e+07 -7.218223904389714507e-02 8.191912264885333264e-03 1.000000000000000000e+00 2.309324126471629832e-25
7.943282347242699564e+07 -5.680809846653060019e-02 1.165056256611340935e-02 1.000000000000000000e+00 2.527289546413072150e-25
8.912509381337325275e+07 -4.414872940647843885e-02 1.327709104180408925e-02 1.000000000000000000e+00 2.748199240577553875e-25
9.999999999999853969e+07 -3.388032692260588286e-02 1.362385926198102053e-02 1.000000000000000000e+00 2.969539020587245872e-25
1.122018454301947057e+08 -2.567549810672517877e-02 1.312341628597218056e-02 1.000000000000000000e+00 3.188742105494112906e-25
1.258925411794148982e+08 -1.921888862329623054e-02 1.210644049258024005e-02 1.000000000000000000e+00 3.403535534943137934e-25
1.412537544622732997e+08 -1.421685743834610015e-02 1.081879666400265005e-02 1.000000000000000000e+00 3.612365033096390776e-25
1.584893192461090088e+08 -1.040309077277718972e-02 9.436733343166006996e-03 1.000000000000000000e+00 3.814796913677925987e-25
1.778279410038895905e+08 -7.541638732227638579e-03 8.080130688598063590e-03 1.000000000000000000e+00 4.011776264979857179e-25
1.995262314968850017e+08 -5.428267543272032904e-03 6.824129259885364923e-03 1.000000000000000000e+00 4.205641272144541392e-25
2.238721138568305969e+08 -3.890504304445061099e-03 5.709488843134753397e-03 1.000000000000000000e+00 4.399850737005713397e-25
2.511886431509541869e+08 -2.786472352860275194e-03 4.751818404317763832e-03 1.000000000000000000e+00 4.598453321016923381e-25
2.818382931264411211e+08 -2.002593988820181980e-03 3.949592068213925861e-03 1.000000000000000000e+00 4.805383339448939887e-25
3.162277660168331265e+08 -1.450371130582422041e-03 3.290767025805612853e-03 1.000000000000000000e+00 5.023690359583122306e-25
3.548133892335699797e+08 -1.062600566722830039e-03 2.757877608606500858e-03 1.000000000000000000e+00 5.254800227246631450e-25
3.981071705534911156e+08 -7.894399234304739750e-04 2.331632606825726102e-03 1.000000000000000000e+00 5.497881317793110206e-25
4.466835921509562135e+08 -5.946924882073845306e-04 1.993200003592608942e-03 1.000000000000000000e+00 5.749372360686055143e-25
5.011872336272644997e+08 -4.525608426274245043e-04 1.725462482011879935e-03 1.000000000000000000e+00 6.002728282367965151e-25
5.623413251903402805e+08 -3.449845279605701759e-04 1.513551939729546048e-03 1.000000000000000000e+00 6.248454733669008868e-25
6.309573444801833630e+08 -2.595652558074264152e-04 1.344938385909559900e-03 1.000000000000000000e+00 6.474513578358811175e-25
7.079457843841267824e+08 -1.880107573067837001e-04 1.209285719433550108e-03 1.000000000000000000e+00 6.667166554871105567e-25
7.943282347242689133e+08 -1.249939158910944937e-04 1.098217460448293933e-03 1.000000000000000000e+00 6.812261702769004344e-25
8.912509381337313652e+08 -6.731827832514935368e-05 1.005073565791251948e-03 1.000000000000000000e+00 6.896853897614745283e-25
9.999999999999840260e+08 -1.329457443219621026e-05 9.246913717089421097e-04 1.000000000000000000e+00 6.910914964690550454e-25
