# freq_hz re(vout/vdiff) im(vout/vdiff) re(vdiff) im(vdiff)
1.000000000000000056e-01 6.409662923777962715e+04 2.370746191495936372e+01 1.000000000000162315e+00 6.005170255873640003e-17
1.122018454301963036e-01 6.409663434688709094e+04 1.531563703652011910e+01 1.000000000000129008e+00 3.081593353736081076e-17
1.258925411794167004e-01 6.409663721405762044e+04 7.127039785413602502e+00 1.000000000000102363e+00 1.139067462555277969e-17
1.412537544622753938e-01 6.409663799197783374e+04 -9.669866747181856681e-01 1.000000000000081268e+00 -1.227610948698124060e-18
1.584893192461112876e-01 6.409663672207468335e+04 -9.073844367252581478e+00 1.000000000000064615e+00 -9.150221125304052663e-18
1.778279410038922093e-01 6.409663333672142471e+04 -1.730110556698831203e+01 1.000000000000051292e+00 -1.385843277316381961e-17
1.995262314968878903e-01 6.409662765563640278e+04 -2.575794012232677588e+01 1.000000000000040856e+00 -1.638895989990468057e-17
2.238721138568338098e-01 6.409661937628244777e+04 -3.455656396329802504e+01 1.000000000000032419e+00 -1.746508953538889120e-17
2.511886431509577911e-01 6.409660805775597692e+04 -4.381372800305629767e+01 1.000000000000025757e+00 -1.758937755608656898e-17
2.818382931264450941e-01 6.409659309730779933e+04 -5.365226717331164252e+01 1.000000000000020428e+00 -1.710914637721605012e-17
3.162277660168377191e-01 6.409657369824522175e+04 -6.420273012698042692e+01 1.000000000000016209e+00 -1.626274152626195868e-17
3.548133892335750827e-01 6.409654882750663091e+04 -7.560511120403130292e+01 1.000000000000012879e+00 -1.521217874825320061e-17
3.981071705534969252e-01 6.409651716064897482e+04 -8.801070760224411060e+01 1.000000000000010214e+00 -1.406616722156834145e-17
4.466835921509625940e-01 6.409647701131969370e+04 -1.015841263398960308e+02 1.000000000000008216e+00 -1.289632927653889985e-17
5.011872336272716888e-01 6.409642624145719310e+04 -1.165054675621300930e+02 1.000000000000006439e+00 -1.174861224813014988e-17
5.623413251903484067e-01 6.409636214743892924e+04 -1.329727130502626267e+02 1.000000000000005107e+00 -1.065130432215055069e-17
6.309573444801924724e-01 6.409628131611660501e+04 -1.512043514702518792e+02 1.000000000000003997e+00 -9.620653057591087551e-18
7.079457843841370224e-01 6.409617944307297876e+04 -1.714422749729680504e+02 1.000000000000003331e+00 -8.664792851842098853e-18
7.943282347242804908e-01 6.409605110342752596e+04 -1.939549852677739636e+02 1.000000000000002665e+00 -7.786480682072004713e-18
8.912509381337443415e-01 6.409588946299155941e+04 -2.190411512677539179e+02 1.000000000000001998e+00 -6.984993030693805670e-18
9.999999999999985567e-01 6.409568591440156160e+04 -2.470335648868569933e+02 1.000000000000001554e+00 -6.257433306093805738e-18
1.122018454301962009e+00 6.409542961887057027e+04 -2.783035465936829382e+02 1.000000000000001332e+00 -5.599625786376719029e-18
1.258925411794165061e+00 6.409510692918167479e+04 -3.132658579291490923e+02 1.000000000000001110e+00 -5.006720284409938039e-18
1.412537544622751939e+00 6.409470066323753417e+04 -3.523841844061890924e+02 1.000000000000000888e+00 -4.473595085644291132e-18
1.584893192461110933e+00 6.409418918954871333e+04 -3.961772590492822133e+02 1.000000000000000666e+00 -3.995119806924701752e-18
1.778279410038920094e+00 6.409354527606671763e+04 -4.452257043030963928e+02 1.000000000000000444e+00 -3.566321522660592207e-18
1.995262314968875961e+00 6.409273464122736914e+04 -5.001796781182283667e+02 1.000000000000000444e+00 -3.182484580332520988e-18
2.238721138568334990e+00 6.409171413031319389e+04 -5.617674186406283070e+02 1.000000000000000222e+00 -2.839205406347418148e-18
2.511886431509574802e+00 6.409042942044544907e+04 -6.308047909577417158e+02 1.000000000000000222e+00 -2.532417171778850039e-18
2.818382931264447944e+00 6.408881213266622217e+04 -7.082059485611885066e+02 1.000000000000000222e+00 -2.258394657273553010e-18
3.162277660168371973e+00 6.408677619839008548e+04 -7.949952312052855632e+02 1.000000000000000222e+00 -2.013746469622875085e-18
3.548133892335747053e+00 6.408421328842561343e+04 -8.923204291026005421e+02 1.000000000000000222e+00 -1.795399524603580886e-18
3.981071705534962923e+00 6.408098706383699755e+04 -1.001467550039908929e+03 1.000000000000000000e+00 -1.600579142583478044e-18
4.466835921509620277e+00 6.407692594674629072e+04 -1.123877229741543033e+03 1.000000000000000000e+00 -1.426787007689325934e-18
5.011872336272709560e+00 6.407181403284794214e+04 -1.261162924780320964e+03 1.000000000000000000e+00 -1.271778478508479904e-18
5.623413251903476073e+00 6.406537967238399870e+04 -1.415131018828313927e+03 1.000000000000000000e+00 -1.133540209727540077e-18
6.309573444801915620e+00 6.405728112839772803e+04 -1.587802953158537093e+03 1.000000000000000000e+00 -1.010268680140116981e-18
7.079457843841360010e+00 6.404708857529522356e+04 -1.781439455505276101e+03 1.000000000000000000e+00 -9.003499739024070181e-19
7.943282347242792696e+00 6.403426152142961655e+04 -1.998566879807048963e+03 1.000000000000000000e+00 -8.023409940855367151e-19
8.912509381337429204e+00 6.401812052034789667e+04 -2.242005571932892963e+03 1.000000000000000000e+00 -7.149521760164633914e-19
9.999999999999969802e+00 6.399781177002674667e+04 -2.514900027766946096e+03 1.000000000000000000e+00 -6.370316954028720037e-19
1.122018454301960055e+01 6.397226288191614731e+04 -2.820750388534373997e+03 1.000000000000000000e+00 -5.675511207072829463e-19
1.258925411794163018e+01 6.394012772776211204e+04 -3.163444494447311172e+03 1.000000000000000000e+00 -5.055924321906122800e-19
1.412537544622749941e+01 6.389971784202063282e+04 -3.547289251376535049e+03 1.000000000000000000e+00 -4.503363155574046526e-19
1.584893192461107958e+01 6.384891737925539201e+04 -3.977039402172541031e+03 1.000000000000000000e+00 -4.010516320775647101e-19
1.778279410038917163e+01 6.378507812158970046e+04 -4.457920862891490287e+03 1.000000000000000000e+00 -3.570859665783775107e-19
1.995262314968872985e+01 6.370489054760798172e+04 -4.995644492086721584e+03 1.000000000000000000e+00 -3.178571578398382976e-19
2.238721138568331881e+01 6.360422659691955778e+04 -5.596404393044454991e+03 1.000000000000000000e+00 -2.828457213633453994e-19
2.511886431509570983e+01 6.347794964150423039e+04 -6.266852467311027794e+03 1.000000000000000000e+00 -2.515880813423468060e-19
2.818382931264443059e+01 6.331968754740027362e+04 -7.014037793683033669e+03 1.000000000000000000e+00 -2.236705363777788006e-19
3.162277660168367888e+01 6.312156595710237889e+04 -7.845295362852533799e+03 1.000000000000000000e+00 -1.987238916930911970e-19
3.548133892335741280e+01 6.287390161511854240e+04 -8.768063681310904940e+03 1.000000000000000000e+00 -1.764186990775590119e-19
3.981071705534957061e+01 6.256486051903107727e+04 -9.789604858820708614e+03 1.000000000000000000e+00 -1.564610543241852102e-19
4.466835921509613172e+01 6.218009402597654844e+04 -1.091659443486022974e+04 1.000000000000000000e+00 -1.385889102703927963e-19
5.011872336272701745e+01 6.170237918579410325e+04 -1.215454240993293934e+04 1.000000000000000000e+00 -1.225688712459112986e-19
5.623413251903466659e+01 6.111130904798997653e+04 -1.350700375950797024e+04 1.000000000000000000e+00 -1.081934409713270016e-19
6.309573444801905850e+01 6.038310574081965751e+04 -1.497453966084768035e+04 1.000000000000000000e+00 -9.527869935143664540e-20
7.079457843841348108e+01 5.949066376120830682e+04 -1.655340529304037045e+04 1.000000000000000000e+00 -8.366238201951200132e-20
7.943282347242779906e+01 5.840397028066164785e+04 -1.823397405712697946e+04 1.000000000000000000e+00 -7.320232693073761184e-20
8.912509381337414993e+01 5.709108500016669859e+04 -1.999897022636704060e+04 1.000000000000000000e+00 -6.377523091836984140e-20
9.999999999999954525e+01 5.551987911050611729e+04 -2.182168067388972850e+04 1.000000000000000000e+00 -5.527562665583991349e-20
1.122018454301958030e+02 5.366069918946964754e+04 -2.366444630929204868e+04 1.000000000000000000e+00 -4.761493287513093297e-20
1.258925411794160993e+02 5.149001657234041340e+04 -2.547788616309796998e+04 1.000000000000000000e+00 -4.072038933890160210e-20
1.412537544622747134e+02 4.899489739961334999e+04 -2.720142028381329146e+04 1.000000000000000000e+00 -3.453363144809473301e-20
1.584893192461105969e+02 4.617779865964242344e+04 -2.876566146856049090e+04 1.000000000000000000e+00 -2.900866404988187985e-20
1.778279410038913966e+02 4.306081721515012759e+04 -3.009704683906431092e+04 1.000000000000000000e+00 -2.410908007478707095e-20
1.995262314968869930e+02 3.968822671517871640e+04 -3.112460715868826082e+04 1.000000000000000000e+00 -1.980454658958939021e-20
2.238721138568328115e+02 3.612614319040765258e+04 -3.178809287374205087e+04 1.000000000000000000e+00 -1.606685499703089122e-20
2.511886431509566933e+02 3.245861204774658836e+04 -3.204598819792620998e+04 1.000000000000000000e+00 -1.286609746100403030e-20
2.818382931264438866e+02 2.878029401581481943e+04 -3.188159209398995881e+04 1.000000000000000000e+00 -1.016767577294517928e-20
3.162277660168363127e+02 2.518696138745242934e+04 -3.130558777153351912e+04 1.000000000000000000e+00 -7.930750285258947030e-21
3.548133892335736164e+02 2.176575792555169028e+04 -3.035439082070067889e+04 1.000000000000000000e+00 -6.108399553290190245e-21
3.981071705534951093e+02 1.858725852062250124e+04 -2.908473587641703853e+04 1.000000000000000000e+00 -4.649304994150960319e-21
4.466835921509606919e+02 1.570074714193484033e+04 -2.756593247034365049e+04 1.000000000000000000e+00 -3.500394541084644221e-21
5.011872336272695065e+02 1.313312149351713924e+04 -2.587161722609485150e+04 1.000000000000000000e+00 -2.609725465412084974e-21
5.623413251903459695e+02 1.089088300471470939e+04 -2.407258860638449914e+04 1.000000000000000000e+00 -1.928980993325237030e-21
6.309573444801897040e+02 8.964111199526145356e+03 -2.223166938782393845e+04 1.000000000000000000e+00 -1.415206824249303033e-21
7.079457843841338445e+02 7.331226796917421780e+03 -2.040083586654976898e+04 1.000000000000000000e+00 -1.031690736012190907e-21
7.943282347242768537e+02 5.963590496014126074e+03 -1.862032515787416924e+04 1.000000000000000000e+00 -7.480945012608865882e-22
8.912509381337401919e+02 4.829358698762933273e+03 -1.691917406819781172e+04 1.000000000000000000e+00 -5.400494028489792878e-22
9.999999999999939746e+02 3.896368358958875888e+03 -1.531660814372947971e+04 1.000000000000000000e+00 -3.884401214773524861e-22
1.122018454301957036e+03 3.134069275606093015e+03 -1.382379934500292075e+04 1.000000000000000000e+00 -2.785632074981576086e-22
1.258925411794158890e+03 2.514655826342971977e+03 -1.244565693019044920e+04 1.000000000000000000e+00 -1.992892482577688023e-22
1.412537544622744917e+03 2.013595103350321097e+03 -1.118245490101651922e+04 1.000000000000000000e+00 -1.423038850274512984e-22
1.584893192461102899e+03 1.609739923455146936e+03 -1.003120545438591944e+04 1.000000000000000000e+00 -1.014615354065472951e-22
1.778279410038911010e+03 1.285182522823178033e+03 -8.986757343967385168e+03 1.000000000000000000e+00 -7.225856940049108547e-23
1.995262314968865894e+03 1.024964781550261023e+03 -8.042637781379832632e+03 1.000000000000000000e+00 -5.141739180224820171e-23
2.238721138568324022e+03 8.167248970174711076e+02 -7.191674626624208940e+03 1.000000000000000000e+00 -3.656589850588038293e-23
2.511886431509562954e+03 6.503315705706645531e+02 -6.426440628880439363e+03 1.000000000000000000e+00 -2.599494522602858029e-23
2.818382931264433864e+03 5.175357459061763166e+02 -5.739559275325716953e+03 1.000000000000000000e+00 -1.847743566755025968e-23
3.162277660168357215e+03 4.116554579346532137e+02 -5.123906390162326716e+03 1.000000000000000000e+00 -1.313486048335163001e-23
3.548133892335728888e+03 3.273001088378081249e+02 -4.572735266443367436e+03 1.000000000000000000e+00 -9.339690991688195000e-24
3.981071705534944158e+03 2.601348519230400029e+02 -4.079747064368967131e+03 1.000000000000000000e+00 -6.644479365562311808e-24
4.466835921509598847e+03 2.066826796528004877e+02 -3.639122974655009784e+03 1.000000000000000000e+00 -4.730633249146601779e-24
5.011872336272685970e+03 1.641602759426702107e+02 -3.245530393150982036e+03 1.000000000000000000e+00 -3.371561337799629711e-24
5.623413251903449236e+03 1.303431719176282115e+02 -2.894112016913401021e+03 1.000000000000000000e+00 -2.406246618969257905e-24
6.309573444801885671e+03 1.034557855002932030e+02 -2.580464232986987099e+03 1.000000000000000000e+00 -1.720346809829587092e-24
7.079457843841326394e+03 8.208226198754776703e+01 -2.300609279772627815e+03 1.000000000000000000e+00 -1.232706193222719084e-24
7.943282347242755350e+03 6.509449129617625829e+01 -2.050964274329135151e+03 1.000000000000000000e+00 -8.857453280521881233e-25
8.912509381337387822e+03 5.159419885428503250e+01 -1.828309193956365107e+03 1.000000000000000000e+00 -6.386226757257256442e-25
9.999999999999923602e+03 4.086647768183424745e+01 -1.629755187092533106e+03 1.000000000000000000e+00 -4.623736492121734445e-25
1.122018454301954989e+04 3.234258446664583175e+01 -1.452714081323076925e+03 1.000000000000000000e+00 -3.364580924494776000e-25
1.258925411794156935e+04 2.557019852508021174e+01 -1.294869606732620923e+03 1.000000000000000000e+00 -2.463096691632976211e-25
1.412537544622743007e+04 2.018968077302330144e+01 -1.154150609675102942e+03 1.000000000000000000e+00 -1.815972793796646038e-25
1.584893192461100989e+04 1.591513951547826977e+01 -1.028706370757058039e+03 1.000000000000000000e+00 -1.349920963136877083e-25
1.778279410038908100e+04 1.251934427193059918e+01 -9.168840323371896375e+02 1.000000000000000000e+00 -1.012934339536120996e-25
1.995262314968862847e+04 9.821711799068753024e+00 -8.172080733410541598e+02 1.000000000000000000e+00 -7.680914701022445040e-26
2.238721138568321112e+04 7.678744279058600242e+00 -7.283617271090107579e+02 1.000000000000000000e+00 -5.891651346452655768e-26
2.511886431509559043e+04 5.976422585867388726e+00 -6.491702149554369043e+02 1.000000000000000000e+00 -4.575105639773247145e-26
2.818382931264429862e+04 4.624155986798863083e+00 -5.785856579866073162e+02 1.000000000000000000e+00 -3.598603688806787003e-26
3.162277660168351940e+04 3.549971833836814028e+00 -5.156735267083779490e+02 1.000000000000000000e+00 -2.867619715237606232e-26
3.548133892335723795e+04 2.696691431158293017e+00 -4.596004913579404274e+02 1.000000000000000000e+00 -2.314702573209859086e-26
3.981071705534937792e+04 2.018890587591660957e+00 -4.096235418319097903e+02 1.000000000000000000e+00 -1.891627369461021952e-26
4.466835921509592299e+04 1.480484118739338939e+00 -3.650802542237141211e+02 1.000000000000000000e+00 -1.563831886394719078e-26
5.011872336272677785e+04 1.052806340931955909e+00 -3.253800899577133805e+02 1.000000000000000000e+00 -1.306471691735161858e-26
5.623413251903439959e+04 7.130858874946388593e-01 -2.899966228194763858e+02 1.000000000000000000e+00 -1.101622007228491014e-26
6.309573444801875303e+04 4.432339604056345084e-01 -2.584605982408584737e+02 1.000000000000000000e+00 -9.362921604405278274e-27
7.079457843841314025e+04 2.288815751398735887e-01 -2.303537382008805992e+02 1.000000000000000000e+00 -8.010158201199624356e-27
7.943282347242740798e+04 5.861470269486487861e-02 -2.053032133287946976e+02 1.000000000000000000e+00 -6.888493121146345207e-27
8.912509381337370723e+04 -7.663334952186064142e-02 -1.829767115423148880e+02 1.000000000000000000e+00 -5.946592351415620012e-27
9.999999999999903957e+04 -1.840646273507119124e-01 -1.630780396780162107e+02 1.000000000000000000e+00 -5.146152363273261254e-27
1.122018454301953025e+05 -2.693999824670469945e-01 -1.453432011387278919e+02 1.000000000000000000e+00 -4.458283000642596727e-27
1.258925411794154934e+05 -3.371836711760740068e-01 -1.295368984481812902e+02 1.000000000000000000e+00 -3.860923155728462703e-27
1.412537544622741116e+05 -3.910253247436280000e-01 -1.154494149820502003e+02 1.000000000000000000e+00 -3.336989842160213357e-27
1.584893192461098079e+05 -4.337921389463024746e-01 -1.028938349542470974e+02 1.000000000000000000e+00 -2.873048464301305901e-27
1.778279410038905044e+05 -4.677615636826861767e-01 -9.170356517879838520e+01 1.000000000000000000e+00 -2.458353458310500928e-27
1.995262314968859137e+05 -4.947425704336874119e-01 -8.173012588566598424e+01 1.000000000000000000e+00 -2.084152792899523998e-27
2.238721138568317110e+05 -5.161719787772103274e-01 -7.284118147403484045e+01 1.000000000000000000e+00 -1.743180435395143163e-27
2.511886431509554095e+05 -5.331909728663990489e-01 -6.491878522046405919e+01 1.000000000000000000e+00 -1.429282676976723042e-27
2.818382931264425279e+05 -5.467058703289806587e-01 -5.785781469898066121e+01 1.000000000000000000e+00 -1.137140208525581984e-27
3.162277660168345901e+05 -5.574363849709252916e-01 -5.156457721942764039e+01 1.000000000000000000e+00 -8.620585125849717717e-28
3.548133892335718265e+05 -5.659539532736755918e-01 -4.595556683953792287e+01 1.000000000000000000e+00 -5.998069928336708010e-28
3.981071705534930807e+05 -5.727121659848468660e-01 -4.095635647331675244e+01 1.000000000000000000e+00 -3.464929240550821003e-28
4.466835921509583713e+05 -5.780709225985583011e-01 -3.650061041761418323e+01 1.000000000000000000e+00 -9.846004403568159284e-29
5.011872336272670073e+05 -5.823155974307393512e-01 -3.252920420967542015e+01 1.000000000000000000e+00 1.477954786840919897e-28
5.623413251903430792e+05 -5.856722368686260172e-01 -2.898944015215586845e+01 1.000000000000000000e+00 3.956971580825496023e-28
6.309573444801864680e+05 -5.883195979433073486e-01 -2.583434810240567003e+01 1.000000000000000000e+00 6.486523929527676418e-28
7.079457843841302674e+05 -5.903986683773823074e-01 -2.302206225052436039e+01 1.000000000000000000e+00 9.101118796843169768e-28
7.943282347242728574e+05 -5.920201760488416065e-01 -2.051526562851856994e+01 1.000000000000000000e+00 1.183626726374330026e-27
8.912509381337357918e+05 -5.932704876866139454e-01 -1.828069497803518928e+01 1.000000000000000000e+00 1.472905405338929083e-27
9.999999999999889405e+05 -5.942162118075162702e-01 -1.628869941835023027e+01 1.000000000000000000e+00 1.781872457433025070e-27
1.122018454301950987e+06 -5.949077509536596642e-01 -1.451284705684287069e+01 1.000000000000000000e+00 2.114730867891409862e-27
1.258925411794153042e+06 -5.953819943376865709e-01 -1.292957433616684071e+01 1.000000000000000000e+00 2.476030165457483879e-27
1.412537544622737914e+06 -5.956642957087727730e-01 -1.151787346962636072e+01 1.000000000000000000e+00 2.870742596127654906e-27
1.584893192461095983e+06 -5.957698445428817324e-01 -1.025901383278863932e+01 1.000000000000000000e+00 3.304350218159216300e-27
1.778279410038901959e+06 -5.957045083934040530e-01 -9.136293632044123925e+00 1.000000000000000000e+00 3.782946520986435111e-27
1.995262314968856983e+06 -5.954651977415671427e-01 -8.134818576200624207e+00 1.000000000000000000e+00 4.313357183272614730e-27
2.238721138568312861e+06 -5.950397844638866118e-01 -7.241304652376745032e+00 1.000000000000000000e+00 4.903286049472458663e-27
2.511886431509550195e+06 -5.944065862302335690e-01 -6.443902430944889126e+00 1.000000000000000000e+00 5.561494320863384738e-27
2.818382931264420040e+06 -5.935334164246651723e-01 -5.732040631837230116e+00 1.000000000000000000e+00 6.298023541521841972e-27
3.162277660168340895e+06 -5.923761906373864461e-01 -5.096286962003129695e+00 1.000000000000000000e+00 7.124476333682398230e-27
3.548133892335711978e+06 -5.908770798449863859e-01 -4.528224490072100927e+00 1.000000000000000000e+00 8.054373108114880998e-27
3.981071705534923822e+06 -5.889622096958597730e-01 -4.020342064601351240e+00 1.000000000000000000e+00 9.103608243830818321e-27
4.466835921509576030e+06 -5.865389331890038527e-01 -3.565937515443720063e+00 1.000000000000000000e+00 1.029103536205546930e-26
5.011872336272660643e+06 -5.834927534419598327e-01 -3.159032587133252967e+00 1.000000000000000000e+00 1.163921783237053071e-26
5.623413251903420314e+06 -5.796840638876001872e-01 -2.794298764661638845e+00 1.000000000000000000e+00 1.317538642634704099e-26
6.309573444801853038e+06 -5.749450069219521620e-01 -2.466993315185436852e+00 1.000000000000000000e+00 1.493264872611122002e-26
7.079457843841289170e+06 -5.690769538696888175e-01 -2.172905005252638855e+00 1.000000000000000000e+00 1.695149055944918935e-26
7.943282347242713906e+06 -5.618493820323060550e-01 -1.908308997450905098e+00 1.000000000000000000e+00 1.928159172995913933e-26
8.912509381337340921e+06 -5.530012583686332306e-01 -1.669930328791688900e+00 1.000000000000000000e+00 2.198393724783760933e-26
9.999999999999871477e+06 -5.422464037209903109e-01 -1.454915069721522958e+00 1.000000000000000000e+00 2.513312890997450139e-26
1.122018454301949032e+07 -5.292845964237301581e-01 -1.260807653423746899e+00 1.000000000000000000e+00 2.881967850181785211e-26
1.258925411794150993e+07 -5.138202064010159997e-01 -1.085531921062043104e+00 1.000000000000000000e+00 3.315188747384161890e-26
1.412537544622736052e+07 -4.955896565323054115e-01 -9.273721960192403690e-01 1.000000000000000000e+00 3.825670172755108149e-26
1.584893192461092956e+07 -4.743976765663017736e-01 -7.849494368949748724e-01 1.000000000000000000e+00 4.427872279547103864e-26
1.778279410038898885e+07 -4.501599406937127901e-01 -6.571867666206435699e-01 1.000000000000000000e+00 5.137645615811753805e-26
1.995262314968853071e+07 -4.229464248872952803e-01 -5.432592420642825548e-01 1.000000000000000000e+00 5.971502650698371847e-26
2.238721138568310067e+07 -3.930164888729543171e-01 -4.425254181633097028e-01 1.000000000000000000e+00 6.945512832917663102e-26
2.511886431509545818e+07 -3.608348130974253776e-01 -3.544433213078400091e-01 1.000000000000000000e+00 8.073894541163378173e-26
2.818382931264415011e+07 -3.270586891290609977e-01 -2.784799007012275784e-01 1.000000000000000000e+00 9.367497787618914496e-26
3.162277660168335959e+07 -2.924927420605907269e-01 -2.140284735937036942e-01 1.000000000000000000e+00 1.083247023654525950e-25
3.548133892335704714e+07 -2.580159300304354919e-01 -1.603501293582658971e-01 1.000000000000000000e+00 1.246941683540621962e-25
3.981071705534917116e+07 -2.244943738568115077e-01 -1.165507208498704067e-01 1.000000000000000000e+00 1.427325961237604895e-25
4.466835921509567648e+07 -1.926982157153586117e-01 -8.159597766378816341e-02 1.000000000000000000e+00 1.623379160129097903e-25
5.011872336272651702e+07 -1.632389811862512974e-01 -5.435715966645120190e-02 1.000000000000000000e+00 1.833667167096825989e-25
5.623413251903410256e+07 -1.365367837516779925e-01 -3.367285958716449701e-02 1.000000000000000000e+00 2.056443314086321929e-25
6.309573444801841676e+07 -1.128177195599088939e-01 -1.841139072810538124e-02 1.000000000000000000e+00 2.289706911022208221e-25
7.079457843841277063e+07 -9.213475507624596661e-02 -7.521946073914517576e-03 1.000000000000000000e+00 2.531194103118579867e-25
7.943282347242699564e+07 -7.440228462420164779e-02 -6.868820035051451632e-05 1.000000000000000000e+00 2.778308591011773161e-25
8.912509381337325275e+07 -5.943504317612832710e-02 4.752610828632759625e-03 1.000000000000000000e+00 3.028036136577388855e-25
9.999999999999853969e+07 -4.698463200199787249e-02 7.612293786337150786e-03 1.000000000000000000e+00 3.276913080658755992e-25
1.122018454301947057e+08 -3.676994020848119160e-02 9.054470264925970277e-03 1.000000000000000000e+00 3.521123401573150226e-25
1.258925411794148982e+08 -2.850024367086829991e-02 9.510308193516062852e-03 1.000000000000000000e+00 3.756774353215942872e-25
1.412537544622732997e+08 -2.189140359206259018e-02 9.313593418707728430e-03 1.000000000000000000e+00 3.980348611827538168e-25
1.584893192461090088e+08 -1.667641864660866086e-02 8.716328713888605098e-03 1.000000000000000000e+00 4.189262934261541356e-25
1.778279410038895905e+08 -1.261179480881963015e-02 7.903186799036749505e-03 1.000000000000000000e+00 4.382402438982323820e-25
1.995262314968850017e+08 -9.481003291922177403e-03 7.004401077030934092e-03 1.000000000000000000e+00 4.560473555391950919e-25
2.238721138568305969e+08 -7.095919016498987951e-03 6.107107747827090691e-03 1.000000000000000000e+00 4.726046133283508396e-25
2.511886431509541869e+08 -5.296765850210848926e-03 5.265279759286757913e-03 1.000000000000000000e+00 4.883231402799823971e-25
2.818382931264411211e+08 -3.950868344799464763e-03 4.508335175859290271e-03 1.000000000000000000e+00 5.037037347625794440e-25
3.162277660168331265e+08 -2.950448224878035944e-03 3.848405882473971990e-03 1.000000000000000000e+00 5.192517297321191406e-25
3.548133892335699797e+08 -2.209744303375359153e-03 3.286220418200386066e-03 1.000000000000000000e+00 5.353856151844960920e-25
3.981071705534911156e+08 -1.661783617882272050e-03 2.815610311727139835e-03 1.000000000000000000e+00 5.523523639306946563e-25
4.466835921509562135e+08 -1.255126621377286936e-03 2.426751458848116182e-03 1.000000000000000000e+00 5.701588284595343741e-25
5.011872336272644997e+08 -9.508417249932838442e-04 2.108342693720888054e-03 1.000000000000000000e+00 5.885255512513444368e-25
5.623413251903402805e+08 -7.198640694936529836e-04 1.848967037888521936e-03 1.000000000000000000e+00 6.068682526728871732e-25
6.309573444801833630e+08 -5.407966939884284278e-04 1.637874469835920921e-03 1.000000000000000000e+00 6.243127323334197299e-25
7.079457843841267824e+08 -3.981413504803316822e-04 1.465386310990830906e-03 1.000000000000000000e+00 6.397490621878764404e-25
7.943282347242689133e+08 -2.809051583147406791e-04 1.323071113347440040e-03 1.000000000000000000e+00 6.519282992154797814e-25
8.912509381337313652e+08 -1.815120251033527931e-04 1.203793525627146069e-03 1.000000000000000000e+00 6.595977779822310447e-25
9.999999999999840260e+08 -9.494678181320320189e-05 1.101696453905283901e-03 1.000000000000000000e+00 6.616598428200201344e-25
