# freq_hz re(vout/vdiff) im(vout/vdiff) re(vdiff) im(vdiff)
1.000000000000000056e-01 5.069262653583859355e+04 2.728627739972207422e+01 1.000000000000128342e+00 6.911694808257733760e-17
1.122018454301963036e-01 5.069263370996131562e+04 1.951582256079725042e+01 1.000000000000101918e+00 3.926694590176114011e-17
1.258925411794167004e-01 5.069263838056683744e+04 1.200432807454946271e+01 1.000000000000081046e+00 1.918572076448028127e-17
1.412537544622753938e-01 5.069264079638061958e+04 4.652122152036499259e+00 1.000000000000064393e+00 5.905971852304666337e-18
1.584893192461112876e-01 5.069264108605294314e+04 -2.638353523151941271e+00 1.000000000000051070e+00 -2.660561188210170007e-18
1.778279410038922093e-01 5.069263926500982052e+04 -9.963838215293176148e+00 1.000000000000040634e+00 -7.981176783451896800e-18
1.995262314968878903e-01 5.069263523627452378e+04 -1.742153569712951722e+01 1.000000000000032196e+00 -1.108477031128105014e-17
2.238721138568338098e-01 5.069262878530334274e+04 -2.511040396940221697e+01 1.000000000000025535e+00 -1.269094502790636012e-17
2.511886431509577911e-01 5.069261956856056349e+04 -3.313246823920256645e+01 1.000000000000020428e+00 -1.330129892631397961e-17
2.818382931264450941e-01 5.069260709522433899e+04 -4.159417456339801333e+01 1.000000000000016209e+00 -1.326394686680804003e-17
3.162277660168377191e-01 5.069259070104945567e+04 -5.060780209878711133e+01 1.000000000000012879e+00 -1.281910602788741936e-17
3.548133892335750827e-01 5.069256951299491629e+04 -6.029295267165548466e+01 1.000000000000010214e+00 -1.213128528926425983e-17
3.981071705534969252e-01 5.069254240273321921e+04 -7.077813739547219996e+01 1.000000000000007994e+00 -1.131199990787045980e-17
4.466835921509625940e-01 5.069250792656578415e+04 -8.220248133887082531e+01 1.000000000000006439e+00 -1.043578662293746938e-17
5.011872336272716888e-01 5.069246424854536599e+04 -9.471756879196911427e+01 1.000000000000005107e+00 -9.551482966345017675e-18
5.623413251903484067e-01 5.069240904271263571e+04 -1.084894535155334125e+02 1.000000000000003997e+00 -8.690160249689681784e-18
6.309573444801924724e-01 5.069233936924214504e+04 -1.237008605053405859e+02 1.000000000000003331e+00 -7.870693206960198772e-18
7.079457843841370224e-01 5.069225151790449308e+04 -1.405536082868480605e+02 1.000000000000002665e+00 -7.103661572055830543e-18
7.943282347242804908e-01 5.069214081051277026e+04 -1.592712835988469635e+02 1.000000000000001998e+00 -6.394075261583070274e-18
8.912509381337443415e-01 5.069200135183874954e+04 -1.801022035569147306e+02 1.000000000000001554e+00 -5.743270749086661741e-18
9.999999999999985567e-01 5.069182571574490430e+04 -2.033227040370120733e+02 1.000000000000001332e+00 -5.150224266254528887e-18
1.122018454301962009e+00 5.069160454983312957e+04 -2.292407971150307162e+02 1.000000000000001110e+00 -4.612455338590687229e-18
1.258925411794165061e+00 5.069132607758208906e+04 -2.582002449657685474e+02 1.000000000000000888e+00 -4.126643142614160840e-18
1.412537544622751939e+00 5.069097547150003084e+04 -2.905851026856340695e+02 1.000000000000000666e+00 -3.689042089650731285e-18
1.584893192461110933e+00 5.069053406397553772e+04 -3.268247880685790392e+02 1.000000000000000444e+00 -3.295757530804245056e-18
1.778279410038920094e+00 5.068997835390159162e+04 -3.673997424291242737e+02 1.000000000000000444e+00 -2.942924447615560947e-18
1.995262314968875961e+00 5.068927875633290387e+04 -4.128477530988886883e+02 1.000000000000000222e+00 -2.626819255300656095e-18
2.238721138568334990e+00 5.068839802884464734e+04 -4.637710151530643543e+02 1.000000000000000222e+00 -2.343925851714871980e-18
2.511886431509574802e+00 5.068728929119303211e+04 -5.208440171208359288e+02 1.000000000000000222e+00 -2.090970699317024893e-18
2.818382931264447944e+00 5.068589353345496784e+04 -5.848223426813492551e+02 1.000000000000000222e+00 -1.864937253775983937e-18
3.162277660168371973e+00 5.068413648095574899e+04 -6.565524872995246142e+02 1.000000000000000222e+00 -1.663066902621991008e-18
3.548133892335747053e+00 5.068192465063135023e+04 -7.369827948846458412e+02 1.000000000000000000e+00 -1.482851362161551920e-18
3.981071705534962923e+00 5.067914039134635095e+04 -8.271756240657053922e+02 1.000000000000000000e+00 -1.322019926028016062e-18
4.466835921509620277e+00 5.067563564806069189e+04 -9.283208554005443602e+02 1.000000000000000000e+00 -1.178523869921577946e-18
5.011872336272709560e+00 5.067122412412140693e+04 -1.041750848065222954e+03 1.000000000000000000e+00 -1.050519556900457003e-18
5.623413251903476073e+00 5.066567143435634352e+04 -1.168956944844318969e+03 1.000000000000000000e+00 -9.363512588883111345e-19
6.309573444801915620e+00 5.065868274051533081e+04 -1.311607604037707006e+03 1.000000000000000000e+00 -8.345343442244749974e-19
7.079457843841360010e+00 5.064988723580374790e+04 -1.471568201203416038e+03 1.000000000000000000e+00 -7.437392296248902592e-19
7.943282347242792696e+00 5.063881869211092271e+04 -1.650922485389254007e+03 1.000000000000000000e+00 -6.627763236241935631e-19
8.912509381337429204e+00 5.062489109700323752e+04 -1.851995583728107022e+03 1.000000000000000000e+00 -5.905820732994094519e-19
9.999999999999969802e+00 5.060736818257431150e+04 -2.077378311121954994e+03 1.000000000000000000e+00 -5.262061498299551602e-19
1.122018454301960055e+01 5.058532538049177674e+04 -2.329952339034548913e+03 1.000000000000000000e+00 -4.687997592644684524e-19
1.258925411794163018e+01 5.055760242476357962e+04 -2.612915482841844096e+03 1.000000000000000000e+00 -4.176050343419882215e-19
1.412537544622749941e+01 5.052274446783646272e+04 -2.929805945066895219e+03 1.000000000000000000e+00 -3.719454454694901998e-19
1.584893192461107958e+01 5.047892918659010320e+04 -3.284523754442083828e+03 1.000000000000000000e+00 -3.312171598841939060e-19
1.778279410038917163e+01 5.042387695642321341e+04 -3.681346805521493934e+03 1.000000000000000000e+00 -2.948812747776050976e-19
1.995262314968872985e+01 5.035474081086280785e+04 -4.124937750597098784e+03 1.000000000000000000e+00 -2.624568507666231118e-19
2.238721138568331881e+01 5.026797266491549090e+04 -4.620336426786869197e+03 1.000000000000000000e+00 -2.335146752289772778e-19
2.511886431509570983e+01 5.015916230414489110e+04 -5.172930402907276402e+03 1.000000000000000000e+00 -2.076716897803262971e-19
2.818382931264443059e+01 5.002284615578879311e+04 -5.788393485426298867e+03 1.000000000000000000e+00 -1.845860219685848893e-19
3.162277660168367888e+01 4.985228421486617299e+04 -6.472578534794173720e+03 1.000000000000000000e+00 -1.639525677101801961e-19
3.548133892335741280e+01 4.963920621872829361e+04 -7.231346692246830571e+03 1.000000000000000000e+00 -1.454990778210526091e-19
3.981071705534957061e+01 4.937353298474868643e+04 -8.070310254081922722e+03 1.000000000000000000e+00 -1.289827089588418008e-19
4.466835921509613172e+01 4.904308672451067105e+04 -8.994461441265149915e+03 1.000000000000000000e+00 -1.141870060756226959e-19
5.011872336272701745e+01 4.863331629957541736e+04 -1.000765526926379061e+04 1.000000000000000000e+00 -1.009192895637133972e-19
5.623413251903466659e+01 4.812708097471539077e+04 -1.111191363560365971e+04 1.000000000000000000e+00 -8.900842477331739509e-20
6.309573444801905850e+01 4.750455998117520357e+04 -1.230652297008463938e+04 1.000000000000000000e+00 -7.830295304764624165e-20
7.079457843841348108e+01 4.674338446272243891e+04 -1.358691437156697975e+04 1.000000000000000000e+00 -6.866955971364832155e-20
7.943282347242779906e+01 4.581911953375193116e+04 -1.494334968772753928e+04 1.000000000000000000e+00 -5.999184277953724136e-20
8.912509381337414993e+01 4.470624852659278258e+04 -1.635949643530359936e+04 1.000000000000000000e+00 -5.216932347307791838e-20
9.999999999999954525e+01 4.337981308329285093e+04 -1.781106285628634942e+04 1.000000000000000000e+00 -4.511660449975107017e-20
1.122018454301958030e+02 4.181781786172661668e+04 -1.926477675500703845e+04 1.000000000000000000e+00 -3.876253616665459870e-20
1.258925411794160993e+02 4.000439010275736655e+04 -2.067810525698801939e+04 1.000000000000000000e+00 -3.304920381695881100e-20
1.412537544622747134e+02 3.793347541901045770e+04 -2.200018053888744907e+04 1.000000000000000000e+00 -2.793052459936326266e-20
1.584893192461105969e+02 3.561256340916978661e+04 -2.317434370070038858e+04 1.000000000000000000e+00 -2.337026033348470945e-20
1.778279410038913966e+02 3.306564976952951838e+04 -2.414248519575432147e+04 1.000000000000000000e+00 -1.933936376634463105e-20
1.995262314968869930e+02 3.033447855482140949e+04 -2.485090979436460839e+04 1.000000000000000000e+00 -1.581275950234069970e-20
2.238721138568328115e+02 2.747723860706347841e+04 -2.525689052115791856e+04 1.000000000000000000e+00 -1.276590933926571952e-20
2.511886431509566933e+02 2.456438714141782839e+04 -2.533459759969127845e+04 1.000000000000000000e+00 -1.017171232806352046e-20
2.818382931264438866e+02 2.167205507719836169e+04 -2.507897416364826131e+04 1.000000000000000000e+00 -7.998344944175813944e-21
3.162277660168363127e+02 1.887426127366095898e+04 -2.450651886270686009e+04 1.000000000000000000e+00 -6.208475293166433194e-21
3.548133892335736164e+02 1.623557517344802000e+04 -2.365276058111981911e+04 1.000000000000000000e+00 -4.759940208431905150e-21
3.981071705534951093e+02 1.380571034311289077e+04 -2.256711521954402997e+04 1.000000000000000000e+00 -3.607582435209346673e-21
4.466835921509606919e+02 1.161688477924748076e+04 -2.130644067680403896e+04 1.000000000000000000e+00 -2.705683539737583952e-21
5.011872336272695065e+02 9.683962635885050986e+03 -1.992871407781487142e+04 1.000000000000000000e+00 -2.010379029970707989e-21
5.623413251903459695e+02 8.006737337513233797e+03 -1.848791664516647143e+04 1.000000000000000000e+00 -1.481588674399334918e-21
6.309573444801897040e+02 6.573416267361190876e+03 -1.703065535936101151e+04 1.000000000000000000e+00 -1.084233079457371040e-21
7.079457843841338445e+02 5.364412290688839676e+03 -1.559452788662257080e+04 1.000000000000000000e+00 -7.887302512886734727e-22
7.943282347242768537e+02 4.355795254464870595e+03 -1.420790176048801914e+04 1.000000000000000000e+00 -5.709104547693652601e-22
8.912509381337401919e+02 3.522058829689247887e+03 -1.289064686766880914e+04 1.000000000000000000e+00 -4.115434549605720178e-22
9.999999999999939746e+02 2.838107214428619045e+03 -1.165538333524403060e+04 1.000000000000000000e+00 -2.956630856767050814e-22
1.122018454301957036e+03 2.280525913955651049e+03 -1.050890647059309958e+04 1.000000000000000000e+00 -2.118317800295689198e-22
1.258925411794158890e+03 1.828277195505994996e+03 -9.453567218497993963e+03 1.000000000000000000e+00 -1.514378654701599109e-22
1.412537544622744917e+03 1.462976784226287919e+03 -8.488488010652477897e+03 1.000000000000000000e+00 -1.080755023325059899e-22
1.584893192461102899e+03 1.168892773251413018e+03 -7.610566260825398786e+03 1.000000000000000000e+00 -7.702623658904013859e-23
1.778279410038911010e+03 9.327776998519963172e+02 -6.815263339686226573e+03 1.000000000000000000e+00 -5.484194905542615071e-23
1.995262314968865894e+03 7.436142476565624975e+02 -6.097200714613835771e+03 1.000000000000000000e+00 -3.901885239714743851e-23
2.238721138568324022e+03 5.923283348204857930e+02 -5.450594779985921377e+03 1.000000000000000000e+00 -2.774813586961459057e-23
2.511886431509562954e+03 4.715029983828504214e+02 -4.869563208558661245e+03 1.000000000000000000e+00 -1.972839294756514098e-23
2.818382931264433864e+03 3.751119123007661074e+02 -4.348332667642818706e+03 1.000000000000000000e+00 -1.402633707162140071e-23
3.162277660168357215e+03 2.982816627471456741e+02 -3.881373012285142067e+03 1.000000000000000000e+00 -9.974412582067390476e-24
3.548133892335728888e+03 2.370858162740850048e+02 -3.463478051155726007e+03 1.000000000000000000e+00 -7.096120278674250766e-24
3.981071705534944158e+03 1.883702107352328881e+02 -3.089808415806059202e+03 1.000000000000000000e+00 -5.051893227779445713e-24
4.466835921509598847e+03 1.496069385984945939e+02 -2.755908225997424779e+03 1.000000000000000000e+00 -3.600059044730954865e-24
5.011872336272685970e+03 1.187737467916459053e+02 -2.457704139997732000e+03 1.000000000000000000e+00 -2.568792070993355051e-24
5.623413251903449236e+03 9.425524987124427412e+01 -2.191493018553011098e+03 1.000000000000000000e+00 -1.836023013315831909e-24
6.309573444801885671e+03 7.476256703341697119e+01 -1.953922614754875895e+03 1.000000000000000000e+00 -1.315083138027982011e-24
7.079457843841326394e+03 5.926827244337898293e+01 -1.741968378240705988e+03 1.000000000000000000e+00 -9.444657282279863525e-25
7.943282347242755350e+03 4.695395519776531756e+01 -1.552908486007773035e+03 1.000000000000000000e+00 -6.805349925849516570e-25
8.912509381337387822e+03 3.716807592136707683e+01 -1.384298515323150923e+03 1.000000000000000000e+00 -4.923401094734077767e-25
9.999999999999923602e+03 2.939218022236632066e+01 -1.233946676873041042e+03 1.000000000000000000e+00 -3.579300694848137915e-25
1.122018454301954989e+04 2.321386538898572027e+01 -1.099890177402445943e+03 1.000000000000000000e+00 -2.617369293896268949e-25
1.258925411794156935e+04 1.830518134759033089e+01 -9.803730403166525775e+02 1.000000000000000000e+00 -1.927187961679523956e-25
1.412537544622743007e+04 1.440539732053822064e+01 -8.738255466420861239e+02 1.000000000000000000e+00 -1.430425603249831951e-25
1.584893192461100989e+04 1.130726099523734085e+01 -7.788453503689738682e+02 1.000000000000000000e+00 -1.071498167052541023e-25
1.778279410038908100e+04 8.846053881677752528e+00 -6.941802481369327325e+02 1.000000000000000000e+00 -8.109467875023512615e-26
1.995262314968862847e+04 6.890877283429053257e+00 -6.187125399626858098e+02 1.000000000000000000e+00 -6.207442618874228065e-26
2.238721138568321112e+04 5.337717862604853813e+00 -5.514448899694264128e+02 1.000000000000000000e+00 -4.809687374614241901e-26
2.511886431509559043e+04 4.103931695551782610e+00 -4.914875825505596936e+02 1.000000000000000000e+00 -3.774464743673088124e-26
2.818382931264429862e+04 3.123857784647968927e+00 -4.380470635290362793e+02 1.000000000000000000e+00 -3.000813862671590869e-26
3.162277660168351940e+04 2.345330511227816217e+00 -3.904156560716821218e+02 1.000000000000000000e+00 -2.416712064507258887e-26
3.548133892335723795e+04 1.726907395269249079e+00 -3.479623444206251861e+02 1.000000000000000000e+00 -1.970684327058285009e-26
3.981071705534937792e+04 1.235665863668720998e+00 -3.101245239541854062e+02 1.000000000000000000e+00 -1.625855496009440942e-26
4.466835921509592299e+04 8.454522642197519477e-01 -2.764006230929820163e+02 1.000000000000000000e+00 -1.355733063597252113e-26
5.011872336272677785e+04 5.354905667465421626e-01 -2.463435095713520013e+02 1.000000000000000000e+00 -1.141216045068523990e-26
5.623413251903439959e+04 2.892768607277134141e-01 -2.195546010501994090e+02 1.000000000000000000e+00 -9.684726057578890967e-27
6.309573444801875303e+04 9.370106912268816313e-02 -1.956786071362722055e+02 1.000000000000000000e+00 -8.274333176467690850e-27
7.079457843841314025e+04 -6.165086226099199262e-02 -1.743988368478246969e+02 1.000000000000000000e+00 -7.107206991087434580e-27
7.943282347242740798e+04 -1.850513152701848130e-01 -1.554330118613750926e+02 1.000000000000000000e+00 -6.128880319437191315e-27
8.912509381337370723e+04 -2.830713893300492168e-01 -1.385295318367832920e+02 1.000000000000000000e+00 -5.298775146962712689e-27
9.999999999999903957e+04 -3.609307390172737939e-01 -1.234641436192215025e+02 1.000000000000000000e+00 -4.586339577990241745e-27
1.122018454301953025e+05 -4.227754898482786183e-01 -1.100369710549018976e+02 1.000000000000000000e+00 -3.968288743196410838e-27
1.258925411794154934e+05 -4.718989948302003135e-01 -9.806986666265794383e+01 1.000000000000000000e+00 -3.426629455964168320e-27
1.412537544622741116e+05 -5.109171918684147773e-01 -8.740405047645961645e+01 1.000000000000000000e+00 -2.947241788948193932e-27
1.584893192461098079e+05 -5.419078983947889228e-01 -7.789800509122301264e+01 1.000000000000000000e+00 -2.518856506358702913e-27
1.778279410038905044e+05 -5.665214559460044486e-01 -6.942559920529943440e+01 1.000000000000000000e+00 -2.132314151302767993e-27
1.995262314968859137e+05 -5.860686108374363323e-01 -6.187441491459266985e+01 1.000000000000000000e+00 -1.780024847568490013e-27
2.238721138568317110e+05 -6.015903089995854325e-01 -5.514425668448979678e+01 1.000000000000000000e+00 -1.455571158358275067e-27
2.511886431509554095e+05 -6.139131312088023096e-01 -4.914582231193792694e+01 1.000000000000000000e+00 -1.153412931168180078e-27
2.818382931264425279e+05 -6.236933088728069396e-01 -4.379951829099763216e+01 1.000000000000000000e+00 -8.686650067374173783e-28
3.162277660168345901e+05 -6.314516706766277743e-01 -3.903440390574183994e+01 1.000000000000000000e+00 -5.969268877103636230e-28
3.548133892335718265e+05 -6.376013775304407716e-01 -3.478725006824676313e+01 1.000000000000000000e+00 -3.341494196862635974e-28
3.981071705534930807e+05 -6.424699253205495841e-01 -3.100170043813605858e+01 1.000000000000000000e+00 -7.652760670336899299e-29
4.466835921509583713e+05 -6.463165856416491772e-01 -2.762752370712455985e+01 1.000000000000000000e+00 1.795881587170994934e-28
5.011872336272670073e+05 -6.493462131094420720e-01 -2.461994713247884903e+01 1.000000000000000000e+00 4.377683843783274441e-28
5.623413251903430792e+05 -6.517201567129172757e-01 -2.193906249934553898e+01 1.000000000000000000e+00 7.015725803902790887e-28
6.309573444801864680e+05 -6.535648538513714190e-01 -1.954929661814908926e+01 1.000000000000000000e+00 9.746125582169785581e-28
7.079457843841302674e+05 -6.549785674516239720e-01 -1.741893935666513116e+01 1.000000000000000000e+00 1.260613763839964087e-27
7.943282347242728574e+05 -6.560366242477081444e-01 -1.551972293589630958e+01 1.000000000000000000e+00 1.563476972654173946e-27
8.912509381337357918e+05 -6.567954351692603110e-01 -1.382644692739281922e+01 1.000000000000000000e+00 1.887342739799216115e-27
9.999999999999889405e+05 -6.572955133597644384e-01 -1.231664397846195058e+01 1.000000000000000000e+00 2.236660839986743119e-27
1.122018454301950987e+06 -6.575636541445060157e-01 -1.097028185262590050e+01 1.000000000000000000e+00 2.616267437812984062e-27
1.258925411794153042e+06 -6.576143966122054429e-01 -9.769497838587700045e+00 1.000000000000000000e+00 3.031473007724497040e-27
1.412537544622737914e+06 -6.574508538154373305e-01 -8.698362045400092057e+00 1.000000000000000000e+00 3.488164964418503686e-27
1.584893192461095983e+06 -6.570649653088137532e-01 -7.742666462170713970e+00 1.000000000000000000e+00 3.992929923765413132e-27
1.778279410038901959e+06 -6.564372058566543267e-01 -6.889737048637819328e+00 1.000000000000000000e+00 4.553202111901384973e-27
1.995262314968856983e+06 -6.555357608229811506e-01 -6.128266415313267323e+00 1.000000000000000000e+00 5.177446399451572225e-27
2.238721138568312861e+06 -6.543151705967643617e-01 -5.448164978251376134e+00 1.000000000000000000e+00 5.875387173095312974e-27
2.511886431509550195e+06 -6.527144377996809688e-01 -4.840428724239165703e+00 1.000000000000000000e+00 6.658297621105178693e-27
2.818382931264420040e+06 -6.506546019847242457e-01 -4.297022000190167113e+00 1.000000000000000000e+00 7.539368295904188049e-27
3.162277660168340895e+06 -6.480358100045217062e-01 -3.810773975280171033e+00 1.000000000000000000e+00 8.534178790557506788e-27
3.548133892335711978e+06 -6.447339628858941296e-01 -3.375287660595212014e+00 1.000000000000000000e+00 9.661301810049580464e-27
3.981071705534923822e+06 -6.405971130746533904e-01 -2.984860595900376001e+00 1.000000000000000000e+00 1.094307394869129932e-26
4.466835921509576030e+06 -6.354419279811974741e-01 -2.634416496084260206e+00 1.000000000000000000e+00 1.240657040123627974e-26
5.011872336272660643e+06 -6.290507516705610147e-01 -2.319447302545393885e+00 1.000000000000000000e+00 1.408481860373265027e-26
5.623413251903420314e+06 -6.211700908232539176e-01 -2.035965141989413141e+00 1.000000000000000000e+00 1.601827344210027996e-26
6.309573444801853038e+06 -6.115117218774885899e-01 -1.780463608454535107e+00 1.000000000000000000e+00 1.825654669942482905e-26
7.079457843841289170e+06 -5.997580241545895641e-01 -1.549887466719521933e+00 1.000000000000000000e+00 2.086032636821552101e-26
7.943282347242713906e+06 -5.855734931978966440e-01 -1.341609244763037889e+00 1.000000000000000000e+00 2.390332713504225050e-26
8.912509381337340921e+06 -5.686244815626846361e-01 -1.153410160097098958e+00 1.000000000000000000e+00 2.747397631472674093e-26
9.999999999999871477e+06 -5.486087691347285578e-01 -9.834614673230859250e-01 1.000000000000000000e+00 3.167636792139488262e-26
1.122018454301949032e+07 -5.252952183398965635e-01 -8.303008494029123776e-01 1.000000000000000000e+00 3.662984631722089899e-26
1.258925411794150993e+07 -4.985712616026957145e-01 -6.927974807260017798e-01 1.000000000000000000e+00 4.246648566046489134e-26
1.412537544622736052e+07 -4.684923902531972773e-01 -5.700997348420832056e-01 1.000000000000000000e+00 4.932582472009700920e-26
1.584893192461092956e+07 -4.353239491401966199e-01 -4.615621469544665123e-01 1.000000000000000000e+00 5.734661779564292520e-26
1.778279410038898885e+07 -3.995630225760415932e-01 -3.666536041192557938e-01 1.000000000000000000e+00 6.665611560340380562e-26
1.995262314968853071e+07 -3.619290621307578726e-01 -2.848559662606819920e-01 1.000000000000000000e+00 7.735836494315808385e-26
2.238721138568310067e+07 -3.233175167672677208e-01 -2.155689279801364100e-01 1.000000000000000000e+00 8.952385301247185327e-26
2.511886431509545818e+07 -2.847203258641490820e-01 -1.580394980391419124e-01 1.000000000000000000e+00 1.031830267671241953e-25
2.818382931264415011e+07 -2.471273940305631911e-01 -1.113306010397935031e-01 1.000000000000000000e+00 1.183254191749327921e-25
3.162277660168335959e+07 -2.114294870964192885e-01 -7.433357732424027142e-02 1.000000000000000000e+00 1.349043728346730922e-25
3.548133892335704714e+07 -1.783422544490728123e-01 -4.581762112362720851e-02 1.000000000000000000e+00 1.528452672976378021e-25
3.981071705534917116e+07 -1.483637298189103004e-01 -2.450047576622020953e-02 1.000000000000000000e+00 1.720536474151273044e-25
4.466835921509567648e+07 -1.217673709187478970e-01 -9.122192236665124451e-03 1.000000000000000000e+00 1.924194966883869974e-25
5.011872336272651702e+07 -9.862393327657564823e-02 1.492758219914652957e-03 1.000000000000000000e+00 2.138153421434169941e-25
5.623413251903410256e+07 -7.884096129945575293e-02 8.393031887712220154e-03 1.000000000000000000e+00 2.360884957977742970e-25
6.309573444801841676e+07 -6.220856616702979264e-02 1.247896779711384942e-02 1.000000000000000000e+00 2.590506559971807980e-25
7.079457843841277063e+07 -4.844287041870407734e-02 1.449889129112984058e-02 1.000000000000000000e+00 2.824703355901967953e-25
7.943282347242699564e+07 -3.722213159927713344e-02 1.505782873696834973e-02 1.000000000000000000e+00 3.060743601565807933e-25
8.912509381337325275e+07 -2.821378515216643040e-02 1.463320088014227922e-02 1.000000000000000000e+00 3.295635045992548085e-25
9.999999999999853969e+07 -2.109289312720076873e-02 1.359310684897951926e-02 1.000000000000000000e+00 3.526440659288375015e-25
1.122018454301947057e+08 -1.555369282220079967e-02 1.221428382907581087e-02 1.000000000000000000e+00 3.750722048134142037e-25
1.258925411794148982e+08 -1.131628837271042923e-02 1.069825728410321065e-02 1.000000000000000000e+00 3.967024348571511062e-25
1.412537544622732997e+08 -8.130275463947893300e-03 9.185306462530769614e-03 1.000000000000000000e+00 4.175277091302864431e-25
1.584893192461090088e+08 -5.776514540981388980e-03 7.766524078955791902e-03 1.000000000000000000e+00 4.376982423149272434e-25
1.778279410038895905e+08 -4.067649005507809057e-03 6.494442022005408356e-03 1.000000000000000000e+00 4.575103812047100173e-25
1.995262314968850017e+08 -2.847524988222388184e-03 5.392550383769709882e-03 1.000000000000000000e+00 4.773642144030438169e-25
2.238721138568305969e+08 -1.989509727759370111e-03 4.463762295446429065e-03 1.000000000000000000e+00 4.976961881511424132e-25
2.511886431509541869e+08 -1.393782007419715977e-03 3.697669034271466090e-03 1.000000000000000000e+00 5.188978016879758385e-25
2.818382931264411211e+08 -9.838423228512663005e-04 3.076388530803495988e-03 1.000000000000000000e+00 5.412323210770553317e-25
3.162277660168331265e+08 -7.026241329280050836e-04 2.578917846461825127e-03 1.000000000000000000e+00 5.647594397422113899e-25
3.548133892335699797e+08 -5.086112826205567991e-04 2.184069278675781090e-03 1.000000000000000000e+00 5.892751904942299604e-25
3.981071705534911156e+08 -3.722886936289536148e-04 1.872213444594619976e-03 1.000000000000000000e+00 6.142730949635822035e-25
4.466835921509562135e+08 -2.731241571423768250e-04 1.626125860076779077e-03 1.000000000000000000e+00 6.389330614162602336e-25
5.011872336272644997e+08 -1.971502139095868968e-04 1.431235311561833944e-03 1.000000000000000000e+00 6.621458319133941251e-25
5.623413251903402805e+08 -1.351175193386009875e-04 1.275526203673072031e-03 1.000000000000000000e+00 6.825805906344180561e-25
6.309573444801833630e+08 -8.113336817104284426e-05 1.149280238191698923e-03 1.000000000000000000e+00 6.987991764168540295e-25
7.079457843841267824e+08 -3.167628071016219323e-05 1.044775126975038080e-03 1.000000000000000000e+00 7.094108650846104355e-25
7.943282347242689133e+08 1.511971471823366979e-05 9.560006085652189784e-04 1.000000000000000000e+00 7.132482783043584758e-25
8.912509381337313652e+08 5.999847522900702927e-05 8.784098895302221849e-04 1.000000000000000000e+00 7.095324526845417829e-25
9.999999999999840260e+08 1.029931925980367974e-04 8.086996510339892683e-04 1.000000000000000000e+00 6.979902382793519815e-25
