# freq_hz re(vout/vdiff) im(vout/vdiff) re(vdiff) im(vdiff)
1.000000000000000056e-01 4.893414421043679613e+04 2.425456112726340763e+01 1.000000000000123901e+00 6.143752105265992022e-17
1.122018454301963036e-01 4.893415075119873654e+04 1.637738484271059747e+01 1.000000000000098366e+00 3.295223056179678174e-17
1.258925411794167004e-01 4.893415467944647389e+04 8.717523962531652515e+00 1.000000000000078160e+00 1.393263991617797120e-17
1.412537544622753938e-01 4.893415620437236066e+04 1.173338050717329217e+00 1.000000000000062172e+00 1.489578577258225058e-18
1.584893192461112876e-01 4.893415540718376724e+04 -6.355278546187818733e+00 1.000000000000049294e+00 -6.408772474088789362e-18
1.778279410038922093e-01 4.893415224542775832e+04 -1.396822490654853333e+01 1.000000000000039302e+00 -1.118874774131703942e-17
1.995262314968878903e-01 4.893414655073024187e+04 -2.176651900241634507e+01 1.000000000000031086e+00 -1.384934530507230014e-17
2.238721138568338098e-01 4.893413801982971927e+04 -2.985363800196874706e+01 1.000000000000024647e+00 -1.508820324930817044e-17
2.511886431509577911e-01 4.893412619842787535e+04 -3.833689117317774731e+01 1.000000000000019540e+00 -1.539065685404042888e-17
2.818382931264450941e-01 4.893411045699731767e+04 -4.732884358516331957e+01 1.000000000000015543e+00 -1.509267278814883924e-17
3.162277660168377191e-01 4.893408995725795103e+04 -5.694880947148190842e+01 1.000000000000012434e+00 -1.442530195936769029e-17
3.548133892335750827e-01 4.893406360753749323e+04 -6.732443503441169241e+01 1.000000000000009770e+00 -1.354605956665551057e-17
3.981071705534969252e-01 4.893403000463877834e+04 -7.859339164211154127e+01 1.000000000000007772e+00 -1.256106012011876036e-17
4.466835921509625940e-01 4.893398735911907715e+04 -9.090520181522164478e+01 1.000000000000006217e+00 -1.154061621508611972e-17
5.011872336272716888e-01 4.893393340000313037e+04 -1.044232221327879699e+02 1.000000000000004885e+00 -1.053021778552279004e-17
5.623413251903484067e-01 4.893386525385708228e+04 -1.193268092288639508e+02 1.000000000000003997e+00 -9.558247928116828202e-18
6.309573444801924724e-01 4.893377929178630438e+04 -1.358136974229595353e+02 1.000000000000003109e+00 -8.641394581727172778e-18
7.079457843841370224e-01 4.893367093621267122e+04 -1.541026192541883688e+02 1.000000000000002442e+00 -7.788436511177031968e-18
7.943282347242804908e-01 4.893353441714857763e+04 -1.744362032968695075e+02 1.000000000000001998e+00 -7.002883300971351460e-18
8.912509381337443415e-01 4.893336246499779372e+04 -1.970841871518367725e+02 1.000000000000001554e+00 -6.284808430105733914e-18
9.999999999999985567e-01 4.893314592353983608e+04 -2.223469874598394256e+02 1.000000000000001332e+00 -5.632114995678481928e-18
1.122018454301962009e+00 4.893287326251318882e+04 -2.505596731959538204e+02 1.000000000000000888e+00 -5.041403261743180988e-18
1.258925411794165061e+00 4.893252996388043539e+04 -2.820963933963111572e+02 1.000000000000000888e+00 -4.508559422788686374e-18
1.412537544622751939e+00 4.893209774915539310e+04 -3.173753158504001135e+02 1.000000000000000666e+00 -4.029149765838819724e-18
1.584893192461110933e+00 4.893155360674463009e+04 -3.568641391572524526e+02 1.000000000000000444e+00 -3.598679528321550132e-18
1.778279410038920094e+00 4.893086856766508572e+04 -4.010862468597791803e+02 1.000000000000000444e+00 -3.212758163002175977e-18
1.995262314968875961e+00 4.893000616469273518e+04 -4.506275790671062964e+02 1.000000000000000222e+00 -2.867200300570789141e-18
2.238721138568334990e+00 4.892892049328547000e+04 -5.061443039198851466e+02 1.000000000000000222e+00 -2.558082933248649122e-18
2.511886431509574802e+00 4.892755377165097161e+04 -5.683713782317938694e+02 1.000000000000000222e+00 -2.281773159195057077e-18
2.818382931264447944e+00 4.892583327102719340e+04 -6.381320933094118573e+02 1.000000000000000222e+00 -2.034936470475697088e-18
3.162277660168371973e+00 4.892366745429088041e+04 -7.163487077880350853e+02 1.000000000000000222e+00 -1.814532501197843085e-18
3.548133892335747053e+00 4.892094111977877037e+04 -8.040542735377944155e+02 1.000000000000000000e+00 -1.617802998126930912e-18
3.981071705534962923e+00 4.891750929569904838e+04 -9.024057621354497769e+02 1.000000000000000000e+00 -1.442255265577710934e-18
4.466835921509620277e+00 4.891318956630222237e+04 -1.012698596377670924e+03 1.000000000000000000e+00 -1.285643280020254083e-18
5.011872336272709560e+00 4.890775243114768091e+04 -1.136382681401235914e+03 1.000000000000000000e+00 -1.145947933601344059e-18
5.623413251903476073e+00 4.890090919988229143e+04 -1.275080009696323032e+03 1.000000000000000000e+00 -1.021357354906744985e-18
6.309573444801915620e+00 4.889229680291452678e+04 -1.430603878707813919e+03 1.000000000000000000e+00 -9.102479028413182983e-19
7.079457843841360010e+00 4.888145874868238752e+04 -1.604979701834665093e+03 1.000000000000000000e+00 -8.111661882171303256e-19
7.943282347242792696e+00 4.886782127598630905e+04 -1.800467303661886035e+03 1.000000000000000000e+00 -7.228123141654819853e-19
8.912509381337429204e+00 4.885066353023232659e+04 -2.019584454537339070e+03 1.000000000000000000e+00 -6.440244173185427774e-19
9.999999999999969802e+00 4.882908033130278636e+04 -2.265131199246673987e+03 1.000000000000000000e+00 -5.737645202886131636e-19
1.122018454301960055e+01 4.880193579610987945e+04 -2.540214243652369987e+03 1.000000000000000000e+00 -5.111056606745896638e-19
1.258925411794163018e+01 4.876780573295584327e+04 -2.848270246656697964e+03 1.000000000000000000e+00 -4.552202344879049559e-19
1.412537544622749941e+01 4.872490634786665032e+04 -3.193086275857765941e+03 1.000000000000000000e+00 -4.053694768119661994e-19
1.584893192461107958e+01 4.867100641916019231e+04 -3.578814862411248214e+03 1.000000000000000000e+00 -3.608939957230332862e-19
1.778279410038917163e+01 4.860331975272757700e+04 -4.009979955655062895e+03 1.000000000000000000e+00 -3.212052742659644163e-19
1.995262314968872985e+01 4.851837451067147776e+04 -4.491468535183304994e+03 1.000000000000000000e+00 -2.857780577203699914e-19
2.238721138568331881e+01 4.841185605084851704e+04 -5.028500577077449634e+03 1.000000000000000000e+00 -2.541435482460552834e-19
2.511886431509570983e+01 4.827842045047009015e+04 -5.626567378691041995e+03 1.000000000000000000e+00 -2.258833354187717846e-19
2.818382931264443059e+01 4.811147726160970342e+04 -6.291324833103287347e+03 1.000000000000000000e+00 -2.006239985979901898e-19
3.162277660168367888e+01 4.790294277540072653e+04 -7.028424097333501777e+03 1.000000000000000000e+00 -1.780323251104678112e-19
3.548133892335741280e+01 4.764296988025378232e+04 -7.843257378392931059e+03 1.000000000000000000e+00 -1.578110965377109060e-19
3.981071705534957061e+01 4.731966844442600268e+04 -8.740591764301860167e+03 1.000000000000000000e+00 -1.396954035279468007e-19
4.466835921509613172e+01 4.691884217755708960e+04 -9.724060233701164179e+03 1.000000000000000000e+00 -1.234494568285571038e-19
5.011872336272701745e+01 4.642378526354733913e+04 -1.079547819642071954e+04 1.000000000000000000e+00 -1.088638675067610071e-19
5.623413251903466659e+01 4.581520535845860286e+04 -1.195395948450553988e+04 1.000000000000000000e+00 -9.575337075491661715e-20
6.309573444801905850e+01 4.507136804661554925e+04 -1.319482259472059013e+04 1.000000000000000000e+00 -8.395496255338870235e-20
7.079457843841348108e+01 4.416858782330901886e+04 -1.450831262301079005e+04 1.000000000000000000e+00 -7.332640328665244984e-20
7.943282347242779906e+01 4.308221334059308720e+04 -1.587822338571952059e+04 1.000000000000000000e+00 -6.374501356639154973e-20
8.912509381337414993e+01 4.178825412637246336e+04 -1.728059126043782089e+04 1.000000000000000000e+00 -5.510664308607327604e-20
9.999999999999954525e+01 4.026574900120058737e+04 -1.868274166752953897e+04 1.000000000000000000e+00 -4.732463641175076944e-20
1.122018454301958030e+02 3.849985684505521203e+04 -2.004307749150646850e+04 1.000000000000000000e+00 -4.032856265238077162e-20
1.258925411794160993e+02 3.648544329547973757e+04 -2.131205944546237879e+04 1.000000000000000000e+00 -3.406244729660347279e-20
1.412537544622747134e+02 3.423065618603806070e+04 -2.243476776174207043e+04 1.000000000000000000e+00 -2.848227262374504242e-20
1.584893192461105969e+02 3.175970913599120831e+04 -2.335519639836439092e+04 1.000000000000000000e+00 -2.355265649391908126e-20
1.778279410038913966e+02 2.911394825188770847e+04 -2.402198498278595071e+04 1.000000000000000000e+00 -1.924285188411619943e-20
1.995262314968869930e+02 2.635042404418200022e+04 -2.439474829330691864e+04 1.000000000000000000e+00 -1.552251680872846059e-20
2.238721138568328115e+02 2.353769379001303969e+04 -2.444971534686876112e+04 1.000000000000000000e+00 -1.235794380011185948e-20
2.511886431509566933e+02 2.074934332406464091e+04 -2.418330758084349145e+04 1.000000000000000000e+00 -9.709490273345996573e-21
2.818382931264438866e+02 1.805645080661535030e+04 -2.361269369510488832e+04 1.000000000000000000e+00 -7.530724198447673412e-21
3.162277660168363127e+02 1.552058258271488921e+04 -2.277316624016617061e+04 1.000000000000000000e+00 -5.769362344182213767e-21
3.548133892335736164e+02 1.318872441437782982e+04 -2.171305934538889051e+04 1.000000000000000000e+00 -4.369603427161240997e-21
3.981071705534951093e+02 1.109090767770712046e+04 -2.048749529809199157e+04 1.000000000000000000e+00 -3.275146825877949005e-21
4.466835921509606919e+02 9.240497183266374122e+03 -1.915232841154493872e+04 1.000000000000000000e+00 -2.432146896553433104e-21
5.011872336272695065e+02 7.636494499160557098e+03 -1.775930224025817006e+04 1.000000000000000000e+00 -1.791543038105591834e-21
5.623413251903459695e+02 6.266943528082206285e+03 -1.635289700279747922e+04 1.000000000000000000e+00 -1.310502179305314953e-21
6.309573444801897040e+02 5.112585164796967547e+03 -1.496884758183686972e+04 1.000000000000000000e+00 -9.529802547787643996e-22
7.079457843841338445e+02 4.150154953466560073e+03 -1.363400068064160041e+04 1.000000000000000000e+00 -6.895804164595805556e-22
7.943282347242768537e+02 3.355007821029315892e+03 -1.236706435263451021e+04 1.000000000000000000e+00 -4.969485111996008447e-22
8.912509381337401919e+02 2.702990042084642937e+03 -1.117983154118996936e+04 1.000000000000000000e+00 -3.569313615232535099e-22
9.999999999999939746e+02 2.171627159523020964e+03 -1.007855800284504949e+04 1.000000000000000000e+00 -2.556698939803934967e-22
1.122018454301957036e+03 1.740765812958160041e+03 -9.065287558023081147e+03 1.000000000000000000e+00 -1.827378763463402889e-22
1.258925411794158890e+03 1.392820561793055049e+03 -8.139013773075611425e+03 1.000000000000000000e+00 -1.303849326879723072e-22
1.412537544622744917e+03 1.112759980254649008e+03 -7.296635552500188169e+03 1.000000000000000000e+00 -9.290536428326051009e-23
1.584893192461102899e+03 8.879374582388829822e+02 -6.533706411343981017e+03 1.000000000000000000e+00 -6.613144408107066442e-23
1.778279410038911010e+03 7.078424694049059553e+02 -5.844999350577101723e+03 1.000000000000000000e+00 -4.703793669620317867e-23
1.995262314968865894e+03 5.638229052825380450e+02 -5.224917995286765290e+03 1.000000000000000000e+00 -3.343995379146087851e-23
2.238721138568324022e+03 4.488096409417344148e+02 -4.667785615616568066e+03 1.000000000000000000e+00 -2.376587695288146902e-23
2.511886431509562954e+03 3.570608437306863721e+02 -4.168040576344465080e+03 1.000000000000000000e+00 -1.688885700476540116e-23
2.818382931264433864e+03 2.839343571356541815e+02 -3.720362158674196962e+03 1.000000000000000000e+00 -1.200301578020794968e-23
3.162277660168357215e+03 2.256908377193875879e+02 -3.319745857076365155e+03 1.000000000000000000e+00 -8.533196552254788539e-24
3.548133892335728888e+03 1.793268884424894907e+02 -2.961542901665040063e+03 1.000000000000000000e+00 -6.069573278417246168e-24
3.981071705534944158e+03 1.424357450671082006e+02 -2.641475071825881969e+03 1.000000000000000000e+00 -4.320499462502230761e-24
4.466835921509598847e+03 1.130922593314963933e+02 -2.355632944599014991e+03 1.000000000000000000e+00 -3.078638277937854837e-24
5.011872336272685970e+03 8.975873554225587725e+01 -2.100463459953965867e+03 1.000000000000000000e+00 -2.196706085919112093e-24
5.623413251903449236e+03 7.120835788491875462e+01 -1.872750972012549937e+03 1.000000000000000000e+00 -1.570142060905154010e-24
6.309573444801885671e+03 5.646322479064458832e+01 -1.669594700364157006e+03 1.000000000000000000e+00 -1.124749568294882046e-24
7.079457843841326394e+03 4.474440593775025121e+01 -1.488384571765145893e+03 1.000000000000000000e+00 -8.078961198270469444e-25
7.943282347242755350e+03 3.543181172298267256e+01 -1.326776783597387066e+03 1.000000000000000000e+00 -5.822546185872334881e-25
8.912509381337387822e+03 2.803202660872253915e+01 -1.182669950499217975e+03 1.000000000000000000e+00 -4.213561575778759872e-25
9.999999999999923602e+03 2.215257210852911030e+01 -1.054182367319003106e+03 1.000000000000000000e+00 -3.064323458084028204e-25
1.122018454301954989e+04 1.748134793398554976e+01 -9.396306926679853859e+02 1.000000000000000000e+00 -2.241745352667406179e-25
1.258925411794156935e+04 1.377022674626284982e+01 -8.375102031724771905e+02 1.000000000000000000e+00 -1.651444178942297111e-25
1.412537544622743007e+04 1.082197718569564948e+01 -7.464766636839617604e+02 1.000000000000000000e+00 -1.226470378962690018e-25
1.584893192461100989e+04 8.479846016737093706e+00 -6.653297925370804933e+02 1.000000000000000000e+00 -9.193189100471190215e-26
1.778279410038908100e+04 6.619265340710324352e+00 -5.929982571639783373e+02 1.000000000000000000e+00 -6.962671005593665078e-26
1.995262314968862847e+04 5.141252762389378006e+00 -5.285261120750130885e+02 1.000000000000000000e+00 -5.333621519053950862e-26
2.238721138568321112e+04 3.967162038190600093e+00 -4.710605771833086806e+02 1.000000000000000000e+00 -4.135778943398750149e-26
2.511886431509559043e+04 3.034508530411114791e+00 -4.198410499446400763e+02 1.000000000000000000e+00 -3.248001355068152056e-26
2.818382931264429862e+04 2.293650251129736084e+00 -3.741892449719267120e+02 1.000000000000000000e+00 -2.583990937941005007e-26
3.162277660168351940e+04 1.705149697640121031e+00 -3.335003581378192052e+02 1.000000000000000000e+00 -2.082177682896155044e-26
3.548133892335723795e+04 1.237677119058480102e+00 -2.972351576622168068e+02 1.000000000000000000e+00 -1.698549754861792013e-26
3.981071705534937792e+04 8.663442194582590128e-01 -2.649129113835800240e+02 1.000000000000000000e+00 -1.401571211475036068e-26
4.466835921509592299e+04 5.713801790706937167e-01 -2.361050660826768990e+02 1.000000000000000000e+00 -1.168578598778747929e-26
5.011872336272677785e+04 3.370795988527431897e-01 -2.104296022618192126e+02 1.000000000000000000e+00 -9.832250897478151086e-27
5.623413251903439959e+04 1.509667147361291040e-01 -1.875459942100411013e+02 1.000000000000000000e+00 -8.336669764533911882e-27
6.309573444801875303e+04 3.131338471007228882e-03 -1.671507122006381110e+02 1.000000000000000000e+00 -7.112760647876467818e-27
7.079457843841314025e+04 -1.142986678846333037e-01 -1.489732094879167903e+02 1.000000000000000000e+00 -6.097248820395112013e-27
7.943282347242740798e+04 -2.075764794089098031e-01 -1.327723427212247032e+02 1.000000000000000000e+00 -5.243360873175478689e-27
8.912509381337370723e+04 -2.816692301222503136e-01 -1.183331794809231070e+02 1.000000000000000000e+00 -4.516192559799925827e-27
9.999999999999903957e+04 -3.405224686442139825e-01 -1.054641514472313020e+02 1.000000000000000000e+00 -3.889405753340530827e-27
1.122018454301953025e+05 -3.872702444852151871e-01 -9.399451610733521534e+01 1.000000000000000000e+00 -3.342868197832024249e-27
1.258925411794154934e+05 -4.244019838871250228e-01 -8.377209371341906774e+01 1.000000000000000000e+00 -2.860962953436340986e-27
1.412537544622741116e+05 -4.538950474082670272e-01 -7.466124979238107073e+01 1.000000000000000000e+00 -2.431373424579091996e-27
1.584893192461098079e+05 -4.773200227463800238e-01 -6.654109667325204214e+01 1.000000000000000000e+00 -2.044206404308361031e-27
1.778279410038905044e+05 -4.959243591721054778e-01 -5.930389030670448847e+01 1.000000000000000000e+00 -1.691355652961137050e-27
1.995262314968859137e+05 -5.106987964679230441e-01 -5.285360122524922843e+01 1.000000000000000000e+00 -1.366036676406897052e-27
2.238721138568317110e+05 -5.224301207185324536e-01 -4.710464075273753792e+01 1.000000000000000000e+00 -1.062443371622153044e-27
2.511886431509554095e+05 -5.317430643487460751e-01 -4.198072562665659291e+01 1.000000000000000000e+00 -7.754915604899589343e-28
2.818382931264425279e+05 -5.391335730949400329e-01 -3.741386599811112745e+01 1.000000000000000000e+00 -5.006243652575241233e-28
3.162277660168345901e+05 -5.449952179828599919e-01 -3.334346341984741713e+01 1.000000000000000000e+00 -2.336614189234233160e-28
3.548133892335718265e+05 -5.496401536487210970e-01 -2.971550686011973141e+01 1.000000000000000000e+00 2.932078372046200864e-29
3.981071705534930807e+05 -5.533157413358613663e-01 -2.648185609869517165e+01 1.000000000000000000e+00 2.920868791575306955e-28
4.466835921509583713e+05 -5.562177226003719444e-01 -2.359960300042748926e+01 1.000000000000000000e+00 5.583257011346013166e-28
5.011872336272670073e+05 -5.585006441166490143e-01 -2.103050220877025112e+01 1.000000000000000000e+00 8.317236059441028643e-28
5.623413251903430792e+05 -5.602860884083256110e-01 -1.874046369559687975e+01 1.000000000000000000e+00 1.116031842594089069e-27
6.309573444801864680e+05 -5.616691511299963802e-01 -1.669910045458289005e+01 1.000000000000000000e+00 1.415131197577338942e-27
7.079457843841302674e+05 -5.627235078334612561e-01 -1.487932533435613003e+01 1.000000000000000000e+00 1.733096492894731961e-27
7.943282347242728574e+05 -5.635053425604004129e-01 -1.325699166720461974e+01 1.000000000000000000e+00 2.074263364687876824e-27
8.912509381337357918e+05 -5.640563473873756450e-01 -1.181057293535400987e+01 1.000000000000000000e+00 2.443299726005485058e-27
9.999999999999889405e+05 -5.644059547176928371e-01 -1.052087722766503042e+01 1.000000000000000000e+00 2.845284483419730888e-27
1.122018454301950987e+06 -5.645729240638724944e-01 -9.370792719537444526e+00 1.000000000000000000e+00 3.285796564556308792e-27
1.258925411794153042e+06 -5.645663710553777692e-01 -8.345060801755616708e+00 1.000000000000000000e+00 3.771017872954551061e-27
1.412537544622737914e+06 -5.643863007943804577e-01 -7.430073883154950209e+00 1.000000000000000000e+00 4.307854879283329701e-27
1.584893192461095983e+06 -5.640236832852641990e-01 -6.613695205597927895e+00 1.000000000000000000e+00 4.904084886024132900e-27
1.778279410038901959e+06 -5.634600910987573874e-01 -5.885098329047058208e+00 1.000000000000000000e+00 5.568534891396978264e-27
1.995262314968856983e+06 -5.626669037824112429e-01 -5.234624208979526294e+00 1.000000000000000000e+00 6.311303525114574348e-27
2.238721138568312861e+06 -5.616040754390351220e-01 -4.653654054215855318e+00 1.000000000000000000e+00 7.144039832005390331e-27
2.511886431509550195e+06 -5.602184573316328908e-01 -4.134496376390169203e+00 1.000000000000000000e+00 8.080296888514354814e-27
2.818382931264420040e+06 -5.584416764142179357e-01 -3.670286874997919835e+00 1.000000000000000000e+00 9.135983491208309699e-27
3.162277660168340895e+06 -5.561875930175665950e-01 -3.254900006421790781e+00 1.000000000000000000e+00 1.032994322989824051e-26
3.548133892335711978e+06 -5.533494055030904191e-01 -2.882871282925148826e+00 1.000000000000000000e+00 1.168469684541941025e-26
3.981071705534923822e+06 -5.497965507354851677e-01 -2.549329541666950139e+00 1.000000000000000000e+00 1.322738969985880993e-26
4.466835921509576030e+06 -5.453716722317781818e-01 -2.249938580893603213e+00 1.000000000000000000e+00 1.499098928832163137e-26
5.011872336272660643e+06 -5.398881126570751476e-01 -1.980847687353127107e+00 1.000000000000000000e+00 1.701577414440578142e-26
5.623413251903420314e+06 -5.331286389368867784e-01 -1.738650625225274915e+00 1.000000000000000000e+00 1.935113881630275941e-26
6.309573444801853038e+06 -5.248464265240785354e-01 -1.520352583302019056e+00 1.000000000000000000e+00 2.205770056561336877e-26
7.079457843841289170e+06 -5.147696755053868811e-01 -1.323344300247840000e+00 1.000000000000000000e+00 2.520962010301573888e-26
7.943282347242713906e+06 -5.026115216854710743e-01 -1.145382040044151006e+00 1.000000000000000000e+00 2.889692862628755124e-26
8.912509381337340921e+06 -4.880869809230802825e-01 -9.845712232577448209e-01 1.000000000000000000e+00 3.322748073170200228e-26
9.999999999999871477e+06 -4.709382649388442754e-01 -8.393503534615118777e-01 1.000000000000000000e+00 3.832793868860855153e-26
1.122018454301949032e+07 -4.509686426982781882e-01 -7.084706481379643428e-01 1.000000000000000000e+00 4.434298496107113245e-26
1.258925411794150993e+07 -4.280828690407874060e-01 -5.909659617488844940e-01 1.000000000000000000e+00 5.143185259865677197e-26
1.412537544622736052e+07 -4.023291543732099851e-01 -4.861079281353409276e-01 1.000000000000000000e+00 5.976140122633698626e-26
1.584893192461092956e+07 -3.739344002963487790e-01 -3.933435484391247794e-01 1.000000000000000000e+00 6.949549491221730115e-26
1.778279410038898885e+07 -3.433223602479689163e-01 -3.122170398410040182e-01 1.000000000000000000e+00 8.078140484045445831e-26
1.995262314968853071e+07 -3.111052335028562932e-01 -2.422838772290346054e-01 1.000000000000000000e+00 9.373518405396470528e-26
2.238721138568310067e+07 -2.780440461335280111e-01 -1.830304526611389038e-01 1.000000000000000000e+00 1.084289770841923107e-25
2.511886431509545818e+07 -2.449813129282538970e-01 -1.338147811043335911e-01 1.000000000000000000e+00 1.248834071179138026e-25
2.818382931264415011e+07 -2.127580240992263116e-01 -9.384024805429763694e-02 1.000000000000000000e+00 1.430670796220619928e-25
3.162277660168335959e+07 -1.821321254672776113e-01 -6.216613705376246302e-02 1.000000000000000000e+00 1.629029718072954097e-25
3.548133892335704714e+07 -1.537148384783126043e-01 -3.774889953305465840e-02 1.000000000000000000e+00 1.842788452591730970e-25
3.981071705534917116e+07 -1.279349123362613916e-01 -1.950101499486762979e-02 1.000000000000000000e+00 2.070570131682454012e-25
4.466835921509567648e+07 -1.050323562963507984e-01 -6.352381452468768008e-03 1.000000000000000000e+00 2.310787823537149182e-25
5.011872336272651702e+07 -8.507604896528715710e-02 2.697832226896719997e-03 1.000000000000000000e+00 2.561609149736477086e-25
5.623413251903410256e+07 -6.799601596131187031e-02 8.545417831261654593e-03 1.000000000000000000e+00 2.820848989651463851e-25
6.309573444801841676e+07 -5.362112815712904296e-02 1.196257279979535959e-02 1.000000000000000000e+00 3.085835045178696176e-25
7.079457843841277063e+07 -4.171517474132716008e-02 1.359397328719979918e-02 1.000000000000000000e+00 3.353317887213373158e-25
7.943282347242699564e+07 -3.200718242521326251e-02 1.396320139629510931e-02 1.000000000000000000e+00 3.619504254980559202e-25
8.912509381337325275e+07 -2.421444931801380873e-02 1.348513927581618949e-02 1.000000000000000000e+00 3.880274257661959167e-25
9.999999999999853969e+07 -1.805859410830881057e-02 1.248074701933317952e-02 1.000000000000000000e+00 4.131598834826540144e-25
1.122018454301947057e+08 -1.327593184953139958e-02 1.119181269652060051e-02 1.000000000000000000e+00 4.370109591783369807e-25
1.258925411794148982e+08 -9.623799122945335058e-03 9.794424477108156293e-03 1.000000000000000000e+00 4.593705549236536092e-25
1.412537544622732997e+08 -6.884256313818895405e-03 8.410826762573127627e-03 1.000000000000000000e+00 4.802036593656799602e-25
1.584893192461090088e+08 -4.866124054973040326e-03 7.119855361844408190e-03 1.000000000000000000e+00 4.996706784439215825e-25
1.778279410038895905e+08 -3.405806597348801871e-03 5.966290091772712655e-03 1.000000000000000000e+00 5.181100157468482423e-25
1.995262314968850017e+08 -2.367011648072292040e-03 4.969327074317337820e-03 1.000000000000000000e+00 5.359827826271811635e-25
2.238721138568305969e+08 -1.639375767814836007e-03 4.130141997578322399e-03 1.000000000000000000e+00 5.537888879875014774e-25
2.511886431509541869e+08 -1.136097631786614970e-03 3.438358662973014027e-03 1.000000000000000000e+00 5.719693229004260262e-25
2.818382931264411211e+08 -7.908417914366749034e-04 2.877231179729617099e-03 1.000000000000000000e+00 5.908100608260372920e-25
3.162277660168331265e+08 -5.542847122965227028e-04 2.427466483566429172e-03 1.000000000000000000e+00 6.103601863811563454e-25
3.548133892335699797e+08 -3.906802402715653052e-04 2.069774637655441823e-03 1.000000000000000000e+00 6.303733948385773849e-25
3.981071705534911156e+08 -2.747383089106947241e-04 1.786362279455124945e-03 1.000000000000000000e+00 6.502799403796935686e-25
4.466835921509562135e+08 -1.889870019183301035e-04 1.561644303544726950e-03 1.000000000000000000e+00 6.691956887409484897e-25
5.011872336272644997e+08 -1.216698520103727933e-04 1.382443714614641026e-03 1.000000000000000000e+00 6.859745653037247024e-25
5.623413251903402805e+08 -6.514344111672643500e-05 1.237902518034006893e-03 1.000000000000000000e+00 6.993078352113102645e-25
6.309573444801833630e+08 -1.469139320353797061e-05 1.119262367438143054e-03 1.000000000000000000e+00 7.078662843362332226e-25
7.079457843841267824e+08 3.234527077559467103e-05 1.019610558562253095e-03 1.000000000000000000e+00 7.104696669556443834e-25
7.943282347242689133e+08 7.721376562917938021e-05 9.336353783151238447e-04 1.000000000000000000e+00 7.062552785767037960e-25
8.912509381337313652e+08 1.202416418058332000e-04 8.573999489341473058e-04 1.000000000000000000e+00 6.948103635218242331e-25
9.999999999999840260e+08 1.612191522952247059e-04 7.881268183369666541e-04 1.000000000000000000e+00 6.762369448260805178e-25
