# freq_hz re(vout/vdiff) im(vout/vdiff) re(vdiff) im(vdiff)
1.000000000000000056e-01 4.893414212892203795e+04 2.627800948425595706e+01 1.000000000000123901e+00 6.656297561697897081e-17
1.122018454301963036e-01 4.893414913420331141e+04 1.864773218025005974e+01 1.000000000000098366e+00 3.752029864128874807e-17
1.258925411794167004e-01 4.893415364724685060e+04 1.126489622960854753e+01 1.000000000000078160e+00 1.800393592703550111e-17
1.412537544622753938e-01 4.893415590838733624e+04 4.031537074240932661e+00 1.000000000000062172e+00 5.118125385175395366e-18
1.584893192461112876e-01 4.893415603803814156e+04 -3.148326562452471666e+00 1.000000000000049294e+00 -3.174826794732998857e-18
1.778279410038922093e-01 4.893415404310356098e+04 -1.036996616776187707e+01 1.000000000000039302e+00 -8.306491076486393582e-18
1.995262314968878903e-01 4.893414981734661706e+04 -1.772920752105367725e+01 1.000000000000031086e+00 -1.128053212921160059e-17
2.238721138568338098e-01 4.893414313573158870e+04 -2.532370212429364997e+01 1.000000000000024647e+00 -1.279874716289335020e-17
2.511886431509577911e-01 4.893413364244032709e+04 -3.325422283843919047e+01 1.000000000000019540e+00 -1.335017830073076993e-17
2.818382931264450941e-01 4.893412083192400314e+04 -4.162600090117580010e+01 1.000000000000015543e+00 -1.327409595278913977e-17
3.162277660168377191e-01 4.893410402198183874e+04 -5.055012204609712256e+01 1.000000000000012434e+00 -1.280449549988061065e-17
3.548133892335750827e-01 4.893408231743243959e+04 -6.014500022062050277e+01 1.000000000000009770e+00 -1.210151641394135071e-17
3.981071705534969252e-01 4.893405456244419474e+04 -7.053794841915046732e+01 1.000000000000007772e+00 -1.127361209808333974e-17
4.466835921509625940e-01 4.893401927898627764e+04 -8.186686742152181750e+01 1.000000000000006217e+00 -1.039317969467305992e-17
5.011872336272716888e-01 4.893397458812322293e+04 -9.428207476963811473e+01 1.000000000000004885e+00 -9.507566998225532214e-18
5.623413251903484067e-01 4.893391810996267304e+04 -1.079482981453437418e+02 1.000000000000003997e+00 -8.646812931326777685e-18
6.309573444801924724e-01 4.893384683693029365e+04 -1.230468594505047264e+02 1.000000000000003109e+00 -7.829081195287175753e-18
7.079457843841370224e-01 4.893375697362572100e+04 -1.397780783591454110e+02 1.000000000000002442e+00 -7.064465835982226209e-18
7.943282347242804908e-01 4.893364373473557498e+04 -1.583639269366403823e+02 1.000000000000001998e+00 -6.357648690249851240e-18
8.912509381337443415e-01 4.893350109024896665e+04 -1.790509701293813407e+02 1.000000000000001554e+00 -5.709748015562205170e-18
9.999999999999985567e-01 4.893332144441786659e+04 -2.021136305477937753e+02 1.000000000000001332e+00 -5.119598077061241382e-18
1.122018454301962009e+00 4.893309523138341319e+04 -2.278578200231572737e+02 1.000000000000000888e+00 -4.584629052336595374e-18
1.258925411794165061e+00 4.893281040596130333e+04 -2.566249849386738333e+02 1.000000000000000888e+00 -4.101466807274943029e-18
1.412537544622751939e+00 4.893245180251199781e+04 -2.887966173358735773e+02 1.000000000000000666e+00 -3.666336873091181364e-18
1.584893192461110933e+00 4.893200032782321068e+04 -3.247992892861923337e+02 1.000000000000000444e+00 -3.275332051922285127e-18
1.778279410038920094e+00 4.893143194513124763e+04 -3.651102739840553681e+02 1.000000000000000444e+00 -2.924585478349973973e-18
1.995262314968875961e+00 4.893071639535122085e+04 -4.102638234238641530e+02 1.000000000000000222e+00 -2.610378530893845022e-18
2.238721138568334990e+00 4.892981558769146068e+04 -4.608581792883423986e+02 1.000000000000000222e+00 -2.329204209043447808e-18
2.511886431509574802e+00 4.892868157438288472e+04 -5.175634006558769897e+02 1.000000000000000222e+00 -2.077800397789635190e-18
2.818382931264447944e+00 4.892725400236084533e+04 -5.811300990931675869e+02 1.000000000000000222e+00 -1.853163075660155020e-18
3.162277660168371973e+00 4.892545690728675982e+04 -6.523991782647697164e+02 1.000000000000000222e+00 -1.652546448145404074e-18
3.548133892335747053e+00 4.892319468091317685e+04 -7.323126807964176805e+02 1.000000000000000000e+00 -1.473454827011181002e-18
3.981071705534962923e+00 4.892034699978645222e+04 -8.219258489286225995e+02 1.000000000000000000e+00 -1.313629559147339033e-18
4.466835921509620277e+00 4.891676244957083691e+04 -9.224205062476224839e+02 1.000000000000000000e+00 -1.171033246608132024e-18
5.011872336272709560e+00 4.891225051235403225e+04 -1.035119863675430906e+03 1.000000000000000000e+00 -1.043832758231891987e-18
5.623413251903476073e+00 4.890657150113154785e+04 -1.161504841337253993e+03 1.000000000000000000e+00 -9.303820178683169566e-19
6.309573444801915620e+00 4.889942392270088749e+04 -1.303231975183944087e+03 1.000000000000000000e+00 -8.292051977925614111e-19
7.079457843841360010e+00 4.889042862329255149e+04 -1.462152938049898012e+03 1.000000000000000000e+00 -7.389807010271941782e-19
7.943282347242792696e+00 4.887910891580350290e+04 -1.640335641725683899e+03 1.000000000000000000e+00 -6.585261496279047150e-19
8.912509381337429204e+00 4.886486569855841663e+04 -1.840086789181440963e+03 1.000000000000000000e+00 -5.867844839628306448e-19
9.999999999999969802e+00 4.884694634831835720e+04 -2.063975599762140973e+03 1.000000000000000000e+00 -5.228112040362479451e-19
1.122018454301960055e+01 4.882440590095480729e+04 -2.314858214923039213e+03 1.000000000000000000e+00 -4.657627363030792105e-19
1.258925411794163018e+01 4.879605872038108646e+04 -2.595901980432052824e+03 1.000000000000000000e+00 -4.148858799967822099e-19
1.412537544622749941e+01 4.876041850342132238e+04 -2.910608355824198043e+03 1.000000000000000000e+00 -3.695082700121844166e-19
1.584893192461107958e+01 4.871562408762765699e+04 -3.262832573847875210e+03 1.000000000000000000e+00 -3.290297848451965919e-19
1.778279410038917163e+01 4.865934814823800116e+04 -3.656797297276118115e+03 1.000000000000000000e+00 -2.929148252177026833e-19
1.995262314968872985e+01 4.858868554229359142e+04 -4.097096316184626630e+03 1.000000000000000000e+00 -2.606853898993850153e-19
2.238721138568331881e+01 4.850001787524417159e+04 -4.588682696665128788e+03 1.000000000000000000e+00 -2.319148785811810792e-19
2.511886431509570983e+01 4.838885098262660904e+04 -5.136833619966007063e+03 1.000000000000000000e+00 -2.062225565891995902e-19
2.818382931264443059e+01 4.824962268261703866e+04 -5.747081327803922250e+03 1.000000000000000000e+00 -1.832686221810771037e-19
3.162277660168367888e+01 4.807547974082196015e+04 -6.425096034835907631e+03 1.000000000000000000e+00 -1.627498237593813001e-19
3.548133892335741280e+01 4.785802604846657050e+04 -7.176502394008364718e+03 1.000000000000000000e+00 -1.443955812916316078e-19
3.981071705534957061e+01 4.758704931792223942e+04 -8.006606314115621899e+03 1.000000000000000000e+00 -1.279645732761700970e-19
4.466835921509613172e+01 4.725024214394522278e+04 -8.920004215978065986e+03 1.000000000000000000e+00 -1.132417573682980963e-19
5.011872336272701745e+01 4.683294622760118364e+04 -9.920043401169730714e+03 1.000000000000000000e+00 -1.000357986682348996e-19
5.623413251903466659e+01 4.631796700298279757e+04 -1.100810232442663983e+04 1.000000000000000000e+00 -8.817688363574450628e-20
6.309573444801905850e+01 4.568553031512402231e+04 -1.218266683640357041e+04 1.000000000000000000e+00 -7.751489798719444980e-20
7.079457843841348108e+01 4.491348182327575341e+04 -1.343819807189915082e+04 1.000000000000000000e+00 -6.791794083421950964e-20
7.943282347242779906e+01 4.397786039946071105e+04 -1.476382716985545994e+04 1.000000000000000000e+00 -5.927113662670965943e-20
8.912509381337414993e+01 4.285399308791319345e+04 -1.614197409923103078e+04 1.000000000000000000e+00 -5.147566848154185222e-20
9.999999999999954525e+01 4.151825763190355065e+04 -1.754708354327690176e+04 1.000000000000000000e+00 -4.444793712843819892e-20
1.122018454301958030e+02 3.995059396804535936e+04 -1.894477895244242973e+04 1.000000000000000000e+00 -3.811868112836070845e-20
1.258925411794160993e+02 3.813771399862437829e+04 -2.029184171724983025e+04 1.000000000000000000e+00 -3.243186150660668046e-20
1.412537544622747134e+02 3.607673380781568267e+04 -2.153746485934489829e+04 1.000000000000000000e+00 -2.734309176757846817e-20
1.584893192461105969e+02 3.377866708207459305e+04 -2.262614299597862919e+04 1.000000000000000000e+00 -2.281743769653024120e-20
1.778279410038913966e+02 3.127095429288884043e+04 -2.350227613085543999e+04 1.000000000000000000e+00 -1.882653666613560042e-20
1.995262314968869930e+02 2.859810708829352006e+04 -2.411609634517730956e+04 1.000000000000000000e+00 -1.534520739257672883e-20
2.238721138568328115e+02 2.581975618341528025e+04 -2.442997390292963973e+04 1.000000000000000000e+00 -1.234796399966870022e-20
2.511886431509566933e+02 2.300595999744217988e+04 -2.442376661328889168e+04 1.000000000000000000e+00 -9.806031883527462062e-21
2.818382931264438866e+02 2.023041428788855046e+04 -2.409787915042787063e+04 1.000000000000000000e+00 -7.685461313513610902e-21
3.162277660168363127e+02 1.756289249362136979e+04 -2.347319968312844867e+04 1.000000000000000000e+00 -5.946707517945207645e-21
3.548133892335736164e+02 1.506251480364712916e+04 -2.258793363358046918e+04 1.000000000000000000e+00 -4.545664344801834318e-21
3.981071705534951093e+02 1.277315545421675051e+04 -2.149219068445622179e+04 1.000000000000000000e+00 -3.435756780842528800e-21
4.466835921509606919e+02 1.072159751604242047e+04 -2.024167045849595161e+04 1.000000000000000000e+00 -2.570480685876168978e-21
5.011872336272695065e+02 8.918265104193778825e+03 -1.889177277922719077e+04 1.000000000000000000e+00 -1.905784432774219857e-21
5.623413251903459695e+02 7.359807137491464346e+03 -1.749305537633731001e+04 1.000000000000000000e+00 -1.401871987359003957e-21
6.309573444801897040e+02 6.032609753188417926e+03 -1.608841104035098033e+04 1.000000000000000000e+00 -1.024255340764054909e-21
7.079457843841338445e+02 4.916420743382679575e+03 -1.471187063138949088e+04 1.000000000000000000e+00 -7.440959417026218361e-22
7.943282347242768537e+02 3.987536060907451883e+03 -1.338866380690769074e+04 1.000000000000000000e+00 -5.379987826815751356e-22
8.912509381337401919e+02 3.221282279366726925e+03 -1.213608807006748975e+04 1.000000000000000000e+00 -3.874603501452575079e-22
9.999999999999939746e+02 2.593750976354906925e+03 -1.096478241321431051e+04 1.000000000000000000e+00 -2.781506472952390906e-22
1.122018454301957036e+03 2.082871603877306825e+03 -9.880107991192724512e+03 1.000000000000000000e+00 -1.991623548198483108e-22
1.258925411794158890e+03 1.668967304048617962e+03 -8.883448405997425652e+03 1.000000000000000000e+00 -1.423099978687911005e-22
1.412537544622744917e+03 1.334942898206996915e+03 -7.973334050722228312e+03 1.000000000000000000e+00 -1.015209882141760032e-22
1.584893192461102899e+03 1.066234423175776101e+03 -7.146357788140287994e+03 1.000000000000000000e+00 -7.233197211881291767e-23
1.778279410038911010e+03 8.506199115660315329e+02 -6.397887241689390066e+03 1.000000000000000000e+00 -5.148690759023829179e-23
1.995262314968865894e+03 6.779619988507497510e+02 -5.722598115120718830e+03 1.000000000000000000e+00 -3.662477390320510172e-23
2.238721138568324022e+03 5.399287721180668314e+02 -5.114859860939661303e+03 1.000000000000000000e+00 -2.604180302334085963e-23
2.511886431509562954e+03 4.297210527144583239e+02 -4.569004939441427268e+03 1.000000000000000000e+00 -1.851325909521182951e-23
2.818382931264433864e+03 3.418215872687272281e+02 -4.079509408507185981e+03 1.000000000000000000e+00 -1.316146501295417005e-23
3.162277660168357215e+03 2.717731996090732878e+02 -3.641107856188101778e+03 1.000000000000000000e+00 -9.358997926309726347e-24
3.548133892335728888e+03 2.159877003572370882e+02 -3.248860926797393859e+03 1.000000000000000000e+00 -6.658208010038731028e-24
3.981071705534944158e+03 1.715844703849724908e+02 -2.898189414987843975e+03 1.000000000000000000e+00 -4.740202019515650234e-24
4.466835921509598847e+03 1.362560071573464882e+02 -2.584885397668198038e+03 1.000000000000000000e+00 -3.378086022575223304e-24
5.011872336272685970e+03 1.081571100632365017e+02 -2.305108069970729048e+03 1.000000000000000000e+00 -2.410578129334175905e-24
5.623413251903449236e+03 8.581429062803078978e+01 -2.055369801504782117e+03 1.000000000000000000e+00 -1.723120070936998906e-24
6.309573444801885671e+03 6.805218121117310659e+01 -1.832516314857535008e+03 1.000000000000000000e+00 -1.234387327049826964e-24
7.079457843841326394e+03 5.393402774150133183e+01 -1.633703703482753099e+03 1.000000000000000000e+00 -8.866721547617957029e-25
7.943282347242755350e+03 4.271376535233609673e+01 -1.456374134323958060e+03 1.000000000000000000e+00 -6.390373859360287434e-25
8.912509381337387822e+03 3.379752207531453934e+01 -1.298231467919905981e+03 1.000000000000000000e+00 -4.624481741897944148e-25
9.999999999999923602e+03 2.671278074192246876e+01 -1.157217582769661021e+03 1.000000000000000000e+00 -3.363133146104767086e-25
1.122018454301954989e+04 2.108370740573692004e+01 -1.031489889772044080e+03 1.000000000000000000e+00 -2.460297117298976960e-25
1.258925411794156935e+04 1.661145204738419068e+01 -9.194003048855045108e+02 1.000000000000000000e+00 -1.812399985287948108e-25
1.412537544622743007e+04 1.305843045532344071e+01 -8.194758081028570587e+02 1.000000000000000000e+00 -1.345967096670972022e-25
1.584893192461100989e+04 1.023579734078252024e+01 -7.304006186997711438e+02 1.000000000000000000e+00 -1.008860231467515998e-25
1.778279410038908100e+04 7.993468079218395417e+00 -6.509999558066241434e+02 1.000000000000000000e+00 -7.640660146972989136e-26
1.995262314968862847e+04 6.212176167793458603e+00 -5.802253143115102603e+02 1.000000000000000000e+00 -5.852934153431453779e-26
2.238721138568321112e+04 4.797153329163195146e+00 -5.171411643393190616e+02 1.000000000000000000e+00 -4.538537838273037085e-26
2.511886431509559043e+04 3.673102458381887203e+00 -4.609129712782943784e+02 1.000000000000000000e+00 -3.564499120307191121e-26
2.818382931264429862e+04 2.780200429090383007e+00 -4.107964292845064733e+02 1.000000000000000000e+00 -2.836092709715757741e-26
3.162277660168351940e+04 2.070920013572338902e+00 -3.661278025122580857e+02 1.000000000000000000e+00 -2.285736756734456923e-26
3.548133892335723795e+04 1.507504047545241921e+00 -3.263152717957262894e+02 1.000000000000000000e+00 -1.865123333254255964e-26
3.981071705534937792e+04 1.059957767953457974e+00 -2.908311907651311117e+02 1.000000000000000000e+00 -1.539639871635197016e-26
4.466835921509592299e+04 7.044535213520044525e-01 -2.592051615385635159e+02 1.000000000000000000e+00 -1.284413754999046034e-26
5.011872336272677785e+04 4.220630578461507798e-01 -2.310178475842419914e+02 1.000000000000000000e+00 -1.081506800534166987e-26
5.623413251903439959e+04 1.977503793911321028e-01 -2.058954480809501888e+02 1.000000000000000000e+00 -9.179245549470505541e-27
6.309573444801875303e+04 1.957147116683334923e-02 -1.835047652729078891e+02 1.000000000000000000e+00 -7.842029220258836564e-27
7.079457843841314025e+04 -1.219614176004633066e-01 -1.635488025318857979e+02 1.000000000000000000e+00 -6.734040167316664323e-27
7.943282347242740798e+04 -2.343848538958532013e-01 -1.457628371654537887e+02 1.000000000000000000e+00 -5.804020703390067777e-27
8.912509381337370723e+04 -3.236854276957595866e-01 -1.299109174225959009e+02 1.000000000000000000e+00 -5.013750447670793749e-27
9.999999999999903957e+04 -3.946184867422555254e-01 -1.157827384574954976e+02 1.000000000000000000e+00 -4.334421332923197311e-27
1.122018454301953025e+05 -4.509613330407538090e-01 -1.031908565958441955e+02 1.000000000000000000e+00 -3.744048072202671756e-27
1.258925411794154934e+05 -4.957143345505556908e-01 -9.196820551498714735e+01 1.000000000000000000e+00 -3.225613752209149056e-27
1.412537544622741116e+05 -5.312606937721197076e-01 -8.196588182673076517e+01 1.000000000000000000e+00 -2.765737650530012912e-27
1.584893192461098079e+05 -5.594933472464385105e-01 -7.305117095101545033e+01 1.000000000000000000e+00 -2.353714415660237824e-27
1.778279410038905044e+05 -5.819157648661809068e-01 -6.510578730458806263e+01 1.000000000000000000e+00 -1.980817400821013965e-27
1.995262314968859137e+05 -5.997220073068656454e-01 -5.802430558304695296e+01 1.000000000000000000e+00 -1.639790251071237110e-27
2.238721138568317110e+05 -6.138603128269968234e-01 -5.171276245463582200e+01 1.000000000000000000e+00 -1.324472437632734046e-27
2.511886431509554095e+05 -6.250835921475875745e-01 -4.608741015386542728e+01 1.000000000000000000e+00 -1.029520552810862019e-27
2.818382931264425279e+05 -6.339895235939660978e-01 -4.107360552154756306e+01 1.000000000000000000e+00 -7.501976671635157327e-28
3.162277660168345901e+05 -6.410523787586813738e-01 -3.660481974297351826e+01 1.000000000000000000e+00 -4.822113672489826135e-28
3.548133892335718265e+05 -6.466482814418670344e-01 -3.262175572417565661e+01 1.000000000000000000e+00 -2.215861430085776932e-28
3.981071705534930807e+05 -6.510752359342275586e-01 -2.907156136609848929e+01 1.000000000000000000e+00 3.543986423253328733e-29
4.466835921509583713e+05 -6.545689980809568098e-01 -2.590712833912863999e+01 1.000000000000000000e+00 2.925013526018160917e-28
5.011872336272670073e+05 -6.573156312279846425e-01 -2.308646705884774164e+01 1.000000000000000000e+00 5.531811003805257372e-28
5.623413251903430792e+05 -6.594614157666647269e-01 -2.057214956912318016e+01 1.000000000000000000e+00 8.210781713034919238e-28
6.309573444801864680e+05 -6.611206423490947337e-01 -1.833081295628176122e+01 1.000000000000000000e+00 1.099872509598491947e-27
7.079457843841302674e+05 -6.623817022380629194e-01 -1.633271671267108971e+01 1.000000000000000000e+00 1.393388819549327046e-27
7.943282347242728574e+05 -6.633118013579949457e-01 -1.455134817567081917e+01 1.000000000000000000e+00 1.705662324535131173e-27
8.912509381337357918e+05 -6.639605498729559407e-01 -1.296307082489819074e+01 1.000000000000000000e+00 2.041009100912889832e-27
9.999999999999889405e+05 -6.643626210731119475e-01 -1.154681077638895914e+01 1.000000000000000000e+00 2.404103881350450953e-27
1.122018454301950987e+06 -6.645396246426216180e-01 -1.028377733599428012e+01 1.000000000000000000e+00 2.800068764186781895e-27
1.258925411794153042e+06 -6.645012995857885185e-01 -9.157213917994171837e+00 1.000000000000000000e+00 3.234577065927573249e-27
1.412537544622737914e+06 -6.642460998592784049e-01 -8.152176063567843300e+00 1.000000000000000000e+00 3.713977781561815836e-27
1.584893192461095983e+06 -6.637612165008184295e-01 -7.255333641891787977e+00 1.000000000000000000e+00 4.245447768315895861e-27
1.778279410038901959e+06 -6.630220612200812269e-01 -6.454794680771642312e+00 1.000000000000000000e+00 4.837181116073151941e-27
1.995262314968856983e+06 -6.619912157501227634e-01 -5.739948550974990127e+00 1.000000000000000000e+00 5.498628158070026331e-27
2.238721138568312861e+06 -6.606168450992349062e-01 -5.101326537046292131e+00 1.000000000000000000e+00 6.240800630371380775e-27
2.511886431509550195e+06 -6.588305704046363287e-01 -4.530478076447196578e+00 1.000000000000000000e+00 7.076664521926885165e-27
2.818382931264420040e+06 -6.565448115366832038e-01 -4.019861205823217709e+00 1.000000000000000000e+00 8.021648355695880892e-27
3.162277660168340895e+06 -6.536496456848077674e-01 -3.562745991888644159e+00 1.000000000000000000e+00 9.094301747369378335e-27
3.548133892335711978e+06 -6.500092923256449717e-01 -3.153129943894183107e+00 1.000000000000000000e+00 1.031714647778201063e-26
3.981071705534923822e+06 -6.454584490205397262e-01 -2.785664623108501825e+00 1.000000000000000000e+00 1.171776849128659942e-26
4.466835921509576030e+06 -6.397988709407690378e-01 -2.455592830608888111e+00 1.000000000000000000e+00 1.333020123347255110e-26
5.011872336272660643e+06 -6.327968353918254074e-01 -2.158695877089212178e+00 1.000000000000000000e+00 1.519664363427343031e-26
5.623413251903420314e+06 -6.241824598691936288e-01 -1.891250442485661987e+00 1.000000000000000000e+00 1.736953173562596052e-26
6.309573444801853038e+06 -6.136522390527090476e-01 -1.649994367760956981e+00 1.000000000000000000e+00 1.991393026872808090e-26
7.079457843841289170e+06 -6.008765703882316123e-01 -1.432100286018447077e+00 1.000000000000000000e+00 2.291011571538361874e-26
7.943282347242713906e+06 -5.855143146564715240e-01 -1.235155208850885922e+00 1.000000000000000000e+00 2.645607302849549716e-26
8.912509381337340921e+06 -5.672363663184177840e-01 -1.057143017275455898e+00 1.000000000000000000e+00 3.066942216887207855e-26
9.999999999999871477e+06 -5.457594446017153267e-01 -8.964253434333939730e-01 1.000000000000000000e+00 3.568805024246669116e-26
1.122018454301949032e+07 -5.208895270279706446e-01 -7.517149566939255179e-01 1.000000000000000000e+00 4.166851744780986867e-26
1.258925411794150993e+07 -4.925713637017384849e-01 -6.220351734123765741e-01 1.000000000000000000e+00 4.878125305747447813e-26
1.412537544622736052e+07 -4.609366570109421080e-01 -5.066599527963756566e-01 1.000000000000000000e+00 5.720182687332049302e-26
1.584893192461092956e+07 -4.263399048635977961e-01 -4.050330666880672115e-01 1.000000000000000000e+00 6.709830998001102994e-26
1.778279410038898885e+07 -3.893694654573914837e-01 -3.166710436567685139e-01 1.000000000000000000e+00 7.861591496469837385e-26
1.995262314968853071e+07 -3.508240682907377006e-01 -2.410619829129382885e-01 1.000000000000000000e+00 9.186143957547840013e-26
2.238721138568310067e+07 -3.116524345812285990e-01 -1.775777731809667914e-01 1.000000000000000000e+00 1.068909508020932905e-25
2.511886431509545818e+07 -2.728640832477152167e-01 -1.254174403453983955e-01 1.000000000000000000e+00 1.237039840812725930e-25
2.818382931264415011e+07 -2.354286552924186871e-01 -8.359287680602102422e-02 1.000000000000000000e+00 1.422459620296033945e-25
3.162277660168335959e+07 -2.001848309270150006e-01 -5.095706862783375146e-02 1.000000000000000000e+00 1.624178922638933951e-25
3.548133892335704714e+07 -1.677762748575385987e-01 -2.626382292685970968e-02 1.000000000000000000e+00 1.840896703402860040e-25
3.981071705534917116e+07 -1.386229680882845039e-01 -8.241548405699005223e-03 1.000000000000000000e+00 2.071117093085825800e-25
4.466835921509567648e+07 -1.129261316646243962e-01 4.336257600434694631e-03 1.000000000000000000e+00 2.313199821727240005e-25
5.011872336272651702e+07 -9.069773512070752886e-02 1.259598856036486976e-02 1.000000000000000000e+00 2.565319555818185896e-25
5.623413251903410256e+07 -7.180297402869542656e-02 1.752955557264132894e-02 1.000000000000000000e+00 2.825345666719062010e-25
6.309573444801841676e+07 -5.600535569062128904e-02 1.997991186455700882e-02 1.000000000000000000e+00 3.090691419027522021e-25
7.079457843841277063e+07 -4.300727396741710340e-02 2.064220442598911978e-02 1.000000000000000000e+00 3.358207711351072866e-25
7.943282347242699564e+07 -3.248246626907976692e-02 2.007510532753806892e-02 1.000000000000000000e+00 3.624202374902646869e-25
8.912509381337325275e+07 -2.409955387241255118e-02 1.871729525190241050e-02 1.000000000000000000e+00 3.884646709560461005e-25
9.999999999999853969e+07 -1.753767232035501056e-02 1.690529400474544142e-02 1.000000000000000000e+00 4.135585866668320924e-25
1.122018454301947057e+08 -1.249607030790663917e-02 1.489028298175845005e-02 1.000000000000000000e+00 4.373705107803363555e-25
1.258925411794148982e+08 -8.699687815742936092e-03 1.285288766048878033e-02 1.000000000000000000e+00 4.596936258088706758e-25
1.412537544622732997e+08 -5.902344850120445734e-03 1.091586785660869988e-02 1.000000000000000000e+00 4.804943721585427966e-25
1.584893192461090088e+08 -3.888535148504289850e-03 9.155184944733567656e-03 1.000000000000000000e+00 4.999332433635394348e-25
1.778279410038895905e+08 -2.474192229638624146e-03 7.609983129030692232e-03 1.000000000000000000e+00 5.183479227734508816e-25
1.995262314968850017e+08 -1.506394978134826049e-03 6.291775581660339137e-03 1.000000000000000000e+00 5.361985123179532016e-25
2.238721138568305969e+08 -8.618919300391222589e-04 5.192790797314371723e-03 1.000000000000000000e+00 5.539840007672982841e-25
2.511886431509541869e+08 -4.444767859596253086e-04 4.293213726226209094e-03 1.000000000000000000e+00 5.721447422610699034e-25
2.818382931264411211e+08 -1.814793140546159058e-04 3.567039555868136824e-03 1.000000000000000000e+00 5.909663841760935570e-25
3.162277660168331265e+08 -1.979557705785187029e-05 2.986406019348344151e-03 1.000000000000000000e+00 6.104979181285997173e-25
3.548133892335699797e+08 7.809651747654366343e-05 2.524475254673484107e-03 1.000000000000000000e+00 6.304930693189381294e-25
3.981071705534911156e+08 1.377853384341530942e-04 2.157100163877752851e-03 1.000000000000000000e+00 6.503821609653597456e-25
4.466835921509562135e+08 1.760346231430607135e-04 1.863586525577656892e-03 1.000000000000000000e+00 6.692811379042483603e-25
5.011872336272644997e+08 2.032914880721240869e-04 1.626855222774146971e-03 1.000000000000000000e+00 6.860440346012218266e-25
5.623413251903402805e+08 2.256294966066811018e-04 1.433250483711509928e-03 1.000000000000000000e+00 6.993622923310268121e-25
6.309573444801833630e+08 2.462113693723703956e-04 1.272165261139084980e-03 1.000000000000000000e+00 7.079069551810013575e-25
7.079457843841267824e+08 2.663653775039530802e-04 1.135589194334046901e-03 1.000000000000000000e+00 7.104980864998524569e-25
7.943282347242689133e+08 2.863575936635513112e-04 1.017639474734966919e-03 1.000000000000000000e+00 7.062732691335890059e-25
8.912509381337313652e+08 3.059249109245407204e-04 9.141099208873562513e-04 1.000000000000000000e+00 6.948199298376540439e-25
9.999999999999840260e+08 3.246203420589188066e-04 8.220614898137547843e-04 1.000000000000000000e+00 6.762401129067988701e-25
