# freq_hz re(vout/vdiff) im(vout/vdiff) re(vdiff) im(vdiff)
1.000000000000000056e-01 6.301281997488236084e+04 2.499131676977189187e+01 1.000000000000159650e+00 6.330374489649102575e-17
1.122018454301963036e-01 6.301282611410609388e+04 1.541811431562912205e+01 1.000000000000126787e+00 3.102212365617696028e-17
1.258925411794167004e-01 6.301282930590825708e+04 6.049498742518085947e+00 1.000000000000100808e+00 9.668512299133580181e-18
1.412537544622753938e-01 6.301282972026306379e+04 -3.238844460026965244e+00 1.000000000000079936e+00 -4.111784600454233118e-18
1.584893192461112876e-01 6.301282737923628156e+04 -1.257016473354696373e+01 1.000000000000063505e+00 -1.267597087138684946e-17
1.778279410038922093e-01 6.301282215816037933e+04 -2.206828174773267293e+01 1.000000000000050404e+00 -1.767700901153003975e-17
1.995262314968878903e-01 6.301281377899555082e+04 -3.185922825787912060e+01 1.000000000000040190e+00 -2.027101592273827049e-17
2.238721138568338098e-01 6.301280179552344634e+04 -4.207292230384577891e+01 1.000000000000031752e+00 -2.126390100092658883e-17
2.511886431509577911e-01 6.301278556958504487e+04 -5.284489091800465133e+01 1.000000000000025313e+00 -2.121501138174996884e-17
2.818382931264450941e-01 6.301276423709726805e+04 -6.431806818756417954e+01 1.000000000000019984e+00 -2.051035867244419050e-17
3.162277660168377191e-01 6.301273666203915491e+04 -7.664469149443429785e+01 1.000000000000015987e+00 -1.941432715806721878e-17
3.548133892335750827e-01 6.301270137595687265e+04 -8.998832104534966447e+01 1.000000000000012657e+00 -1.810616244308249066e-17
3.981071705534969252e-01 6.301265649976753048e+04 -1.045260094218276095e+02 1.000000000000009992e+00 -1.670569829029975909e-17
4.466835921509625940e-01 6.301259964369722002e+04 -1.204506498428348635e+02 1.000000000000007994e+00 -1.529147611836714134e-17
5.011872336272716888e-01 6.301252778002727428e+04 -1.379735341655521381e+02 1.000000000000006439e+00 -1.391348910327024018e-17
5.623413251903484067e-01 6.301243708187306038e+04 -1.573271543775952068e+02 1.000000000000005107e+00 -1.260212987274886061e-17
6.309573444801924724e-01 6.301232271941388171e+04 -1.787682844870692804e+02 1.000000000000003997e+00 -1.137445864486949973e-17
7.079457843841370224e-01 6.301217860272783582e+04 -2.025813833273121247e+02 1.000000000000003109e+00 -1.023858160078872048e-17
7.943282347242804908e-01 6.301199705754494062e+04 -2.290823628957823530e+02 1.000000000000002442e+00 -9.196697835761890467e-18
8.912509381337443415e-01 6.301176841666572727e+04 -2.586227714769588601e+02 1.000000000000001998e+00 -8.247209466507224214e-18
9.999999999999985567e-01 6.301148050530812179e+04 -2.915944459922692999e+02 1.000000000000001554e+00 -7.386173611632196528e-18
1.122018454301962009e+00 6.301111799301010615e+04 -3.284346938075073581e+02 1.000000000000001332e+00 -6.608293005993812984e-18
1.258925411794165061e+00 6.301066157762978401e+04 -3.696320706338835862e+02 1.000000000000001110e+00 -5.907584049968347328e-18
1.412537544622751939e+00 6.301008695807494951e+04 -4.157328281932462914e+02 1.000000000000000888e+00 -5.277820115971105746e-18
1.584893192461110933e+00 6.300936354119354655e+04 -4.673481129692059426e+02 1.000000000000000666e+00 -4.712818971891964619e-18
1.778279410038920094e+00 6.300845281418128434e+04 -5.251620055869093449e+02 1.000000000000000444e+00 -4.206622719869328771e-18
1.995262314968875961e+00 6.300730629617687373e+04 -5.899404990545642704e+02 1.000000000000000444e+00 -3.753604201484863708e-18
2.238721138568334990e+00 6.300586296050860255e+04 -6.625415230792555121e+02 1.000000000000000222e+00 -3.348523626494517169e-18
2.511886431509574802e+00 6.300404599118674378e+04 -7.439261306404825973e+02 1.000000000000000222e+00 -2.986551995708041907e-18
2.818382931264447944e+00 6.300175870228903659e+04 -8.351709714988190854e+02 1.000000000000000222e+00 -2.663272827955442009e-18
3.162277660168371973e+00 6.299887940511440684e+04 -9.374821846195687840e+02 1.000000000000000222e+00 -2.374670142443430148e-18
3.548133892335747053e+00 6.299525495321537892e+04 -1.052210846534562506e+03 1.000000000000000222e+00 -2.117108149916654875e-18
3.981071705534962923e+00 6.299069262703230925e+04 -1.180870113878919710e+03 1.000000000000000000e+00 -1.887306356772467961e-18
4.466835921509620277e+00 6.298494993461985723e+04 -1.325154193439871960e+03 1.000000000000000000e+00 -1.682312564920232024e-18
5.011872336272709560e+00 6.297772179903503275e+04 -1.486959258751571042e+03 1.000000000000000000e+00 -1.499475400700602070e-18
5.623413251903476073e+00 6.296862447177840659e+04 -1.668406403859301008e+03 1.000000000000000000e+00 -1.336417418330949952e-18
6.309573444801915620e+00 6.295717534996619361e+04 -1.871866675678661977e+03 1.000000000000000000e+00 -1.191009419246601993e-18
7.079457843841360010e+00 6.294276767673755239e+04 -2.099988146964848966e+03 1.000000000000000000e+00 -1.061346353396145064e-18
7.943282347242792696e+00 6.292463886343905324e+04 -2.355724869068298176e+03 1.000000000000000000e+00 -9.457249832546543027e-19
8.912509381337429204e+00 6.290183088218836929e+04 -2.642367358983905888e+03 1.000000000000000000e+00 -8.426233687278857703e-19
9.999999999999969802e+00 6.287314083346411644e+04 -2.963574003275964969e+03 1.000000000000000000e+00 -7.506821520168912778e-19
1.122018454301960055e+01 6.283705939334790310e+04 -3.323402367479467102e+03 1.000000000000000000e+00 -6.686875724026432218e-19
1.258925411794163018e+01 6.279169439295496704e+04 -3.726338836460576204e+03 1.000000000000000000e+00 -5.955561123435917841e-19
1.412537544622749941e+01 6.273467629356885300e+04 -4.177324216235822860e+03 1.000000000000000000e+00 -5.303206616622992318e-19
1.584893192461107958e+01 6.266304182932696858e+04 -4.681771819007343765e+03 1.000000000000000000e+00 -4.721180813549151288e-19
1.778279410038917163e+01 6.257309166093923704e+04 -5.245573026773919082e+03 1.000000000000000000e+00 -4.201780495397520991e-19
1.995262314968872985e+01 6.246021763520155218e+04 -5.875083258464081155e+03 1.000000000000000000e+00 -3.738130771253628963e-19
2.238721138568331881e+01 6.231869537005104939e+04 -6.577078507472338970e+03 1.000000000000000000e+00 -3.324095884880165240e-19
2.511886431509570983e+01 6.214143869330138841e+04 -7.358669026530678821e+03 1.000000000000000000e+00 -2.954199718556330157e-19
2.818382931264443059e+01 6.191971442981215660e+04 -8.227152208202827751e+03 1.000000000000000000e+00 -2.623555145718875175e-19
3.162277660168367888e+01 6.164281985447800253e+04 -9.189781247449151124e+03 1.000000000000000000e+00 -2.327801495058051811e-19
3.548133892335741280e+01 6.129773178194989305e+04 -1.025342002979014069e+04 1.000000000000000000e+00 -2.063049501491254899e-19
3.981071705534957061e+01 6.086874702020676341e+04 -1.142404858566131043e+04 1.000000000000000000e+00 -1.825833228248398995e-19
4.466835921509613172e+01 6.033715026510018652e+04 -1.270607891642477989e+04 1.000000000000000000e+00 -1.613068539568325973e-19
5.011872336272701745e+01 5.968096887824057922e+04 -1.410144082290040933e+04 1.000000000000000000e+00 -1.422017769029975088e-19
5.623413251903466659e+01 5.887490504340299958e+04 -1.560840612359027909e+04 1.000000000000000000e+00 -1.250260238463503993e-19
6.309573444801905850e+01 5.789057316146349331e+04 -1.722014402857581081e+04 1.000000000000000000e+00 -1.095668199119229052e-19
7.079457843841348108e+01 5.669720849766457104e+04 -1.892304891482567837e+04 1.000000000000000000e+00 -9.563875428070945474e-20
7.943282347242779906e+01 5.526303959722587751e+04 -2.069496267905904824e+04 1.000000000000000000e+00 -8.308222193495740604e-20
8.912509381337414993e+01 5.355750999044268247e+04 -2.250353073567813044e+04 1.000000000000000000e+00 -7.176206784936715832e-20
9.999999999999954525e+01 5.155446320701432705e+04 -2.430507386373589179e+04 1.000000000000000000e+00 -6.156618844511986182e-20
1.122018454301958030e+02 4.923623612228057755e+04 -2.604449357445929854e+04 1.000000000000000000e+00 -5.240377207506902042e-20
1.258925411794160993e+02 4.659832276647267281e+04 -2.765679028164222109e+04 1.000000000000000000e+00 -4.420282819652347942e-20
1.412537544622747134e+02 4.365390504980322294e+04 -2.907067129755554924e+04 1.000000000000000000e+00 -3.690671722965413155e-20
1.584893192461105969e+02 4.043720133369201358e+04 -3.021437346552010058e+04 1.000000000000000000e+00 -3.046958669359104024e-20
1.778279410038913966e+02 3.700444563751269743e+04 -3.102323272005046965e+04 1.000000000000000000e+00 -2.485096805196722983e-20
1.995262314968869930e+02 3.343155521643654356e+04 -3.144781752303193934e+04 1.000000000000000000e+00 -2.001017621090079063e-20
2.238721138568328115e+02 2.980825740778871841e+04 -3.146092430280469853e+04 1.000000000000000000e+00 -1.590146341556314947e-20
2.511886431509566933e+02 2.622944721702913012e+04 -3.106169980807873071e+04 1.000000000000000000e+00 -1.247088858285385992e-20
2.818382931264438866e+02 2.278545339404379047e+04 -3.027577275276082946e+04 1.000000000000000000e+00 -9.655520309700730346e-21
3.162277660168363127e+02 1.955327052416227889e+04 -2.915136026533199038e+04 1.000000000000000000e+00 -7.384985943219088846e-21
3.548133892335736164e+02 1.659047768176333921e+04 -2.775240549858867962e+04 1.000000000000000000e+00 -5.584760811920899689e-21
3.981071705534951093e+02 1.393268087892328003e+04 -2.615046100686983118e+04 1.000000000000000000e+00 -4.180226189755679282e-21
4.466835921509606919e+02 1.159430566203819035e+04 -2.441704336169957969e+04 1.000000000000000000e+00 -3.100518037489921116e-21
5.011872336272695065e+02 9.571832140215672553e+03 -2.261767797280308878e+04 1.000000000000000000e+00 -2.281472993085149876e-21
5.623413251903459695e+02 7.848284681388265199e+03 -2.080815114821457973e+04 1.000000000000000000e+00 -1.667376593861682958e-21
6.309573444801897040e+02 6.397912204297671451e+03 -1.903287199662808052e+04 1.000000000000000000e+00 -1.211562820030155069e-21
7.079457843841338445e+02 5.190331017354444157e+03 -1.732488253001730845e+04 1.000000000000000000e+00 -8.761208740426446325e-22
7.943282347242768537e+02 4.193770839439444899e+03 -1.570693735914900935e+04 1.000000000000000000e+00 -6.310312185258610998e-22
8.912509381337401919e+02 3.377355171822520788e+03 -1.419312792097195961e+04 1.000000000000000000e+00 -4.530227660207036116e-22
9.999999999999939746e+02 2.712521841622125976e+03 -1.279066029916172010e+04 1.000000000000000000e+00 -3.243686032938419997e-22
1.122018454301957036e+03 2.173767718165297993e+03 -1.150153864870976031e+04 1.000000000000000000e+00 -2.317568612069074903e-22
1.258925411794158890e+03 1.738910453665309888e+03 -1.032402605704844973e+04 1.000000000000000000e+00 -1.653066688654032997e-22
1.412537544622744917e+03 1.389035664045580916e+03 -9.253837398353027311e+03 1.000000000000000000e+00 -1.177525464552562997e-22
1.584893192461102899e+03 1.108259848037238044e+03 -8.285069194159517792e+03 1.000000000000000000e+00 -8.379251814579917165e-23
1.778279410038911010e+03 8.834017090129299277e+02 -7.410897109698472377e+03 1.000000000000000000e+00 -5.958100317311184584e-23
1.995262314968865894e+03 7.036230571623209471e+02 -6.624081222727245404e+03 1.000000000000000000e+00 -4.234236919909062102e-23
2.238721138568324022e+03 5.600766392063086414e+02 -5.917319430667961569e+03 1.000000000000000000e+00 -3.008106698950904904e-23
2.511886431509562954e+03 4.455814652663328275e+02 -5.283485012300946437e+03 1.000000000000000000e+00 -2.136686666793223026e-23
2.818382931264433864e+03 3.543351033967321086e+02 -4.715778305697745964e+03 1.000000000000000000e+00 -1.517725841652314994e-23
3.162277660168357215e+03 2.816656589819008900e+02 -4.207816269167358769e+03 1.000000000000000000e+00 -1.078266967349118014e-23
3.548133892335728888e+03 2.238220338505205973e+02 -3.753678211806735817e+03 1.000000000000000000e+00 -7.663360300734995300e-24
3.981071705534944158e+03 1.777991321595899876e+02 -3.347921361638721919e+03 1.000000000000000000e+00 -5.449533477184891835e-24
4.466835921509598847e+03 1.411937346595395866e+02 -2.985576309413109811e+03 1.000000000000000000e+00 -3.878335757913659935e-24
5.011872336272685970e+03 1.120866256004548944e+02 -2.662129555854347018e+03 1.000000000000000000e+00 -2.763073283485354148e-24
5.623413251903449236e+03 8.894681329459469055e+01 -2.373498276422129948e+03 1.000000000000000000e+00 -1.971224327734627076e-24
6.309573444801885671e+03 7.055407066539854100e+01 -2.116000867175634085e+03 1.000000000000000000e+00 -1.408763303458048941e-24
7.079457843841326394e+03 5.593653146823636746e+01 -1.886325700262146938e+03 1.000000000000000000e+00 -1.009000664812019977e-24
7.943282347242755350e+03 4.432056791380942684e+01 -1.681499705837532929e+03 1.000000000000000000e+00 -7.246468534279159951e-25
8.912509381337387822e+03 3.509062509225427107e+01 -1.498857822169514975e+03 1.000000000000000000e+00 -5.221739888310101311e-25
9.999999999999923602e+03 2.775709233104496931e+01 -1.336013952398436004e+03 1.000000000000000000e+00 -3.778128859681944996e-25
1.122018454301954989e+04 2.193064287919068889e+01 -1.190833787658056963e+03 1.000000000000000000e+00 -2.747126832290442906e-25
1.258925411794156935e+04 1.730176145521269149e+01 -1.061409667334025016e+03 1.000000000000000000e+00 -2.009263017045550988e-25
1.412537544622743007e+04 1.362442534937204996e+01 -9.460375214157378423e+02 1.000000000000000000e+00 -1.479821097402475085e-25
1.584893192461100989e+04 1.070310747358410985e+01 -8.431958571065786145e+02 1.000000000000000000e+00 -1.098714803948669046e-25
1.778279410038908100e+04 8.382429163463159583e+00 -7.515267025007871098e+02 1.000000000000000000e+00 -8.233128158197780906e-26
1.995262314968862847e+04 6.538927056805687421e+00 -6.698183898061272430e+02 1.000000000000000000e+00 -6.233545237299872827e-26
2.238721138568321112e+04 5.074504402919086665e+00 -5.969900458385213824e+02 1.000000000000000000e+00 -4.773476839851089801e-26
2.511886431509559043e+04 3.911223679076778925e+00 -5.320776521239465637e+02 1.000000000000000000e+00 -3.700161584191945828e-26
2.818382931264429862e+04 2.987166379535409977e+00 -4.742215382502780017e+02 1.000000000000000000e+00 -2.904916294122380986e-26
3.162277660168351940e+04 2.253142329597507043e+00 -4.226551764811175076e+02 1.000000000000000000e+00 -2.310323843148312963e-26
3.548133892335723795e+04 1.670074180431408095e+00 -3.766951534633251981e+02 1.000000000000000000e+00 -1.861154575238266955e-26
3.981071705534937792e+04 1.206919093900316931e+00 -3.357322029581872016e+02 1.000000000000000000e+00 -1.517932524687403062e-26
4.466835921509592299e+04 8.390171874669567487e-01 -2.992231930106971731e+02 1.000000000000000000e+00 -1.252374981979643031e-26
5.011872336272677785e+04 5.467794033448513114e-01 -2.666839696409472253e+02 1.000000000000000000e+00 -1.044159208216355002e-26
5.623413251903439959e+04 3.146449342675867178e-01 -2.376829683883304085e+02 1.000000000000000000e+00 -8.786292385552138711e-27
6.309573444801875303e+04 1.302529745278195872e-01 -2.118355131621835028e+02 1.000000000000000000e+00 -7.451687607928759319e-27
7.079457843841314025e+04 -1.621524068753770961e-02 -1.887987298091360913e+02 1.000000000000000000e+00 -6.360459584750117863e-27
7.943282347242740798e+04 -1.325592000750193122e-01 -1.682670091779465054e+02 1.000000000000000000e+00 -5.455927967140702648e-27
8.912509381337370723e+04 -2.249743405841949928e-01 -1.499679608840937988e+02 1.000000000000000000e+00 -4.696214212268099296e-27
9.999999999999903957e+04 -2.983819102880723162e-01 -1.336588052403180882e+02 1.000000000000000000e+00 -4.050086660757379875e-27
1.122018454301953025e+05 -3.566910117795971114e-01 -1.191231562649350053e+02 1.000000000000000000e+00 -3.493997819931777326e-27
1.258925411794154934e+05 -4.030067386049268063e-01 -1.061681535577895943e+02 1.000000000000000000e+00 -3.009968013348390947e-27
1.412537544622741116e+05 -4.397955238814337808e-01 -9.462190543339670512e+01 1.000000000000000000e+00 -2.584069619177427851e-27
1.584893192461098079e+05 -4.690164751619975148e-01 -8.433120963775510859e+01 1.000000000000000000e+00 -2.205338008385649850e-27
1.778279410038905044e+05 -4.922256941508985073e-01 -7.515952157165685321e+01 1.000000000000000000e+00 -1.864985995763843051e-27
1.995262314968859137e+05 -5.106591453154218918e-01 -6.698514324318901458e+01 1.000000000000000000e+00 -1.555833981228528921e-27
2.238721138568317110e+05 -5.252984698033882349e-01 -5.969960897585254855e+01 1.000000000000000000e+00 -1.271893811065160967e-27
2.511886431509554095e+05 -5.369232595907761363e-01 -5.320624653311484309e+01 1.000000000000000000e+00 -1.008062129077529982e-27
2.818382931264425279e+05 -5.461525745130649812e-01 -4.741889463397910731e+01 1.000000000000000000e+00 -7.598916882507673000e-28
3.162277660168345901e+05 -5.534779079871499086e-01 -4.226075984261316165e+01 1.000000000000000000e+00 -5.234183615764493299e-28
3.548133892335718265e+05 -5.592893599082683354e-01 -3.766339771152041749e+01 1.000000000000000000e+00 -2.950276643216515842e-28
3.981071705534930807e+05 -5.638964114173276032e-01 -3.356580467259851019e+01 1.000000000000000000e+00 -7.134937685305938221e-29
4.466835921509583713e+05 -5.675444058198726438e-01 -2.991360863080418042e+01 1.000000000000000000e+00 1.508280862673647022e-28
5.011872336272670073e+05 -5.704276142213490219e-01 -2.665834753865084039e+01 1.000000000000000000e+00 3.746296453653873025e-28
5.623413251903430792e+05 -5.726995814301398813e-01 -2.375682637752765913e+01 1.000000000000000000e+00 6.031563032638732590e-28
6.309573444801864680e+05 -5.744813037049476545e-01 -2.117054402544795977e+01 1.000000000000000000e+00 8.395421105389649378e-28
7.079457843841302674e+05 -5.758676736248357075e-01 -1.886518240808388924e+01 1.000000000000000000e+00 1.087007995809451982e-27
7.943282347242728574e+05 -5.769325350766939531e-01 -1.681015115444676056e+01 1.000000000000000000e+00 1.348914627440731081e-27
8.912509381337357918e+05 -5.777326191739344807e-01 -1.497818172826178085e+01 1.000000000000000000e+00 1.628816262641677863e-27
9.999999999999889405e+05 -5.783105703290941646e-01 -1.334496564823897025e+01 1.000000000000000000e+00 1.930517362997333091e-27
1.122018454301950987e+06 -5.786972251688573543e-01 -1.188883200605240020e+01 1.000000000000000000e+00 2.258133884145205052e-27
1.258925411794153042e+06 -5.789132672284298398e-01 -1.059046001022089989e+01 1.000000000000000000e+00 2.616161298433731931e-27
1.412537544622737914e+06 -5.789703483925824345e-01 -9.432622756722855328e+00 1.000000000000000000e+00 3.009551845261924872e-27
1.584893192461095983e+06 -5.788717406558995249e-01 -8.399958839214491491e+00 1.000000000000000000e+00 3.443804036337724084e-27
1.778279410038901959e+06 -5.786125600841129923e-01 -7.478768795519749268e+00 1.000000000000000000e+00 3.925068343177117354e-27
1.995262314968856983e+06 -5.781795844879689117e-01 -6.656833716530753620e+00 1.000000000000000000e+00 4.460274104431322750e-27
2.238721138568312861e+06 -5.775506724186809659e-01 -5.923253660487374894e+00 1.000000000000000000e+00 5.057284328832445319e-27
2.511886431509550195e+06 -5.766937765637177860e-01 -5.268303780672401793e+00 1.000000000000000000e+00 5.725087143832351152e-27
2.818382931264420040e+06 -5.755655396253442913e-01 -4.683306346595096592e+00 1.000000000000000000e+00 6.474035422562541355e-27
3.162277660168340895e+06 -5.741094575509869680e-01 -4.160517062818142264e+00 1.000000000000000000e+00 7.316149644323013429e-27
3.548133892335711978e+06 -5.722536056986733399e-01 -3.693024322570593210e+00 1.000000000000000000e+00 8.265503358163529143e-27
3.981071705534923822e+06 -5.699079475974621056e-01 -3.274660242311333125e+00 1.000000000000000000e+00 9.338715718806822866e-27
4.466835921509576030e+06 -5.669612948740321290e-01 -2.899922527280034856e+00 1.000000000000000000e+00 1.055558094347117971e-26
5.011872336272660643e+06 -5.632780695343686528e-01 -2.563906408419507787e+00 1.000000000000000000e+00 1.193986943768336961e-26
5.623413251903420314e+06 -5.586951492524920848e-01 -2.262246053118277977e+00 1.000000000000000000e+00 1.352033772235028089e-26
6.309573444801853038e+06 -5.530192680626766499e-01 -1.991064981792991073e+00 1.000000000000000000e+00 1.533198112932873913e-26
7.079457843841289170e+06 -5.460257070034163496e-01 -1.746935065937736953e+00 1.000000000000000000e+00 1.741754891162976990e-26
7.943282347242713906e+06 -5.374593368798876725e-01 -1.526843600725571015e+00 1.000000000000000000e+00 1.982930843696841875e-26
8.912509381337340921e+06 -5.270394351320767390e-01 -1.328167657557306036e+00 1.000000000000000000e+00 2.263098318614099922e-26
9.999999999999871477e+06 -5.144699998602834112e-01 -1.148654353685609086e+00 1.000000000000000000e+00 2.589968851717292043e-26
1.122018454301949032e+07 -4.994573543526484860e-01 -9.864047661673114309e-01 1.000000000000000000e+00 2.972754420498355174e-26
1.258925411794150993e+07 -4.817364226523587201e-01 -8.398580177378655032e-01 1.000000000000000000e+00 3.422246404547530765e-26
1.412537544622736052e+07 -4.611058397872584980e-01 -7.077707799354779894e-01 1.000000000000000000e+00 3.950744938646254906e-26
1.584893192461092956e+07 -4.374698256356547854e-01 -5.891865961328879298e-01 1.000000000000000000e+00 4.571762673147520284e-26
1.778279410038898885e+07 -4.108815885322749106e-01 -4.833897878920949132e-01 1.000000000000000000e+00 5.299438993913835643e-26
1.995262314968853071e+07 -3.815796580325723775e-01 -3.898411042395408255e-01 1.000000000000000000e+00 6.147645615496826940e-26
2.238721138568310067e+07 -3.500064190401440123e-01 -3.080970466053513102e-01 1.000000000000000000e+00 7.128845885966149309e-26
2.511886431509545818e+07 -3.167990195629193928e-01 -2.377211497612740920e-01 1.000000000000000000e+00 8.252872604680742634e-26
2.818382931264415011e+07 -2.827478785813116735e-01 -1.782011899426698132e-01 1.000000000000000000e+00 9.525873128554904790e-26
3.162277660168335959e+07 -2.487264831564895973e-01 -1.288883462482590114e-01 1.000000000000000000e+00 1.094968328179396976e-25
3.548133892335704714e+07 -2.156050442284367930e-01 -8.897074790077202922e-02 1.000000000000000000e+00 1.252179627731139887e-25
3.981071705534917116e+07 -1.841658872777394984e-01 -5.748523731131136710e-02 1.000000000000000000e+00 1.423590105100542048e-25
4.466835921509567648e+07 -1.550375779956079947e-01 -3.336100498740680875e-02 1.000000000000000000e+00 1.608274591899609907e-25
5.011872336272651702e+07 -1.286582523607610884e-01 -1.548135029328046031e-02 1.000000000000000000e+00 1.805093956055674011e-25
5.623413251903410256e+07 -1.052697016263599988e-01 -2.747843423757593932e-03 1.000000000000000000e+00 2.012731254946444000e-25
6.309573444801841676e+07 -8.493628895323288019e-02 5.865698050042065896e-03 1.000000000000000000e+00 2.229664508968084205e-25
7.079457843841277063e+07 -6.757900330766578034e-02 1.127620718421470068e-02 1.000000000000000000e+00 2.454086219826823031e-25
7.943282347242699564e+07 -5.301493266680398775e-02 1.427242954818011035e-02 1.000000000000000000e+00 2.683810157931869027e-25
8.912509381337325275e+07 -4.099478934614572689e-02 1.551122591493078046e-02 1.000000000000000000e+00 2.916226307430517022e-25
9.999999999999853969e+07 -3.123423767259932149e-02 1.552453476351427046e-02 1.000000000000000000e+00 3.148367017649703152e-25
1.122018454301947057e+08 -2.343754523751249985e-02 1.473234749599407027e-02 1.000000000000000000e+00 3.377127268209294058e-25
1.258925411794148982e+08 -1.731400802136040876e-02 1.345797050718330022e-02 1.000000000000000000e+00 3.599640277542244784e-25
1.412537544622732997e+08 -1.258861689045064937e-02 1.194314797045276967e-02 1.000000000000000000e+00 3.813754305504566063e-25
1.584893192461090088e+08 -9.008679943031861273e-03 1.036186901976393973e-02 1.000000000000000000e+00 4.018504031437873229e-25
1.778279410038895905e+08 -6.347827828553002580e-03 8.832614433111868335e-03 1.000000000000000000e+00 4.214442730876923290e-25
1.995262314968850017e+08 -4.408288269700930649e-03 7.429285823046530117e-03 1.000000000000000000e+00 4.403717323410204893e-25
2.238721138568305969e+08 -3.021797409799724214e-03 6.191128920155014419e-03 1.000000000000000000e+00 4.589827222697623589e-25
2.511886431509541869e+08 -2.049213800166848828e-03 5.131768790532085199e-03 1.000000000000000000e+00 4.777087790713165908e-25
2.818382931264411211e+08 -1.378865923157227046e-03 4.247233512907983878e-03 1.000000000000000000e+00 4.969887050276711904e-25
3.162277660168331265e+08 -9.238075493981909086e-04 3.522720457343505966e-03 1.000000000000000000e+00 5.171856008454214350e-25
3.548133892335699797e+08 -6.183286438135538127e-04 2.937905931157439986e-03 1.000000000000000000e+00 5.385066484772141655e-25
3.981071705534911156e+08 -4.141587621858411079e-04 2.470759056484919929e-03 1.000000000000000000e+00 5.609343445708598822e-25
4.466835921509562135e+08 -2.767715051545192179e-04 2.099998717741909798e-03 1.000000000000000000e+00 5.841754750544719987e-25
5.011872336272644997e+08 -1.820859162386257032e-04 1.806455834034273065e-03 1.000000000000000000e+00 6.076334500023865377e-25
5.623413251903402805e+08 -1.137206500194116033e-04 1.573647829198425918e-03 1.000000000000000000e+00 6.304105747248652174e-25
6.309573444801833630e+08 -6.083445815670562195e-05 1.387851606435043950e-03 1.000000000000000000e+00 6.513478311195306635e-25
7.079457843841267824e+08 -1.650281710145327008e-05 1.237903969093558055e-03 1.000000000000000000e+00 6.691083575328695804e-25
7.943282347242689133e+08 2.346356070525535014e-05 1.114889796516432005e-03 1.000000000000000000e+00 6.823048737318455894e-25
8.912509381337313652e+08 6.136534664307605256e-05 1.011814455015466914e-03 1.000000000000000000e+00 6.896603713226539553e-25
9.999999999999840260e+08 9.822477051689297892e-05 9.233057223008468706e-04 1.000000000000000000e+00 6.901781160689511054e-25
