# freq_hz re(vout/vdiff) im(vout/vdiff) re(vdiff) im(vdiff)
1.000000000000000056e-01 6.301282044380015577e+04 2.499131716050069940e+01 1.000000000000159650e+00 6.330374588621865882e-17
1.122018454301963036e-01 6.301282658302142227e+04 1.541811456226708188e+01 1.000000000000126787e+00 3.102212415242657740e-17
1.258925411794167004e-01 6.301282977482035494e+04 6.049498848339322166e+00 1.000000000000100808e+00 9.668512468260638962e-18
1.412537544622753938e-01 6.301283018917103618e+04 -3.238844493616267251e+00 1.000000000000079936e+00 -4.111784643096593914e-18
1.584893192461112876e-01 6.301282784813902981e+04 -1.257016490698966393e+01 1.000000000000063505e+00 -1.267597104628945937e-17
1.778279410038922093e-01 6.301282262705646281e+04 -2.206828206332613362e+01 1.000000000000050404e+00 -1.767700926432491103e-17
1.995262314968878903e-01 6.301281424788315780e+04 -3.185922871980522331e+01 1.000000000000040190e+00 -2.027101621664718856e-17
2.238721138568338098e-01 6.301280226440041588e+04 -4.207292291822577823e+01 1.000000000000031752e+00 -2.126390131143783037e-17
2.511886431509577911e-01 6.301278603844854661e+04 -5.284489169297923183e+01 1.000000000000025313e+00 -2.121501169286981966e-17
2.818382931264450941e-01 6.301276470594383863e+04 -6.431806913340045639e+01 1.000000000000019984e+00 -2.051035897406148140e-17
3.162277660168377191e-01 6.301273713086435600e+04 -7.664469262365955160e+01 1.000000000000015987e+00 -1.941432744410331119e-17
3.548133892335750827e-01 6.301270184475518181e+04 -8.998832237291517799e+01 1.000000000000012657e+00 -1.810616271019622891e-17
3.981071705534969252e-01 6.301265696853197733e+04 -1.045260109653029161e+02 1.000000000000009992e+00 -1.670569853698318011e-17
4.466835921509625940e-01 6.301260011241901520e+04 -1.204506516226353625e+02 1.000000000000007994e+00 -1.529147634431673089e-17
5.011872336272716888e-01 6.301252824869539472e+04 -1.379735362052018388e+02 1.000000000000006439e+00 -1.391348930895203941e-17
5.623413251903484067e-01 6.301243755047357990e+04 -1.573271567040281127e+02 1.000000000000005107e+00 -1.260213005909946004e-17
6.309573444801924724e-01 6.301232318792928709e+04 -1.787682871309706911e+02 1.000000000000003997e+00 -1.137445881309255010e-17
7.079457843841370224e-01 6.301217907113607362e+04 -2.025813863235037218e+02 1.000000000000003109e+00 -1.023858175221798992e-17
7.943282347242804908e-01 6.301199752581828943e+04 -2.290823662836525614e+02 1.000000000000002442e+00 -9.196697971770697983e-18
8.912509381337443415e-01 6.301176888476929889e+04 -2.586227753009415551e+02 1.000000000000001998e+00 -8.247209588450030115e-18
9.999999999999985567e-01 6.301148097319790395e+04 -2.915944503023695802e+02 1.000000000000001554e+00 -7.386173720808311732e-18
1.122018454301962009e+00 6.301111846063072153e+04 -3.284346986598774265e+02 1.000000000000001332e+00 -6.608293103626263094e-18
1.258925411794165061e+00 6.301066204491163080e+04 -3.696320760914422294e+02 1.000000000000001110e+00 -5.907584137192884049e-18
1.412537544622751939e+00 6.301008742493029422e+04 -4.157328343263365014e+02 1.000000000000000888e+00 -5.277820193832040707e-18
1.584893192461110933e+00 6.300936400751197652e+04 -4.673481198562785153e+02 1.000000000000000666e+00 -4.712819041342394327e-18
1.778279410038920094e+00 6.300845327982385061e+04 -5.251620133152110839e+02 1.000000000000000444e+00 -4.206622781774129817e-18
1.995262314968875961e+00 6.300730676096860407e+04 -5.899405077207959494e+02 1.000000000000000444e+00 -3.753604256625345811e-18
2.238721138568334990e+00 6.300586342422944290e+04 -6.625415327901547471e+02 1.000000000000000222e+00 -3.348523675573969855e-18
2.511886431509574802e+00 6.300404645355952380e+04 -7.439261415132400543e+02 1.000000000000000222e+00 -2.986552039357612063e-18
2.818382931264447944e+00 6.300175916296503419e+04 -8.351709836612334357e+02 1.000000000000000222e+00 -2.663272866740108889e-18
3.162277660168371973e+00 6.299887986365478719e+04 -9.374821982097613500e+02 1.000000000000000222e+00 -2.374670176867790093e-18
3.548133892335747053e+00 6.299525540906807873e+04 -1.052210861700011492e+03 1.000000000000000222e+00 -2.117108180430400972e-18
3.981071705534962923e+00 6.299069307950270741e+04 -1.180870130774466816e+03 1.000000000000000000e+00 -1.887306383775499148e-18
4.466835921509620277e+00 6.298495038283422764e+04 -1.325154212224203093e+03 1.000000000000000000e+00 -1.682312588767356018e-18
5.011872336272709560e+00 6.297772224189463304e+04 -1.486959279581466035e+03 1.000000000000000000e+00 -1.499475421705826920e-18
5.623413251903476073e+00 6.296862490790196898e+04 -1.668406426880623030e+03 1.000000000000000000e+00 -1.336417436771359006e-18
6.309573444801915620e+00 6.295717577761774737e+04 -1.871866701012663043e+03 1.000000000000000000e+00 -1.191009435365823078e-18
7.079457843841360010e+00 6.294276809373645665e+04 -2.099988174687753144e+03 1.000000000000000000e+00 -1.061346367407462980e-18
7.943282347242792696e+00 6.292463926704764162e+04 -2.355724899181308956e+03 1.000000000000000000e+00 -9.457249953437679860e-19
8.912509381337429204e+00 6.290183126897204056e+04 -2.642367391369582037e+03 1.000000000000000000e+00 -8.426233790553392963e-19
9.999999999999969802e+00 6.287314119911797752e+04 -2.963574037635346940e+03 1.000000000000000000e+00 -7.506821607202249337e-19
1.122018454301960055e+01 6.283705973248218652e+04 -3.323402403242015225e+03 1.000000000000000000e+00 -6.686875795982716725e-19
1.258925411794163018e+01 6.279169469883170677e+04 -3.726338872655981049e+03 1.000000000000000000e+00 -5.955561181284632616e-19
1.412537544622749941e+01 6.273467655777980690e+04 -4.177324251312416891e+03 1.000000000000000000e+00 -5.303206661153504786e-19
1.584893192461107958e+01 6.266304204140409274e+04 -4.681771850576212273e+03 1.000000000000000000e+00 -4.721180845383741933e-19
1.778279410038917163e+01 6.257309180788834783e+04 -5.245573051250101344e+03 1.000000000000000000e+00 -4.201780515003288972e-19
1.995262314968872985e+01 6.246021770095336979e+04 -5.875083270566183273e+03 1.000000000000000000e+00 -3.738130778953803103e-19
2.238721138568331881e+01 6.231869533482840052e+04 -6.577078499529055080e+03 1.000000000000000000e+00 -3.324095880865566197e-19
2.511886431509570983e+01 6.214143853291284904e+04 -7.358668987526588353e+03 1.000000000000000000e+00 -2.954199702897792189e-19
2.818382931264443059e+01 6.191971411490054015e+04 -8.227152122477136800e+03 1.000000000000000000e+00 -2.623555118381805210e-19
3.162277660168367888e+01 6.164281934978203935e+04 -9.189781092940358576e+03 1.000000000000000000e+00 -2.327801455920449891e-19
3.548133892335741280e+01 6.129773104568546842e+04 -1.025341977570120071e+04 1.000000000000000000e+00 -2.063049450367013117e-19
3.981071705534957061e+01 6.086874600374291913e+04 -1.142404818940920995e+04 1.000000000000000000e+00 -1.825833164917911985e-19
4.466835921509613172e+01 6.033714891320442257e+04 -1.270607831974863984e+04 1.000000000000000000e+00 -1.613068463818764996e-19
5.011872336272701745e+01 5.968096713029709645e+04 -1.410143994705210025e+04 1.000000000000000000e+00 -1.422017680707629026e-19
5.623413251903466659e+01 5.887490283616275701e+04 -1.560840486365065954e+04 1.000000000000000000e+00 -1.250260137540128120e-19
6.309573444801905850e+01 5.789057043404046271e+04 -1.722014224716540048e+04 1.000000000000000000e+00 -1.095668085773168092e-19
7.079457843841348108e+01 5.669720519959714875e+04 -1.892304643585066879e+04 1.000000000000000000e+00 -9.563874175174667874e-20
7.943282347242779906e+01 5.526303570037444297e+04 -2.069495928267230920e+04 1.000000000000000000e+00 -8.308220829978067378e-20
8.912509381337414993e+01 5.355750550515089708e+04 -2.250352615630672881e+04 1.000000000000000000e+00 -7.176205324608966074e-20
9.999999999999954525e+01 5.155445808810926246e+04 -2.430506765569579875e+04 1.000000000000000000e+00 -6.156617271978015916e-20
1.122018454301958030e+02 4.923623065103468252e+04 -2.604448553472822823e+04 1.000000000000000000e+00 -5.240375589842694834e-20
1.258925411794160993e+02 4.659831727240457258e+04 -2.765678020969184945e+04 1.000000000000000000e+00 -4.420281209888712821e-20
1.412537544622747134e+02 4.365389980221864971e+04 -2.907065873437960909e+04 1.000000000000000000e+00 -3.690670128004328734e-20
1.584893192461105969e+02 4.043719685795224359e+04 -3.021435831418227099e+04 1.000000000000000000e+00 -3.046957141425792929e-20
1.778279410038913966e+02 3.700444239689839742e+04 -3.102321442363697861e+04 1.000000000000000000e+00 -2.485095339572463957e-20
1.995262314968869930e+02 3.343155392499604932e+04 -3.144779639434472847e+04 1.000000000000000000e+00 -2.001016276674806990e-20
2.238721138568328115e+02 2.980825869218424850e+04 -3.146090054594734102e+04 1.000000000000000000e+00 -1.590145140798907894e-20
2.511886431509566933e+02 2.622945163792690073e+04 -3.106167379834143139e+04 1.000000000000000000e+00 -1.247087814024467021e-20
2.818382931264438866e+02 2.278546138907973000e+04 -3.027574500524042014e+04 1.000000000000000000e+00 -9.655511460464116838e-21
3.162277660168363127e+02 1.955328236938436021e+04 -2.915133138335241892e+04 1.000000000000000000e+00 -7.384978626448519131e-21
3.548133892335736164e+02 1.659049353225251980e+04 -2.775237601173240910e+04 1.000000000000000000e+00 -5.584754878096136735e-21
3.981071705534951093e+02 1.393270058964557029e+04 -2.615043168077935115e+04 1.000000000000000000e+00 -4.180221501860361278e-21
4.466835921509606919e+02 1.159432911343916021e+04 -2.441701460768143079e+04 1.000000000000000000e+00 -3.100514386217689874e-21
5.011872336272695065e+02 9.571859000725926307e+03 -2.261765027867414028e+04 1.000000000000000000e+00 -2.281470199500992925e-21
5.623413251903459695e+02 7.848314568795764899e+03 -2.080812486457483828e+04 1.000000000000000000e+00 -1.667374487677137020e-21
6.309573444801897040e+02 6.397944799499815417e+03 -1.903284729141918069e+04 1.000000000000000000e+00 -1.211561247330641984e-21
7.079457843841338445e+02 5.190365900584636620e+03 -1.732485956801941938e+04 1.000000000000000000e+00 -8.761197127880811605e-22
7.943282347242768537e+02 4.193807682554412168e+03 -1.570691617442202914e+04 1.000000000000000000e+00 -6.310303673497924811e-22
8.912509381337401919e+02 3.377393636761551079e+03 -1.419310851591050050e+04 1.000000000000000000e+00 -4.530221465585483335e-22
9.999999999999939746e+02 2.712561671804176058e+03 -1.279064260919093067e+04 1.000000000000000000e+00 -3.243681545879173831e-22
1.122018454301957036e+03 2.173808653113057971e+03 -1.150152260133874915e+04 1.000000000000000000e+00 -2.317565377472868113e-22
1.258925411794158890e+03 1.738952302367556058e+03 -1.032401154648990087e+04 1.000000000000000000e+00 -1.653064364095932037e-22
1.412537544622744917e+03 1.389078249443555023e+03 -9.253824317476815850e+03 1.000000000000000000e+00 -1.177523798742968897e-22
1.584893192461102899e+03 1.108303029296434943e+03 -8.285057429136810242e+03 1.000000000000000000e+00 -8.379239901259464266e-23
1.778279410038911010e+03 8.834453678696612542e+02 -7.410886548633012353e+03 1.000000000000000000e+00 -5.958091810191679704e-23
1.995262314968865894e+03 7.036670992166011729e+02 -6.624071756672178708e+03 1.000000000000000000e+00 -4.234230850557769269e-23
2.238721138568324022e+03 5.601209907815358520e+02 -5.917310955646327784e+03 1.000000000000000000e+00 -3.008102369945019794e-23
2.511886431509562954e+03 4.456260608046442826e+02 -5.283477432798902555e+03 1.000000000000000000e+00 -2.136683578317552043e-23
2.818382931264433864e+03 3.543798976739458908e+02 -4.715771531632599363e+03 1.000000000000000000e+00 -1.517723635412585051e-23
3.162277660168357215e+03 2.817106094995795047e+02 -4.207810219356630114e+03 1.000000000000000000e+00 -1.078265387780053024e-23
3.548133892335728888e+03 2.238671090258991114e+02 -3.753672811714890031e+03 1.000000000000000000e+00 -7.663348947271704040e-24
3.981071705534944158e+03 1.778443076387382007e+02 -3.347916543536752215e+03 1.000000000000000000e+00 -5.449525265634089088e-24
4.466835921509598847e+03 1.412389894846716061e+02 -2.985572012388071016e+03 1.000000000000000000e+00 -3.878329762097029877e-24
5.011872336272685970e+03 1.121319431417886960e+02 -2.662125725062269794e+03 1.000000000000000000e+00 -2.763068842733563074e-24
5.623413251903449236e+03 8.899218173995146230e+01 -2.373494862321956134e+03 1.000000000000000000e+00 -1.971220970958062848e-24
6.309573444801885671e+03 7.059947881061449948e+01 -2.115997825645907142e+03 1.000000000000000000e+00 -1.408760693515592993e-24
7.079457843841326394e+03 5.598197145821386300e+01 -1.886322991629918988e+03 1.000000000000000000e+00 -1.008998559653510055e-24
7.943282347242755350e+03 4.436603332347284123e+01 -1.681497294688092097e+03 1.000000000000000000e+00 -7.246450778753297943e-25
8.912509381337387822e+03 3.513611040393394802e+01 -1.498855676924428053e+03 1.000000000000000000e+00 -5.221724150836786078e-25
9.999999999999923602e+03 2.780259352422919150e+01 -1.336012044855220893e+03 1.000000000000000000e+00 -3.778114191334231093e-25
1.122018454301954989e+04 2.197615695527877122e+01 -1.190832092610731934e+03 1.000000000000000000e+00 -2.747112519063478150e-25
1.258925411794156935e+04 1.734728545717750947e+01 -1.061408162515129106e+03 1.000000000000000000e+00 -2.009248494254995922e-25
1.412537544622743007e+04 1.366995738215200085e+01 -9.460361869075273944e+02 1.000000000000000000e+00 -1.479805911425666988e-25
1.584893192461100989e+04 1.074864584873217943e+01 -8.431946752767189537e+02 1.000000000000000000e+00 -1.098698567074335981e-25
1.778279410038908100e+04 8.427972561963041898e+00 -7.515256577161974292e+02 1.000000000000000000e+00 -8.232951809425174548e-26
1.995262314968862847e+04 6.584474481469479556e+00 -6.698174682297359368e+02 1.000000000000000000e+00 -6.233351634041745593e-26
2.238721138568321112e+04 5.120054989451941374e+00 -5.969892352680393515e+02 1.000000000000000000e+00 -4.773262758058577102e-26
2.511886431509559043e+04 3.956776777983500804e+00 -5.320769418242929305e+02 1.000000000000000000e+00 -3.699923709911260180e-26
2.818382931264429862e+04 3.032721487396082161e+00 -4.742209187980747060e+02 1.000000000000000000e+00 -2.904651144348570162e-26
3.162277660168351940e+04 2.298699009858781839e+00 -4.226546396773056244e+02 1.000000000000000000e+00 -2.310027657789162112e-26
3.548133892335723795e+04 1.715632101486201933e+00 -3.766946921820517105e+02 1.000000000000000000e+00 -1.860823266635226927e-26
3.981071705534937792e+04 1.252477986061866000e+00 -3.357318110885452143e+02 1.000000000000000000e+00 -1.517561574100768088e-26
4.466835921509592299e+04 8.845768434485634657e-01 -2.992228653499976190e+02 1.000000000000000000e+00 -1.251959386424255067e-26
5.011872336272677785e+04 5.923396400154253838e-01 -2.666837018469553868e+02 1.000000000000000000e+00 -1.043693394046439010e-26
5.623413251903439959e+04 3.602056058723092091e-01 -2.376827569115320102e+02 1.000000000000000000e+00 -8.781069817606336706e-27
6.309573444801875303e+04 1.758139675220750930e-01 -2.118353551880499879e+02 1.000000000000000000e+00 -7.445831075985518003e-27
7.079457843841314025e+04 2.934596476379637900e-02 -1.887986232477281874e+02 1.000000000000000000e+00 -6.353891143918586748e-27
7.943282347242740798e+04 -8.699787735828713731e-02 -1.682669526190013869e+02 1.000000000000000000e+00 -5.448560305138216656e-27
8.912509381337370723e+04 -1.794129854326398099e-01 -1.499679535729096074e+02 1.000000000000000000e+00 -4.687949510044549925e-27
9.999999999999903957e+04 -2.528206085102576162e-01 -1.336588470827176138e+02 1.000000000000000000e+00 -4.040815180973261123e-27
1.122018454301953025e+05 -3.111298496524516066e-01 -1.191232478125081968e+02 1.000000000000000000e+00 -3.483596533301171125e-27
1.258925411794154934e+05 -3.574458126219717813e-01 -1.061682960261298945e+02 1.000000000000000000e+00 -2.998298923935547008e-27
1.412537544622741116e+05 -3.942349415735370011e-01 -9.462210071227985964e+01 1.000000000000000000e+00 -2.570977929216842111e-27
1.584893192461098079e+05 -4.234563625082046201e-01 -8.433146031705199164e+01 1.000000000000000000e+00 -2.190650085530120964e-27
1.778279410038905044e+05 -4.466662031013031164e-01 -7.515983097725661821e+01 1.000000000000000000e+00 -1.848507076836303099e-27
1.995262314968859137e+05 -4.651004598219974917e-01 -6.698551547741023171e+01 1.000000000000000000e+00 -1.537345612625445004e-27
2.238721138568317110e+05 -4.797408168572077081e-01 -5.970004897280084322e+01 1.000000000000000000e+00 -1.251150968567780070e-27
2.511886431509554095e+05 -4.913669218620833057e-01 -5.320676012864358029e+01 1.000000000000000000e+00 -9.847899769286746347e-28
2.818382931264425279e+05 -5.005979039283492416e-01 -4.741948863389009716e+01 1.000000000000000000e+00 -7.337820362548381721e-28
3.162277660168345901e+05 -5.079253453483824066e-01 -4.226144211891867997e+01 1.000000000000000000e+00 -4.941256027878703679e-28
3.548133892335718265e+05 -5.137394584035209766e-01 -3.766417730372062067e+01 1.000000000000000000e+00 -2.621643081346140024e-28
3.981071705534930807e+05 -5.183498655212745998e-01 -3.356669190390382340e+01 1.000000000000000000e+00 -3.448106216106687210e-29
4.466835921509583713e+05 -5.220020885641876163e-01 -2.991461524544548922e+01 1.000000000000000000e+00 1.921881663484732943e-28
5.011872336272670073e+05 -5.248906233464172288e-01 -2.665948685204467949e+01 1.000000000000000000e+00 4.210269001601650147e-28
5.623413251903430792e+05 -5.271692976878559200e-01 -2.375811344905529054e+01 1.000000000000000000e+00 6.552015757187993894e-28
6.309573444801864680e+05 -5.289594640478931797e-01 -2.117199585204230061e+01 1.000000000000000000e+00 8.979192078210425769e-28
7.079457843841302674e+05 -5.303564628872559084e-01 -1.886681813795495088e+01 1.000000000000000000e+00 1.152481936554477035e-27
7.943282347242728574e+05 -5.314347015213440883e-01 -1.681199232830688928e+01 1.000000000000000000e+00 1.422340647109840008e-27
8.912509381337357918e+05 -5.322516191432402621e-01 -1.498025254500958958e+01 1.000000000000000000e+00 1.711149535868787897e-27
9.999999999999889405e+05 -5.328507500637731376e-01 -1.334729325947743916e+01 1.000000000000000000e+00 2.022823391026185882e-27
1.122018454301950987e+06 -5.332640481434895996e-01 -1.189144683549391956e+01 1.000000000000000000e+00 2.361599400275919009e-27
1.258925411794153042e+06 -5.335135990452438692e-01 -1.059339610295105949e+01 1.000000000000000000e+00 2.732105482455025968e-27
1.412537544622737914e+06 -5.336128127023950229e-01 -9.435918153836135858e+00 1.000000000000000000e+00 3.139437442305858045e-27
1.584893192461095983e+06 -5.335671629950330397e-01 -8.403655972919956696e+00 1.000000000000000000e+00 3.589247801365302791e-27
1.778279410038901959e+06 -5.333745200267462350e-01 -7.482914898650374624e+00 1.000000000000000000e+00 4.087849919339296701e-27
1.995262314968856983e+06 -5.330251006668499381e-01 -6.661481235008491097e+00 1.000000000000000000e+00 4.642342041395135709e-27
2.238721138568312861e+06 -5.325010484841323777e-01 -5.928460647945425599e+00 1.000000000000000000e+00 5.260757362469287310e-27
2.511886431509550195e+06 -5.317756410095756392e-01 -5.274134249074060143e+00 1.000000000000000000e+00 5.952248096220669774e-27
2.818382931264420040e+06 -5.308121152471662052e-01 -4.689830531034814065e+00 1.000000000000000000e+00 6.727314042980901982e-27
3.162277660168340895e+06 -5.295620982208715244e-01 -4.167811543019363185e+00 1.000000000000000000e+00 7.598089355980898821e-27
3.548133892335711978e+06 -5.279636361252939558e-01 -3.701171920819961159e+00 1.000000000000000000e+00 8.578705168367546339e-27
3.981071705534923822e+06 -5.259388335807210213e-01 -3.283749588531247099e+00 1.000000000000000000e+00 9.685750455940281743e-27
4.466835921509576030e+06 -5.233911536409665555e-01 -2.910047148608152945e+00 1.000000000000000000e+00 1.093885861765393964e-26
5.011872336272660643e+06 -5.202024953788879635e-01 -2.575163158593023027e+00 1.000000000000000000e+00 1.236145208647778961e-26
5.623413251903420314e+06 -5.162302732184255172e-01 -2.274732656940035014e+00 1.000000000000000000e+00 1.398168017014900925e-26
6.309573444801853038e+06 -5.113048829576289922e-01 -2.004876435592677808e+00 1.000000000000000000e+00 1.583358364679438091e-26
7.079457843841289170e+06 -5.052281621170972015e-01 -1.762158620754624039e+00 1.000000000000000000e+00 1.795850845428469972e-26
7.943282347242713906e+06 -4.977737385323863784e-01 -1.543552088020351931e+00 1.000000000000000000e+00 2.040676350202224929e-26
8.912509381337340921e+06 -4.886904869396254125e-01 -1.346411029409170013e+00 1.000000000000000000e+00 2.323946455620785889e-26
9.999999999999871477e+06 -4.777106095227917071e-01 -1.168449541866342978e+00 1.000000000000000000e+00 2.653041770744874220e-26
1.122018454301949032e+07 -4.645639858195967919e-01 -1.007724354483142015e+00 1.000000000000000000e+00 3.036776528926630755e-26
1.258925411794150993e+07 -4.490001874637568058e-01 -8.626187763356926164e-01 1.000000000000000000e+00 3.485495016828742966e-26
1.412537544622736052e+07 -4.308186364579594807e-01 -7.318237699611738201e-01 1.000000000000000000e+00 4.011038191823823874e-26
1.584893192461092956e+07 -4.099055744526666212e-01 -6.143111485784057413e-01 1.000000000000000000e+00 4.626507934857156778e-26
1.778279410038898885e+07 -3.862737955320000860e-01 -5.092939053928209336e-01 1.000000000000000000e+00 5.345762825431105512e-26
1.995262314968853071e+07 -3.600979886068537139e-01 -4.161703878440931037e-01 1.000000000000000000e+00 6.182615167865195664e-26
2.238721138568310067e+07 -3.317362058470222919e-01 -3.344528895708258065e-01 1.000000000000000000e+00 7.149770344018016756e-26
2.511886431509545818e+07 -3.017280344285597771e-01 -2.636868008374773087e-01 1.000000000000000000e+00 8.257645752016768443e-26
2.818382931264415011e+07 -2.707637552981974061e-01 -2.033719881338290902e-01 1.000000000000000000e+00 9.513293812868095591e-26
3.162277660168335959e+07 -2.396259070579039863e-01 -1.529009122411756072e-01 1.000000000000000000e+00 1.091968157676046037e-25
3.548133892335704714e+07 -2.091129443449391001e-01 -1.115259657007833943e-01 1.000000000000000000e+00 1.247550726732602034e-25
3.981071705534917116e+07 -1.799605157239362874e-01 -7.836157296396309424e-02 1.000000000000000000e+00 1.417556309975803103e-25
4.466835921509567648e+07 -1.527764576367154070e-01 -5.241737319216265706e-02 1.000000000000000000e+00 1.601144334113140992e-25
5.011872336272651702e+07 -1.280007000908703896e-01 -3.265124109711641659e-02 1.000000000000000000e+00 1.797224462196741043e-25
5.623413251903410256e+07 -1.058934202039204936e-01 -1.802789365128869975e-02 1.000000000000000000e+00 2.004489751775818927e-25
6.309573444801841676e+07 -8.654748978642988477e-02 -7.570707461545034267e-03 1.000000000000000000e+00 2.221393009201006056e-25
7.079457843841277063e+07 -6.991699674546840437e-02 -3.992373971428140093e-04 1.000000000000000000e+00 2.446074539588110032e-25
7.943282347242699564e+07 -5.585284791404308835e-02 4.249761858806724857e-03 1.000000000000000000e+00 2.676279419166748161e-25
8.912509381337325275e+07 -4.413815813565537954e-02 7.016038787067893981e-03 1.000000000000000000e+00 2.909323075396350052e-25
9.999999999999853969e+07 -3.451883768632874744e-02 8.420452831378214681e-03 1.000000000000000000e+00 3.142166783840009965e-25
1.122018454301947057e+08 -2.672738385988572898e-02 8.876259693421043734e-03 1.000000000000000000e+00 3.371645156225857210e-25
1.258925411794148982e+08 -2.049979797298617096e-02 8.703465681317636496e-03 1.000000000000000000e+00 3.594846395187987046e-25
1.412537544622732997e+08 -1.558665555186516949e-02 8.143707622515667516e-03 1.000000000000000000e+00 3.809590911847890023e-25
1.584893192461090088e+08 -1.175976135453392010e-02 7.374207119480432303e-03 1.000000000000000000e+00 4.014901664385028988e-25
1.778279410038895905e+08 -8.815729821130227628e-03 6.520213541477533348e-03 1.000000000000000000e+00 4.211332846508772766e-25
1.995262314968850017e+08 -6.577484371031701652e-03 5.665876556106870868e-03 1.000000000000000000e+00 4.401039956514931558e-25
2.238721138568305969e+08 -4.894286500911674415e-03 4.863688474997763904e-03 1.000000000000000000e+00 4.587533535630633743e-25
2.511886431509541869e+08 -3.640639398451169829e-03 4.142618027594774377e-03 1.000000000000000000e+00 4.775138688999000283e-25
2.818382931264411211e+08 -2.714307601885841952e-03 3.514967301071269829e-03 1.000000000000000000e+00 4.968249803454020954e-25
3.162277660168331265e+08 -2.033706171760166995e-03 2.981936242663802816e-03 1.000000000000000000e+00 5.170500795411591185e-25
3.548133892335699797e+08 -1.534951872810792935e-03 2.537911895414887969e-03 1.000000000000000000e+00 5.383964117843562772e-25
3.981071705534911156e+08 -1.168868327141533037e-03 2.173582741943258859e-03 1.000000000000000000e+00 5.608464627000105161e-25
4.466835921509562135e+08 -8.981809155433017038e-04 1.878058811702423966e-03 1.000000000000000000e+00 5.841070486146863019e-25
5.011872336272644997e+08 -6.950487786020730909e-04 1.640219197795010023e-03 1.000000000000000000e+00 6.075816980248253985e-25
5.623413251903402805e+08 -5.389940236941085207e-04 1.449504901516014948e-03 1.000000000000000000e+00 6.303729082992835681e-25
6.309573444801833630e+08 -4.152233190220861923e-04 1.296341790210454046e-03 1.000000000000000000e+00 6.513218838492006593e-25
7.079457843841267824e+08 -3.132985385757464949e-04 1.172334750598550898e-03 1.000000000000000000e+00 6.690919765919833564e-25
7.943282347242689133e+08 -2.260952716946368097e-04 1.070331708013654969e-03 1.000000000000000000e+00 6.822960956233563344e-25
8.912509381337313652e+08 -1.489840381229754070e-04 9.844192677369377042e-04 1.000000000000000000e+00 6.896574071146605814e-25
9.999999999999840260e+08 -7.917504861550459351e-05 9.098812829472249742e-04 1.000000000000000000e+00 6.901793587835197117e-25
