# time_s vout_v
0.000000000000000000e+00 9.850112790589946599e-01
5.000000000000000182e-11 9.850112790585437983e-01
1.000000000000000036e-10 9.850112790580723976e-01
2.000000000000000073e-10 9.850112790571490251e-01
4.000000000000000146e-10 9.850112790563780862e-01
8.000000000000000291e-10 9.850112790573791743e-01
1.600000000000000058e-09 9.850112790613979596e-01
3.200000000000000117e-09 9.850112790665112028e-01
6.400000000000000233e-09 9.850112790745914060e-01
1.139999999999999951e-08 9.850112791012355373e-01
1.640000000000000127e-08 9.850112791211657060e-01
2.139999999999999972e-08 9.850112791269347579e-01
2.640000000000000148e-08 9.850112791207629170e-01
3.140000000000000324e-08 9.850112791064620232e-01
3.640000000000000169e-08 9.850112790897693760e-01
4.139999999999998690e-08 9.850112790768313920e-01
4.639999999999999197e-08 9.850112790735107149e-01
5.139999999999999042e-08 9.850112790813851937e-01
5.639999999999998887e-08 9.850112790977045840e-01
6.139999999999999394e-08 9.850112791121060640e-01
6.639999999999999901e-08 9.850112791185927641e-01
7.140000000000000407e-08 9.850112791184547634e-01
7.640000000000000914e-08 9.850112791157372705e-01
8.140000000000001421e-08 9.850112791171801163e-01
8.640000000000001928e-08 9.850112791194668427e-01
9.140000000000002435e-08 9.850112791178842198e-01
9.640000000000002941e-08 9.850112791139385982e-01
1.013999999999999948e-07 9.850112791084646435e-01
1.063999999999999998e-07 9.850112791043028615e-01
1.114000000000000049e-07 9.850112791016402136e-01
1.163999999999999967e-07 9.850112790973202248e-01
1.213999999999999886e-07 9.850112790930564133e-01
1.263999999999999936e-07 9.850112790938339025e-01
1.314000000000001046e-07 9.850112790995929624e-01
1.364000000000001097e-07 9.850112791066168993e-01
1.414000000000000883e-07 9.850112791130155587e-01
1.464000000000000933e-07 9.850112791174220339e-01
1.514000000000000984e-07 9.850112791195058115e-01
1.564000000000001035e-07 9.850112791169546300e-01
1.614000000000001085e-07 9.850112791058286410e-01
1.664000000000000871e-07 9.850112790924554496e-01
1.714000000000000922e-07 9.850112790889199443e-01
1.764000000000000973e-07 9.850112790934181239e-01
1.814000000000001023e-07 9.850112790981691013e-01
1.864000000000001074e-07 9.850112791015792624e-01
1.914000000000001125e-07 9.850112791066287787e-01
1.964000000000000911e-07 9.850112791141666380e-01
2.014000000000000961e-07 9.850112791162707326e-01
2.064000000000001012e-07 9.850112791074063789e-01
2.114000000000001063e-07 9.850112790961478293e-01
2.164000000000001113e-07 9.850112790956352393e-01
2.214000000000000899e-07 9.850112791017804348e-01
2.264000000000000950e-07 9.850112791017962000e-01
2.314000000000002059e-07 9.850112790926057738e-01
2.364000000000002110e-07 9.850112790830349851e-01
2.414000000000000837e-07 9.850112790823077891e-01
2.464000000000000888e-07 9.850112790872458390e-01
2.514000000000000939e-07 9.850112790950421582e-01
2.564000000000002048e-07 9.850112791032188397e-01
2.614000000000002099e-07 9.850112791053600159e-01
2.664000000000002149e-07 9.850112791044977056e-01
2.714000000000002200e-07 9.850112791067863194e-01
2.764000000000002251e-07 9.850112791104245202e-01
2.814000000000001772e-07 9.850112791095033682e-01
2.864000000000001823e-07 9.850112791053107220e-01
2.914000000000001873e-07 9.850112791044938199e-01
2.964000000000001924e-07 9.850112791069433049e-01
3.014000000000001975e-07 9.850112791105696264e-01
3.064000000000002026e-07 9.850112791146670155e-01
3.114000000000002076e-07 9.850112791181878658e-01
3.164000000000002127e-07 9.850112791209535423e-01
3.214000000000002178e-07 9.850112791214740149e-01
3.264000000000002228e-07 9.850112791162671799e-01
3.314000000000001750e-07 9.850112791060506856e-01
3.364000000000001800e-07 9.850112790973110100e-01
3.414000000000001851e-07 9.850112790953136077e-01
3.464000000000001902e-07 9.850112790965070975e-01
3.514000000000001952e-07 9.850112790978817756e-01
3.564000000000003062e-07 9.850112791000905643e-01
3.614000000000003112e-07 9.850112790993907907e-01
3.664000000000003163e-07 9.850112790995312340e-01
3.714000000000003214e-07 9.850112791054621564e-01
3.764000000000003264e-07 9.850112791096983234e-01
3.814000000000002786e-07 9.850112791099089327e-01
3.864000000000002836e-07 9.850112791130848366e-01
3.914000000000002887e-07 9.850112791182895622e-01
3.964000000000002938e-07 9.850112791179378435e-01
4.014000000000002988e-07 9.850112791118309508e-01
4.064000000000003039e-07 9.850112791046169436e-01
4.114000000000003090e-07 9.850112791014619118e-01
4.164000000000003140e-07 9.850112791058189821e-01
4.214000000000003191e-07 9.850112791117233701e-01
4.264000000000003242e-07 9.850112791147199731e-01
4.314000000000002763e-07 9.850112791159015835e-01
4.364000000000002814e-07 9.850112791124174816e-01
4.414000000000002864e-07 9.850112791056949701e-01
4.464000000000002915e-07 9.850112791023878378e-01
4.514000000000002966e-07 9.850112791035817716e-01
4.564000000000004075e-07 9.850112791081877539e-01
4.614000000000004126e-07 9.850112791138745383e-01
4.664000000000004177e-07 9.850112791150813507e-01
4.714000000000004227e-07 9.850112791116726330e-01
4.764000000000003749e-07 9.850112791083653896e-01
4.814000000000003799e-07 9.850112791050509298e-01
4.864000000000003320e-07 9.850112791026445214e-01
4.914000000000002842e-07 9.850112791038141413e-01
4.964000000000002363e-07 9.850112791072578311e-01
5.014000000000001884e-07 9.850112791108495136e-01
5.064000000000001406e-07 9.850112791119056688e-01
5.114000000000000927e-07 9.850112791112770605e-01
5.164000000000000448e-07 9.850112791094924880e-01
5.213999999999999969e-07 9.850112791038997395e-01
5.263999999999999491e-07 9.850112790948722941e-01
5.313999999999999012e-07 9.850112790831128118e-01
5.363999999999998533e-07 9.850112790751262004e-01
5.413999999999998055e-07 9.850112790798327689e-01
5.463999999999997576e-07 9.850112790939633545e-01
5.513999999999997097e-07 9.850112791091056863e-01
5.563999999999996618e-07 9.850112791210258179e-01
5.613999999999996140e-07 9.850112791273627488e-01
5.663999999999995661e-07 9.850112791259124645e-01
5.713999999999995182e-07 9.850112791176792726e-01
5.763999999999994704e-07 9.850112791049714378e-01
5.813999999999994225e-07 9.850112790959431042e-01
5.863999999999993746e-07 9.850112790997456180e-01
5.913999999999993267e-07 9.850112791108452948e-01
5.963999999999992789e-07 9.850112791168638138e-01
6.013999999999992310e-07 9.850112791111450550e-01
6.063999999999991831e-07 9.850112790999225876e-01
6.113999999999991353e-07 9.850112790955859454e-01
6.163999999999990874e-07 9.850112790999863144e-01
6.213999999999990395e-07 9.850112791043860172e-01
6.263999999999989916e-07 9.850112791006244706e-01
6.313999999999989438e-07 9.850112790917606720e-01
6.363999999999988959e-07 9.850112790841547561e-01
6.413999999999988480e-07 9.850112790844048893e-01
6.463999999999988001e-07 9.850112790954964614e-01
6.513999999999987523e-07 9.850112791056048200e-01
6.563999999999987044e-07 9.850112791095674281e-01
6.613999999999986565e-07 9.850112791145301250e-01
6.663999999999986087e-07 9.850112791196883322e-01
6.713999999999985608e-07 9.850112791194104434e-01
6.763999999999985129e-07 9.850112791145227975e-01
6.813999999999984650e-07 9.850112791071364837e-01
6.863999999999984172e-07 9.850112791002840762e-01
6.913999999999983693e-07 9.850112790986293998e-01
6.963999999999983214e-07 9.850112791001395252e-01
7.013999999999982736e-07 9.850112790997509471e-01
7.063999999999982257e-07 9.850112790993543754e-01
7.113999999999981778e-07 9.850112791028216019e-01
7.163999999999981299e-07 9.850112791043741378e-01
7.213999999999980821e-07 9.850112790991252254e-01
7.263999999999980342e-07 9.850112790937436413e-01
7.313999999999979863e-07 9.850112790935798834e-01
7.363999999999979385e-07 9.850112790984042466e-01
7.413999999999978906e-07 9.850112791058607264e-01
7.463999999999978427e-07 9.850112791108506238e-01
7.513999999999977948e-07 9.850112791133152079e-01
7.563999999999977470e-07 9.850112791167529025e-01
7.613999999999976991e-07 9.850112791212002339e-01
7.663999999999976512e-07 9.850112791258442968e-01
7.713999999999976034e-07 9.850112791251260935e-01
7.763999999999975555e-07 9.850112791154860270e-01
7.813999999999975076e-07 9.850112791052919592e-01
7.863999999999974597e-07 9.850112791010501301e-01
7.913999999999974119e-07 9.850112791010091629e-01
7.963999999999973640e-07 9.850112791023423187e-01
8.013999999999973161e-07 9.850112791068722506e-01
8.063999999999972683e-07 9.850112791141804047e-01
8.113999999999972204e-07 9.850112791196879991e-01
8.163999999999971725e-07 9.850112791228825548e-01
8.213999999999971246e-07 9.850112791209474361e-01
8.263999999999970768e-07 9.850112791168129656e-01
8.313999999999970289e-07 9.850112791150470448e-01
8.363999999999969810e-07 9.850112791112267674e-01
8.413999999999969331e-07 9.850112791037987092e-01
8.463999999999968853e-07 9.850112790979099753e-01
8.513999999999968374e-07 9.850112790986585987e-01
8.563999999999967895e-07 9.850112791037151094e-01
8.613999999999967417e-07 9.850112791093360576e-01
8.663999999999966938e-07 9.850112791136209633e-01
8.713999999999966459e-07 9.850112791122939138e-01
8.763999999999965980e-07 9.850112791033753812e-01
8.813999999999965502e-07 9.850112790933825968e-01
8.863999999999965023e-07 9.850112790915520611e-01
8.913999999999964544e-07 9.850112791007779034e-01
8.963999999999964066e-07 9.850112791132286105e-01
9.013999999999963587e-07 9.850112791157138448e-01
9.063999999999963108e-07 9.850112791074293606e-01
9.113999999999962629e-07 9.850112790977011423e-01
9.163999999999962151e-07 9.850112790926025541e-01
9.213999999999961672e-07 9.850112790986880196e-01
9.263999999999961193e-07 9.850112791137167756e-01
9.313999999999960715e-07 9.850112791240164256e-01
9.363999999999960236e-07 9.850112791243447186e-01
9.413999999999959757e-07 9.850112791192739969e-01
9.463999999999959278e-07 9.850112791129911338e-01
9.513999999999958800e-07 9.850112791060640083e-01
9.563999999999958321e-07 9.850112790986749189e-01
9.613999999999957842e-07 9.850112790933891471e-01
9.663999999999957364e-07 9.850112790935604545e-01
9.713999999999956885e-07 9.850112790984885125e-01
9.763999999999956406e-07 9.850112791022060943e-01
9.813999999999955927e-07 9.850112791049945304e-01
9.863999999999955449e-07 9.850112791115974709e-01
9.913999999999954970e-07 9.850112791190650530e-01
9.956999999999977259e-07 9.850112791167393578e-01
9.999999999999999547e-07 9.850112791059925099e-01
1.000099999999999962e-06 9.850947576112049076e-01
1.000299999999999977e-06 9.851735789306397262e-01
1.000649999999999898e-06 9.849219120855559062e-01
1.001000000000000030e-06 9.847571719254875067e-01
1.001070000000000056e-06 9.847779105675059652e-01
1.001209999999999897e-06 9.848892012555292563e-01
1.001490000000000003e-06 9.853722366115889031e-01
1.002050000000000003e-06 9.868481921992114936e-01
1.003007873927996002e-06 9.905724879601438548e-01
1.004923621783988001e-06 1.002253453946684969e+00
1.008755117495970941e-06 1.038827508217293083e+00
1.013755117495971105e-06 1.103065522140640020e+00
1.018755117495971057e-06 1.176388280177617984e+00
1.023755117495971009e-06 1.253360131665584021e+00
1.028755117495970961e-06 1.331719103975365082e+00
1.033755117495970913e-06 1.410648974419653978e+00
1.038755117495971077e-06 1.489840126125479003e+00
1.043755117495971029e-06 1.569128999005602099e+00
1.048755117495970981e-06 1.648334572713596957e+00
1.053755117495970933e-06 1.726961604012577034e+00
1.058755117495971097e-06 1.803540741641602052e+00
1.063755117495971049e-06 1.874199441109539954e+00
1.068755117495971001e-06 1.932230678122021983e+00
1.073755117495970954e-06 1.972273397798113947e+00
1.078755117495970906e-06 1.994813695082682914e+00
1.083755117495971070e-06 2.004214145234068045e+00
1.088755117495971022e-06 2.005135366917432105e+00
1.093755117495970974e-06 2.001489684905489952e+00
1.098755117495970926e-06 1.996147567799479106e+00
1.103755117495970031e-06 1.990973255705215994e+00
1.108755117495969983e-06 1.986951601817265045e+00
1.113755117495969935e-06 1.984379246450475920e+00
1.118755117495970099e-06 1.983123595232691105e+00
1.123755117495970051e-06 1.982839095305110044e+00
1.128755117495970004e-06 1.983136385513232902e+00
1.133755117495969956e-06 1.983683859335962918e+00
1.138755117495969908e-06 1.984251477403119024e+00
1.143755117495970072e-06 1.984711873204713983e+00
1.148755117495970024e-06 1.985019372771765100e+00
1.153755117495969976e-06 1.985181294868195945e+00
1.158755117495969928e-06 1.985231785438881014e+00
1.163755117495970092e-06 1.985212171753693911e+00
1.168755117495970044e-06 1.985159108557468022e+00
1.173755117495969996e-06 1.985099130880247031e+00
1.178755117495969948e-06 1.985047889606218918e+00
1.183755117495969900e-06 1.985011947101656071e+00
1.188755117495970064e-06 1.984991651776919941e+00
1.193755117495970016e-06 1.984983941651260020e+00
1.198755117495969969e-06 1.984984570202567911e+00
1.203755117495969074e-06 1.984989532261655087e+00
1.208755117495969026e-06 1.984995786111289906e+00
1.213755117495968978e-06 1.985001434341052917e+00
1.218755117495968930e-06 1.985005587319081055e+00
1.223755117495969094e-06 1.985008078390043895e+00
1.228755117495969046e-06 1.985009163187779979e+00
1.233755117495968998e-06 1.985009270089493016e+00
1.238755117495968950e-06 1.985008831284325925e+00
1.243755117495968902e-06 1.985008191306629977e+00
1.248755117495969066e-06 1.985007576295805043e+00
1.253755117495969018e-06 1.985007102203532936e+00
1.258755117495968971e-06 1.985006801857605918e+00
1.263755117495968923e-06 1.985006656855409890e+00
1.268755117495969087e-06 1.985006625064253072e+00
1.273755117495969039e-06 1.985006660458688010e+00
1.278755117495968991e-06 1.985006724505538056e+00
1.283755117495968943e-06 1.985006790583496050e+00
1.288755117495968895e-06 1.985006844070311915e+00
1.293755117495969059e-06 1.985006879740319974e+00
1.298755117495969011e-06 1.985006898473336001e+00
1.303755117495968963e-06 1.985006904217996970e+00
1.308755117495968068e-06 1.985006901850745908e+00
1.313755117495968020e-06 1.985006895610615052e+00
1.318755117495967973e-06 1.985006888592127927e+00
1.323755117495967925e-06 1.985006882627915914e+00
1.328755117495968089e-06 1.985006878487028947e+00
1.333755117495968041e-06 1.985006876111724994e+00
1.338755117495967993e-06 1.985006875261265957e+00
1.343755117495967945e-06 1.985006875331768894e+00
1.348755117495967897e-06 1.985006875913426949e+00
1.353755117495968061e-06 1.985006876604163972e+00
1.358755117495968013e-06 1.985006877282676108e+00
1.363755117495967965e-06 1.985006877747218956e+00
1.368755117495967917e-06 1.985006878054484947e+00
1.373755117495968081e-06 1.985006878172286937e+00
1.378755117495968033e-06 1.985006878218321891e+00
1.383755117495967986e-06 1.985006878165509026e+00
1.388755117495967938e-06 1.985006878116224893e+00
1.393755117495968102e-06 1.985006878020759924e+00
1.398755117495968054e-06 1.985006877969150985e+00
1.403755117495968006e-06 1.985006877892145027e+00
1.408755117495967958e-06 1.985006877871686948e+00
1.413755117495967063e-06 1.985006877853586982e+00
1.418755117495967015e-06 1.985006877919786028e+00
1.423755117495966967e-06 1.985006877901883016e+00
1.428755117495966919e-06 1.985006877896072108e+00
1.433755117495967083e-06 1.985006877881658083e+00
1.438755117495967035e-06 1.985006877921263069e+00
1.443755117495966988e-06 1.985006877913708001e+00
1.448755117495966940e-06 1.985006877946994042e+00
1.453755117495967104e-06 1.985006877924158086e+00
1.458755117495967056e-06 1.985006877943567893e+00
1.463755117495967008e-06 1.985006877918862100e+00
1.468755117495966960e-06 1.985006877918366941e+00
1.473755117495966912e-06 1.985006877893183974e+00
1.478755117495967076e-06 1.985006877925721946e+00
1.483755117495967028e-06 1.985006877940286962e+00
1.488755117495966980e-06 1.985006877974883066e+00
1.493755117495966932e-06 1.985006877945908021e+00
1.498755117495967096e-06 1.985006877950765913e+00
1.503755117495967048e-06 1.985006877917834034e+00
1.508755117495967001e-06 1.985006877932034897e+00
1.513755117495966953e-06 1.985006877905540090e+00
1.518755117495966058e-06 1.985006877921962953e+00
1.523755117495966010e-06 1.985006877898294997e+00
1.528755117495965962e-06 1.985006877919321955e+00
1.533755117495965914e-06 1.985006877901756006e+00
1.538755117495966078e-06 1.985006877927163016e+00
1.543755117495966030e-06 1.985006877911926093e+00
1.548755117495965982e-06 1.985006877933463088e+00
1.553755117495965934e-06 1.985006877908747080e+00
1.558755117495966098e-06 1.985006877932181890e+00
1.563755117495966050e-06 1.985006877920105994e+00
1.568755117495966003e-06 1.985006877944865966e+00
1.573755117495965955e-06 1.985006877920947987e+00
1.578755117495965907e-06 1.985006877936456915e+00
1.583755117495966071e-06 1.985006877912715018e+00
1.588755117495966023e-06 1.985006877933344960e+00
1.593755117495965975e-06 1.985006877914490042e+00
1.598755117495965927e-06 1.985006877934317959e+00
1.603755117495966091e-06 1.985006877912844026e+00
1.608755117495966043e-06 1.985006877932786962e+00
1.613755117495965995e-06 1.985006877910757028e+00
1.618755117495965947e-06 1.985006877928958025e+00
1.623755117495965052e-06 1.985006877908046086e+00
1.628755117495965005e-06 1.985006877930370894e+00
1.633755117495964957e-06 1.985006877910397982e+00
1.638755117495964909e-06 1.985006877930902913e+00
1.643755117495965073e-06 1.985006877909861078e+00
1.648755117495965025e-06 1.985006877930296953e+00
1.653755117495964977e-06 1.985006877910810097e+00
1.658755117495964929e-06 1.985006877932891101e+00
1.663755117495965093e-06 1.985006877912782075e+00
1.668755117495965045e-06 1.985006877931555058e+00
1.673755117495964997e-06 1.985006877911762890e+00
1.678755117495964949e-06 1.985006877940233005e+00
1.683755117495964901e-06 1.985006877930900915e+00
1.688755117495965065e-06 1.985006877959504035e+00
1.693755117495965018e-06 1.985006877942389059e+00
1.698755117495964970e-06 1.985006877960751037e+00
1.703755117495964922e-06 1.985006877934005987e+00
1.708755117495965086e-06 1.985006877949063941e+00
1.713755117495965038e-06 1.985006877924641033e+00
1.718755117495964990e-06 1.985006877941962955e+00
1.723755117495964942e-06 1.985006877920411972e+00
1.728755117495964047e-06 1.985006877942455006e+00
1.733755117495963999e-06 1.985006877923346957e+00
1.738755117495963951e-06 1.985006877942967041e+00
1.743755117495963904e-06 1.985006877922355084e+00
1.748755117495964067e-06 1.985006877945020953e+00
1.753755117495964020e-06 1.985006877926899005e+00
1.758755117495963972e-06 1.985006877946823955e+00
1.763755117495963924e-06 1.985006877920240997e+00
1.768755117495964088e-06 1.985006877933314984e+00
1.773755117495964040e-06 1.985006877909256007e+00
1.778755117495963992e-06 1.985006877930481028e+00
1.783755117495963944e-06 1.985006877911567047e+00
1.788755117495963896e-06 1.985006877933134017e+00
1.793755117495964060e-06 1.985006877915215018e+00
1.798755117495964012e-06 1.985006877940008074e+00
1.803755117495963964e-06 1.985006877921617008e+00
1.808755117495963916e-06 1.985006877940149961e+00
1.813755117495964080e-06 1.985006877917889989e+00
1.818755117495964032e-06 1.985006877939311076e+00
1.823755117495963985e-06 1.985006877921454027e+00
1.828755117495963937e-06 1.985006877944752945e+00
1.833755117495963042e-06 1.985006877923972013e+00
1.838755117495962994e-06 1.985006877940483916e+00
1.843755117495962946e-06 1.985006877916811963e+00
1.848755117495962898e-06 1.985006877938146896e+00
1.853755117495963062e-06 1.985006877920842960e+00
1.858755117495963014e-06 1.985006877944784920e+00
1.863755117495962966e-06 1.985006877923316981e+00
1.868755117495962918e-06 1.985006877937437908e+00
1.873755117495963082e-06 1.985006877912089962e+00
1.878755117495963034e-06 1.985006877929575086e+00
1.883755117495962987e-06 1.985006877905850953e+00
1.888755117495962939e-06 1.985006877925872049e+00
1.893755117495963103e-06 1.985006877909194056e+00
1.898755117495963055e-06 1.985006877935939107e+00
1.903755117495963007e-06 1.985006877918296997e+00
1.908755117495963171e-06 1.985006877937181891e+00
1.913755117495963123e-06 1.985006877913159995e+00
1.918755117495963075e-06 1.985006877928374047e+00
1.923755117495963027e-06 1.985006877904075928e+00
1.928755117495962979e-06 1.985006877927548929e+00
1.933755117495962931e-06 1.985006877917407042e+00
1.938755117495962037e-06 1.985006877952228077e+00
1.943755117495961989e-06 1.985006877944460069e+00
1.948755117495961941e-06 1.985006877972125050e+00
1.953755117495961893e-06 1.985006877952752102e+00
1.958755117495961845e-06 1.985006877967657068e+00
1.963755117495961797e-06 1.985006877935890035e+00
1.968755117495962173e-06 1.985006877945094006e+00
1.973755117495962125e-06 1.985006877917691037e+00
1.978755117495962077e-06 1.985006877935330039e+00
1.983755117495962029e-06 1.985006877910870049e+00
1.988755117495961981e-06 1.985006877926837054e+00
1.993755117495961933e-06 1.985006877905707068e+00
1.998755117495961886e-06 1.985006877930495905e+00
2.003755117495961838e-06 1.985006877914708090e+00
2.008755117495961790e-06 1.985006877935282077e+00
2.013755117495962165e-06 1.985006877910161949e+00
2.018755117495962118e-06 1.985006877923521929e+00
2.023755117495962070e-06 1.985006877899097910e+00
2.028755117495962022e-06 1.985006877922508961e+00
2.033755117495961974e-06 1.985006877909267109e+00
2.038755117495961926e-06 1.985006877941736025e+00
2.043755117495961031e-06 1.985006877933761960e+00
2.048755117495960983e-06 1.985006877961235094e+00
2.053755117495960935e-06 1.985006877944063053e+00
2.058755117495960888e-06 1.985006877965145078e+00
2.063755117495960840e-06 1.985006877940669989e+00
2.068755117495960792e-06 1.985006877953704896e+00
2.073755117495961167e-06 1.985006877927760982e+00
2.078755117495961120e-06 1.985006877944923032e+00
2.083755117495961072e-06 1.985006877920080015e+00
2.088755117495961024e-06 1.985006877937278924e+00
2.093755117495960976e-06 1.985006877916462908e+00
2.098755117495960928e-06 1.985006877939196945e+00
2.103755117495960880e-06 1.985006877920777013e+00
2.108755117495960832e-06 1.985006877941587922e+00
2.113755117495961208e-06 1.985006877921507984e+00
2.118755117495961160e-06 1.985006877942794956e+00
2.123755117495961112e-06 1.985006877920963975e+00
2.128755117495961064e-06 1.985006877937582903e+00
2.133755117495961017e-06 1.985006877913110035e+00
2.138755117495960969e-06 1.985006877931843938e+00
2.143755117495960074e-06 1.985006877913914947e+00
2.148755117495960026e-06 1.985006877939142100e+00
2.153755117495959978e-06 1.985006877920908908e+00
2.158755117495959930e-06 1.985006877942155024e+00
2.163755117495959882e-06 1.985006877924188062e+00
2.168755117495959834e-06 1.985006877949035964e+00
2.173755117495960210e-06 1.985006877928678026e+00
2.178755117495960162e-06 1.985006877944623049e+00
2.183755117495960114e-06 1.985006877920796997e+00
2.188755117495960066e-06 1.985006877939480052e+00
2.193755117495960019e-06 1.985006877917846024e+00
2.198755117495959971e-06 1.985006877939083036e+00
2.203755117495959923e-06 1.985006877920173052e+00
2.208755117495959875e-06 1.985006877942699033e+00
2.213755117495959827e-06 1.985006877925705071e+00
2.218755117495960203e-06 1.985006877952872006e+00
2.223755117495960155e-06 1.985006877941194903e+00
2.228755117495960107e-06 1.985006877966219108e+00
2.233755117495960059e-06 1.985006877941289050e+00
2.238755117495960011e-06 1.985006877951055904e+00
2.243755117495959963e-06 1.985006877920602930e+00
2.248755117495959068e-06 1.985006877934468061e+00
2.253755117495959021e-06 1.985006877907991019e+00
2.258755117495958973e-06 1.985006877922981916e+00
2.263755117495958925e-06 1.985006877900598932e+00
2.268755117495958877e-06 1.985006877924559099e+00
2.273755117495958829e-06 1.985006877909740064e+00
2.278755117495959205e-06 1.985006877935826086e+00
2.283755117495959157e-06 1.985006877918739088e+00
2.288755117495959109e-06 1.985006877938449099e+00
2.293755117495959061e-06 1.985006877914764045e+00
2.298755117495959013e-06 1.985006877933479075e+00
2.303755117495958965e-06 1.985006877911160039e+00
2.308755117495958918e-06 1.985006877926090985e+00
2.313755117495958870e-06 1.985006877901017042e+00
2.318755117495958822e-06 1.985006877921700053e+00
2.323755117495959197e-06 1.985006877902798061e+00
2.328755117495959150e-06 1.985006877923819024e+00
2.333755117495959102e-06 1.985006877906227096e+00
2.338755117495959054e-06 1.985006877934152980e+00
2.343755117495959006e-06 1.985006877922536050e+00
2.348755117495958958e-06 1.985006877951795978e+00
2.353755117495958063e-06 1.985006877935618030e+00
2.358755117495958015e-06 1.985006877951023041e+00
2.363755117495957967e-06 1.985006877921583035e+00
2.368755117495957920e-06 1.985006877936470904e+00
2.373755117495957872e-06 1.985006877916043910e+00
2.378755117495957824e-06 1.985006877938511938e+00
2.383755117495958199e-06 1.985006877915213908e+00
2.388755117495958152e-06 1.985006877933563008e+00
2.393755117495958104e-06 1.985006877914962109e+00
2.398755117495958056e-06 1.985006877936869030e+00
2.403755117495958008e-06 1.985006877914786916e+00
2.408755117495957960e-06 1.985006877930578950e+00
2.413755117495957912e-06 1.985006877904841982e+00
2.418755117495957864e-06 1.985006877923169988e+00
2.423755117495957816e-06 1.985006877906206890e+00
2.428755117495958192e-06 1.985006877936257963e+00
2.433755117495958144e-06 1.985006877927379065e+00
2.438755117495958096e-06 1.985006877952756099e+00
2.443755117495958048e-06 1.985006877928755076e+00
2.448755117495958001e-06 1.985006877944127890e+00
2.453755117495957953e-06 1.985006877918922052e+00
2.458755117495957058e-06 1.985006877936170921e+00
2.463755117495957010e-06 1.985006877915741930e+00
2.468755117495956962e-06 1.985006877938650938e+00
2.473755117495956914e-06 1.985006877919520907e+00
2.478755117495956866e-06 1.985006877939375913e+00
2.483755117495956818e-06 1.985006877921561941e+00
2.488755117495957194e-06 1.985006877947762982e+00
2.493755117495957146e-06 1.985006877929128111e+00
2.498755117495957098e-06 1.985006877945590054e+00
2.503755117495957051e-06 1.985006877919869073e+00
2.508755117495957003e-06 1.985006877936851044e+00
2.513755117495956955e-06 1.985006877910916900e+00
2.518755117495956907e-06 1.985006877925133084e+00
2.523755117495956859e-06 1.985006877901523969e+00
2.528755117495956811e-06 1.985006877923892965e+00
2.533755117495957187e-06 1.985006877909974099e+00
2.538755117495957139e-06 1.985006877940320935e+00
2.543755117495957091e-06 1.985006877929262004e+00
2.548755117495957043e-06 1.985006877956112969e+00
2.553755117495956995e-06 1.985006877936035918e+00
2.558755117495956947e-06 1.985006877951863036e+00
2.563755117495956053e-06 1.985006877928386926e+00
2.568755117495956005e-06 1.985006877945004966e+00
2.573755117495955957e-06 1.985006877920143076e+00
2.578755117495955909e-06 1.985006877938505054e+00
2.583755117495955861e-06 1.985006877915715062e+00
2.588755117495955813e-06 1.985006877934810898e+00
2.593755117495956189e-06 1.985006877911797085e+00
2.598755117495956141e-06 1.985006877930076907e+00
2.603755117495956093e-06 1.985006877912192103e+00
2.608755117495956045e-06 1.985006877935896918e+00
2.613755117495955997e-06 1.985006877917196100e+00
2.618755117495955949e-06 1.985006877938753966e+00
2.623755117495955902e-06 1.985006877918001900e+00
2.628755117495955854e-06 1.985006877940935111e+00
2.633755117495955806e-06 1.985006877925834079e+00
2.638755117495956181e-06 1.985006877948410908e+00
2.643755117495956134e-06 1.985006877925989954e+00
2.648755117495956086e-06 1.985006877945596049e+00
2.653755117495956038e-06 1.985006877922468105e+00
2.658755117495955990e-06 1.985006877935614034e+00
2.663755117495955942e-06 1.985006877908908951e+00
2.668755117495955047e-06 1.985006877928024105e+00
2.673755117495954999e-06 1.985006877908473077e+00
2.678755117495954951e-06 1.985006877931396074e+00
2.683755117495954904e-06 1.985006877915763024e+00
2.688755117495954856e-06 1.985006877940626024e+00
2.693755117495954808e-06 1.985006877921940083e+00
2.698755117495955183e-06 1.985006877944849091e+00
2.703755117495955136e-06 1.985006877927905977e+00
2.708755117495955088e-06 1.985006877953110038e+00
2.713755117495955040e-06 1.985006877935358904e+00
2.718755117495954992e-06 1.985006877954974103e+00
2.723755117495954944e-06 1.985006877935082015e+00
2.728755117495954896e-06 1.985006877957548044e+00
2.733755117495954848e-06 1.985006877936849046e+00
2.738755117495954801e-06 1.985006877951597914e+00
2.743755117495955176e-06 1.985006877921857038e+00
2.748755117495955128e-06 1.985006877935941993e+00
2.753755117495955080e-06 1.985006877912715018e+00
2.758755117495955033e-06 1.985006877932889990e+00
2.763755117495954985e-06 1.985006877914043066e+00
2.768755117495954937e-06 1.985006877938521930e+00
2.773755117495954042e-06 1.985006877923201962e+00
2.778755117495953994e-06 1.985006877948592097e+00
2.783755117495953946e-06 1.985006877928906066e+00
2.788755117495953898e-06 1.985006877944534009e+00
2.793755117495953850e-06 1.985006877917556922e+00
2.798755117495953803e-06 1.985006877933110037e+00
2.803755117495954178e-06 1.985006877914625045e+00
2.808755117495954130e-06 1.985006877944158088e+00
2.813755117495954082e-06 1.985006877932782965e+00
2.818755117495954035e-06 1.985006877957897986e+00
2.823755117495953987e-06 1.985006877934003988e+00
2.828755117495953939e-06 1.985006877946503989e+00
2.833755117495953891e-06 1.985006877920588941e+00
2.838755117495953843e-06 1.985006877940082903e+00
2.843755117495953795e-06 1.985006877919692991e+00
2.848755117495954171e-06 1.985006877936853042e+00
2.853755117495954123e-06 1.985006877913819023e+00
2.858755117495954075e-06 1.985006877936305925e+00
2.863755117495954027e-06 1.985006877920074908e+00
2.868755117495953979e-06 1.985006877944883064e+00
2.873755117495953932e-06 1.985006877924279989e+00
2.878755117495953037e-06 1.985006877936660974e+00
2.883755117495952989e-06 1.985006877905828082e+00
2.888755117495952941e-06 1.985006877922729895e+00
2.893755117495952893e-06 1.985006877906168032e+00
2.898755117495952845e-06 1.985006877931251967e+00
2.903755117495952797e-06 1.985006877912671053e+00
2.908755117495953173e-06 1.985006877935147962e+00
2.913755117495953125e-06 1.985006877919019974e+00
2.918755117495953077e-06 1.985006877941605019e+00
2.923755117495953029e-06 1.985006877916690060e+00
2.928755117495952981e-06 1.985006877933612968e+00
2.933755117495952934e-06 1.985006877913064072e+00
2.938755117495952886e-06 1.985006877933698011e+00
2.943755117495952838e-06 1.985006877914659906e+00
2.948755117495952790e-06 1.985006877939627934e+00
2.953755117495953166e-06 1.985006877922494972e+00
2.958755117495953118e-06 1.985006877945102000e+00
2.963755117495953070e-06 1.985006877927534941e+00
2.968755117495953022e-06 1.985006877949655024e+00
2.973755117495952974e-06 1.985006877930052038e+00
2.978755117495952926e-06 1.985006877951247084e+00
2.983755117495952031e-06 1.985006877930062918e+00
2.988755117495951983e-06 1.985006877948906068e+00
2.993755117495951936e-06 1.985006877930445945e+00
2.997377558747975832e-06 1.985006877939696990e+00
3.001000000000000151e-06 1.985006877893267019e+00
3.001099999999999947e-06 1.984914663432677084e+00
3.001299999999999962e-06 1.984831527760160030e+00
3.001649999999999882e-06 1.984965068325055926e+00
3.001999999999999803e-06 1.985112117524751030e+00
3.002070000000000041e-06 1.985137805120976928e+00
3.002210000000000094e-06 1.985172873052458931e+00
3.002490000000000200e-06 1.985147793113837045e+00
3.003049999999999988e-06 1.984715074781995048e+00
3.004169999999999140e-06 1.982312651876078968e+00
3.006409999999999139e-06 1.972085488538894982e+00
3.010889999999997866e-06 1.936486912649858949e+00
3.015889999999997818e-06 1.881907531029187952e+00
3.020889999999998194e-06 1.818743176787879001e+00
3.025889999999998146e-06 1.750603708169609085e+00
3.030889999999998098e-06 1.679430049643849898e+00
3.035889999999998050e-06 1.606350821493218950e+00
3.040889999999998002e-06 1.532042708558692956e+00
3.045889999999997954e-06 1.456945283313582973e+00
3.050889999999997060e-06 1.381361381624705897e+00
3.055889999999997012e-06 1.305547367187873009e+00
3.060889999999996964e-06 1.229890793246791070e+00
3.065889999999996916e-06 1.155409419650738956e+00
3.070889999999996868e-06 1.084892354872730058e+00
3.075889999999996820e-06 1.023625234781361915e+00
3.080889999999997196e-06 9.779263148342828282e-01
3.085889999999997148e-06 9.515069394211462805e-01
3.090889999999997100e-06 9.429184074368611723e-01
3.095889999999997052e-06 9.467420195895024371e-01
3.100889999999997004e-06 9.566781393552584722e-01
3.105889999999996956e-06 9.677954842362274102e-01
3.110889999999996909e-06 9.772061645718049805e-01
3.115889999999996861e-06 9.837732062327829707e-01
3.120889999999996813e-06 9.875025647712057930e-01
3.125889999999997188e-06 9.889771132314854052e-01
3.130889999999997141e-06 9.889564202988737618e-01
3.135889999999997093e-06 9.881414292553178935e-01
3.140889999999997045e-06 9.870660146432298498e-01
3.145889999999996997e-06 9.860694530074771702e-01
3.150889999999996949e-06 9.853178745741562050e-01
3.155889999999996054e-06 9.848512195905801958e-01
3.160889999999996006e-06 9.846330138001453403e-01
3.165889999999995958e-06 9.845929332721391480e-01
3.170889999999995911e-06 9.846567585467781436e-01
3.175889999999995863e-06 9.847633640336670435e-01
3.180889999999995815e-06 9.848711806823937653e-01
3.185889999999996190e-06 9.849576442967695744e-01
3.190889999999996143e-06 9.850150037648613965e-01
3.195889999999996095e-06 9.850450378865764911e-01
3.200889999999996047e-06 9.850542760642596596e-01
3.205889999999995999e-06 9.850504650709606125e-01
3.210889999999995951e-06 9.850404252830007312e-01
3.215889999999995903e-06 9.850290890602684257e-01
3.220889999999995855e-06 9.850193691063431345e-01
3.225889999999995808e-06 9.850124998070567406e-01
3.230889999999996183e-06 9.850085623773201515e-01
3.235889999999996135e-06 9.850070024210053621e-01
3.240889999999996087e-06 9.850070372282203612e-01
3.245889999999996040e-06 9.850079212446081200e-01
3.250889999999995992e-06 9.850090808612568249e-01
3.255889999999995944e-06 9.850101519341452061e-01
3.260889999999995049e-06 9.850109569568938905e-01
3.265889999999995001e-06 9.850114549305706291e-01
3.270889999999994953e-06 9.850116864231431846e-01
3.275889999999994905e-06 9.850117276232255303e-01
3.280889999999994857e-06 9.850116582390026077e-01
3.285889999999994810e-06 9.850115436387211210e-01
3.290889999999995185e-06 9.850114281182392739e-01
3.295889999999995137e-06 9.850113356978441592e-01
3.300889999999995089e-06 9.850112745241382806e-01
3.305889999999995042e-06 9.850112426035015911e-01
3.310889999999994994e-06 9.850112328992531863e-01
3.315889999999994946e-06 9.850112371159035485e-01
3.320889999999994898e-06 9.850112479389352416e-01
3.325889999999994850e-06 9.850112601105139865e-01
3.330889999999994802e-06 9.850112705129453472e-01
3.335889999999995178e-06 9.850112778492622345e-01
3.340889999999995130e-06 9.850112820407623815e-01
3.345889999999995082e-06 9.850112836784628012e-01
3.350889999999995034e-06 9.850112836172741915e-01
3.355889999999994986e-06 9.850112826619007445e-01
3.360889999999994938e-06 9.850112814175091547e-01
3.365889999999994044e-06 9.850112802933375100e-01
3.370889999999993996e-06 9.850112794511145520e-01
3.375889999999993948e-06 9.850112789150908821e-01
3.380889999999993900e-06 9.850112786600458969e-01
3.385889999999993852e-06 9.850112786187333880e-01
3.390889999999993804e-06 9.850112786896489947e-01
3.395889999999994180e-06 9.850112788103634331e-01
3.400889999999994132e-06 9.850112789384890544e-01
3.405889999999994084e-06 9.850112790378915406e-01
3.410889999999994036e-06 9.850112790930701800e-01
3.415889999999993988e-06 9.850112791339998841e-01
3.420889999999993941e-06 9.850112791586869143e-01
3.425889999999993893e-06 9.850112791647720467e-01
3.430889999999993845e-06 9.850112791592823269e-01
3.435889999999993797e-06 9.850112791398041301e-01
3.440889999999994173e-06 9.850112791178706750e-01
3.445889999999994125e-06 9.850112791016688574e-01
3.450889999999994077e-06 9.850112790819891551e-01
3.455889999999994029e-06 9.850112790721086142e-01
3.460889999999993981e-06 9.850112790683707154e-01
3.465889999999993933e-06 9.850112790706299082e-01
3.470889999999993038e-06 9.850112790782931116e-01
3.475889999999992990e-06 9.850112791020645409e-01
3.480889999999992943e-06 9.850112791167359161e-01
3.485889999999992895e-06 9.850112791238961885e-01
3.490889999999992847e-06 9.850112791251824929e-01
3.495889999999992799e-06 9.850112791208366358e-01
3.500889999999993175e-06 9.850112791096994336e-01
3.505889999999993127e-06 9.850112790995423362e-01
3.510889999999993079e-06 9.850112790937072260e-01
3.515889999999993031e-06 9.850112790939405949e-01
3.520889999999992983e-06 9.850112790992074929e-01
3.525889999999992935e-06 9.850112791079073116e-01
3.530889999999992887e-06 9.850112791117452415e-01
3.535889999999992839e-06 9.850112791109573163e-01
3.540889999999992792e-06 9.850112791024460135e-01
3.545889999999993167e-06 9.850112790925710238e-01
3.550889999999993119e-06 9.850112790850129585e-01
3.555889999999993071e-06 9.850112790828458031e-01
3.560889999999993024e-06 9.850112790838746468e-01
3.565889999999992976e-06 9.850112790891396575e-01
3.570889999999992928e-06 9.850112790950908970e-01
3.575889999999992033e-06 9.850112791007307189e-01
3.580889999999991985e-06 9.850112790979475008e-01
3.585889999999991937e-06 9.850112790897277426e-01
3.590889999999991889e-06 9.850112790765596094e-01
3.595889999999991841e-06 9.850112790647156391e-01
3.600889999999991794e-06 9.850112790577628674e-01
3.605889999999992169e-06 9.850112790610083824e-01
3.610889999999992121e-06 9.850112790702718613e-01
3.615889999999992074e-06 9.850112790818497110e-01
3.620889999999992026e-06 9.850112790846077271e-01
3.625889999999991978e-06 9.850112790818051911e-01
3.630889999999991930e-06 9.850112790798540852e-01
3.635889999999991882e-06 9.850112790826741627e-01
3.640889999999991834e-06 9.850112790886040859e-01
3.645889999999992210e-06 9.850112790972629373e-01
3.650889999999992162e-06 9.850112791000390500e-01
3.655889999999992114e-06 9.850112790984840716e-01
3.660889999999992066e-06 9.850112790917616712e-01
3.665889999999992018e-06 9.850112790873198909e-01
3.670889999999991970e-06 9.850112790857883383e-01
3.675889999999991076e-06 9.850112790880409808e-01
3.680889999999991028e-06 9.850112790908915894e-01
3.685889999999990980e-06 9.850112790928930995e-01
3.690889999999990932e-06 9.850112790888634340e-01
3.695889999999990884e-06 9.850112790825876763e-01
3.700889999999990836e-06 9.850112790703388077e-01
3.705889999999990788e-06 9.850112790567771004e-01
3.710889999999991164e-06 9.850112790490512804e-01
3.715889999999991116e-06 9.850112790539125029e-01
3.720889999999991068e-06 9.850112790643358318e-01
3.725889999999991020e-06 9.850112790744575131e-01
3.730889999999990972e-06 9.850112790791025752e-01
3.735889999999990925e-06 9.850112790843500443e-01
3.740889999999990877e-06 9.850112790874139268e-01
3.745889999999990829e-06 9.850112790879941294e-01
3.750889999999991204e-06 9.850112790841755173e-01
3.755889999999991157e-06 9.850112790792059370e-01
3.760889999999991109e-06 9.850112790736854640e-01
3.765889999999991061e-06 9.850112790754408376e-01
3.770889999999991013e-06 9.850112790831685450e-01
3.775889999999990965e-06 9.850112790957827880e-01
3.780889999999990070e-06 9.850112791052503258e-01
3.785889999999990022e-06 9.850112791101187648e-01
3.790889999999989974e-06 9.850112791099253640e-01
3.795889999999989927e-06 9.850112791088835307e-01
3.800889999999989879e-06 9.850112791038125870e-01
3.805889999999989831e-06 9.850112791019012271e-01
3.810889999999990207e-06 9.850112791024897563e-01
3.815889999999990159e-06 9.850112791014709046e-01
3.820889999999990111e-06 9.850112790961776943e-01
3.825889999999990063e-06 9.850112790948843955e-01
3.830889999999990015e-06 9.850112790965240839e-01
3.835889999999989967e-06 9.850112791007635815e-01
3.840889999999989919e-06 9.850112791029675963e-01
3.845889999999989871e-06 9.850112791017876512e-01
3.850889999999989824e-06 9.850112790971973231e-01
3.855889999999989776e-06 9.850112790982965549e-01
3.860889999999989728e-06 9.850112791010252611e-01
3.865889999999989680e-06 9.850112791010182667e-01
3.870889999999989632e-06 9.850112790906706550e-01
3.875889999999989584e-06 9.850112790751783809e-01
3.880889999999990383e-06 9.850112790637152171e-01
3.885889999999988641e-06 9.850112790618827940e-01
3.890889999999988594e-06 9.850112790589498069e-01
3.895889999999989393e-06 9.850112790565156429e-01
3.900889999999989345e-06 9.850112790572934651e-01
3.905889999999989297e-06 9.850112790619206526e-01
3.910889999999989249e-06 9.850112790651988082e-01
3.915889999999989201e-06 9.850112790734100177e-01
3.920889999999989153e-06 9.850112790841443200e-01
3.925889999999989105e-06 9.850112790945858565e-01
3.930889999999989058e-06 9.850112790980023458e-01
3.935889999999989010e-06 9.850112790996682355e-01
3.940889999999988962e-06 9.850112791010339208e-01
3.945889999999988914e-06 9.850112791015669389e-01
3.950889999999988866e-06 9.850112790987145539e-01
3.955889999999988818e-06 9.850112790941748520e-01
3.960889999999988770e-06 9.850112790844279820e-01
3.965889999999988722e-06 9.850112790780811700e-01
3.970889999999988675e-06 9.850112790771755611e-01
3.975889999999988627e-06 9.850112790795936268e-01
3.980889999999988579e-06 9.850112790809842922e-01
3.985889999999989378e-06 9.850112790881648817e-01
3.990889999999987636e-06 9.850112790975189547e-01
3.995889999999987588e-06 9.850112791047777039e-01
4.000889999999988387e-06 9.850112791057418216e-01
4.005889999999988340e-06 9.850112791049925320e-01
4.010889999999988292e-06 9.850112791022104242e-01
4.015889999999988244e-06 9.850112791003576840e-01
4.020889999999988196e-06 9.850112790966510934e-01
4.025889999999988148e-06 9.850112790934179019e-01
4.030889999999988100e-06 9.850112790894178794e-01
4.035889999999988052e-06 9.850112790888344572e-01
4.040889999999988004e-06 9.850112790879793634e-01
4.045889999999987957e-06 9.850112790913826410e-01
4.050889999999987909e-06 9.850112790975646959e-01
4.055889999999987861e-06 9.850112791021957692e-01
4.060889999999987813e-06 9.850112791000428247e-01
4.065889999999987765e-06 9.850112790949128172e-01
4.070889999999987717e-06 9.850112790883214231e-01
4.075889999999987669e-06 9.850112790887056713e-01
4.080889999999987621e-06 9.850112790933217566e-01
4.085889999999988421e-06 9.850112790980966038e-01
4.090889999999988373e-06 9.850112790973168941e-01
4.095889999999986631e-06 9.850112790993542644e-01
4.100889999999986583e-06 9.850112791040807059e-01
4.105889999999987382e-06 9.850112791057180628e-01
4.110889999999987334e-06 9.850112790986148559e-01
4.115889999999987286e-06 9.850112790864684609e-01
4.120889999999987238e-06 9.850112790699823151e-01
4.125889999999987191e-06 9.850112790592975287e-01
4.130889999999987143e-06 9.850112790564163889e-01
4.135889999999987095e-06 9.850112790616264435e-01
4.140889999999987047e-06 9.850112790656673223e-01
4.145889999999986999e-06 9.850112790670478846e-01
4.150889999999986951e-06 9.850112790673657415e-01
4.155889999999986903e-06 9.850112790723081213e-01
4.160889999999986855e-06 9.850112790756022640e-01
4.165889999999986808e-06 9.850112790761019754e-01
4.170889999999986760e-06 9.850112790755706227e-01
4.175889999999986712e-06 9.850112790824264719e-01
4.180889999999986664e-06 9.850112790908664984e-01
4.185889999999986616e-06 9.850112790952144648e-01
4.190889999999987415e-06 9.850112790917392447e-01
4.195889999999987367e-06 9.850112790865297452e-01
4.200889999999985625e-06 9.850112790798372098e-01
4.205889999999985578e-06 9.850112790763594361e-01
4.210889999999986377e-06 9.850112790755615189e-01
4.215889999999986329e-06 9.850112790779960159e-01
4.220889999999986281e-06 9.850112790794961493e-01
4.225889999999986233e-06 9.850112790801986984e-01
4.230889999999986185e-06 9.850112790754345093e-01
4.235889999999986137e-06 9.850112790740387370e-01
4.240889999999986090e-06 9.850112790781977434e-01
4.245889999999986042e-06 9.850112790835148235e-01
4.250889999999985994e-06 9.850112790857407097e-01
4.255889999999985946e-06 9.850112790872924684e-01
4.260889999999985898e-06 9.850112790814994357e-01
4.265889999999985850e-06 9.850112790766611948e-01
4.270889999999985802e-06 9.850112790761137438e-01
4.275889999999985754e-06 9.850112790774661065e-01
4.280889999999985707e-06 9.850112790752612035e-01
4.285889999999985659e-06 9.850112790746189395e-01
4.290889999999985611e-06 9.850112790744626201e-01
4.295889999999986410e-06 9.850112790755176650e-01
4.300889999999986362e-06 9.850112790777770799e-01
4.305889999999984620e-06 9.850112790826552889e-01
4.310889999999985419e-06 9.850112790828017273e-01
4.315889999999985371e-06 9.850112790816611952e-01
4.320889999999985324e-06 9.850112790798818407e-01
4.325889999999985276e-06 9.850112790826250908e-01
4.330889999999985228e-06 9.850112790860352519e-01
4.335889999999985180e-06 9.850112790868332802e-01
4.340889999999985132e-06 9.850112790813472241e-01
4.345889999999985084e-06 9.850112790780453098e-01
4.350889999999985036e-06 9.850112790783391858e-01
4.355889999999984988e-06 9.850112790805412022e-01
4.360889999999984941e-06 9.850112790806202501e-01
4.365889999999984893e-06 9.850112790829765874e-01
4.370889999999984845e-06 9.850112790843359445e-01
4.375889999999984797e-06 9.850112790876895952e-01
4.380889999999984749e-06 9.850112790908681637e-01
4.385889999999984701e-06 9.850112790918412742e-01
4.390889999999984653e-06 9.850112790884106850e-01
4.395889999999984606e-06 9.850112790893781334e-01
4.400889999999985405e-06 9.850112790935574569e-01
4.405889999999985357e-06 9.850112790977030297e-01
4.410889999999983615e-06 9.850112790982974431e-01
4.415889999999984414e-06 9.850112791013488911e-01
4.420889999999984366e-06 9.850112791041566451e-01
4.425889999999984318e-06 9.850112791050699146e-01
4.430889999999984270e-06 9.850112791006118140e-01
4.435889999999984223e-06 9.850112790964874465e-01
4.440889999999984175e-06 9.850112790895828585e-01
4.445889999999984127e-06 9.850112790864401502e-01
4.450889999999984079e-06 9.850112790899239190e-01
4.455889999999984031e-06 9.850112790941543128e-01
4.460889999999983983e-06 9.850112790882132874e-01
4.465889999999983935e-06 9.850112790780093386e-01
4.470889999999983887e-06 9.850112790716348821e-01
4.475889999999983840e-06 9.850112790732633572e-01
4.480889999999983792e-06 9.850112790754098624e-01
4.485889999999983744e-06 9.850112790817731057e-01
4.490889999999983696e-06 9.850112790879407276e-01
4.495889999999983648e-06 9.850112790884061331e-01
4.500889999999983600e-06 9.850112790832382670e-01
4.505889999999984399e-06 9.850112790811125230e-01
4.510889999999984351e-06 9.850112790788697614e-01
4.515889999999982610e-06 9.850112790818090769e-01
4.520889999999983409e-06 9.850112790872593838e-01
4.525889999999983361e-06 9.850112790911068616e-01
4.530889999999983313e-06 9.850112790926854878e-01
4.535889999999983265e-06 9.850112790960016129e-01
4.540889999999983217e-06 9.850112790956797593e-01
4.545889999999983169e-06 9.850112790962831655e-01
4.550889999999983121e-06 9.850112790969366428e-01
4.555889999999983074e-06 9.850112790976905952e-01
4.560889999999983026e-06 9.850112790948711838e-01
4.565889999999982978e-06 9.850112790898035708e-01
4.570889999999982930e-06 9.850112790811124119e-01
4.575889999999982882e-06 9.850112790770990667e-01
4.580889999999982834e-06 9.850112790764546933e-01
4.585889999999982786e-06 9.850112790815216401e-01
4.590889999999982739e-06 9.850112790881812019e-01
4.595889999999982691e-06 9.850112790931014883e-01
4.600889999999982643e-06 9.850112790940047658e-01
4.605889999999982595e-06 9.850112790940362961e-01
4.610889999999983394e-06 9.850112790914722360e-01
4.615889999999981652e-06 9.850112790876015545e-01
4.620889999999981604e-06 9.850112790781173633e-01
4.625889999999982403e-06 9.850112790719328659e-01
4.630889999999982356e-06 9.850112790730979340e-01
4.635889999999982308e-06 9.850112790780201077e-01
4.640889999999982260e-06 9.850112790771148319e-01
4.645889999999982212e-06 9.850112790760713333e-01
4.650889999999982164e-06 9.850112790751788250e-01
4.655889999999982116e-06 9.850112790773245530e-01
4.660889999999982068e-06 9.850112790812229902e-01
4.665889999999982020e-06 9.850112790872929125e-01
4.670889999999981973e-06 9.850112790925534823e-01
4.675889999999981925e-06 9.850112790966348841e-01
4.680889999999981877e-06 9.850112790953471364e-01
4.685889999999981829e-06 9.850112790959825171e-01
4.690889999999981781e-06 9.850112790952056940e-01
4.695889999999981733e-06 9.850112790943785779e-01
4.700889999999981685e-06 9.850112790948352126e-01
4.705889999999981637e-06 9.850112790977809674e-01
4.710889999999981590e-06 9.850112790990713796e-01
4.715889999999982389e-06 9.850112790985448008e-01
4.720889999999980647e-06 9.850112790921495831e-01
4.725889999999980599e-06 9.850112790883041036e-01
4.730889999999981398e-06 9.850112790877877389e-01
4.735889999999981350e-06 9.850112790873488677e-01
4.740889999999981302e-06 9.850112790840851451e-01
4.745889999999981254e-06 9.850112790858444045e-01
4.750889999999981207e-06 9.850112790881681013e-01
4.755889999999981159e-06 9.850112790891095704e-01
4.760889999999981111e-06 9.850112790865599433e-01
4.765889999999981063e-06 9.850112790835797716e-01
4.770889999999981015e-06 9.850112790797190820e-01
4.775889999999980967e-06 9.850112790797385109e-01
4.780889999999980919e-06 9.850112790794249840e-01
4.785889999999980872e-06 9.850112790820654274e-01
4.790889999999980824e-06 9.850112790863218004e-01
4.795889999999980776e-06 9.850112790884686387e-01
4.800889999999980728e-06 9.850112790857830092e-01
4.805889999999980680e-06 9.850112790872100899e-01
4.810889999999980632e-06 9.850112790915925842e-01
4.815889999999980584e-06 9.850112790985462441e-01
4.820889999999981383e-06 9.850112791018786895e-01
4.825889999999979641e-06 9.850112791014150604e-01
4.830889999999979594e-06 9.850112790980196653e-01
4.835889999999980393e-06 9.850112790999074885e-01
4.840889999999980345e-06 9.850112791023268866e-01
4.845889999999980297e-06 9.850112791034913995e-01
4.850889999999980249e-06 9.850112791034358883e-01
4.855889999999980201e-06 9.850112791032886728e-01
4.860889999999980153e-06 9.850112790981495614e-01
4.865889999999980106e-06 9.850112790947089803e-01
4.870889999999980058e-06 9.850112790912095573e-01
4.875889999999980010e-06 9.850112790859762990e-01
4.880889999999979962e-06 9.850112790804869123e-01
4.885889999999979914e-06 9.850112790840447330e-01
4.890889999999979866e-06 9.850112790899937520e-01
4.895889999999979818e-06 9.850112790945032559e-01
4.900889999999979770e-06 9.850112790978310384e-01
4.905889999999979723e-06 9.850112791033261983e-01
4.910889999999979675e-06 9.850112791059374429e-01
4.915889999999979627e-06 9.850112791072352936e-01
4.920889999999979579e-06 9.850112791055233297e-01
4.925889999999980378e-06 9.850112791069536300e-01
4.930889999999978636e-06 9.850112791094116638e-01
4.935889999999978588e-06 9.850112791097692666e-01
4.940889999999979387e-06 9.850112791061078621e-01
4.945889999999979340e-06 9.850112791049884242e-01
4.950889999999979292e-06 9.850112791037990423e-01
4.955889999999979244e-06 9.850112791023639680e-01
4.960889999999979196e-06 9.850112790978438060e-01
4.965889999999979148e-06 9.850112790981812028e-01
4.970889999999979100e-06 9.850112791005105617e-01
4.975889999999979052e-06 9.850112791028282633e-01
4.980889999999979004e-06 9.850112791026990333e-01
4.985889999999978957e-06 9.850112791008831525e-01
4.990889999999978909e-06 9.850112790974808741e-01
4.995444999999989235e-06 9.850112790825371611e-01
5.000000000000000409e-06 9.850112790685751074e-01
