# time_s vout_v
0.000000000000000000e+00 1.149970366314847059e+00
5.000000000000000182e-11 1.149970368154985101e+00
1.000000000000000036e-10 1.149970369931577086e+00
2.000000000000000073e-10 1.149970373365609921e+00
4.000000000000000146e-10 1.149970379607095028e+00
8.000000000000000291e-10 1.149970390207486926e+00
1.600000000000000058e-09 1.149970406584245097e+00
3.200000000000000117e-09 1.149970428470054040e+00
6.400000000000000233e-09 1.149970447402073104e+00
1.139999999999999951e-08 1.149970438808278095e+00
1.640000000000000127e-08 1.149970410316266900e+00
2.139999999999999972e-08 1.149970383085586079e+00
2.640000000000000148e-08 1.149970365766896929e+00
3.140000000000000324e-08 1.149970358631527967e+00
3.640000000000000169e-08 1.149970358265065995e+00
4.139999999999998690e-08 1.149970360886519050e+00
4.639999999999999197e-08 1.149970363872035994e+00
5.139999999999999042e-08 1.149970366008812084e+00
5.639999999999998887e-08 1.149970367055386022e+00
6.139999999999999394e-08 1.149970367259619985e+00
6.639999999999999901e-08 1.149970367050340059e+00
7.140000000000000407e-08 1.149970366736204008e+00
7.640000000000000914e-08 1.149970366476261052e+00
8.140000000000001421e-08 1.149970366336745986e+00
8.640000000000001928e-08 1.149970366293501023e+00
9.140000000000002435e-08 1.149970366298346036e+00
9.640000000000002941e-08 1.149970366318189940e+00
1.013999999999999948e-07 1.149970366338308070e+00
1.063999999999999998e-07 1.149970366352053963e+00
1.114000000000000049e-07 1.149970366358914919e+00
1.163999999999999967e-07 1.149970366358457952e+00
1.213999999999999886e-07 1.149970366352276008e+00
1.263999999999999936e-07 1.149970366345677064e+00
1.314000000000001046e-07 1.149970366340234085e+00
1.364000000000001097e-07 1.149970366337282890e+00
1.414000000000000883e-07 1.149970366340272054e+00
1.464000000000000933e-07 1.149970366347488060e+00
1.514000000000000984e-07 1.149970366357673024e+00
1.564000000000001035e-07 1.149970366367212948e+00
1.614000000000001085e-07 1.149970366370441033e+00
1.664000000000000871e-07 1.149970366366122043e+00
1.714000000000000922e-07 1.149970366358709972e+00
1.764000000000000973e-07 1.149970366354799101e+00
1.814000000000001023e-07 1.149970366352649931e+00
1.864000000000001074e-07 1.149970366349138073e+00
1.914000000000001125e-07 1.149970366346501960e+00
1.964000000000000911e-07 1.149970366348334938e+00
2.014000000000000961e-07 1.149970366350901996e+00
2.064000000000001012e-07 1.149970366347000894e+00
2.114000000000001063e-07 1.149970366342280004e+00
2.164000000000001113e-07 1.149970366340592021e+00
2.214000000000000899e-07 1.149970366340052896e+00
2.264000000000000950e-07 1.149970366341731998e+00
2.314000000000002059e-07 1.149970366343717076e+00
2.364000000000002110e-07 1.149970366344081896e+00
2.414000000000000837e-07 1.149970366341402039e+00
2.464000000000000888e-07 1.149970366336622973e+00
2.514000000000000939e-07 1.149970366333846084e+00
2.564000000000002048e-07 1.149970366339144956e+00
2.614000000000002099e-07 1.149970366350616890e+00
2.664000000000002149e-07 1.149970366360137053e+00
2.714000000000002200e-07 1.149970366365580920e+00
2.764000000000002251e-07 1.149970366364883034e+00
2.814000000000001772e-07 1.149970366360616003e+00
2.864000000000001823e-07 1.149970366354782891e+00
2.914000000000001873e-07 1.149970366348820994e+00
2.964000000000001924e-07 1.149970366346360073e+00
3.014000000000001975e-07 1.149970366342450978e+00
3.064000000000002026e-07 1.149970366337736083e+00
3.114000000000002076e-07 1.149970366338145977e+00
3.164000000000002127e-07 1.149970366341898975e+00
3.214000000000002178e-07 1.149970366344045924e+00
3.264000000000002228e-07 1.149970366344021055e+00
3.314000000000001750e-07 1.149970366344237993e+00
3.364000000000001800e-07 1.149970366343803896e+00
3.414000000000001851e-07 1.149970366341654060e+00
3.464000000000001902e-07 1.149970366339780892e+00
3.514000000000001952e-07 1.149970366339744032e+00
3.564000000000003062e-07 1.149970366338489924e+00
3.614000000000003112e-07 1.149970366338441075e+00
3.664000000000003163e-07 1.149970366344289951e+00
3.714000000000003214e-07 1.149970366346255046e+00
3.764000000000003264e-07 1.149970366341477979e+00
3.814000000000002786e-07 1.149970366340091976e+00
3.864000000000002836e-07 1.149970366340105965e+00
3.914000000000002887e-07 1.149970366338211036e+00
3.964000000000002938e-07 1.149970366340461903e+00
4.014000000000002988e-07 1.149970366346199979e+00
4.064000000000003039e-07 1.149970366350866913e+00
4.114000000000003090e-07 1.149970366350490991e+00
4.164000000000003140e-07 1.149970366345304917e+00
4.214000000000003191e-07 1.149970366340679950e+00
4.264000000000003242e-07 1.149970366337291106e+00
4.314000000000002763e-07 1.149970366336481975e+00
4.364000000000002814e-07 1.149970366338060046e+00
4.414000000000002864e-07 1.149970366338872951e+00
4.464000000000002915e-07 1.149970366340905104e+00
4.514000000000002966e-07 1.149970366347462969e+00
4.564000000000004075e-07 1.149970366352196072e+00
4.614000000000004126e-07 1.149970366348314954e+00
4.664000000000004177e-07 1.149970366343457950e+00
4.714000000000004227e-07 1.149970366343294970e+00
4.764000000000003749e-07 1.149970366343892936e+00
4.814000000000003799e-07 1.149970366342998096e+00
4.864000000000003320e-07 1.149970366344235106e+00
4.914000000000002842e-07 1.149970366347869088e+00
4.964000000000002363e-07 1.149970366347702111e+00
5.014000000000001884e-07 1.149970366345989925e+00
5.064000000000001406e-07 1.149970366345890893e+00
5.114000000000000927e-07 1.149970366342736083e+00
5.164000000000000448e-07 1.149970366339684968e+00
5.213999999999999969e-07 1.149970366343415984e+00
5.263999999999999491e-07 1.149970366347492057e+00
5.313999999999999012e-07 1.149970366347389916e+00
5.363999999999998533e-07 1.149970366346428019e+00
5.413999999999998055e-07 1.149970366343955108e+00
5.463999999999997576e-07 1.149970366342959016e+00
5.513999999999997097e-07 1.149970366343302963e+00
5.563999999999996618e-07 1.149970366342156103e+00
5.613999999999996140e-07 1.149970366342975003e+00
5.663999999999995661e-07 1.149970366344001071e+00
5.713999999999995182e-07 1.149970366343233019e+00
5.763999999999994704e-07 1.149970366346027006e+00
5.813999999999994225e-07 1.149970366350987039e+00
5.863999999999993746e-07 1.149970366351177997e+00
5.913999999999993267e-07 1.149970366348920026e+00
5.963999999999992789e-07 1.149970366348082029e+00
6.013999999999992310e-07 1.149970366346610096e+00
6.063999999999991831e-07 1.149970366343672890e+00
6.113999999999991353e-07 1.149970366339571948e+00
6.163999999999990874e-07 1.149970366336455996e+00
6.213999999999990395e-07 1.149970366336316108e+00
6.263999999999989916e-07 1.149970366336616090e+00
6.313999999999989438e-07 1.149970366338719074e+00
6.363999999999988959e-07 1.149970366344833073e+00
6.413999999999988480e-07 1.149970366348594064e+00
6.463999999999988001e-07 1.149970366345661077e+00
6.513999999999987523e-07 1.149970366340860028e+00
6.563999999999987044e-07 1.149970366340236971e+00
6.613999999999986565e-07 1.149970366342929928e+00
6.663999999999986087e-07 1.149970366342571992e+00
6.713999999999985608e-07 1.149970366340899108e+00
6.763999999999985129e-07 1.149970366340657968e+00
6.813999999999984650e-07 1.149970366337945915e+00
6.863999999999984172e-07 1.149970366334760019e+00
6.913999999999983693e-07 1.149970366334857941e+00
6.963999999999983214e-07 1.149970366337119021e+00
7.013999999999982736e-07 1.149970366340709038e+00
7.063999999999982257e-07 1.149970366343298966e+00
7.113999999999981778e-07 1.149970366342623951e+00
7.163999999999981299e-07 1.149970366341273031e+00
7.213999999999980821e-07 1.149970366341191985e+00
7.263999999999980342e-07 1.149970366342816019e+00
7.313999999999979863e-07 1.149970366344696071e+00
7.363999999999979385e-07 1.149970366345314909e+00
7.413999999999978906e-07 1.149970366346094952e+00
7.463999999999978427e-07 1.149970366343401995e+00
7.513999999999977948e-07 1.149970366338884054e+00
7.563999999999977470e-07 1.149970366338703087e+00
7.613999999999976991e-07 1.149970366336884986e+00
7.663999999999976512e-07 1.149970366335764105e+00
7.713999999999976034e-07 1.149970366342742967e+00
7.763999999999975555e-07 1.149970366351318107e+00
7.813999999999975076e-07 1.149970366356050988e+00
7.863999999999974597e-07 1.149970366355123952e+00
7.913999999999974119e-07 1.149970366350482998e+00
7.963999999999973640e-07 1.149970366348713968e+00
8.013999999999973161e-07 1.149970366348610051e+00
8.063999999999972683e-07 1.149970366347397910e+00
8.113999999999972204e-07 1.149970366348197048e+00
8.163999999999971725e-07 1.149970366351005913e+00
8.213999999999971246e-07 1.149970366349865936e+00
8.263999999999970768e-07 1.149970366343975980e+00
8.313999999999970289e-07 1.149970366339714056e+00
8.363999999999969810e-07 1.149970366335602012e+00
8.413999999999969331e-07 1.149970366330409055e+00
8.463999999999968853e-07 1.149970366330860916e+00
8.513999999999968374e-07 1.149970366335548944e+00
8.563999999999967895e-07 1.149970366340651973e+00
8.613999999999967417e-07 1.149970366346998008e+00
8.663999999999966938e-07 1.149970366351861006e+00
8.713999999999966459e-07 1.149970366351837914e+00
8.763999999999965980e-07 1.149970366348209927e+00
8.813999999999965502e-07 1.149970366345137052e+00
8.863999999999965023e-07 1.149970366343421979e+00
8.913999999999964544e-07 1.149970366344029049e+00
8.963999999999964066e-07 1.149970366344549966e+00
9.013999999999963587e-07 1.149970366342432992e+00
9.063999999999963108e-07 1.149970366343316952e+00
9.113999999999962629e-07 1.149970366344065908e+00
9.163999999999962151e-07 1.149970366344023054e+00
9.213999999999961672e-07 1.149970366345844930e+00
9.263999999999961193e-07 1.149970366345050898e+00
9.313999999999960715e-07 1.149970366346009021e+00
9.363999999999960236e-07 1.149970366348542106e+00
9.413999999999959757e-07 1.149970366345578032e+00
9.463999999999959278e-07 1.149970366342760064e+00
9.513999999999958800e-07 1.149970366341648065e+00
9.563999999999958321e-07 1.149970366335467009e+00
9.613999999999957842e-07 1.149970366331100058e+00
9.663999999999957364e-07 1.149970366336984018e+00
9.713999999999956885e-07 1.149970366350210993e+00
9.763999999999956406e-07 1.149970366362740082e+00
9.813999999999955927e-07 1.149970366366450891e+00
9.863999999999955449e-07 1.149970366362017993e+00
9.913999999999954970e-07 1.149970366356316109e+00
9.956999999999977259e-07 1.149970366343926020e+00
9.999999999999999547e-07 1.149970366326181104e+00
1.000099999999999962e-06 1.150051621742752994e+00
1.000299999999999977e-06 1.150083055753271966e+00
1.000649999999999898e-06 1.150052745246739949e+00
1.001000000000000030e-06 1.150598129059769104e+00
1.001070000000000056e-06 1.150790532299434066e+00
1.001209999999999897e-06 1.151248086160177042e+00
1.001490000000000003e-06 1.152390150589069906e+00
1.002050000000000003e-06 1.155108569142371922e+00
1.003009989966897949e-06 1.161166315491819034e+00
1.004929969900694052e-06 1.178131461907520050e+00
1.008769929768286048e-06 1.224586909674133084e+00
1.013769929768286000e-06 1.297312922619644038e+00
1.018769929768285952e-06 1.374851430065014979e+00
1.023769929768285904e-06 1.453759505464605084e+00
1.028769929768286068e-06 1.533021439262588936e+00
1.033769929768286020e-06 1.612428447862152892e+00
1.038769929768285972e-06 1.691906448654372896e+00
1.043769929768285924e-06 1.771417917225837968e+00
1.048769929768286088e-06 1.850915674369403074e+00
1.053769929768286040e-06 1.930152283752956999e+00
1.058769929768285993e-06 2.007670492374863169e+00
1.063769929768285945e-06 2.077649216845566027e+00
1.068769929768285897e-06 2.129311798097238917e+00
1.073769929768286061e-06 2.156689231666906181e+00
1.077943960664285054e-06 2.164369822057076842e+00
1.082543742756223047e-06 2.163924976476538919e+00
1.087200204702701967e-06 2.159331029008796143e+00
1.092200204702701920e-06 2.153996667494806783e+00
1.097200204702702083e-06 2.150275259192429900e+00
1.102200204702702036e-06 2.148578019544165052e+00
1.107200204702701988e-06 2.148344237645563926e+00
1.112200204702701940e-06 2.148822039359179037e+00
1.117200204702702104e-06 2.149430324835737149e+00
1.122200204702702056e-06 2.149879372279865919e+00
1.127200204702702008e-06 2.150099798266627893e+00
1.132200204702701960e-06 2.150145726009180969e+00
1.137200204702701912e-06 2.150100754976298933e+00
1.142200204702702076e-06 2.150033567278518909e+00
1.147200204702702028e-06 2.149980548581254869e+00
1.152200204702701980e-06 2.149952570449892963e+00
1.157200204702701932e-06 2.149945022372388159e+00
1.162200204702701038e-06 2.149948933215691138e+00
1.167200204702700990e-06 2.149956242237940796e+00
1.172200204702700942e-06 2.149962454422400970e+00
1.177200204702701106e-06 2.149965950642270140e+00
1.182200204702701058e-06 2.149967084653757965e+00
1.187200204702701010e-06 2.149966787557938019e+00
1.192200204702700962e-06 2.149966008383060068e+00
1.197200204702700914e-06 2.149965285418507843e+00
1.202200204702701078e-06 2.149964856244277023e+00
1.207200204702701030e-06 2.149964693485554967e+00
1.212200204702700982e-06 2.149964710692284786e+00
1.217200204702700934e-06 2.149964790484233834e+00
1.222200204702701098e-06 2.149964875137980957e+00
1.227200204702701050e-06 2.149964925988768982e+00
1.232200204702701003e-06 2.149964949496820932e+00
1.237200204702700955e-06 2.149964948592411051e+00
1.242200204702700907e-06 2.149964941573693888e+00
1.247200204702701071e-06 2.149964930931309137e+00
1.252200204702701023e-06 2.149964925734607846e+00
1.257200204702700975e-06 2.149964921799781159e+00
1.262200204702700927e-06 2.149964922377078924e+00
1.267200204702700032e-06 2.149964922328357897e+00
1.272200204702699984e-06 2.149964924102575115e+00
1.277200204702699937e-06 2.149964924173155989e+00
1.282200204702700100e-06 2.149964925191266030e+00
1.287200204702700053e-06 2.149964924719839132e+00
1.292200204702700005e-06 2.149964925190085197e+00
1.297200204702699957e-06 2.149964924639113040e+00
1.302200204702699909e-06 2.149964924965647839e+00
1.307200204702700073e-06 2.149964924519617071e+00
1.312200204702700025e-06 2.149964924867397098e+00
1.317200204702699977e-06 2.149964924517620890e+00
1.322200204702699929e-06 2.149964924783766218e+00
1.327200204702700093e-06 2.149964924539851996e+00
1.332200204702700045e-06 2.149964924809760980e+00
1.337200204702699997e-06 2.149964924630467067e+00
1.342200204702699949e-06 2.149964924805651822e+00
1.347200204702699902e-06 2.149964924623959828e+00
1.352200204702700065e-06 2.149964924788824838e+00
1.357200204702700018e-06 2.149964924682498779e+00
1.362200204702699970e-06 2.149964924795319199e+00
1.367200204702699075e-06 2.149964924678312794e+00
1.372200204702699027e-06 2.149964924745887185e+00
1.377200204702698979e-06 2.149964924631862839e+00
1.382200204702698931e-06 2.149964924736119887e+00
1.387200204702699095e-06 2.149964924740455974e+00
1.392200204702699047e-06 2.149964924803945188e+00
1.397200204702698999e-06 2.149964924693462009e+00
1.402200204702698951e-06 2.149964924700494162e+00
1.407200204702698904e-06 2.149964924663513077e+00
1.412200204702699067e-06 2.149964924756243789e+00
1.417200204702699020e-06 2.149964924776119002e+00
1.422200204702698972e-06 2.149964924770079833e+00
1.427200204702698924e-06 2.149964924764145024e+00
1.432200204702699088e-06 2.149964924763898999e+00
1.437200204702699040e-06 2.149964924701488922e+00
1.442200204702698992e-06 2.149964924708624103e+00
1.447200204702698944e-06 2.149964924738631211e+00
1.452200204702698896e-06 2.149964924756656792e+00
1.457200204702699060e-06 2.149964924743998029e+00
1.462200204702699012e-06 2.149964924726467164e+00
1.467200204702698964e-06 2.149964924753696049e+00
1.472200204702698070e-06 2.149964924749030892e+00
1.477200204702698022e-06 2.149964924750333850e+00
1.482200204702697974e-06 2.149964924755801032e+00
1.487200204702697926e-06 2.149964924782238107e+00
1.492200204702698090e-06 2.149964924760818796e+00
1.497200204702698042e-06 2.149964924755844109e+00
1.502200204702697994e-06 2.149964924718998027e+00
1.507200204702697946e-06 2.149964924730003890e+00
1.512200204702697898e-06 2.149964924698744007e+00
1.517200204702698062e-06 2.149964924704221847e+00
1.522200204702698014e-06 2.149964924703540170e+00
1.527200204702697966e-06 2.149964924739597105e+00
1.532200204702697919e-06 2.149964924729796945e+00
1.537200204702698082e-06 2.149964924738199112e+00
1.542200204702698035e-06 2.149964924701718072e+00
1.547200204702697987e-06 2.149964924721404103e+00
1.552200204702697939e-06 2.149964924700758839e+00
1.557200204702698103e-06 2.149964924743803074e+00
1.562200204702698055e-06 2.149964924717172821e+00
1.567200204702698007e-06 2.149964924745724204e+00
1.572200204702697959e-06 2.149964924739986127e+00
1.577200204702697064e-06 2.149964924769001140e+00
1.582200204702697016e-06 2.149964924754999007e+00
1.587200204702696968e-06 2.149964924779665054e+00
1.592200204702696921e-06 2.149964924735638938e+00
1.597200204702697084e-06 2.149964924728165805e+00
1.602200204702697037e-06 2.149964924680284994e+00
1.607200204702696989e-06 2.149964924713580139e+00
1.612200204702696941e-06 2.149964924703880786e+00
1.617200204702697105e-06 2.149964924728200888e+00
1.622200204702697057e-06 2.149964924692254975e+00
1.627200204702697009e-06 2.149964924733381189e+00
1.632200204702696961e-06 2.149964924726346815e+00
1.637200204702696913e-06 2.149964924751143869e+00
1.642200204702697077e-06 2.149964924731941895e+00
1.647200204702697029e-06 2.149964924761035068e+00
1.652200204702696981e-06 2.149964924720891180e+00
1.657200204702696934e-06 2.149964924732545857e+00
1.662200204702697097e-06 2.149964924699526936e+00
1.667200204702697050e-06 2.149964924746011974e+00
1.672200204702697002e-06 2.149964924725701998e+00
1.677200204702696954e-06 2.149964924738056116e+00
1.682200204702696059e-06 2.149964924706655900e+00
1.687200204702696011e-06 2.149964924730416005e+00
1.692200204702695963e-06 2.149964924709481195e+00
1.697200204702695915e-06 2.149964924739586891e+00
1.702200204702696079e-06 2.149964924720337844e+00
1.707200204702696031e-06 2.149964924745512818e+00
1.712200204702695983e-06 2.149964924715860093e+00
1.717200204702695936e-06 2.149964924740249916e+00
1.722200204702696099e-06 2.149964924697052915e+00
1.727200204702696052e-06 2.149964924722147064e+00
1.732200204702696004e-06 2.149964924692412183e+00
1.737200204702695956e-06 2.149964924711655012e+00
1.742200204702695908e-06 2.149964924683946954e+00
1.747200204702696072e-06 2.149964924713449133e+00
1.752200204702696024e-06 2.149964924693157808e+00
1.757200204702695976e-06 2.149964924721936121e+00
1.762200204702695928e-06 2.149964924695892954e+00
1.767200204702696092e-06 2.149964924722345128e+00
1.772200204702696044e-06 2.149964924696112778e+00
1.777200204702695996e-06 2.149964924718839043e+00
1.782200204702695948e-06 2.149964924687768786e+00
1.787200204702695054e-06 2.149964924713649861e+00
1.792200204702695006e-06 2.149964924692331802e+00
1.797200204702694958e-06 2.149964924721496029e+00
1.802200204702694910e-06 2.149964924695757951e+00
1.807200204702695074e-06 2.149964924726521787e+00
1.812200204702695026e-06 2.149964924705148217e+00
1.817200204702694978e-06 2.149964924730987104e+00
1.822200204702694930e-06 2.149964924697520985e+00
1.827200204702695094e-06 2.149964924715923154e+00
1.832200204702695046e-06 2.149964924689800050e+00
1.837200204702694998e-06 2.149964924720170867e+00
1.842200204702694950e-06 2.149964924696099011e+00
1.847200204702694903e-06 2.149964924749252049e+00
1.852200204702695067e-06 2.149964924726615045e+00
1.857200204702695019e-06 2.149964924720868087e+00
1.862200204702694971e-06 2.149964924685990209e+00
1.867200204702694923e-06 2.149964924744331096e+00
1.872200204702695087e-06 2.149964924726227800e+00
1.877200204702695039e-06 2.149964924720991988e+00
1.882200204702694991e-06 2.149964924682821188e+00
1.887200204702694943e-06 2.149964924736150973e+00
1.892200204702694048e-06 2.149964924717790993e+00
1.897200204702694000e-06 2.149964924738852812e+00
1.902200204702693953e-06 2.149964924710594083e+00
1.907200204702693905e-06 2.149964924738200001e+00
1.912200204702693857e-06 2.149964924705539016e+00
1.917200204702693809e-06 2.149964924727719939e+00
1.922200204702694185e-06 2.149964924699582003e+00
1.927200204702694137e-06 2.149964924727342019e+00
1.932200204702694089e-06 2.149964924702711055e+00
1.937200204702694041e-06 2.149964924725928928e+00
1.942200204702693993e-06 2.149964924696781132e+00
1.947200204702693945e-06 2.149964924725196180e+00
1.952200204702693897e-06 2.149964924701207813e+00
1.957200204702693849e-06 2.149964924729681037e+00
1.962200204702693802e-06 2.149964924705990210e+00
1.967200204702694177e-06 2.149964924735972893e+00
1.972200204702694129e-06 2.149964924707827851e+00
1.977200204702694081e-06 2.149964924729065974e+00
1.982200204702694034e-06 2.149964924699821811e+00
1.987200204702693986e-06 2.149964924726357918e+00
1.992200204702693938e-06 2.149964924701476932e+00
1.997200204702693043e-06 2.149964924731556870e+00
2.002200204702692995e-06 2.149964924708541059e+00
2.007200204702692947e-06 2.149964924737386873e+00
2.012200204702692899e-06 2.149964924707838065e+00
2.017200204702692851e-06 2.149964924728839044e+00
2.022200204702692804e-06 2.149964924701678992e+00
2.027200204702693179e-06 2.149964924732358895e+00
2.032200204702693131e-06 2.149964924709573122e+00
2.037200204702693083e-06 2.149964924737152838e+00
2.042200204702693036e-06 2.149964924709743208e+00
2.047200204702692988e-06 2.149964924734840022e+00
2.052200204702692940e-06 2.149964924707607139e+00
2.057200204702692892e-06 2.149964924732670202e+00
2.062200204702692844e-06 2.149964924698362978e+00
2.067200204702692796e-06 2.149964924717762127e+00
2.072200204702693172e-06 2.149964924692009838e+00
2.077200204702693124e-06 2.149964924723708037e+00
2.082200204702693076e-06 2.149964924701675884e+00
2.087200204702693028e-06 2.149964924732282956e+00
2.092200204702692980e-06 2.149964924710774827e+00
2.097200204702692933e-06 2.149964924738843930e+00
2.102200204702692038e-06 2.149964924710622061e+00
2.107200204702691990e-06 2.149964924735531024e+00
2.112200204702691942e-06 2.149964924707052916e+00
2.117200204702691894e-06 2.149964924734200089e+00
2.122200204702691846e-06 2.149964924710618952e+00
2.127200204702691798e-06 2.149964924737706173e+00
2.132200204702692174e-06 2.149964924706528002e+00
2.137200204702692126e-06 2.149964924730729976e+00
2.142200204702692078e-06 2.149964924705726865e+00
2.147200204702692030e-06 2.149964924733588134e+00
2.152200204702691982e-06 2.149964924706774916e+00
2.157200204702691935e-06 2.149964924732635119e+00
2.162200204702691887e-06 2.149964924708606784e+00
2.167200204702691839e-06 2.149964924738342997e+00
2.172200204702691791e-06 2.149964924710559000e+00
2.177200204702692167e-06 2.149964924733393179e+00
2.182200204702692119e-06 2.149964924703322122e+00
2.187200204702692071e-06 2.149964924729272031e+00
2.192200204702692023e-06 2.149964924702337132e+00
2.197200204702691975e-06 2.149964924727695958e+00
2.202200204702691927e-06 2.149964924703310132e+00
2.207200204702691032e-06 2.149964924732206129e+00
2.212200204702690984e-06 2.149964924700956015e+00
2.217200204702690937e-06 2.149964924721134096e+00
2.222200204702690889e-06 2.149964924695609181e+00
2.227200204702690841e-06 2.149964924728489102e+00
2.232200204702690793e-06 2.149964924704701019e+00
2.237200204702691169e-06 2.149964924729739213e+00
2.242200204702691121e-06 2.149964924703283931e+00
2.247200204702691073e-06 2.149964924732679084e+00
2.252200204702691025e-06 2.149964924708447800e+00
2.257200204702690977e-06 2.149964924735492833e+00
2.262200204702690929e-06 2.149964924707782998e+00
2.267200204702690881e-06 2.149964924734875993e+00
2.272200204702690834e-06 2.149964924708421155e+00
2.277200204702691209e-06 2.149964924731524896e+00
2.282200204702691161e-06 2.149964924703512192e+00
2.287200204702691113e-06 2.149964924731317950e+00
2.292200204702691066e-06 2.149964924703485991e+00
2.297200204702691018e-06 2.149964924729272031e+00
2.302200204702690970e-06 2.149964924701491142e+00
2.307200204702690075e-06 2.149964924726118110e+00
2.312200204702690027e-06 2.149964924702790103e+00
2.317200204702689979e-06 2.149964924731611049e+00
2.322200204702689931e-06 2.149964924700431101e+00
2.327200204702689883e-06 2.149964924724732995e+00
2.332200204702689836e-06 2.149964924702949975e+00
2.337200204702690211e-06 2.149964924734355964e+00
2.342200204702690163e-06 2.149964924707004954e+00
2.347200204702690115e-06 2.149964924731150973e+00
2.352200204702690068e-06 2.149964924702893132e+00
2.357200204702690020e-06 2.149964924728427818e+00
2.362200204702689972e-06 2.149964924708096969e+00
2.367200204702689924e-06 2.149964924745618955e+00
2.372200204702689876e-06 2.149964924724289794e+00
2.377200204702689828e-06 2.149964924748668960e+00
2.382200204702690204e-06 2.149964924716345038e+00
2.387200204702690156e-06 2.149964924735712213e+00
2.392200204702690108e-06 2.149964924703897218e+00
2.397200204702690060e-06 2.149964924728524185e+00
2.402200204702690012e-06 2.149964924698413160e+00
2.407200204702689964e-06 2.149964924723959836e+00
2.412200204702689070e-06 2.149964924698140933e+00
2.417200204702689022e-06 2.149964924724316884e+00
2.422200204702688974e-06 2.149964924697461033e+00
2.427200204702688926e-06 2.149964924725714877e+00
2.432200204702688878e-06 2.149964924707060909e+00
2.437200204702688830e-06 2.149964924739462102e+00
2.442200204702689206e-06 2.149964924712199910e+00
2.447200204702689158e-06 2.149964924735164207e+00
2.452200204702689110e-06 2.149964924702187030e+00
2.457200204702689062e-06 2.149964924726881055e+00
2.462200204702689014e-06 2.149964924704347968e+00
2.467200204702688967e-06 2.149964924731484039e+00
2.472200204702688919e-06 2.149964924703684943e+00
2.477200204702688871e-06 2.149964924733573035e+00
2.482200204702688823e-06 2.149964924707048031e+00
2.487200204702689199e-06 2.149964924730228155e+00
2.492200204702689151e-06 2.149964924702597813e+00
2.497200204702689103e-06 2.149964924729179216e+00
2.502200204702689055e-06 2.149964924704832914e+00
2.507200204702689007e-06 2.149964924735590976e+00
2.512200204702688959e-06 2.149964924709971914e+00
2.517200204702688064e-06 2.149964924732095106e+00
2.522200204702688016e-06 2.149964924702362001e+00
2.527200204702687969e-06 2.149964924726524007e+00
2.532200204702687921e-06 2.149964924694585999e+00
2.537200204702687873e-06 2.149964924718918979e+00
2.542200204702687825e-06 2.149964924692961965e+00
2.547200204702688201e-06 2.149964924723288817e+00
2.552200204702688153e-06 2.149964924700868085e+00
2.557200204702688105e-06 2.149964924728169802e+00
2.562200204702688057e-06 2.149964924705682012e+00
2.567200204702688009e-06 2.149964924737103100e+00
2.572200204702687961e-06 2.149964924709597103e+00
2.577200204702687913e-06 2.149964924731349036e+00
2.582200204702687865e-06 2.149964924698966051e+00
2.587200204702687818e-06 2.149964924722600035e+00
2.592200204702688193e-06 2.149964924696403212e+00
2.597200204702688145e-06 2.149964924726393001e+00
2.602200204702688097e-06 2.149964924702482794e+00
2.607200204702688050e-06 2.149964924728826166e+00
2.612200204702688002e-06 2.149964924702692848e+00
2.617200204702687954e-06 2.149964924728902993e+00
2.622200204702687059e-06 2.149964924701143865e+00
2.627200204702687011e-06 2.149964924729506954e+00
2.632200204702686963e-06 2.149964924704772073e+00
2.637200204702686915e-06 2.149964924731937010e+00
2.642200204702686867e-06 2.149964924708222203e+00
2.647200204702686820e-06 2.149964924735654037e+00
2.652200204702687195e-06 2.149964924703679170e+00
2.657200204702687147e-06 2.149964924725669135e+00
2.662200204702687100e-06 2.149964924696787794e+00
2.667200204702687052e-06 2.149964924722682191e+00
2.672200204702687004e-06 2.149964924699343971e+00
2.677200204702686956e-06 2.149964924728215099e+00
2.682200204702686908e-06 2.149964924701370794e+00
2.687200204702686860e-06 2.149964924727461923e+00
2.692200204702686812e-06 2.149964924706659897e+00
2.697200204702687188e-06 2.149964924746759820e+00
2.702200204702687140e-06 2.149964924724690807e+00
2.707200204702687092e-06 2.149964924741675887e+00
2.712200204702687044e-06 2.149964924710999981e+00
2.717200204702686996e-06 2.149964924744276917e+00
2.722200204702686949e-06 2.149964924716941006e+00
2.727200204702686054e-06 2.149964924732739036e+00
2.732200204702686006e-06 2.149964924702310931e+00
2.737200204702685958e-06 2.149964924735615845e+00
2.742200204702685910e-06 2.149964924715142001e+00
2.747200204702685862e-06 2.149964924743160033e+00
2.752200204702685814e-06 2.149964924717245207e+00
2.757200204702686190e-06 2.149964924742771899e+00
2.762200204702686142e-06 2.149964924709105052e+00
2.767200204702686094e-06 2.149964924730704219e+00
2.772200204702686046e-06 2.149964924702302049e+00
2.777200204702685998e-06 2.149964924728529070e+00
2.782200204702685951e-06 2.149964924704708125e+00
2.787200204702685903e-06 2.149964924732313154e+00
2.792200204702685855e-06 2.149964924710455971e+00
2.797200204702685807e-06 2.149964924746504025e+00
2.802200204702686183e-06 2.149964924722338910e+00
2.807200204702686135e-06 2.149964924738724914e+00
2.812200204702686087e-06 2.149964924701610158e+00
2.817200204702686039e-06 2.149964924725049187e+00
2.822200204702685991e-06 2.149964924699244051e+00
2.827200204702685943e-06 2.149964924730315197e+00
2.832200204702685048e-06 2.149964924707933100e+00
2.837200204702685000e-06 2.149964924735284999e+00
2.842200204702684953e-06 2.149964924710349834e+00
2.847200204702684905e-06 2.149964924741607941e+00
2.852200204702684857e-06 2.149964924719744985e+00
2.857200204702684809e-06 2.149964924749550921e+00
2.862200204702685185e-06 2.149964924720888071e+00
2.867200204702685137e-06 2.149964924741743832e+00
2.872200204702685089e-06 2.149964924708057001e+00
2.877200204702685041e-06 2.149964924727376214e+00
2.882200204702684993e-06 2.149964924703029023e+00
2.887200204702684945e-06 2.149964924738700933e+00
2.892200204702684897e-06 2.149964924717624015e+00
2.897200204702684850e-06 2.149964924745135786e+00
2.902200204702684802e-06 2.149964924713163139e+00
2.907200204702685177e-06 2.149964924729081961e+00
2.912200204702685129e-06 2.149964924694201862e+00
2.917200204702685082e-06 2.149964924718521964e+00
2.922200204702685034e-06 2.149964924691810886e+00
2.927200204702684986e-06 2.149964924720439097e+00
2.932200204702684938e-06 2.149964924698553936e+00
2.937200204702684043e-06 2.149964924729828919e+00
2.942200204702683995e-06 2.149964924711281977e+00
2.947200204702683947e-06 2.149964924748693829e+00
2.952200204702683899e-06 2.149964924724983018e+00
2.957200204702683852e-06 2.149964924744903971e+00
2.962200204702683804e-06 2.149964924712290948e+00
2.967200204702684179e-06 2.149964924739732108e+00
2.972200204702684131e-06 2.149964924717593817e+00
2.977200204702684084e-06 2.149964924746083916e+00
2.982200204702684036e-06 2.149964924719018899e+00
2.987200204702683988e-06 2.149964924742069794e+00
2.992200204702683940e-06 2.149964924711825098e+00
2.996600102351342046e-06 2.149964924726717186e+00
3.001000000000000151e-06 2.149964924738767102e+00
3.001099999999999947e-06 2.149879596484459032e+00
3.001299999999999962e-06 2.149848314431888063e+00
3.001649999999999882e-06 2.149899182342319914e+00
3.001999999999999803e-06 2.149756218389021978e+00
3.002070000000000041e-06 2.149703587044185848e+00
3.002210000000000094e-06 2.149568327303505999e+00
3.002490000000000200e-06 2.149133686521087050e+00
3.003049999999999988e-06 2.147687786347177052e+00
3.004169999999999140e-06 2.142829236700229067e+00
3.006409999999999139e-06 2.127149754622866151e+00
3.010460056314251093e-06 2.086031704104923001e+00
3.015460056314251045e-06 2.022699329241373967e+00
3.020460056314250997e-06 1.952549170034227011e+00
3.025460056314250949e-06 1.879094051833293033e+00
3.030460056314250902e-06 1.803973066341373110e+00
3.035460056314250854e-06 1.728015654302367921e+00
3.040460056314250806e-06 1.651645149175037908e+00
3.045460056314251182e-06 1.575096957759094973e+00
3.050460056314251134e-06 1.498507107465679944e+00
3.055460056314251086e-06 1.421983669267183004e+00
3.060460056314251038e-06 1.345859905503423937e+00
3.065460056314250990e-06 1.271793951930896061e+00
3.070460056314250942e-06 1.205084440861919015e+00
3.075460056314250047e-06 1.155051007530643936e+00
3.080460056314249999e-06 1.128708521081247085e+00
3.085460056314249952e-06 1.123692836008951978e+00
3.090460056314249904e-06 1.130548346231101009e+00
3.095460056314249856e-06 1.140165515665634066e+00
3.100460056314249808e-06 1.147568459030479993e+00
3.105460056314250184e-06 1.151486358862447990e+00
3.110460056314250136e-06 1.152609184347771043e+00
3.115460056314250088e-06 1.152176356753765951e+00
3.120460056314250040e-06 1.151233902985230984e+00
3.125460056314249992e-06 1.150398496741920962e+00
3.130460056314249944e-06 1.149896214209902956e+00
3.135460056314249896e-06 1.149708126004429953e+00
3.140460056314249848e-06 1.149718386714331908e+00
3.145460056314249801e-06 1.149809449002072048e+00
3.150460056314250176e-06 1.149903508741765945e+00
3.155460056314250128e-06 1.149966468060293012e+00
3.160460056314250080e-06 1.149994550935097948e+00
3.165460056314250033e-06 1.149998158487437916e+00
3.170460056314249985e-06 1.149990128360490971e+00
3.175460056314249937e-06 1.149979918478019059e+00
3.180460056314249042e-06 1.149972294559904018e+00
3.185460056314248994e-06 1.149968392945623918e+00
3.190460056314248946e-06 1.149967414157571088e+00
3.195460056314248898e-06 1.149968014465337030e+00
3.200460056314248850e-06 1.149969078348435980e+00
3.205460056314248803e-06 1.149969973741933993e+00
3.210460056314249178e-06 1.149970488935317947e+00
3.215460056314249130e-06 1.149970665880339027e+00
3.220460056314249082e-06 1.149970637761088987e+00
3.225460056314249035e-06 1.149970532620042007e+00
3.230460056314248987e-06 1.149970430577782921e+00
3.235460056314248939e-06 1.149970365336500100e+00
3.240460056314248891e-06 1.149970337841107915e+00
3.245460056314248843e-06 1.149970336114717995e+00
3.250460056314248795e-06 1.149970345670414007e+00
3.255460056314249171e-06 1.149970356964528984e+00
3.260460056314249123e-06 1.149970364887670016e+00
3.265460056314249075e-06 1.149970368850744995e+00
3.270460056314249027e-06 1.149970369600900044e+00
3.275460056314248979e-06 1.149970368893840078e+00
3.280460056314248932e-06 1.149970367654282954e+00
3.285460056314248037e-06 1.149970366750020956e+00
3.290460056314247989e-06 1.149970366199990046e+00
3.295460056314247941e-06 1.149970366086225049e+00
3.300460056314247893e-06 1.149970366067962102e+00
3.305460056314247845e-06 1.149970366187496040e+00
3.310460056314247797e-06 1.149970366255276044e+00
3.315460056314248173e-06 1.149970366358840979e+00
3.320460056314248125e-06 1.149970366390085985e+00
3.325460056314248077e-06 1.149970366426428914e+00
3.330460056314248029e-06 1.149970366393562093e+00
3.335460056314247981e-06 1.149970366414005962e+00
3.340460056314247934e-06 1.149970366395770993e+00
3.345460056314247886e-06 1.149970366394851951e+00
3.350460056314247838e-06 1.149970366373262110e+00
3.355460056314247790e-06 1.149970366377220943e+00
3.360460056314248166e-06 1.149970366359434060e+00
3.365460056314248118e-06 1.149970366359045038e+00
3.370460056314248070e-06 1.149970366364849950e+00
3.375460056314248022e-06 1.149970366387532916e+00
3.380460056314247974e-06 1.149970366395870913e+00
3.385460056314247926e-06 1.149970366420870915e+00
3.390460056314247031e-06 1.149970366412595091e+00
3.395460056314246983e-06 1.149970366397427002e+00
3.400460056314246936e-06 1.149970366378813891e+00
3.405460056314246888e-06 1.149970366377929043e+00
3.410460056314246840e-06 1.149970366361559027e+00
3.415460056314246792e-06 1.149970366355008933e+00
3.420460056314247168e-06 1.149970366356479978e+00
3.425460056314247120e-06 1.149970366364992946e+00
3.430460056314247072e-06 1.149970366368151975e+00
3.435460056314247024e-06 1.149970366383987086e+00
3.440460056314246976e-06 1.149970366371072972e+00
3.445460056314246928e-06 1.149970366359462037e+00
3.450460056314246880e-06 1.149970366363650021e+00
3.455460056314246833e-06 1.149970366378739062e+00
3.460460056314247208e-06 1.149970366380759002e+00
3.465460056314247160e-06 1.149970366383125109e+00
3.470460056314247112e-06 1.149970366386857901e+00
3.475460056314247065e-06 1.149970366377266018e+00
3.480460056314247017e-06 1.149970366368836094e+00
3.485460056314246969e-06 1.149970366368803010e+00
3.490460056314246074e-06 1.149970366365562047e+00
3.495460056314246026e-06 1.149970366368965102e+00
3.500460056314245978e-06 1.149970366367504937e+00
3.505460056314245930e-06 1.149970366364037044e+00
3.510460056314245882e-06 1.149970366352800921e+00
3.515460056314245835e-06 1.149970366349851947e+00
3.520460056314246210e-06 1.149970366344146067e+00
3.525460056314246162e-06 1.149970366324206905e+00
3.530460056314246114e-06 1.149970366329365890e+00
3.535460056314246067e-06 1.149970366335641980e+00
3.540460056314246019e-06 1.149970366341944050e+00
3.545460056314245971e-06 1.149970366355941964e+00
3.550460056314245923e-06 1.149970366369198027e+00
3.555460056314245875e-06 1.149970366377979891e+00
3.560460056314245827e-06 1.149970366378570974e+00
3.565460056314246203e-06 1.149970366376209974e+00
3.570460056314246155e-06 1.149970366375018038e+00
3.575460056314246107e-06 1.149970366377649045e+00
3.580460056314246059e-06 1.149970366376054098e+00
3.585460056314246011e-06 1.149970366367565999e+00
3.590460056314245963e-06 1.149970366358699980e+00
3.595460056314245069e-06 1.149970366356859897e+00
3.600460056314245021e-06 1.149970366359432949e+00
3.605460056314244973e-06 1.149970366363078922e+00
3.610460056314244925e-06 1.149970366365433039e+00
3.615460056314244877e-06 1.149970366362307095e+00
3.620460056314244829e-06 1.149970366357935925e+00
3.625460056314245205e-06 1.149970366360578922e+00
3.630460056314245157e-06 1.149970366364349905e+00
3.635460056314245109e-06 1.149970366364422958e+00
3.640460056314245061e-06 1.149970366363717966e+00
3.645460056314245013e-06 1.149970366362518037e+00
3.650460056314244966e-06 1.149970366358529894e+00
3.655460056314244918e-06 1.149970366353409990e+00
3.660460056314244870e-06 1.149970366350685946e+00
3.665460056314244822e-06 1.149970366348942008e+00
3.670460056314245198e-06 1.149970366346960038e+00
3.675460056314245150e-06 1.149970366347925932e+00
3.680460056314245102e-06 1.149970366350103967e+00
3.685460056314245054e-06 1.149970366351316997e+00
3.690460056314245006e-06 1.149970366354446938e+00
3.695460056314244958e-06 1.149970366354386986e+00
3.700460056314244063e-06 1.149970366351606099e+00
3.705460056314244015e-06 1.149970366352772055e+00
3.710460056314243968e-06 1.149970366359081009e+00
3.715460056314243920e-06 1.149970366366839025e+00
3.720460056314243872e-06 1.149970366367953911e+00
3.725460056314243824e-06 1.149970366362732976e+00
3.730460056314244200e-06 1.149970366363002094e+00
3.735460056314244152e-06 1.149970366367317087e+00
3.740460056314244104e-06 1.149970366367708108e+00
3.745460056314244056e-06 1.149970366364837071e+00
3.750460056314244008e-06 1.149970366360627994e+00
3.755460056314243960e-06 1.149970366356634965e+00
3.760460056314243912e-06 1.149970366361865892e+00
3.765460056314243864e-06 1.149970366371648955e+00
3.770460056314243817e-06 1.149970366377726094e+00
3.775460056314244192e-06 1.149970366378286091e+00
3.780460056314244144e-06 1.149970366372573105e+00
3.785460056314244096e-06 1.149970366362083052e+00
3.790460056314244049e-06 1.149970366354643003e+00
3.795460056314244001e-06 1.149970366352462969e+00
3.800460056314243953e-06 1.149970366356346974e+00
3.805460056314243058e-06 1.149970366365494989e+00
3.810460056314243010e-06 1.149970366374226005e+00
3.815460056314243386e-06 1.149970366374948982e+00
3.820460056314243338e-06 1.149970366369404973e+00
3.825460056314243290e-06 1.149970366364102992e+00
3.830460056314243242e-06 1.149970366360890006e+00
3.835460056314243194e-06 1.149970366358602059e+00
3.840460056314243146e-06 1.149970366359251983e+00
3.845460056314243099e-06 1.149970366359208906e+00
3.850460056314243051e-06 1.149970366357635942e+00
3.855460056314243003e-06 1.149970366355947959e+00
3.860460056314242955e-06 1.149970366354061024e+00
3.865460056314242907e-06 1.149970366352045970e+00
3.870460056314242859e-06 1.149970366350705930e+00
3.875460056314242811e-06 1.149970366348902040e+00
3.880460056314242763e-06 1.149970366350723916e+00
3.885460056314242716e-06 1.149970366353886053e+00
3.890460056314242668e-06 1.149970366357718987e+00
3.895460056314242620e-06 1.149970366362583984e+00
3.900460056314243419e-06 1.149970366363523899e+00
3.905460056314243371e-06 1.149970366361636076e+00
3.910460056314241629e-06 1.149970366360484997e+00
3.915460056314241581e-06 1.149970366359237994e+00
3.920460056314242380e-06 1.149970366359273077e+00
3.925460056314242333e-06 1.149970366357703000e+00
3.930460056314242285e-06 1.149970366356678042e+00
3.935460056314242237e-06 1.149970366359104990e+00
3.940460056314242189e-06 1.149970366361505958e+00
3.945460056314242141e-06 1.149970366359289065e+00
3.950460056314242093e-06 1.149970366356878104e+00
3.955460056314242045e-06 1.149970366358207929e+00
3.960460056314241997e-06 1.149970366358795903e+00
3.965460056314241950e-06 1.149970366357560891e+00
3.970460056314241902e-06 1.149970366360391960e+00
3.975460056314241854e-06 1.149970366361237062e+00
3.980460056314241806e-06 1.149970366359549079e+00
3.985460056314241758e-06 1.149970366359660989e+00
3.990460056314241710e-06 1.149970366357828011e+00
3.995460056314241662e-06 1.149970366353072038e+00
4.000460056314241614e-06 1.149970366353463058e+00
4.005460056314242414e-06 1.149970366355316020e+00
4.010460056314242366e-06 1.149970366353405105e+00
4.015460056314240624e-06 1.149970366351497963e+00
4.020460056314241423e-06 1.149970366352065954e+00
4.025460056314241375e-06 1.149970366351668050e+00
4.030460056314241327e-06 1.149970366350959949e+00
4.035460056314241279e-06 1.149970366351567908e+00
4.040460056314241231e-06 1.149970366354376994e+00
4.045460056314241184e-06 1.149970366357137008e+00
4.050460056314241136e-06 1.149970366358523011e+00
4.055460056314241088e-06 1.149970366358320062e+00
4.060460056314241040e-06 1.149970366356942053e+00
4.065460056314240992e-06 1.149970366354627904e+00
4.070460056314240944e-06 1.149970366355989038e+00
4.075460056314240896e-06 1.149970366360026031e+00
4.080460056314240849e-06 1.149970366361364960e+00
4.085460056314240801e-06 1.149970366359637897e+00
4.090460056314240753e-06 1.149970366359416962e+00
4.095460056314240705e-06 1.149970366361078078e+00
4.100460056314240657e-06 1.149970366363086027e+00
4.105460056314240609e-06 1.149970366362516927e+00
4.110460056314241408e-06 1.149970366361648066e+00
4.115460056314241360e-06 1.149970366363403995e+00
4.120460056314239619e-06 1.149970366363848084e+00
4.125460056314240418e-06 1.149970366360651974e+00
4.130460056314240370e-06 1.149970366359525986e+00
4.135460056314240322e-06 1.149970366358816110e+00
4.140460056314240274e-06 1.149970366359291951e+00
4.145460056314240226e-06 1.149970366360131946e+00
4.150460056314240178e-06 1.149970366361696028e+00
4.155460056314240130e-06 1.149970366364754915e+00
4.160460056314240083e-06 1.149970366366320107e+00
4.165460056314240035e-06 1.149970366363677998e+00
4.170460056314239987e-06 1.149970366358433971e+00
4.175460056314239939e-06 1.149970366353602946e+00
4.180460056314239891e-06 1.149970366352893958e+00
4.185460056314239843e-06 1.149970366355947959e+00
4.190460056314239795e-06 1.149970366359847063e+00
4.195460056314239747e-06 1.149970366358763929e+00
4.200460056314239700e-06 1.149970366356461104e+00
4.205460056314239652e-06 1.149970366358761042e+00
4.210460056314239604e-06 1.149970366360693053e+00
4.215460056314240403e-06 1.149970366357125018e+00
4.220460056314240355e-06 1.149970366354660101e+00
4.225460056314238613e-06 1.149970366354311047e+00
4.230460056314239412e-06 1.149970366356507956e+00
4.235460056314239364e-06 1.149970366361892093e+00
4.240460056314239317e-06 1.149970366366448893e+00
4.245460056314239269e-06 1.149970366368129993e+00
4.250460056314239221e-06 1.149970366366664054e+00
4.255460056314239173e-06 1.149970366360598018e+00
4.260460056314239125e-06 1.149970366356972029e+00
4.265460056314239077e-06 1.149970366357137896e+00
4.270460056314239029e-06 1.149970366357216944e+00
4.275460056314238982e-06 1.149970366356688034e+00
4.280460056314238934e-06 1.149970366356672047e+00
4.285460056314238886e-06 1.149970366356954932e+00
4.290460056314238838e-06 1.149970366359007956e+00
4.295460056314238790e-06 1.149970366359791996e+00
4.300460056314238742e-06 1.149970366358513019e+00
4.305460056314238694e-06 1.149970366358060048e+00
4.310460056314238646e-06 1.149970366360627105e+00
4.315460056314238599e-06 1.149970366362256913e+00
4.320460056314239398e-06 1.149970366364460039e+00
4.325460056314239350e-06 1.149970366367190966e+00
4.330460056314237608e-06 1.149970366363697094e+00
4.335460056314238407e-06 1.149970366356112050e+00
4.340460056314238359e-06 1.149970366354355900e+00
4.345460056314238311e-06 1.149970366355296036e+00
4.350460056314238263e-06 1.149970366354452933e+00
4.355460056314238216e-06 1.149970366354891027e+00
4.360460056314238168e-06 1.149970366358535889e+00
4.365460056314238120e-06 1.149970366360528962e+00
4.370460056314238072e-06 1.149970366360703933e+00
4.375460056314238024e-06 1.149970366357335960e+00
4.380460056314237976e-06 1.149970366352000006e+00
4.385460056314237928e-06 1.149970366348715967e+00
4.390460056314237880e-06 1.149970366350030915e+00
4.395460056314237833e-06 1.149970366353471052e+00
4.400460056314237785e-06 1.149970366354726048e+00
4.405460056314237737e-06 1.149970366356106055e+00
4.410460056314237689e-06 1.149970366362822016e+00
4.415460056314237641e-06 1.149970366370880903e+00
4.420460056314237593e-06 1.149970366373237018e+00
4.425460056314238392e-06 1.149970366370125952e+00
4.430460056314236650e-06 1.149970366367754071e+00
4.435460056314236603e-06 1.149970366366444896e+00
4.440460056314237402e-06 1.149970366366436014e+00
4.445460056314237354e-06 1.149970366364299945e+00
4.450460056314237306e-06 1.149970366362558005e+00
4.455460056314237258e-06 1.149970366365357988e+00
4.460460056314237210e-06 1.149970366367601082e+00
4.465460056314237162e-06 1.149970366364901908e+00
4.470460056314237115e-06 1.149970366362861096e+00
4.475460056314237067e-06 1.149970366362264906e+00
4.480460056314237019e-06 1.149970366362496943e+00
4.485460056314236971e-06 1.149970366362417007e+00
4.490460056314236923e-06 1.149970366359045926e+00
4.495460056314236875e-06 1.149970366355568929e+00
4.500460056314236827e-06 1.149970366360379970e+00
4.505460056314236779e-06 1.149970366368781916e+00
4.510460056314236732e-06 1.149970366371978026e+00
4.515460056314236684e-06 1.149970366368203045e+00
4.520460056314236636e-06 1.149970366363096907e+00
4.525460056314236588e-06 1.149970366360163920e+00
4.530460056314237387e-06 1.149970366358914919e+00
4.535460056314235645e-06 1.149970366357077944e+00
4.540460056314235597e-06 1.149970366355514084e+00
4.545460056314236396e-06 1.149970366353274098e+00
4.550460056314236349e-06 1.149970366350171025e+00
4.555460056314236301e-06 1.149970366346386053e+00
4.560460056314236253e-06 1.149970366344500894e+00
4.565460056314236205e-06 1.149970366344903017e+00
4.570460056314236157e-06 1.149970366346884987e+00
4.575460056314236109e-06 1.149970366347929041e+00
4.580460056314236061e-06 1.149970366350250073e+00
4.585460056314236013e-06 1.149970366353685103e+00
4.590460056314235966e-06 1.149970366358030072e+00
4.595460056314235918e-06 1.149970366361634966e+00
4.600460056314235870e-06 1.149970366361370955e+00
4.605460056314235822e-06 1.149970366361243945e+00
4.610460056314235774e-06 1.149970366364126084e+00
4.615460056314235726e-06 1.149970366361946050e+00
4.620460056314235678e-06 1.149970366354635898e+00
4.625460056314235630e-06 1.149970366350373974e+00
4.630460056314235583e-06 1.149970366352540907e+00
4.635460056314236382e-06 1.149970366355252072e+00
4.640460056314234640e-06 1.149970366357736973e+00
4.645460056314234592e-06 1.149970366360383078e+00
4.650460056314235391e-06 1.149970366359795104e+00
4.655460056314235343e-06 1.149970366355888896e+00
4.660460056314235295e-06 1.149970366355083984e+00
4.665460056314235248e-06 1.149970366357587093e+00
4.670460056314235200e-06 1.149970366359658103e+00
4.675460056314235152e-06 1.149970366360052010e+00
4.680460056314235104e-06 1.149970366362915053e+00
4.685460056314235056e-06 1.149970366364192031e+00
4.690460056314235008e-06 1.149970366362421892e+00
4.695460056314234960e-06 1.149970366363459950e+00
4.700460056314234912e-06 1.149970366365723029e+00
4.705460056314234865e-06 1.149970366363344043e+00
4.710460056314234817e-06 1.149970366360363982e+00
4.715460056314234769e-06 1.149970366358886054e+00
4.720460056314234721e-06 1.149970366357488949e+00
4.725460056314234673e-06 1.149970366358973983e+00
4.730460056314234625e-06 1.149970366363503027e+00
4.735460056314234577e-06 1.149970366364885033e+00
4.740460056314235376e-06 1.149970366365532959e+00
4.745460056314233635e-06 1.149970366364990948e+00
4.750460056314233587e-06 1.149970366362778051e+00
4.755460056314234386e-06 1.149970366359098994e+00
4.760460056314234338e-06 1.149970366356918960e+00
4.765460056314234290e-06 1.149970366358566087e+00
4.770460056314234242e-06 1.149970366358112894e+00
4.775460056314234194e-06 1.149970366354831075e+00
4.780460056314234146e-06 1.149970366355199891e+00
4.785460056314234099e-06 1.149970366354053031e+00
4.790460056314234051e-06 1.149970366352941031e+00
4.795460056314234003e-06 1.149970366354595042e+00
4.800460056314233955e-06 1.149970366354156948e+00
4.805460056314233907e-06 1.149970366352701001e+00
4.810460056314233859e-06 1.149970366354861051e+00
4.815460056314233811e-06 1.149970366354738038e+00
4.820460056314233763e-06 1.149970366355312912e+00
4.825460056314233716e-06 1.149970366361549035e+00
4.830460056314233668e-06 1.149970366365518970e+00
4.835460056314233620e-06 1.149970366365262064e+00
4.840460056314234419e-06 1.149970366366005914e+00
4.845460056314234371e-06 1.149970366365236973e+00
4.850460056314232629e-06 1.149970366363092911e+00
4.855460056314232581e-06 1.149970366360371976e+00
4.860460056314233381e-06 1.149970366359458041e+00
4.865460056314233333e-06 1.149970366358560980e+00
4.870460056314233285e-06 1.149970366357135010e+00
4.875460056314233237e-06 1.149970366359490903e+00
4.880460056314233189e-06 1.149970366364091001e+00
4.885460056314233141e-06 1.149970366365788976e+00
4.890460056314233093e-06 1.149970366367361940e+00
4.895460056314233045e-06 1.149970366370584030e+00
4.900460056314232998e-06 1.149970366374198028e+00
4.905460056314232950e-06 1.149970366373191055e+00
4.910460056314232902e-06 1.149970366368699981e+00
4.915460056314232854e-06 1.149970366361179108e+00
4.920460056314232806e-06 1.149970366353183060e+00
4.925460056314232758e-06 1.149970366350415940e+00
4.930460056314232710e-06 1.149970366351124040e+00
4.935460056314232662e-06 1.149970366351936946e+00
4.940460056314232615e-06 1.149970366356867890e+00
4.945460056314233414e-06 1.149970366362143892e+00
4.950460056314233366e-06 1.149970366364692964e+00
4.955460056314231624e-06 1.149970366364065910e+00
4.960460056314232423e-06 1.149970366363469054e+00
4.965460056314232375e-06 1.149970366361108054e+00
4.970460056314232327e-06 1.149970366353755935e+00
4.975460056314232279e-06 1.149970366348769035e+00
4.980460056314232232e-06 1.149970366348165962e+00
4.985460056314232184e-06 1.149970366348695983e+00
4.990460056314232136e-06 1.149970366352853990e+00
4.995460056314232088e-06 1.149970366356481088e+00
5.000000000000000409e-06 1.149970366362021990e+00
