# time_s vout_v
0.000000000000000000e+00 1.315014339489835038e+00
5.000000000000000182e-11 1.315014339489497974e+00
1.000000000000000036e-10 1.315014339489120054e+00
2.000000000000000073e-10 1.315014339488363104e+00
4.000000000000000146e-10 1.315014339488159933e+00
8.000000000000000291e-10 1.315014339489759987e+00
1.600000000000000058e-09 1.315014339495023998e+00
3.200000000000000117e-09 1.315014339502277974e+00
6.400000000000000233e-09 1.315014339496876072e+00
1.139999999999999951e-08 1.315014339501838103e+00
1.640000000000000127e-08 1.315014339507230012e+00
2.139999999999999972e-08 1.315014339493242979e+00
2.640000000000000148e-08 1.315014339468995930e+00
3.140000000000000324e-08 1.315014339439628088e+00
3.640000000000000169e-08 1.315014339412295064e+00
4.139999999999998690e-08 1.315014339394326104e+00
4.639999999999999197e-08 1.315014339383218100e+00
5.139999999999999042e-08 1.315014339373425045e+00
5.639999999999998887e-08 1.315014339371274099e+00
6.139999999999999394e-08 1.315014339380564001e+00
6.639999999999999901e-08 1.315014339394499965e+00
7.140000000000000407e-08 1.315014339408963950e+00
7.640000000000000914e-08 1.315014339420573997e+00
8.140000000000001421e-08 1.315014339421288980e+00
8.640000000000001928e-08 1.315014339412674094e+00
9.140000000000002435e-08 1.315014339406141985e+00
9.640000000000002941e-08 1.315014339405766064e+00
1.013999999999999948e-07 1.315014339403600019e+00
1.063999999999999998e-07 1.315014339396324949e+00
1.114000000000000049e-07 1.315014339391918918e+00
1.163999999999999967e-07 1.315014339389900977e+00
1.213999999999999886e-07 1.315014339388951070e+00
1.263999999999999936e-07 1.315014339395655041e+00
1.314000000000001046e-07 1.315014339402996058e+00
1.364000000000001097e-07 1.315014339401348931e+00
1.414000000000000883e-07 1.315014339398115961e+00
1.464000000000000933e-07 1.315014339397458043e+00
1.514000000000000984e-07 1.315014339393302034e+00
1.564000000000001035e-07 1.315014339388953957e+00
1.614000000000001085e-07 1.315014339390794040e+00
1.664000000000000871e-07 1.315014339394948051e+00
1.714000000000000922e-07 1.315014339395486065e+00
1.764000000000000973e-07 1.315014339395288001e+00
1.814000000000001023e-07 1.315014339396189058e+00
1.864000000000001074e-07 1.315014339392911902e+00
1.914000000000001125e-07 1.315014339390091047e+00
1.964000000000000911e-07 1.315014339391695986e+00
2.014000000000000961e-07 1.315014339393139053e+00
2.064000000000001012e-07 1.315014339392154064e+00
2.114000000000001063e-07 1.315014339389317000e+00
2.164000000000001113e-07 1.315014339389469100e+00
2.214000000000000899e-07 1.315014339391628040e+00
2.264000000000000950e-07 1.315014339390387033e+00
2.314000000000002059e-07 1.315014339386483044e+00
2.364000000000002110e-07 1.315014339384114050e+00
2.414000000000000837e-07 1.315014339388812958e+00
2.464000000000000888e-07 1.315014339398749899e+00
2.514000000000000939e-07 1.315014339405361055e+00
2.564000000000002048e-07 1.315014339407144073e+00
2.614000000000002099e-07 1.315014339404001031e+00
2.664000000000002149e-07 1.315014339394944942e+00
2.714000000000002200e-07 1.315014339386155973e+00
2.764000000000002251e-07 1.315014339382200026e+00
2.814000000000001772e-07 1.315014339381618047e+00
2.864000000000001823e-07 1.315014339384426911e+00
2.914000000000001873e-07 1.315014339387652997e+00
2.964000000000001924e-07 1.315014339388185904e+00
3.014000000000001975e-07 1.315014339391008980e+00
3.064000000000002026e-07 1.315014339397150955e+00
3.114000000000002076e-07 1.315014339405085053e+00
3.164000000000002127e-07 1.315014339411570088e+00
3.214000000000002178e-07 1.315014339415673028e+00
3.264000000000002228e-07 1.315014339420939926e+00
3.314000000000001750e-07 1.315014339425568002e+00
3.364000000000001800e-07 1.315014339425939038e+00
3.414000000000001851e-07 1.315014339423473899e+00
3.464000000000001902e-07 1.315014339422045042e+00
3.514000000000001952e-07 1.315014339416328060e+00
3.564000000000003062e-07 1.315014339406133104e+00
3.614000000000003112e-07 1.315014339402778898e+00
3.664000000000003163e-07 1.315014339406660904e+00
3.714000000000003214e-07 1.315014339407527100e+00
3.764000000000003264e-07 1.315014339399636967e+00
3.814000000000002786e-07 1.315014339389501963e+00
3.864000000000002836e-07 1.315014339389434905e+00
3.914000000000002887e-07 1.315014339401864962e+00
3.964000000000002938e-07 1.315014339414952049e+00
4.014000000000002988e-07 1.315014339417732048e+00
4.064000000000003039e-07 1.315014339411638922e+00
4.114000000000003090e-07 1.315014339405059074e+00
4.164000000000003140e-07 1.315014339402317933e+00
4.214000000000003191e-07 1.315014339401705090e+00
4.264000000000003242e-07 1.315014339400401910e+00
4.314000000000002763e-07 1.315014339395897958e+00
4.364000000000002814e-07 1.315014339390276010e+00
4.414000000000002864e-07 1.315014339386016973e+00
4.464000000000002915e-07 1.315014339383963060e+00
4.514000000000002966e-07 1.315014339386118891e+00
4.564000000000004075e-07 1.315014339394174891e+00
4.614000000000004126e-07 1.315014339403220101e+00
4.664000000000004177e-07 1.315014339406997967e+00
4.714000000000004227e-07 1.315014339406020971e+00
4.764000000000003749e-07 1.315014339401114896e+00
4.814000000000003799e-07 1.315014339395375043e+00
4.864000000000003320e-07 1.315014339393987042e+00
4.914000000000002842e-07 1.315014339393957066e+00
4.964000000000002363e-07 1.315014339390351950e+00
5.014000000000001884e-07 1.315014339387200026e+00
5.064000000000001406e-07 1.315014339383884012e+00
5.114000000000000927e-07 1.315014339376288088e+00
5.164000000000000448e-07 1.315014339368858920e+00
5.213999999999999969e-07 1.315014339369295904e+00
5.263999999999999491e-07 1.315014339383993924e+00
5.313999999999999012e-07 1.315014339403612897e+00
5.363999999999998533e-07 1.315014339416457068e+00
5.413999999999998055e-07 1.315014339422944101e+00
5.463999999999997576e-07 1.315014339418435929e+00
5.513999999999997097e-07 1.315014339401384902e+00
5.563999999999996618e-07 1.315014339381388009e+00
5.613999999999996140e-07 1.315014339373413943e+00
5.663999999999995661e-07 1.315014339384469988e+00
5.713999999999995182e-07 1.315014339403935972e+00
5.763999999999994704e-07 1.315014339424519951e+00
5.813999999999994225e-07 1.315014339443457025e+00
5.863999999999993746e-07 1.315014339452190928e+00
5.913999999999993267e-07 1.315014339447365010e+00
5.963999999999992789e-07 1.315014339434980029e+00
6.013999999999992310e-07 1.315014339424513956e+00
6.063999999999991831e-07 1.315014339420280898e+00
6.113999999999991353e-07 1.315014339412712951e+00
6.163999999999990874e-07 1.315014339394553922e+00
6.213999999999990395e-07 1.315014339371396002e+00
6.263999999999989916e-07 1.315014339355208062e+00
6.313999999999989438e-07 1.315014339359132922e+00
6.363999999999988959e-07 1.315014339379166897e+00
6.413999999999988480e-07 1.315014339402527987e+00
6.463999999999988001e-07 1.315014339420830014e+00
6.513999999999987523e-07 1.315014339427309054e+00
6.563999999999987044e-07 1.315014339419954936e+00
6.613999999999986565e-07 1.315014339408770105e+00
6.663999999999986087e-07 1.315014339404624977e+00
6.713999999999985608e-07 1.315014339408216992e+00
6.763999999999985129e-07 1.315014339418139055e+00
6.813999999999984650e-07 1.315014339427271972e+00
6.863999999999984172e-07 1.315014339426276102e+00
6.913999999999983693e-07 1.315014339415274014e+00
6.963999999999983214e-07 1.315014339403073107e+00
7.013999999999982736e-07 1.315014339398558940e+00
7.063999999999982257e-07 1.315014339399873000e+00
7.113999999999981778e-07 1.315014339401070931e+00
7.163999999999981299e-07 1.315014339399517951e+00
7.213999999999980821e-07 1.315014339396576082e+00
7.263999999999980342e-07 1.315014339395172982e+00
7.313999999999979863e-07 1.315014339394138920e+00
7.363999999999979385e-07 1.315014339392359011e+00
7.413999999999978906e-07 1.315014339392327924e+00
7.463999999999978427e-07 1.315014339397192034e+00
7.513999999999977948e-07 1.315014339405280897e+00
7.563999999999977470e-07 1.315014339414920075e+00
7.613999999999976991e-07 1.315014339427504009e+00
7.663999999999976512e-07 1.315014339436662905e+00
7.713999999999976034e-07 1.315014339433997925e+00
7.763999999999975555e-07 1.315014339424495082e+00
7.813999999999975076e-07 1.315014339413794087e+00
7.863999999999974597e-07 1.315014339403320021e+00
7.913999999999974119e-07 1.315014339397418963e+00
7.963999999999973640e-07 1.315014339394104059e+00
8.013999999999973161e-07 1.315014339389307896e+00
8.063999999999972683e-07 1.315014339387009956e+00
8.113999999999972204e-07 1.315014339387120090e+00
8.163999999999971725e-07 1.315014339385734976e+00
8.213999999999971246e-07 1.315014339385532027e+00
8.263999999999970768e-07 1.315014339391338050e+00
8.313999999999970289e-07 1.315014339401614940e+00
8.363999999999969810e-07 1.315014339406552990e+00
8.413999999999969331e-07 1.315014339399732002e+00
8.463999999999968853e-07 1.315014339388139053e+00
8.513999999999968374e-07 1.315014339381650021e+00
8.563999999999967895e-07 1.315014339381705977e+00
8.613999999999967417e-07 1.315014339384865893e+00
8.663999999999966938e-07 1.315014339388216991e+00
8.713999999999966459e-07 1.315014339392007958e+00
8.763999999999965980e-07 1.315014339394724008e+00
8.813999999999965502e-07 1.315014339391775033e+00
8.863999999999965023e-07 1.315014339383987041e+00
8.913999999999964544e-07 1.315014339378044017e+00
8.963999999999964066e-07 1.315014339380176978e+00
9.013999999999963587e-07 1.315014339389120046e+00
9.063999999999963108e-07 1.315014339394559029e+00
9.113999999999962629e-07 1.315014339390248033e+00
9.163999999999962151e-07 1.315014339386072928e+00
9.213999999999961672e-07 1.315014339391286091e+00
9.263999999999961193e-07 1.315014339401217036e+00
9.313999999999960715e-07 1.315014339404624089e+00
9.363999999999960236e-07 1.315014339400375043e+00
9.413999999999959757e-07 1.315014339397533982e+00
9.463999999999959278e-07 1.315014339395504051e+00
9.513999999999958800e-07 1.315014339392867049e+00
9.563999999999958321e-07 1.315014339392597931e+00
9.613999999999957842e-07 1.315014339394265930e+00
9.663999999999957364e-07 1.315014339396197052e+00
9.713999999999956885e-07 1.315014339400174981e+00
9.763999999999956406e-07 1.315014339405309984e+00
9.813999999999955927e-07 1.315014339407404975e+00
9.863999999999955449e-07 1.315014339408751898e+00
9.913999999999954970e-07 1.315014339411519018e+00
9.956999999999977259e-07 1.315014339390780940e+00
9.999999999999999547e-07 1.315014339357944095e+00
1.000099999999999962e-06 1.315101506060474046e+00
1.000299999999999977e-06 1.315185271172057968e+00
1.000649999999999898e-06 1.314913221618003947e+00
1.001000000000000030e-06 1.314668931191208978e+00
1.001070000000000056e-06 1.314664238015337938e+00
1.001209999999999897e-06 1.314721477004761052e+00
1.001490000000000003e-06 1.315088235786358917e+00
1.002050000000000003e-06 1.316324953855791069e+00
1.003045132049995056e-06 1.319762795166113944e+00
1.005035396149984951e-06 1.331059116612409943e+00
1.009015924349966012e-06 1.367645773598733960e+00
1.014015924349965964e-06 1.430555785665384994e+00
1.019015924349965069e-06 1.502966043368749061e+00
1.024015924349965021e-06 1.579448048072567889e+00
1.029015924349964973e-06 1.657590901503940950e+00
1.034015924349964925e-06 1.736451868651339936e+00
1.039015924349965089e-06 1.815649192720588001e+00
1.044015924349965041e-06 1.894986245315843032e+00
1.049015924349964993e-06 1.974273184130207026e+00
1.054015924349964945e-06 2.053037542320685027e+00
1.059015924349964898e-06 2.129902327424749053e+00
1.064015924349965061e-06 2.201247915927421861e+00
1.069015924349965014e-06 2.260642380158022213e+00
1.074015924349964966e-06 2.302526316357389025e+00
1.079015924349964918e-06 2.326767017490078970e+00
1.084015924349965082e-06 2.337290295586011979e+00
1.089015924349965034e-06 2.338642381598535991e+00
1.094015924349964986e-06 2.334803734675924947e+00
1.099015924349964938e-06 2.328818732834842198e+00
1.104015924349965102e-06 2.322769298108906977e+00
1.109015924349965054e-06 2.317852834019337838e+00
1.114015924349965006e-06 2.314527915009870984e+00
1.119015924349964958e-06 2.312752106044082101e+00
1.124015924349964063e-06 2.312197604553667851e+00
1.129015924349964016e-06 2.312438372976728829e+00
1.134015924349963968e-06 2.313076901025274079e+00
1.139015924349963920e-06 2.313811998312663931e+00
1.144015924349964084e-06 2.314456335597447900e+00
1.149015924349964036e-06 2.314923521969423970e+00
1.154015924349963988e-06 2.315200229404219989e+00
1.159015924349963940e-06 2.315316472113023938e+00
1.164015924349964104e-06 2.315320398597204843e+00
1.169015924349964056e-06 2.315260888544185214e+00
1.174015924349964008e-06 2.315177623477501889e+00
1.179015924349963960e-06 2.315097422908710900e+00
1.184015924349963913e-06 2.315034652894818912e+00
1.189015924349964076e-06 2.314993926548094993e+00
1.194015924349964029e-06 2.314973493680669847e+00
1.199015924349963981e-06 2.314968400383846880e+00
1.204015924349963933e-06 2.314972870050223896e+00
1.209015924349964097e-06 2.314981802849656045e+00
1.214015924349964049e-06 2.314991475504116103e+00
1.219015924349964001e-06 2.314999664254560052e+00
1.224015924349963953e-06 2.315005418805414994e+00
1.229015924349963058e-06 2.315008685688671797e+00
1.234015924349963010e-06 2.315009923279534920e+00
1.239015924349962962e-06 2.315009784985941899e+00
1.244015924349962915e-06 2.315008905901614789e+00
1.249015924349963078e-06 2.315007785371840932e+00
1.254015924349963031e-06 2.315006749960541121e+00
1.259015924349962983e-06 2.315005964946581063e+00
1.264015924349962935e-06 2.315005473821984960e+00
1.269015924349963099e-06 2.315005242946623021e+00
1.274015924349963051e-06 2.315005202790925143e+00
1.279015924349963003e-06 2.315005276881942020e+00
1.284015924349962955e-06 2.315005400303889793e+00
1.289015924349962907e-06 2.315005527018422882e+00
1.294015924349963071e-06 2.315005630755411214e+00
1.299015924349963023e-06 2.315005701262026871e+00
1.304015924349962975e-06 2.315005739431590825e+00
1.309015924349962927e-06 2.315005752050149024e+00
1.314015924349963091e-06 2.315005747972167072e+00
1.319015924349963044e-06 2.315005735339457082e+00
1.324015924349962996e-06 2.315005720379064158e+00
1.329015924349962948e-06 2.315005707116958966e+00
1.334015924349962053e-06 2.315005697360398074e+00
1.339015924349962005e-06 2.315005691485532147e+00
1.344015924349961957e-06 2.315005688902694203e+00
1.349015924349961909e-06 2.315005688733989153e+00
1.354015924349962073e-06 2.315005689877149830e+00
1.359015924349962025e-06 2.315005691532554977e+00
1.364015924349961977e-06 2.315005693138935783e+00
1.369015924349961930e-06 2.315005694483029952e+00
1.374015924349962093e-06 2.315005695356775917e+00
1.379015924349962046e-06 2.315005695839075006e+00
1.384015924349961998e-06 2.315005695931108942e+00
1.389015924349961950e-06 2.315005695850805179e+00
1.394015924349961902e-06 2.315005695622697868e+00
1.399015924349962066e-06 2.315005695410524034e+00
1.404015924349962018e-06 2.315005695191318047e+00
1.409015924349961970e-06 2.315005695074339176e+00
1.414015924349961922e-06 2.315005694997502861e+00
1.419015924349962086e-06 2.315005694990277973e+00
1.424015924349962038e-06 2.315005694998835128e+00
1.429015924349961990e-06 2.315005695071234992e+00
1.434015924349961942e-06 2.315005695084999093e+00
1.439015924349961048e-06 2.315005695146663989e+00
1.444015924349961000e-06 2.315005695148169895e+00
1.449015924349960952e-06 2.315005695162692945e+00
1.454015924349960904e-06 2.315005695140909925e+00
1.459015924349961068e-06 2.315005695178899980e+00
1.464015924349961020e-06 2.315005695198867119e+00
1.469015924349960972e-06 2.315005695239896077e+00
1.474015924349960924e-06 2.315005695211212799e+00
1.479015924349961088e-06 2.315005695214471082e+00
1.484015924349961040e-06 2.315005695177167144e+00
1.489015924349960992e-06 2.315005695197228874e+00
1.494015924349960944e-06 2.315005695172375866e+00
1.499015924349960897e-06 2.315005695187378087e+00
1.504015924349961060e-06 2.315005695158396826e+00
1.509015924349961013e-06 2.315005695181126200e+00
1.514015924349960965e-06 2.315005695166794109e+00
1.519015924349960917e-06 2.315005695195811786e+00
1.524015924349961081e-06 2.315005695175865963e+00
1.529015924349961033e-06 2.315005695195731850e+00
1.534015924349960985e-06 2.315005695168553146e+00
1.539015924349960937e-06 2.315005695183809831e+00
1.544015924349960042e-06 2.315005695157235976e+00
1.549015924349959994e-06 2.315005695172974054e+00
1.554015924349959946e-06 2.315005695141250985e+00
1.559015924349959899e-06 2.315005695152013931e+00
1.564015924349960063e-06 2.315005695123526053e+00
1.569015924349960015e-06 2.315005695143093956e+00
1.574015924349959967e-06 2.315005695122986040e+00
1.579015924349959919e-06 2.315005695147259068e+00
1.584015924349960083e-06 2.315005695128712127e+00
1.589015924349960035e-06 2.315005695155611942e+00
1.594015924349959987e-06 2.315005695140501807e+00
1.599015924349959939e-06 2.315005695166885147e+00
1.604015924349960103e-06 2.315005695149789045e+00
1.609015924349960055e-06 2.315005695145467168e+00
1.614015924349960007e-06 2.315005695117831053e+00
1.619015924349959959e-06 2.315005695179170875e+00
1.624015924349959912e-06 2.315005695188809831e+00
1.629015924349960075e-06 2.315005695198967040e+00
1.634015924349960028e-06 2.315005695170135880e+00
1.639015924349959980e-06 2.315005695212513981e+00
1.644015924349959932e-06 2.315005695195016866e+00
1.649015924349959037e-06 2.315005695188887991e+00
1.654015924349958989e-06 2.315005695156845178e+00
1.659015924349958941e-06 2.315005695202764890e+00
1.664015924349959105e-06 2.315005695193923962e+00
1.669015924349959057e-06 2.315005695189881862e+00
1.674015924349959009e-06 2.315005695153323995e+00
1.679015924349958961e-06 2.315005695171392208e+00
1.684015924349958914e-06 2.315005695153375953e+00
1.689015924349959077e-06 2.315005695176588052e+00
1.694015924349959030e-06 2.315005695157549948e+00
1.699015924349958982e-06 2.315005695188112167e+00
1.704015924349958934e-06 2.315005695178538048e+00
1.709015924349959098e-06 2.315005695205461844e+00
1.714015924349959050e-06 2.315005695184193080e+00
1.719015924349959002e-06 2.315005695199953806e+00
1.724015924349958954e-06 2.315005695164475963e+00
1.729015924349958906e-06 2.315005695169773947e+00
1.734015924349959070e-06 2.315005695135015973e+00
1.739015924349959022e-06 2.315005695147537068e+00
1.744015924349958974e-06 2.315005695124995100e+00
1.749015924349958927e-06 2.315005695154849885e+00
1.754015924349958032e-06 2.315005695149403131e+00
1.759015924349957984e-06 2.315005695187112078e+00
1.764015924349957936e-06 2.315005695176506784e+00
1.769015924349958100e-06 2.315005695202203118e+00
1.774015924349958052e-06 2.315005695178685041e+00
1.779015924349958004e-06 2.315005695192212887e+00
1.784015924349957956e-06 2.315005695159860988e+00
1.789015924349957908e-06 2.315005695174460865e+00
1.794015924349958072e-06 2.315005695148506959e+00
1.799015924349958024e-06 2.315005695162661858e+00
1.804015924349957976e-06 2.315005695139423114e+00
1.809015924349957929e-06 2.315005695167234201e+00
1.814015924349958092e-06 2.315005695153890208e+00
1.819015924349958045e-06 2.315005695181759915e+00
1.824015924349957997e-06 2.315005695167192012e+00
1.829015924349957949e-06 2.315005695196222124e+00
1.834015924349957901e-06 2.315005695179193967e+00
1.839015924349958065e-06 2.315005695199332969e+00
1.844015924349958017e-06 2.315005695171246991e+00
1.849015924349957969e-06 2.315005695187235979e+00
1.854015924349957074e-06 2.315005695166096888e+00
1.859015924349957026e-06 2.315005695192454027e+00
1.864015924349956978e-06 2.315005695179446210e+00
1.869015924349956931e-06 2.315005695209806813e+00
1.874015924349957094e-06 2.315005695193525170e+00
1.879015924349957047e-06 2.315005695212593917e+00
1.884015924349956999e-06 2.315005695181293177e+00
1.889015924349956951e-06 2.315005695187767998e+00
1.894015924349956903e-06 2.315005695148868003e+00
1.899015924349957067e-06 2.315005695152386078e+00
1.904015924349957019e-06 2.315005695118474982e+00
1.909015924349957183e-06 2.315005695161556964e+00
1.914015924349957135e-06 2.315005695147443809e+00
1.919015924349957087e-06 2.315005695146314935e+00
1.924015924349957039e-06 2.315005695126036933e+00
1.929015924349956991e-06 2.315005695158923960e+00
1.934015924349956944e-06 2.315005695148534048e+00
1.939015924349956896e-06 2.315005695177757783e+00
1.944015924349956848e-06 2.315005695161497901e+00
1.949015924349956800e-06 2.315005695189713997e+00
1.954015924349957176e-06 2.315005695173733002e+00
1.959015924349957128e-06 2.315005695191250989e+00
1.964015924349957080e-06 2.315005695156682197e+00
1.969015924349957032e-06 2.315005695164157995e+00
1.974015924349956984e-06 2.315005695131937102e+00
1.979015924349956936e-06 2.315005695143640185e+00
1.984015924349956041e-06 2.315005695119229046e+00
1.989015924349955993e-06 2.315005695150137210e+00
1.994015924349955946e-06 2.315005695145337050e+00
1.999015924349955898e-06 2.315005695181890033e+00
2.004015924349955850e-06 2.315005695169292110e+00
2.009015924349955802e-06 2.315005695194511937e+00
2.014015924349956178e-06 2.315005695171628908e+00
2.019015924349956130e-06 2.315005695188582902e+00
2.024015924349956082e-06 2.315005695162509092e+00
2.029015924349956034e-06 2.315005695176214129e+00
2.034015924349955986e-06 2.315005695150075038e+00
2.039015924349955938e-06 2.315005695174297884e+00
2.044015924349955890e-06 2.315005695155515131e+00
2.049015924349955842e-06 2.315005695172792866e+00
2.054015924349955795e-06 2.315005695145798015e+00
2.059015924349956170e-06 2.315005695169157995e+00
2.064015924349956122e-06 2.315005695157953181e+00
2.069015924349956074e-06 2.315005695188943946e+00
2.074015924349956027e-06 2.315005695170479161e+00
2.079015924349955979e-06 2.315005695190369917e+00
2.084015924349955931e-06 2.315005695165138988e+00
2.089015924349955036e-06 2.315005695180612832e+00
2.094015924349954988e-06 2.315005695153614873e+00
2.099015924349954940e-06 2.315005695178117051e+00
2.104015924349954892e-06 2.315005695167373201e+00
2.109015924349954844e-06 2.315005695193292024e+00
2.114015924349954797e-06 2.315005695163943944e+00
2.119015924349955172e-06 2.315005695173192990e+00
2.124015924349955124e-06 2.315005695145250009e+00
2.129015924349955077e-06 2.315005695169786826e+00
2.134015924349955029e-06 2.315005695161063137e+00
2.139015924349954981e-06 2.315005695196321156e+00
2.144015924349954933e-06 2.315005695181597822e+00
2.149015924349954885e-06 2.315005695201519220e+00
2.154015924349954837e-06 2.315005695168791178e+00
2.159015924349954789e-06 2.315005695174622069e+00
2.164015924349955165e-06 2.315005695145555986e+00
2.169015924349955117e-06 2.315005695196854951e+00
2.174015924349955069e-06 2.315005695191560076e+00
2.179015924349955021e-06 2.315005695189951140e+00
2.184015924349954973e-06 2.315005695153378174e+00
2.189015924349954926e-06 2.315005695168729893e+00
2.194015924349954031e-06 2.315005695151349130e+00
2.199015924349953983e-06 2.315005695176678202e+00
2.204015924349953935e-06 2.315005695159373822e+00
2.209015924349953887e-06 2.315005695190158086e+00
2.214015924349953839e-06 2.315005695175316180e+00
2.219015924349953791e-06 2.315005695194270796e+00
2.224015924349954167e-06 2.315005695165968991e+00
2.229015924349954119e-06 2.315005695182858148e+00
2.234015924349954071e-06 2.315005695158292021e+00
2.239015924349954023e-06 2.315005695175926803e+00
2.244015924349953975e-06 2.315005695152357212e+00
2.249015924349953928e-06 2.315005695178220968e+00
2.254015924349953880e-06 2.315005695166045818e+00
2.259015924349953832e-06 2.315005695197219993e+00
2.264015924349954207e-06 2.315005695188243173e+00
2.269015924349954160e-06 2.315005695217111192e+00
2.274015924349954112e-06 2.315005695190420987e+00
2.279015924349954064e-06 2.315005695196231894e+00
2.284015924349954016e-06 2.315005695155774923e+00
2.289015924349953968e-06 2.315005695161367782e+00
2.294015924349953073e-06 2.315005695128911078e+00
2.299015924349953025e-06 2.315005695145487152e+00
2.304015924349952977e-06 2.315005695127823060e+00
2.309015924349952930e-06 2.315005695161366006e+00
2.314015924349952882e-06 2.315005695154341847e+00
2.319015924349952834e-06 2.315005695185651913e+00
2.324015924349953210e-06 2.315005695169654043e+00
2.329015924349953162e-06 2.315005695186516999e+00
2.334015924349953114e-06 2.315005695150543996e+00
2.339015924349953066e-06 2.315005695163180999e+00
2.344015924349953018e-06 2.315005695143915077e+00
2.349015924349952970e-06 2.315005695175333944e+00
2.354015924349952922e-06 2.315005695168661948e+00
2.359015924349952874e-06 2.315005695202470015e+00
2.364015924349952827e-06 2.315005695186571177e+00
2.369015924349953202e-06 2.315005695205431202e+00
2.374015924349953154e-06 2.315005695173570022e+00
2.379015924349953106e-06 2.315005695179393808e+00
2.384015924349953059e-06 2.315005695141615139e+00
2.389015924349953011e-06 2.315005695151282072e+00
2.394015924349952963e-06 2.315005695128279140e+00
2.399015924349952068e-06 2.315005695159217058e+00
2.404015924349952020e-06 2.315005695152244858e+00
2.409015924349951972e-06 2.315005695186937107e+00
2.414015924349951924e-06 2.315005695174428890e+00
2.419015924349951876e-06 2.315005695192347890e+00
2.424015924349951829e-06 2.315005695159261023e+00
2.429015924349952204e-06 2.315005695176397982e+00
2.434015924349952156e-06 2.315005695155651022e+00
2.439015924349952108e-06 2.315005695170063049e+00
2.444015924349952061e-06 2.315005695139329855e+00
2.449015924349952013e-06 2.315005695190576862e+00
2.454015924349951965e-06 2.315005695186235002e+00
2.459015924349951917e-06 2.315005695175174072e+00
2.464015924349951869e-06 2.315005695127365204e+00
2.469015924349951821e-06 2.315005695169063848e+00
2.474015924349952197e-06 2.315005695163166788e+00
2.479015924349952149e-06 2.315005695160570198e+00
2.484015924349952101e-06 2.315005695120837093e+00
2.489015924349952053e-06 2.315005695156933108e+00
2.494015924349952005e-06 2.315005695141228781e+00
2.499015924349951958e-06 2.315005695139770836e+00
2.504015924349951063e-06 2.315005695115857964e+00
2.509015924349951015e-06 2.315005695175261113e+00
2.514015924349950967e-06 2.315005695178045109e+00
2.519015924349950919e-06 2.315005695180612832e+00
2.524015924349950871e-06 2.315005695145381015e+00
2.529015924349950823e-06 2.315005695189145118e+00
2.534015924349951199e-06 2.315005695182517087e+00
2.539015924349951151e-06 2.315005695182771994e+00
2.544015924349951103e-06 2.315005695152017040e+00
2.549015924349951055e-06 2.315005695174365830e+00
2.554015924349951007e-06 2.315005695156730159e+00
2.559015924349950960e-06 2.315005695178706802e+00
2.564015924349950912e-06 2.315005695158053101e+00
2.569015924349950864e-06 2.315005695184463086e+00
2.574015924349950816e-06 2.315005695168187216e+00
2.579015924349951192e-06 2.315005695187910106e+00
2.584015924349951144e-06 2.315005695157703158e+00
2.589015924349951096e-06 2.315005695167295929e+00
2.594015924349951048e-06 2.315005695136755914e+00
2.599015924349951000e-06 2.315005695155349930e+00
2.604015924349950952e-06 2.315005695139067843e+00
2.609015924349950057e-06 2.315005695170710975e+00
2.614015924349950009e-06 2.315005695161957089e+00
2.619015924349949962e-06 2.315005695194086055e+00
2.624015924349949914e-06 2.315005695176891809e+00
2.629015924349949866e-06 2.315005695196937996e+00
2.634015924349949818e-06 2.315005695167344779e+00
2.639015924349950194e-06 2.315005695180905043e+00
2.644015924349950146e-06 2.315005695159479071e+00
2.649015924349950098e-06 2.315005695182548173e+00
2.654015924349950050e-06 2.315005695155751830e+00
2.659015924349950002e-06 2.315005695162525967e+00
2.664015924349949954e-06 2.315005695128573127e+00
2.669015924349949906e-06 2.315005695150646137e+00
2.674015924349949858e-06 2.315005695137590802e+00
2.679015924349949811e-06 2.315005695165300192e+00
2.684015924349950186e-06 2.315005695148394160e+00
2.689015924349950138e-06 2.315005695174315203e+00
2.694015924349950091e-06 2.315005695157300813e+00
2.699015924349950043e-06 2.315005695188022905e+00
2.704015924349949995e-06 2.315005695178510958e+00
2.709015924349949947e-06 2.315005695206275860e+00
2.714015924349949052e-06 2.315005695184502166e+00
2.719015924349949004e-06 2.315005695201640012e+00
2.724015924349948956e-06 2.315005695168775190e+00
2.729015924349948908e-06 2.315005695172343891e+00
2.734015924349948860e-06 2.315005695138657060e+00
2.739015924349948813e-06 2.315005695159106036e+00
2.744015924349949188e-06 2.315005695144967124e+00
2.749015924349949140e-06 2.315005695176433953e+00
2.754015924349949093e-06 2.315005695166333144e+00
2.759015924349949045e-06 2.315005695196632907e+00
2.764015924349948997e-06 2.315005695180181178e+00
2.769015924349948949e-06 2.315005695207244862e+00
2.774015924349948901e-06 2.315005695190354817e+00
2.779015924349948853e-06 2.315005695213101955e+00
2.784015924349948805e-06 2.315005695188352863e+00
2.789015924349949181e-06 2.315005695199492841e+00
2.794015924349949133e-06 2.315005695165738953e+00
2.799015924349949085e-06 2.315005695181815870e+00
2.804015924349949037e-06 2.315005695161937993e+00
2.809015924349948989e-06 2.315005695209806813e+00
2.814015924349948942e-06 2.315005695188629975e+00
2.819015924349948047e-06 2.315005695169761957e+00
2.824015924349947999e-06 2.315005695125722074e+00
2.829015924349947951e-06 2.315005695167795086e+00
2.834015924349947903e-06 2.315005695162434041e+00
2.839015924349947855e-06 2.315005695169733979e+00
2.844015924349947807e-06 2.315005695147824838e+00
2.849015924349948183e-06 2.315005695174033207e+00
2.854015924349948135e-06 2.315005695158391053e+00
2.859015924349948087e-06 2.315005695184804146e+00
2.864015924349948039e-06 2.315005695166049815e+00
2.869015924349947991e-06 2.315005695185166079e+00
2.874015924349947944e-06 2.315005695154991994e+00
2.879015924349947896e-06 2.315005695192187130e+00
2.884015924349947848e-06 2.315005695172744016e+00
2.889015924349947800e-06 2.315005695165651023e+00
2.894015924349948176e-06 2.315005695131863828e+00
2.899015924349948128e-06 2.315005695152489107e+00
2.904015924349948080e-06 2.315005695136871822e+00
2.909015924349948032e-06 2.315005695189372048e+00
2.914015924349947984e-06 2.315005695180206935e+00
2.919015924349947936e-06 2.315005695173339095e+00
2.924015924349947041e-06 2.315005695134896957e+00
2.929015924349946993e-06 2.315005695183038004e+00
2.934015924349946946e-06 2.315005695178625977e+00
2.939015924349946898e-06 2.315005695173662836e+00
2.944015924349946850e-06 2.315005695133569130e+00
2.949015924349946802e-06 2.315005695178264933e+00
2.954015924349947178e-06 2.315005695172426048e+00
2.959015924349947130e-06 2.315005695166914901e+00
2.964015924349947082e-06 2.315005695126977958e+00
2.969015924349947034e-06 2.315005695173740996e+00
2.974015924349946986e-06 2.315005695170532896e+00
2.979015924349946938e-06 2.315005695165110122e+00
2.984015924349946890e-06 2.315005695120576856e+00
2.989015924349946843e-06 2.315005695160455179e+00
2.994015924349946795e-06 2.315005695152394960e+00
2.997507962174972838e-06 2.315005695170980982e+00
3.001000000000000151e-06 2.315005695141520992e+00
3.001099999999999947e-06 2.314912414879464198e+00
3.001299999999999962e-06 2.314827438689294858e+00
3.001649999999999882e-06 2.314971164059266950e+00
3.001999999999999803e-06 2.315148632921594007e+00
3.002070000000000041e-06 2.315184545277297001e+00
3.002210000000000094e-06 2.315241115381094783e+00
3.002490000000000200e-06 2.315265802758398106e+00
3.003049999999999988e-06 2.314957860215872909e+00
3.004169999999999140e-06 2.312876566176632842e+00
3.006409999999999139e-06 2.303422539599667029e+00
3.010889999999997866e-06 2.269392354747076013e+00
3.015889999999997818e-06 2.216289611227239220e+00
3.020889999999998194e-06 2.154255673031722829e+00
3.025889999999998146e-06 2.086952943667559790e+00
3.030889999999998098e-06 2.016381636652905041e+00
3.035889999999998050e-06 1.943719105064281027e+00
3.040889999999998002e-06 1.869679897061768958e+00
3.045889999999997954e-06 1.794732020134653050e+00
3.050889999999997060e-06 1.719197021534085046e+00
3.055889999999997012e-06 1.643334488909639957e+00
3.060889999999996964e-06 1.567497162549104983e+00
3.065889999999996916e-06 1.492576318648678013e+00
3.070889999999996868e-06 1.421068190428935063e+00
3.075889999999996820e-06 1.357895303166066103e+00
3.080889999999997196e-06 1.309321395077730932e+00
3.085889999999997148e-06 1.279647048898514994e+00
3.090889999999997100e-06 1.268413316469126029e+00
3.095889999999997052e-06 1.270921471426978089e+00
3.100889999999997004e-06 1.280963975062523907e+00
3.105889999999996956e-06 1.293216753048306966e+00
3.110889999999996909e-06 1.304233954986230071e+00
3.115889999999996861e-06 1.312395497106316977e+00
3.120889999999996813e-06 1.317401491985096040e+00
3.125889999999997188e-06 1.319707570448225065e+00
3.130889999999997141e-06 1.320080043780851975e+00
3.135889999999997093e-06 1.319307513939697030e+00
3.140889999999997045e-06 1.318044297188466052e+00
3.145889999999996997e-06 1.316749847571589971e+00
3.150889999999996949e-06 1.315688168870918107e+00
3.155889999999996054e-06 1.314962392307337913e+00
3.160889999999996006e-06 1.314565677375330033e+00
3.165889999999995958e-06 1.314430421937095916e+00
3.170889999999995911e-06 1.314467925909942991e+00
3.175889999999995863e-06 1.314594896721152040e+00
3.180889999999995815e-06 1.314747301925113021e+00
3.185889999999996190e-06 1.314884368305063944e+00
3.190889999999996143e-06 1.314986263272897915e+00
3.195889999999996095e-06 1.315048720542878025e+00
3.200889999999996047e-06 1.315077001072457952e+00
3.205889999999995999e-06 1.315080676388221015e+00
3.210889999999995951e-06 1.315069870049071943e+00
3.215889999999995903e-06 1.315053055502299895e+00
3.220889999999995855e-06 1.315036138146191913e+00
3.225889999999995808e-06 1.315022443944662944e+00
3.230889999999996183e-06 1.315013208374486986e+00
3.235889999999996135e-06 1.315008259271756019e+00
3.240889999999996087e-06 1.315006668411929036e+00
3.245889999999996040e-06 1.315007265702740957e+00
3.250889999999995992e-06 1.315008971464733056e+00
3.255889999999995944e-06 1.315010967027048006e+00
3.260889999999995049e-06 1.315012737618433070e+00
3.265889999999995001e-06 1.315014039167790916e+00
3.270889999999994953e-06 1.315014825697844003e+00
3.275889999999994905e-06 1.315015171617784917e+00
3.280889999999994857e-06 1.315015203796028098e+00
3.285889999999994810e-06 1.315015054263090954e+00
3.290889999999995185e-06 1.315014831915565008e+00
3.295889999999995137e-06 1.315014612035221075e+00
3.300889999999995089e-06 1.315014436137809106e+00
3.305889999999995042e-06 1.315014318978255048e+00
3.310889999999994994e-06 1.315014257323833036e+00
3.315889999999994946e-06 1.315014238774838029e+00
3.320889999999994898e-06 1.315014247918474988e+00
3.325889999999994850e-06 1.315014270785330064e+00
3.330889999999994802e-06 1.315014296896785950e+00
3.335889999999995178e-06 1.315014319798955000e+00
3.340889999999995130e-06 1.315014336420508911e+00
3.345889999999995082e-06 1.315014346313023053e+00
3.350889999999995034e-06 1.315014350519430941e+00
3.355889999999994986e-06 1.315014350755808969e+00
3.360889999999994938e-06 1.315014348717520098e+00
3.365889999999994044e-06 1.315014345800727069e+00
3.370889999999993996e-06 1.315014342948320092e+00
3.375889999999993948e-06 1.315014340680771943e+00
3.380889999999993900e-06 1.315014339155381906e+00
3.385889999999993852e-06 1.315014338375265046e+00
3.390889999999993804e-06 1.315014338154816054e+00
3.395889999999994180e-06 1.315014338300932950e+00
3.400889999999994132e-06 1.315014338606111055e+00
3.405889999999994084e-06 1.315014338945311057e+00
3.410889999999994036e-06 1.315014339248063990e+00
3.415889999999993988e-06 1.315014339461314075e+00
3.420889999999993941e-06 1.315014339582964986e+00
3.425889999999993893e-06 1.315014339635014906e+00
3.430889999999993845e-06 1.315014339624166917e+00
3.435889999999993797e-06 1.315014339573578939e+00
3.440889999999994173e-06 1.315014339503040919e+00
3.445889999999994125e-06 1.315014339458508985e+00
3.450889999999994077e-06 1.315014339438189905e+00
3.455889999999994029e-06 1.315014339427849954e+00
3.460889999999993981e-06 1.315014339424851020e+00
3.465889999999993933e-06 1.315014339423322021e+00
3.470889999999993038e-06 1.315014339422974965e+00
3.475889999999992990e-06 1.315014339419037004e+00
3.480889999999992943e-06 1.315014339407416077e+00
3.485889999999992895e-06 1.315014339397172050e+00
3.490889999999992847e-06 1.315014339391401110e+00
3.495889999999992799e-06 1.315014339389549036e+00
3.500889999999993175e-06 1.315014339393882903e+00
3.505889999999993127e-06 1.315014339404793953e+00
3.510889999999993079e-06 1.315014339413500100e+00
3.515889999999993031e-06 1.315014339412287958e+00
3.520889999999992983e-06 1.315014339402204024e+00
3.525889999999992935e-06 1.315014339396737064e+00
3.530889999999992887e-06 1.315014339393393961e+00
3.535889999999992839e-06 1.315014339390246922e+00
3.540889999999992792e-06 1.315014339387055031e+00
3.545889999999993167e-06 1.315014339405430999e+00
3.550889999999993119e-06 1.315014339416997968e+00
3.555889999999993071e-06 1.315014339409597000e+00
3.560889999999993024e-06 1.315014339404813937e+00
3.565889999999992976e-06 1.315014339419199096e+00
3.570889999999992928e-06 1.315014339422589940e+00
3.575889999999992033e-06 1.315014339419033895e+00
3.580889999999991985e-06 1.315014339413423050e+00
3.585889999999991937e-06 1.315014339411423094e+00
3.590889999999991889e-06 1.315014339407053034e+00
3.595889999999991841e-06 1.315014339405162991e+00
3.600889999999991794e-06 1.315014339402877042e+00
3.605889999999992169e-06 1.315014339400450982e+00
3.610889999999992121e-06 1.315014339397384102e+00
3.615889999999992074e-06 1.315014339395333964e+00
3.620889999999992026e-06 1.315014339391546994e+00
3.625889999999991978e-06 1.315014339388786979e+00
3.630889999999991930e-06 1.315014339385532027e+00
3.635889999999991882e-06 1.315014339390722986e+00
3.640889999999991834e-06 1.315014339402480026e+00
3.645889999999992210e-06 1.315014339417373002e+00
3.650889999999992162e-06 1.315014339425262024e+00
3.655889999999992114e-06 1.315014339427728940e+00
3.660889999999992066e-06 1.315014339425947032e+00
3.665889999999992018e-06 1.315014339422138079e+00
3.670889999999991970e-06 1.315014339414509070e+00
3.675889999999991076e-06 1.315014339410357946e+00
3.680889999999991028e-06 1.315014339406985977e+00
3.685889999999990980e-06 1.315014339402337029e+00
3.690889999999990932e-06 1.315014339395758958e+00
3.695889999999990884e-06 1.315014339400013998e+00
3.700889999999990836e-06 1.315014339410053967e+00
3.705889999999990788e-06 1.315014339418322908e+00
3.710889999999991164e-06 1.315014339420127909e+00
3.715889999999991116e-06 1.315014339420077949e+00
3.720889999999991068e-06 1.315014339419974032e+00
3.725889999999991020e-06 1.315014339420913059e+00
3.730889999999990972e-06 1.315014339414191991e+00
3.735889999999990925e-06 1.315014339406638921e+00
3.740889999999990877e-06 1.315014339400246923e+00
3.745889999999990829e-06 1.315014339394052989e+00
3.750889999999991204e-06 1.315014339386614939e+00
3.755889999999991157e-06 1.315014339385069064e+00
3.760889999999991109e-06 1.315014339385403019e+00
3.765889999999991061e-06 1.315014339391544995e+00
3.770889999999991013e-06 1.315014339400540022e+00
3.775889999999990965e-06 1.315014339407758914e+00
3.780889999999990070e-06 1.315014339408236976e+00
3.785889999999990022e-06 1.315014339410818023e+00
3.790889999999989974e-06 1.315014339413727029e+00
3.795889999999989927e-06 1.315014339412091893e+00
3.800889999999989879e-06 1.315014339401848975e+00
3.805889999999989831e-06 1.315014339394628973e+00
3.810889999999990207e-06 1.315014339390621956e+00
3.815889999999990159e-06 1.315014339388741904e+00
3.820889999999990111e-06 1.315014339391560094e+00
3.825889999999990063e-06 1.315014339401467058e+00
3.830889999999990015e-06 1.315014339405182975e+00
3.835889999999989967e-06 1.315014339397625909e+00
3.840889999999989919e-06 1.315014339379217079e+00
3.845889999999989871e-06 1.315014339365152107e+00
3.850889999999989824e-06 1.315014339363320905e+00
3.855889999999989776e-06 1.315014339373560048e+00
3.860889999999989728e-06 1.315014339385105924e+00
3.865889999999989680e-06 1.315014339400478960e+00
3.870889999999989632e-06 1.315014339411634925e+00
3.875889999999989584e-06 1.315014339416302969e+00
3.880889999999990383e-06 1.315014339413471900e+00
3.885889999999988641e-06 1.315014339409745103e+00
3.890889999999988594e-06 1.315014339407269084e+00
3.895889999999989393e-06 1.315014339409042110e+00
3.900889999999989345e-06 1.315014339412418076e+00
3.905889999999989297e-06 1.315014339418256961e+00
3.910889999999989249e-06 1.315014339417784894e+00
3.915889999999989201e-06 1.315014339413048905e+00
3.920889999999989153e-06 1.315014339405834010e+00
3.925889999999989105e-06 1.315014339402502008e+00
3.930889999999989058e-06 1.315014339400889964e+00
3.935889999999989010e-06 1.315014339400762955e+00
3.940889999999988962e-06 1.315014339399600996e+00
3.945889999999988914e-06 1.315014339401201049e+00
3.950889999999988866e-06 1.315014339400061960e+00
3.955889999999988818e-06 1.315014339398709042e+00
3.960889999999988770e-06 1.315014339398254961e+00
3.965889999999988722e-06 1.315014339398228982e+00
3.970889999999988675e-06 1.315014339389682929e+00
3.975889999999988627e-06 1.315014339382210906e+00
3.980889999999988579e-06 1.315014339380039088e+00
3.985889999999989378e-06 1.315014339383012043e+00
3.990889999999987636e-06 1.315014339386302078e+00
3.995889999999987588e-06 1.315014339392603926e+00
4.000889999999988387e-06 1.315014339396143983e+00
4.005889999999988340e-06 1.315014339393161924e+00
4.010889999999988292e-06 1.315014339386751940e+00
4.015889999999988244e-06 1.315014339385558007e+00
4.020889999999988196e-06 1.315014339383423048e+00
4.025889999999988148e-06 1.315014339386026965e+00
4.030889999999988100e-06 1.315014339387752029e+00
4.035889999999988052e-06 1.315014339385840891e+00
4.040889999999988004e-06 1.315014339383854924e+00
4.045889999999987957e-06 1.315014339389696918e+00
4.050889999999987909e-06 1.315014339400931931e+00
4.055889999999987861e-06 1.315014339414698918e+00
4.060889999999987813e-06 1.315014339420597977e+00
4.065889999999987765e-06 1.315014339418967060e+00
4.070889999999987717e-06 1.315014339411934019e+00
4.075889999999987669e-06 1.315014339405075949e+00
4.080889999999987621e-06 1.315014339392962084e+00
4.085889999999988421e-06 1.315014339384886100e+00
4.090889999999988373e-06 1.315014339382680975e+00
4.095889999999986631e-06 1.315014339386558984e+00
4.100889999999986583e-06 1.315014339393443921e+00
4.105889999999987382e-06 1.315014339403066890e+00
4.110889999999987334e-06 1.315014339412972966e+00
4.115889999999987286e-06 1.315014339428344003e+00
4.120889999999987238e-06 1.315014339440917057e+00
4.125889999999987191e-06 1.315014339444817049e+00
4.130889999999987143e-06 1.315014339434523949e+00
4.135889999999987095e-06 1.315014339421266110e+00
4.140889999999987047e-06 1.315014339412682087e+00
4.145889999999986999e-06 1.315014339409920963e+00
4.150889999999986951e-06 1.315014339409424915e+00
4.155889999999986903e-06 1.315014339413069111e+00
4.160889999999986855e-06 1.315014339412712063e+00
4.165889999999986808e-06 1.315014339410419009e+00
4.170889999999986760e-06 1.315014339404549037e+00
4.175889999999986712e-06 1.315014339402887034e+00
4.180889999999986664e-06 1.315014339405526922e+00
4.185889999999986616e-06 1.315014339410663036e+00
4.190889999999987415e-06 1.315014339412424071e+00
4.195889999999987367e-06 1.315014339413451028e+00
4.200889999999985625e-06 1.315014339407843069e+00
4.205889999999985578e-06 1.315014339395967902e+00
4.210889999999986377e-06 1.315014339383441921e+00
4.215889999999986329e-06 1.315014339378062003e+00
4.220889999999986281e-06 1.315014339376618935e+00
4.225889999999986233e-06 1.315014339378496988e+00
4.230889999999986185e-06 1.315014339378498098e+00
4.235889999999986137e-06 1.315014339382742925e+00
4.240889999999986090e-06 1.315014339386401110e+00
4.245889999999986042e-06 1.315014339388776099e+00
4.250889999999985994e-06 1.315014339384686926e+00
4.255889999999985946e-06 1.315014339377363006e+00
4.260889999999985898e-06 1.315014339371080920e+00
4.265889999999985850e-06 1.315014339374982022e+00
4.270889999999985802e-06 1.315014339389029896e+00
4.275889999999985754e-06 1.315014339406485044e+00
4.280889999999985707e-06 1.315014339417968969e+00
4.285889999999985659e-06 1.315014339426870071e+00
4.290889999999985611e-06 1.315014339428606016e+00
4.295889999999986410e-06 1.315014339430645052e+00
4.300889999999986362e-06 1.315014339431183954e+00
4.305889999999984620e-06 1.315014339426153978e+00
4.310889999999985419e-06 1.315014339415391920e+00
4.315889999999985371e-06 1.315014339409813049e+00
4.320889999999985324e-06 1.315014339402925891e+00
4.325889999999985276e-06 1.315014339392184040e+00
4.330889999999985228e-06 1.315014339383999031e+00
4.335889999999985180e-06 1.315014339388206110e+00
4.340889999999985132e-06 1.315014339396957110e+00
4.345889999999985084e-06 1.315014339407382105e+00
4.350889999999985036e-06 1.315014339419636968e+00
4.355889999999984988e-06 1.315014339430266022e+00
4.360889999999984941e-06 1.315014339429291024e+00
4.365889999999984893e-06 1.315014339427837076e+00
4.370889999999984845e-06 1.315014339424380951e+00
4.375889999999984797e-06 1.315014339418496991e+00
4.380889999999984749e-06 1.315014339411247013e+00
4.385889999999984701e-06 1.315014339402940990e+00
4.390889999999984653e-06 1.315014339391503917e+00
4.395889999999984606e-06 1.315014339385484066e+00
4.400889999999985405e-06 1.315014339378266062e+00
4.405889999999985357e-06 1.315014339374533048e+00
4.410889999999983615e-06 1.315014339378167918e+00
4.415889999999984414e-06 1.315014339390107034e+00
4.420889999999984366e-06 1.315014339403818067e+00
4.425889999999984318e-06 1.315014339415905953e+00
4.430889999999984270e-06 1.315014339416314959e+00
4.435889999999984223e-06 1.315014339407807098e+00
4.440889999999984175e-06 1.315014339400033982e+00
4.445889999999984127e-06 1.315014339402891919e+00
4.450889999999984079e-06 1.315014339408842936e+00
4.455889999999984031e-06 1.315014339419406930e+00
4.460889999999983983e-06 1.315014339431824997e+00
4.465889999999983935e-06 1.315014339438574043e+00
4.470889999999983887e-06 1.315014339429358081e+00
4.475889999999983840e-06 1.315014339418983047e+00
4.480889999999983792e-06 1.315014339415744082e+00
4.485889999999983744e-06 1.315014339417230005e+00
4.490889999999983696e-06 1.315014339413278943e+00
4.495889999999983648e-06 1.315014339404946941e+00
4.500889999999983600e-06 1.315014339395323084e+00
4.505889999999984399e-06 1.315014339390516929e+00
4.510889999999984351e-06 1.315014339384668052e+00
4.515889999999982610e-06 1.315014339380008002e+00
4.520889999999983409e-06 1.315014339380470076e+00
4.525889999999983361e-06 1.315014339389185105e+00
4.530889999999983313e-06 1.315014339392392984e+00
4.535889999999983265e-06 1.315014339390573106e+00
4.540889999999983217e-06 1.315014339392627019e+00
4.545889999999983169e-06 1.315014339406294086e+00
4.550889999999983121e-06 1.315014339421952005e+00
4.555889999999983074e-06 1.315014339431580970e+00
4.560889999999983026e-06 1.315014339426860968e+00
4.565889999999982978e-06 1.315014339419801948e+00
4.570889999999982930e-06 1.315014339420444101e+00
4.575889999999982882e-06 1.315014339429062984e+00
4.580889999999982834e-06 1.315014339429467105e+00
4.585889999999982786e-06 1.315014339422098111e+00
4.590889999999982739e-06 1.315014339415464084e+00
4.595889999999982691e-06 1.315014339411088917e+00
4.600889999999982643e-06 1.315014339398187904e+00
4.605889999999982595e-06 1.315014339387704956e+00
4.610889999999983394e-06 1.315014339384479092e+00
4.615889999999981652e-06 1.315014339384469988e+00
4.620889999999981604e-06 1.315014339381681108e+00
4.625889999999982403e-06 1.315014339382569064e+00
4.630889999999982356e-06 1.315014339388862918e+00
4.635889999999982308e-06 1.315014339401779031e+00
4.640889999999982260e-06 1.315014339410432997e+00
4.645889999999982212e-06 1.315014339412948097e+00
4.650889999999982164e-06 1.315014339408917987e+00
4.655889999999982116e-06 1.315014339404444010e+00
4.660889999999982068e-06 1.315014339399839027e+00
4.665889999999982020e-06 1.315014339400581100e+00
4.670889999999981973e-06 1.315014339401662902e+00
4.675889999999981925e-06 1.315014339398407062e+00
4.680889999999981877e-06 1.315014339386018971e+00
4.685889999999981829e-06 1.315014339375276009e+00
4.690889999999981781e-06 1.315014339370861096e+00
4.695889999999981733e-06 1.315014339376098906e+00
4.700889999999981685e-06 1.315014339385401021e+00
4.705889999999981637e-06 1.315014339394916076e+00
4.710889999999981590e-06 1.315014339397791998e+00
4.715889999999982389e-06 1.315014339399851018e+00
4.720889999999980647e-06 1.315014339397390986e+00
4.725889999999980599e-06 1.315014339393570930e+00
4.730889999999981398e-06 1.315014339396292975e+00
4.735889999999981350e-06 1.315014339408332011e+00
4.740889999999981302e-06 1.315014339417057920e+00
4.745889999999981254e-06 1.315014339422218015e+00
4.750889999999981207e-06 1.315014339421731959e+00
4.755889999999981159e-06 1.315014339423216105e+00
4.760889999999981111e-06 1.315014339423759004e+00
4.765889999999981063e-06 1.315014339419912082e+00
4.770889999999981015e-06 1.315014339410893962e+00
4.775889999999980967e-06 1.315014339404507959e+00
4.780889999999980919e-06 1.315014339402770904e+00
4.785889999999980872e-06 1.315014339407327926e+00
4.790889999999980824e-06 1.315014339410877975e+00
4.795889999999980776e-06 1.315014339412390987e+00
4.800889999999980728e-06 1.315014339409527944e+00
4.805889999999980680e-06 1.315014339407376998e+00
4.810889999999980632e-06 1.315014339400103927e+00
4.815889999999980584e-06 1.315014339392772902e+00
4.820889999999981383e-06 1.315014339388332010e+00
4.825889999999979641e-06 1.315014339385855102e+00
4.830889999999979594e-06 1.315014339380057962e+00
4.835889999999980393e-06 1.315014339378717034e+00
4.840889999999980345e-06 1.315014339378197006e+00
4.845889999999980297e-06 1.315014339378415942e+00
4.850889999999980249e-06 1.315014339385552011e+00
4.855889999999980201e-06 1.315014339404388055e+00
4.860889999999980153e-06 1.315014339419128930e+00
4.865889999999980106e-06 1.315014339425804923e+00
4.870889999999980058e-06 1.315014339424082968e+00
4.875889999999980010e-06 1.315014339418469902e+00
4.880889999999979962e-06 1.315014339411276989e+00
4.885889999999979914e-06 1.315014339411419986e+00
4.890889999999979866e-06 1.315014339412913902e+00
4.895889999999979818e-06 1.315014339411834099e+00
4.900889999999979770e-06 1.315014339410929045e+00
4.905889999999979723e-06 1.315014339418564049e+00
4.910889999999979675e-06 1.315014339425182976e+00
4.915889999999979627e-06 1.315014339425597978e+00
4.920889999999979579e-06 1.315014339416644029e+00
4.925889999999980378e-06 1.315014339407609922e+00
4.930889999999978636e-06 1.315014339399771082e+00
4.935889999999978588e-06 1.315014339395375043e+00
4.940889999999979387e-06 1.315014339393570930e+00
4.945889999999979340e-06 1.315014339396560095e+00
4.950889999999979292e-06 1.315014339401525900e+00
4.955889999999979244e-06 1.315014339410983890e+00
4.960889999999979196e-06 1.315014339419219969e+00
4.965889999999979148e-06 1.315014339424789958e+00
4.970889999999979100e-06 1.315014339421610945e+00
4.975889999999979052e-06 1.315014339418502098e+00
4.980889999999979004e-06 1.315014339413214106e+00
4.985889999999978957e-06 1.315014339406799015e+00
4.990889999999978909e-06 1.315014339405121913e+00
4.995444999999989235e-06 1.315014339377742925e+00
5.000000000000000409e-06 1.315014339344827032e+00
