# time_s vout_v
0.000000000000000000e+00 1.149986528160412025e+00
5.000000000000000182e-11 1.149986528160237054e+00
1.000000000000000036e-10 1.149986528160070964e+00
2.000000000000000073e-10 1.149986528159739008e+00
4.000000000000000146e-10 1.149986528158968957e+00
8.000000000000000291e-10 1.149986528157771914e+00
1.600000000000000058e-09 1.149986528159387067e+00
3.200000000000000117e-09 1.149986528156857979e+00
6.400000000000000233e-09 1.149986528145301889e+00
1.139999999999999951e-08 1.149986528164280930e+00
1.640000000000000127e-08 1.149986528187006973e+00
2.139999999999999972e-08 1.149986528185612089e+00
2.640000000000000148e-08 1.149986528183376988e+00
3.140000000000000324e-08 1.149986528188281065e+00
3.640000000000000169e-08 1.149986528184439916e+00
4.139999999999998690e-08 1.149986528182157963e+00
4.639999999999999197e-08 1.149986528180376055e+00
5.139999999999999042e-08 1.149986528176947020e+00
5.639999999999998887e-08 1.149986528173446931e+00
6.139999999999999394e-08 1.149986528171339950e+00
6.639999999999999901e-08 1.149986528170517941e+00
7.140000000000000407e-08 1.149986528171027977e+00
7.640000000000000914e-08 1.149986528169995026e+00
8.140000000000001421e-08 1.149986528166500932e+00
8.640000000000001928e-08 1.149986528164864907e+00
9.140000000000002435e-08 1.149986528165916955e+00
9.640000000000002941e-08 1.149986528166772937e+00
1.013999999999999948e-07 1.149986528166198063e+00
1.063999999999999998e-07 1.149986528165735988e+00
1.114000000000000049e-07 1.149986528164874899e+00
1.163999999999999967e-07 1.149986528163206900e+00
1.213999999999999886e-07 1.149986528162171062e+00
1.263999999999999936e-07 1.149986528161901944e+00
1.314000000000001046e-07 1.149986528161645927e+00
1.364000000000001097e-07 1.149986528162328936e+00
1.414000000000000883e-07 1.149986528165001909e+00
1.464000000000000933e-07 1.149986528165449107e+00
1.514000000000000984e-07 1.149986528162652011e+00
1.564000000000001035e-07 1.149986528159193000e+00
1.614000000000001085e-07 1.149986528156462962e+00
1.664000000000000871e-07 1.149986528157425081e+00
1.714000000000000922e-07 1.149986528159750110e+00
1.764000000000000973e-07 1.149986528161041965e+00
1.814000000000001023e-07 1.149986528163615018e+00
1.864000000000001074e-07 1.149986528168982947e+00
1.914000000000001125e-07 1.149986528175733991e+00
1.964000000000000911e-07 1.149986528178172041e+00
2.014000000000000961e-07 1.149986528175138023e+00
2.064000000000001012e-07 1.149986528172523004e+00
2.114000000000001063e-07 1.149986528171746070e+00
2.164000000000001113e-07 1.149986528168928102e+00
2.214000000000000899e-07 1.149986528164262944e+00
2.264000000000000950e-07 1.149986528162842081e+00
2.314000000000002059e-07 1.149986528162270982e+00
2.364000000000002110e-07 1.149986528159284038e+00
2.414000000000000837e-07 1.149986528159623989e+00
2.464000000000000888e-07 1.149986528162453947e+00
2.514000000000000939e-07 1.149986528165783950e+00
2.564000000000002048e-07 1.149986528170360067e+00
2.614000000000002099e-07 1.149986528170962030e+00
2.664000000000002149e-07 1.149986528167159072e+00
2.714000000000002200e-07 1.149986528165386046e+00
2.764000000000002251e-07 1.149986528167463939e+00
2.814000000000001772e-07 1.149986528167243893e+00
2.864000000000001823e-07 1.149986528163956967e+00
2.914000000000001873e-07 1.149986528163263078e+00
2.964000000000001924e-07 1.149986528164901101e+00
3.014000000000001975e-07 1.149986528167501021e+00
3.064000000000002026e-07 1.149986528169194999e+00
3.114000000000002076e-07 1.149986528167346034e+00
3.164000000000002127e-07 1.149986528162971089e+00
3.214000000000002178e-07 1.149986528159907984e+00
3.264000000000002228e-07 1.149986528160100940e+00
3.314000000000001750e-07 1.149986528162336041e+00
3.364000000000001800e-07 1.149986528166972999e+00
3.414000000000001851e-07 1.149986528171554001e+00
3.464000000000001902e-07 1.149986528173245093e+00
3.514000000000001952e-07 1.149986528173783107e+00
3.564000000000003062e-07 1.149986528174673062e+00
3.614000000000003112e-07 1.149986528176224043e+00
3.664000000000003163e-07 1.149986528175279021e+00
3.714000000000003214e-07 1.149986528170610089e+00
3.764000000000003264e-07 1.149986528169361977e+00
3.814000000000002786e-07 1.149986528173168931e+00
3.864000000000002836e-07 1.149986528175277911e+00
3.914000000000002887e-07 1.149986528172882938e+00
3.964000000000002938e-07 1.149986528169651967e+00
4.014000000000002988e-07 1.149986528165704902e+00
4.064000000000003039e-07 1.149986528159278931e+00
4.114000000000003090e-07 1.149986528156732080e+00
4.164000000000003140e-07 1.149986528159963051e+00
4.214000000000003191e-07 1.149986528162713073e+00
4.264000000000003242e-07 1.149986528164038013e+00
4.314000000000002763e-07 1.149986528164204991e+00
4.364000000000002814e-07 1.149986528161218047e+00
4.414000000000002864e-07 1.149986528157695087e+00
4.464000000000002915e-07 1.149986528156071053e+00
4.514000000000002966e-07 1.149986528155299892e+00
4.564000000000004075e-07 1.149986528154073095e+00
4.614000000000004126e-07 1.149986528152342036e+00
4.664000000000004177e-07 1.149986528153704057e+00
4.714000000000004227e-07 1.149986528163549071e+00
4.764000000000003749e-07 1.149986528183104983e+00
4.814000000000003799e-07 1.149986528191629054e+00
4.864000000000003320e-07 1.149986528187509016e+00
4.914000000000002842e-07 1.149986528198259084e+00
4.964000000000002363e-07 1.149986528198319036e+00
5.014000000000001884e-07 1.149986528191331958e+00
5.064000000000001406e-07 1.149986528193132962e+00
5.114000000000000927e-07 1.149986528186800028e+00
5.164000000000000448e-07 1.149986528177203926e+00
5.213999999999999969e-07 1.149986528166863975e+00
5.263999999999999491e-07 1.149986528163031041e+00
5.313999999999999012e-07 1.149986528163273958e+00
5.363999999999998533e-07 1.149986528160763077e+00
5.413999999999998055e-07 1.149986528159866017e+00
5.463999999999997576e-07 1.149986528161716981e+00
5.513999999999997097e-07 1.149986528163422062e+00
5.563999999999996618e-07 1.149986528164925970e+00
5.613999999999996140e-07 1.149986528163235100e+00
5.663999999999995661e-07 1.149986528159343102e+00
5.713999999999995182e-07 1.149986528157658894e+00
5.763999999999994704e-07 1.149986528157912913e+00
5.813999999999994225e-07 1.149986528157943111e+00
5.863999999999993746e-07 1.149986528160030996e+00
5.913999999999993267e-07 1.149986528163708055e+00
5.963999999999992789e-07 1.149986528165181987e+00
6.013999999999992310e-07 1.149986528164471000e+00
6.063999999999991831e-07 1.149986528163676969e+00
6.113999999999991353e-07 1.149986528165749089e+00
6.163999999999990874e-07 1.149986528166847100e+00
6.213999999999990395e-07 1.149986528163088106e+00
6.263999999999989916e-07 1.149986528161283994e+00
6.313999999999989438e-07 1.149986528162971977e+00
6.363999999999988959e-07 1.149986528162975086e+00
6.413999999999988480e-07 1.149986528161567101e+00
6.463999999999988001e-07 1.149986528159965937e+00
6.513999999999987523e-07 1.149986528158907007e+00
6.563999999999987044e-07 1.149986528158398968e+00
6.613999999999986565e-07 1.149986528156409005e+00
6.663999999999986087e-07 1.149986528154945953e+00
6.713999999999985608e-07 1.149986528160263033e+00
6.763999999999985129e-07 1.149986528171436984e+00
6.813999999999984650e-07 1.149986528181005996e+00
6.863999999999984172e-07 1.149986528185960921e+00
6.913999999999983693e-07 1.149986528184661960e+00
6.963999999999983214e-07 1.149986528180116041e+00
7.013999999999982736e-07 1.149986528175418021e+00
7.063999999999982257e-07 1.149986528168182032e+00
7.113999999999981778e-07 1.149986528162860067e+00
7.163999999999981299e-07 1.149986528161065946e+00
7.213999999999980821e-07 1.149986528159552934e+00
7.263999999999980342e-07 1.149986528160140908e+00
7.313999999999979863e-07 1.149986528161559995e+00
7.363999999999979385e-07 1.149986528160491073e+00
7.413999999999978906e-07 1.149986528161232036e+00
7.463999999999978427e-07 1.149986528169901101e+00
7.513999999999977948e-07 1.149986528181440093e+00
7.563999999999977470e-07 1.149986528185954038e+00
7.613999999999976991e-07 1.149986528184065993e+00
7.663999999999976512e-07 1.149986528179117062e+00
7.713999999999976034e-07 1.149986528171248024e+00
7.763999999999975555e-07 1.149986528166200062e+00
7.813999999999975076e-07 1.149986528165904964e+00
7.863999999999974597e-07 1.149986528165042987e+00
7.913999999999974119e-07 1.149986528163684074e+00
7.963999999999973640e-07 1.149986528161631938e+00
8.013999999999973161e-07 1.149986528157695975e+00
8.063999999999972683e-07 1.149986528159145038e+00
8.113999999999972204e-07 1.149986528169818945e+00
8.163999999999971725e-07 1.149986528184220980e+00
8.213999999999971246e-07 1.149986528192241897e+00
8.263999999999970768e-07 1.149986528188885915e+00
8.313999999999970289e-07 1.149986528180203083e+00
8.363999999999969810e-07 1.149986528173394085e+00
8.413999999999969331e-07 1.149986528171238032e+00
8.463999999999968853e-07 1.149986528169095079e+00
8.513999999999968374e-07 1.149986528163384980e+00
8.563999999999967895e-07 1.149986528156593968e+00
8.613999999999967417e-07 1.149986528153158050e+00
8.663999999999966938e-07 1.149986528156943910e+00
8.713999999999966459e-07 1.149986528167636912e+00
8.763999999999965980e-07 1.149986528182213030e+00
8.813999999999965502e-07 1.149986528190809931e+00
8.863999999999965023e-07 1.149986528187532997e+00
8.913999999999964544e-07 1.149986528180102940e+00
8.963999999999964066e-07 1.149986528174127942e+00
9.013999999999963587e-07 1.149986528169415934e+00
9.063999999999963108e-07 1.149986528166335065e+00
9.113999999999962629e-07 1.149986528166947908e+00
9.163999999999962151e-07 1.149986528169435029e+00
9.213999999999961672e-07 1.149986528168897904e+00
9.263999999999961193e-07 1.149986528165048094e+00
9.313999999999960715e-07 1.149986528162673993e+00
9.363999999999960236e-07 1.149986528163428057e+00
9.413999999999959757e-07 1.149986528162528998e+00
9.463999999999959278e-07 1.149986528162461052e+00
9.513999999999958800e-07 1.149986528163265076e+00
9.563999999999958321e-07 1.149986528158871035e+00
9.613999999999957842e-07 1.149986528153734922e+00
9.663999999999957364e-07 1.149986528151357046e+00
9.713999999999956885e-07 1.149986528150998000e+00
9.763999999999956406e-07 1.149986528154357091e+00
9.813999999999955927e-07 1.149986528160577892e+00
9.863999999999955449e-07 1.149986528164967048e+00
9.913999999999954970e-07 1.149986528164254063e+00
9.956999999999977259e-07 1.149986528141345943e+00
9.999999999999999547e-07 1.149986528107503903e+00
1.000099999999999962e-06 1.150068782099074927e+00
1.000299999999999977e-06 1.150121789585258014e+00
1.000649999999999898e-06 1.149916481809124980e+00
1.001000000000000030e-06 1.150033288466592918e+00
1.001070000000000056e-06 1.150121444228410006e+00
1.001209999999999897e-06 1.150368296052463934e+00
1.001490000000000003e-06 1.151104370052101977e+00
1.002050000000000003e-06 1.153045283043856895e+00
1.003014151728769945e-06 1.157694301902248091e+00
1.004942455186310041e-06 1.171644367070322934e+00
1.008799062101390022e-06 1.212894691332242036e+00
1.013799062101389974e-06 1.281245147378293980e+00
1.018799062101389926e-06 1.356715043015576105e+00
1.023799062101390090e-06 1.434704346772994077e+00
1.028799062101390042e-06 1.513527872924034900e+00
1.033799062101389994e-06 1.592678466100718948e+00
1.038799062101389946e-06 1.671979519619753995e+00
1.043799062101389898e-06 1.751346664667323916e+00
1.048799062101390062e-06 1.830691134879774973e+00
1.053799062101390014e-06 1.909680711016725096e+00
1.058799062101389966e-06 1.986942108973615895e+00
1.063799062101389072e-06 2.057965265313887127e+00
1.068799062101389024e-06 2.114274284898934209e+00
1.073799062101388976e-06 2.149549155209550921e+00
1.078799062101388928e-06 2.165675020857587008e+00
1.083799062101389092e-06 2.169038884214712137e+00
1.088799062101389044e-06 2.165574635155524952e+00
1.093799062101388996e-06 2.159718672831531183e+00
1.098799062101388948e-06 2.154219064437080888e+00
1.103799062101388900e-06 2.150366841558622788e+00
1.108799062101389064e-06 2.148357584409898990e+00
1.113799062101389016e-06 2.147801623303223106e+00
1.118799062101388969e-06 2.148113230939808105e+00
1.123799062101388921e-06 2.148768508878998063e+00
1.128799062101389085e-06 2.149415687716285994e+00
1.133799062101389037e-06 2.149884807322174129e+00
1.138799062101388989e-06 2.150140302547030924e+00
1.143799062101388941e-06 2.150222486955081003e+00
1.148799062101389105e-06 2.150197539491283116e+00
1.153799062101389057e-06 2.150126778711241915e+00
1.158799062101389009e-06 2.150052514260643033e+00
1.163799062101388961e-06 2.149996503538183834e+00
1.168799062101388066e-06 2.149964486501366068e+00
1.173799062101388018e-06 2.149952862480663196e+00
1.178799062101387971e-06 2.149954363293530957e+00
1.183799062101387923e-06 2.149961909330464938e+00
1.188799062101388087e-06 2.149970389721417963e+00
1.193799062101388039e-06 2.149977053210784916e+00
1.198799062101387991e-06 2.149981031732060011e+00
1.203799062101387943e-06 2.149982625237317979e+00
1.208799062101387895e-06 2.149982618568714088e+00
1.213799062101388059e-06 2.149981829314235870e+00
1.218799062101388011e-06 2.149980867354097214e+00
1.223799062101387963e-06 2.149980079692170865e+00
1.228799062101387915e-06 2.149979588832675148e+00
1.233799062101388079e-06 2.149979375826541972e+00
1.238799062101388031e-06 2.149979356263775898e+00
1.243799062101387983e-06 2.149979437032496055e+00
1.248799062101387936e-06 2.149979545224415034e+00
1.253799062101388099e-06 2.149979637840134128e+00
1.258799062101388052e-06 2.149979697892145936e+00
1.263799062101388004e-06 2.149979725867384062e+00
1.268799062101387956e-06 2.149979730627936014e+00
1.273799062101387061e-06 2.149979722644193014e+00
1.278799062101387013e-06 2.149979710592118121e+00
1.283799062101386965e-06 2.149979699769330121e+00
1.288799062101386917e-06 2.149979692471258197e+00
1.293799062101387081e-06 2.149979688826689106e+00
1.298799062101387033e-06 2.149979688007744194e+00
1.303799062101386985e-06 2.149979688708592906e+00
1.308799062101386938e-06 2.149979690031246005e+00
1.313799062101387102e-06 2.149979691250313962e+00
1.318799062101387054e-06 2.149979692161060107e+00
1.323799062101387006e-06 2.149979692654024888e+00
1.328799062101386958e-06 2.149979692876550885e+00
1.333799062101386910e-06 2.149979692789310892e+00
1.338799062101387074e-06 2.149979692647876028e+00
1.343799062101387026e-06 2.149979692436231993e+00
1.348799062101386978e-06 2.149979692324547109e+00
1.353799062101386930e-06 2.149979692227574901e+00
1.358799062101387094e-06 2.149979692211855919e+00
1.363799062101387046e-06 2.149979692193863201e+00
1.368799062101386998e-06 2.149979692244125218e+00
1.373799062101386951e-06 2.149979692296743128e+00
1.378799062101386056e-06 2.149979692370997952e+00
1.383799062101386008e-06 2.149979692341467796e+00
1.388799062101385960e-06 2.149979692344552884e+00
1.393799062101385912e-06 2.149979692307557144e+00
1.398799062101386076e-06 2.149979692331482006e+00
1.403799062101386028e-06 2.149979692276601018e+00
1.408799062101385980e-06 2.149979692274742948e+00
1.413799062101385932e-06 2.149979692250981955e+00
1.418799062101386096e-06 2.149979692293621181e+00
1.423799062101386048e-06 2.149979692294632816e+00
1.428799062101386000e-06 2.149979692333662040e+00
1.433799062101385953e-06 2.149979692324390790e+00
1.438799062101385905e-06 2.149979692381216001e+00
1.443799062101386069e-06 2.149979692366442041e+00
1.448799062101386021e-06 2.149979692391593034e+00
1.453799062101385973e-06 2.149979692367855133e+00
1.458799062101385925e-06 2.149979692387332886e+00
1.463799062101386089e-06 2.149979692350319826e+00
1.468799062101386041e-06 2.149979692364137218e+00
1.473799062101385993e-06 2.149979692314786028e+00
1.478799062101385945e-06 2.149979692338547022e+00
1.483799062101385050e-06 2.149979692316465130e+00
1.488799062101385002e-06 2.149979692343526150e+00
1.493799062101384955e-06 2.149979692321422053e+00
1.498799062101384907e-06 2.149979692349011096e+00
1.503799062101385071e-06 2.149979692320917124e+00
1.508799062101385023e-06 2.149979692339209159e+00
1.513799062101384975e-06 2.149979692309590185e+00
1.518799062101384927e-06 2.149979692333539028e+00
1.523799062101385091e-06 2.149979692307677936e+00
1.528799062101385043e-06 2.149979692331687176e+00
1.533799062101384995e-06 2.149979692303240153e+00
1.538799062101384947e-06 2.149979692326565939e+00
1.543799062101384899e-06 2.149979692299846867e+00
1.548799062101385063e-06 2.149979692325851843e+00
1.553799062101385015e-06 2.149979692301258183e+00
1.558799062101384968e-06 2.149979692329384129e+00
1.563799062101384920e-06 2.149979692304945011e+00
1.568799062101385084e-06 2.149979692326073000e+00
1.573799062101385036e-06 2.149979692297327993e+00
1.578799062101384988e-06 2.149979692328090053e+00
1.583799062101384940e-06 2.149979692308166879e+00
1.588799062101384045e-06 2.149979692332482095e+00
1.593799062101383997e-06 2.149979692304642143e+00
1.598799062101383949e-06 2.149979692335605819e+00
1.603799062101383901e-06 2.149979692316695168e+00
1.608799062101384065e-06 2.149979692342926185e+00
1.613799062101384017e-06 2.149979692313117141e+00
1.618799062101383970e-06 2.149979692337057990e+00
1.623799062101383922e-06 2.149979692312371071e+00
1.628799062101384086e-06 2.149979692342093074e+00
1.633799062101384038e-06 2.149979692319806013e+00
1.638799062101383990e-06 2.149979692343856108e+00
1.643799062101383942e-06 2.149979692313702007e+00
1.648799062101384106e-06 2.149979692337737891e+00
1.653799062101384058e-06 2.149979692312939950e+00
1.658799062101384010e-06 2.149979692339960113e+00
1.663799062101383962e-06 2.149979692316592139e+00
1.668799062101383914e-06 2.149979692344803794e+00
1.673799062101384078e-06 2.149979692319940128e+00
1.678799062101384030e-06 2.149979692347923965e+00
1.683799062101383983e-06 2.149979692325647118e+00
1.688799062101383935e-06 2.149979692350442839e+00
1.693799062101383040e-06 2.149979692320536095e+00
1.698799062101382992e-06 2.149979692345858062e+00
1.703799062101382944e-06 2.149979692324215819e+00
1.708799062101382896e-06 2.149979692355412197e+00
1.713799062101383060e-06 2.149979692332792958e+00
1.718799062101383012e-06 2.149979692356155159e+00
1.723799062101382964e-06 2.149979692321589031e+00
1.728799062101382916e-06 2.149979692340012960e+00
1.733799062101383080e-06 2.149979692309532897e+00
1.738799062101383032e-06 2.149979692332931958e+00
1.743799062101382985e-06 2.149979692309718082e+00
1.748799062101382937e-06 2.149979692341458026e+00
1.753799062101383101e-06 2.149979692323411129e+00
1.758799062101383053e-06 2.149979692355763028e+00
1.763799062101383005e-06 2.149979692331025038e+00
1.768799062101382957e-06 2.149979692356982941e+00
1.773799062101382909e-06 2.149979692332928849e+00
1.778799062101383073e-06 2.149979692359811789e+00
1.783799062101383025e-06 2.149979692332816050e+00
1.788799062101382977e-06 2.149979692352609995e+00
1.793799062101382929e-06 2.149979692317685043e+00
1.798799062101382034e-06 2.149979692338980009e+00
1.803799062101381987e-06 2.149979692312459889e+00
1.808799062101381939e-06 2.149979692330517889e+00
1.813799062101382103e-06 2.149979692295759914e+00
1.818799062101382055e-06 2.149979692324674119e+00
1.823799062101382007e-06 2.149979692311227097e+00
1.828799062101381959e-06 2.149979692347804949e+00
1.833799062101381911e-06 2.149979692323368052e+00
1.838799062101382075e-06 2.149979692345923787e+00
1.843799062101382027e-06 2.149979692315107993e+00
1.848799062101381979e-06 2.149979692329972991e+00
1.853799062101381931e-06 2.149979692295480138e+00
1.858799062101382095e-06 2.149979692324358815e+00
1.863799062101382047e-06 2.149979692307980805e+00
1.868799062101381999e-06 2.149979692342883997e+00
1.873799062101381952e-06 2.149979692320378000e+00
1.878799062101381904e-06 2.149979692337220971e+00
1.883799062101382068e-06 2.149979692299437861e+00
1.888799062101382020e-06 2.149979692326208891e+00
1.893799062101381972e-06 2.149979692309805124e+00
1.898799062101381924e-06 2.149979692343998217e+00
1.903799062101381029e-06 2.149979692322979918e+00
1.908799062101380981e-06 2.149979692352317784e+00
1.913799062101380933e-06 2.149979692328544800e+00
1.918799062101380885e-06 2.149979692349230920e+00
1.923799062101380838e-06 2.149979692312776969e+00
1.928799062101380790e-06 2.149979692330998837e+00
1.933799062101381165e-06 2.149979692300922895e+00
1.938799062101381118e-06 2.149979692316824842e+00
1.943799062101381070e-06 2.149979692281906996e+00
1.948799062101381022e-06 2.149979692313085167e+00
1.953799062101380974e-06 2.149979692300072909e+00
1.958799062101380926e-06 2.149979692337093073e+00
1.963799062101380878e-06 2.149979692318690905e+00
1.968799062101380830e-06 2.149979692348294780e+00
1.973799062101381206e-06 2.149979692324471170e+00
1.978799062101381158e-06 2.149979692347976812e+00
1.983799062101381110e-06 2.149979692318049196e+00
1.988799062101381062e-06 2.149979692342196103e+00
1.993799062101381014e-06 2.149979692315374002e+00
1.998799062101380967e-06 2.149979692340346027e+00
2.003799062101380072e-06 2.149979692315699076e+00
2.008799062101380024e-06 2.149979692341141835e+00
2.013799062101379976e-06 2.149979692313046975e+00
2.018799062101379928e-06 2.149979692339266002e+00
2.023799062101379880e-06 2.149979692314698987e+00
2.028799062101379832e-06 2.149979692341168036e+00
2.033799062101380208e-06 2.149979692316648094e+00
2.038799062101380160e-06 2.149979692342601112e+00
2.043799062101380112e-06 2.149979692312744106e+00
2.048799062101380064e-06 2.149979692334448078e+00
2.053799062101380016e-06 2.149979692308806811e+00
2.058799062101379969e-06 2.149979692337988801e+00
2.063799062101379921e-06 2.149979692315600044e+00
2.068799062101379873e-06 2.149979692340970860e+00
2.073799062101379825e-06 2.149979692313364943e+00
2.078799062101380201e-06 2.149979692338527038e+00
2.083799062101380153e-06 2.149979692312284030e+00
2.088799062101380105e-06 2.149979692338789938e+00
2.093799062101380057e-06 2.149979692313210844e+00
2.098799062101380009e-06 2.149979692338556791e+00
2.103799062101379961e-06 2.149979692311148050e+00
2.108799062101379066e-06 2.149979692333741088e+00
2.113799062101379018e-06 2.149979692303853884e+00
2.118799062101378971e-06 2.149979692330425962e+00
2.123799062101378923e-06 2.149979692312943946e+00
2.128799062101378875e-06 2.149979692347856908e+00
2.133799062101378827e-06 2.149979692327276926e+00
2.138799062101379203e-06 2.149979692355223904e+00
2.143799062101379155e-06 2.149979692331350112e+00
2.148799062101379107e-06 2.149979692358564787e+00
2.153799062101379059e-06 2.149979692330103109e+00
2.158799062101379011e-06 2.149979692352677940e+00
2.163799062101378963e-06 2.149979692325079128e+00
2.168799062101378915e-06 2.149979692344091919e+00
2.173799062101378868e-06 2.149979692310176826e+00
2.178799062101378820e-06 2.149979692336938975e+00
2.183799062101379195e-06 2.149979692319972990e+00
2.188799062101379147e-06 2.149979692355766137e+00
2.193799062101379100e-06 2.149979692335545867e+00
2.198799062101379052e-06 2.149979692359309080e+00
2.203799062101379004e-06 2.149979692324961889e+00
2.208799062101378956e-06 2.149979692344134108e+00
2.213799062101378061e-06 2.149979692315675095e+00
2.218799062101378013e-06 2.149979692336355885e+00
2.223799062101377965e-06 2.149979692302992795e+00
2.228799062101377917e-06 2.149979692323113145e+00
2.233799062101377870e-06 2.149979692295886924e+00
2.238799062101377822e-06 2.149979692325767022e+00
2.243799062101378197e-06 2.149979692305235002e+00
2.248799062101378149e-06 2.149979692334166081e+00
2.253799062101378102e-06 2.149979692311525969e+00
2.258799062101378054e-06 2.149979692339977877e+00
2.263799062101378006e-06 2.149979692313368940e+00
2.268799062101377958e-06 2.149979692329765157e+00
2.273799062101377910e-06 2.149979692292451006e+00
2.278799062101377862e-06 2.149979692319230917e+00
2.283799062101377814e-06 2.149979692300740819e+00
2.288799062101378190e-06 2.149979692332422143e+00
2.293799062101378142e-06 2.149979692311723145e+00
2.298799062101378094e-06 2.149979692340834081e+00
2.303799062101378046e-06 2.149979692321156932e+00
2.308799062101377999e-06 2.149979692349733185e+00
2.313799062101377951e-06 2.149979692318440883e+00
2.318799062101377056e-06 2.149979692341593029e+00
2.323799062101377008e-06 2.149979692316100088e+00
2.328799062101376960e-06 2.149979692339957893e+00
2.333799062101376912e-06 2.149979692313011004e+00
2.338799062101376864e-06 2.149979692340112880e+00
2.343799062101376816e-06 2.149979692315363788e+00
2.348799062101377192e-06 2.149979692340632020e+00
2.353799062101377144e-06 2.149979692312748991e+00
2.358799062101377096e-06 2.149979692331323911e+00
2.363799062101377048e-06 2.149979692297066869e+00
2.368799062101377001e-06 2.149979692322205871e+00
2.373799062101376953e-06 2.149979692299908152e+00
2.378799062101376905e-06 2.149979692329515135e+00
2.383799062101376857e-06 2.149979692308686907e+00
2.388799062101376809e-06 2.149979692339457849e+00
2.393799062101377185e-06 2.149979692316643209e+00
2.398799062101377137e-06 2.149979692344591076e+00
2.403799062101377089e-06 2.149979692320406865e+00
2.408799062101377041e-06 2.149979692350231897e+00
2.413799062101376993e-06 2.149979692332316894e+00
2.418799062101376945e-06 2.149979692362559813e+00
2.423799062101376050e-06 2.149979692334309966e+00
2.428799062101376003e-06 2.149979692353165994e+00
2.433799062101375955e-06 2.149979692316419833e+00
2.438799062101375907e-06 2.149979692337681048e+00
2.443799062101375859e-06 2.149979692315997060e+00
2.448799062101375811e-06 2.149979692341847937e+00
2.453799062101376187e-06 2.149979692313225055e+00
2.458799062101376139e-06 2.149979692340402870e+00
2.463799062101376091e-06 2.149979692319841984e+00
2.468799062101376043e-06 2.149979692349992977e+00
2.473799062101375995e-06 2.149979692323242819e+00
2.478799062101375947e-06 2.149979692348912064e+00
2.483799062101375899e-06 2.149979692327260938e+00
2.488799062101375852e-06 2.149979692356010830e+00
2.493799062101375804e-06 2.149979692330004077e+00
2.498799062101376179e-06 2.149979692351810190e+00
2.503799062101376132e-06 2.149979692319278879e+00
2.508799062101376084e-06 2.149979692337966153e+00
2.513799062101376036e-06 2.149979692305354018e+00
2.518799062101375988e-06 2.149979692327784964e+00
2.523799062101375940e-06 2.149979692302428802e+00
2.528799062101375045e-06 2.149979692332240067e+00
2.533799062101374997e-06 2.149979692311649870e+00
2.538799062101374949e-06 2.149979692333436887e+00
2.543799062101374902e-06 2.149979692297816936e+00
2.548799062101374854e-06 2.149979692322093960e+00
2.553799062101374806e-06 2.149979692298777056e+00
2.558799062101375181e-06 2.149979692327304015e+00
2.563799062101375134e-06 2.149979692307363077e+00
2.568799062101375086e-06 2.149979692336426940e+00
2.573799062101375038e-06 2.149979692310306945e+00
2.578799062101374990e-06 2.149979692337649961e+00
2.583799062101374942e-06 2.149979692315245217e+00
2.588799062101374894e-06 2.149979692343539028e+00
2.593799062101374846e-06 2.149979692319158975e+00
2.598799062101374798e-06 2.149979692346295046e+00
2.603799062101375174e-06 2.149979692320309166e+00
2.608799062101375126e-06 2.149979692342975035e+00
2.613799062101375078e-06 2.149979692310735935e+00
2.618799062101375030e-06 2.149979692328110037e+00
2.623799062101374983e-06 2.149979692294834877e+00
2.628799062101374935e-06 2.149979692320088009e+00
2.633799062101374040e-06 2.149979692299167855e+00
2.638799062101373992e-06 2.149979692328245040e+00
2.643799062101373944e-06 2.149979692303475964e+00
2.648799062101373896e-06 2.149979692330341141e+00
2.653799062101373848e-06 2.149979692306347001e+00
2.658799062101373800e-06 2.149979692335135972e+00
2.663799062101374176e-06 2.149979692312161905e+00
2.668799062101374128e-06 2.149979692341365212e+00
2.673799062101374080e-06 2.149979692321455804e+00
2.678799062101374032e-06 2.149979692350440175e+00
2.683799062101373985e-06 2.149979692322543823e+00
2.688799062101373937e-06 2.149979692345962867e+00
2.693799062101373889e-06 2.149979692318809921e+00
2.698799062101373841e-06 2.149979692341624116e+00
2.703799062101373793e-06 2.149979692310632906e+00
2.708799062101374169e-06 2.149979692335305170e+00
2.713799062101374121e-06 2.149979692313737090e+00
2.718799062101374073e-06 2.149979692340982851e+00
2.723799062101374025e-06 2.149979692314592850e+00
2.728799062101373977e-06 2.149979692344316184e+00
2.733799062101373929e-06 2.149979692323816138e+00
2.738799062101373035e-06 2.149979692351565053e+00
2.743799062101372987e-06 2.149979692323385816e+00
2.748799062101372939e-06 2.149979692343412907e+00
2.753799062101372891e-06 2.149979692311320800e+00
2.758799062101372843e-06 2.149979692334934800e+00
2.763799062101372795e-06 2.149979692311139168e+00
2.768799062101373171e-06 2.149979692340388215e+00
2.773799062101373123e-06 2.149979692316974056e+00
2.778799062101373075e-06 2.149979692338237047e+00
2.783799062101373027e-06 2.149979692301504208e+00
2.788799062101372979e-06 2.149979692319521796e+00
2.793799062101372931e-06 2.149979692293316091e+00
2.798799062101372884e-06 2.149979692323686020e+00
2.803799062101372836e-06 2.149979692302052214e+00
2.808799062101373211e-06 2.149979692322867120e+00
2.813799062101373163e-06 2.149979692289849975e+00
2.818799062101373116e-06 2.149979692319309077e+00
2.823799062101373068e-06 2.149979692304476053e+00
2.828799062101373020e-06 2.149979692341316806e+00
2.833799062101372972e-06 2.149979692320329150e+00
2.838799062101372924e-06 2.149979692343818805e+00
2.843799062101372029e-06 2.149979692312378177e+00
2.848799062101371981e-06 2.149979692334370807e+00
2.853799062101371933e-06 2.149979692307583790e+00
2.858799062101371886e-06 2.149979692335103998e+00
2.863799062101371838e-06 2.149979692314030189e+00
2.868799062101371790e-06 2.149979692343536808e+00
2.873799062101372165e-06 2.149979692318045199e+00
2.878799062101372118e-06 2.149979692336411841e+00
2.883799062101372070e-06 2.149979692300406864e+00
2.888799062101372022e-06 2.149979692322407931e+00
2.893799062101371974e-06 2.149979692298364053e+00
2.898799062101371926e-06 2.149979692328722880e+00
2.903799062101371878e-06 2.149979692307097956e+00
2.908799062101371830e-06 2.149979692334889947e+00
2.913799062101372206e-06 2.149979692310897139e+00
2.918799062101372158e-06 2.149979692338551018e+00
2.923799062101372110e-06 2.149979692312722790e+00
2.928799062101372062e-06 2.149979692341036142e+00
2.933799062101372015e-06 2.149979692321272839e+00
2.938799062101371967e-06 2.149979692350675986e+00
2.943799062101371072e-06 2.149979692325588054e+00
2.948799062101371024e-06 2.149979692351053018e+00
2.953799062101370976e-06 2.149979692323460867e+00
2.958799062101370928e-06 2.149979692349182958e+00
2.963799062101370880e-06 2.149979692323221947e+00
2.968799062101370832e-06 2.149979692343627846e+00
2.973799062101371208e-06 2.149979692311085877e+00
2.978799062101371160e-06 2.149979692335422854e+00
2.983799062101371112e-06 2.149979692311406065e+00
2.988799062101371064e-06 2.149979692338111814e+00
2.993799062101371017e-06 2.149979692314840207e+00
2.997399531050685160e-06 2.149979692351016158e+00
3.001000000000000151e-06 2.149979692343082061e+00
3.001099999999999947e-06 2.149890940759251912e+00
3.001299999999999962e-06 2.149836890384031918e+00
3.001649999999999882e-06 2.149955972811210980e+00
3.001999999999999803e-06 2.149993594945152964e+00
3.002070000000000041e-06 2.149990282682051834e+00
3.002210000000000094e-06 2.149961529691386097e+00
3.002490000000000200e-06 2.149779289847888908e+00
3.003049999999999988e-06 2.148946223531572830e+00
3.004169999999999140e-06 2.145535856394872098e+00
3.006409999999999139e-06 2.132972509470720812e+00
3.010889999999997866e-06 2.092693409333956200e+00
3.015889999999997818e-06 2.033570741328198039e+00
3.020889999999998194e-06 1.966748142856437953e+00
3.025889999999998146e-06 1.895753085289705986e+00
3.030889999999998098e-06 1.822390811528844079e+00
3.035889999999998050e-06 1.747659970965375065e+00
3.040889999999998002e-06 1.672124691694659049e+00
3.045889999999997954e-06 1.596128911895158042e+00
3.050889999999997060e-06 1.519891902078478907e+00
3.055889999999997012e-06 1.443590924562279998e+00
3.060889999999996964e-06 1.367573314000368967e+00
3.065889999999996916e-06 1.293079498240627956e+00
3.070889999999996868e-06 1.223990250548689040e+00
3.075889999999996820e-06 1.167544058169468935e+00
3.080889999999997196e-06 1.130956932375646984e+00
3.085889999999997148e-06 1.115861126613757026e+00
3.090889999999997100e-06 1.116993168051749086e+00
3.095889999999997052e-06 1.126289422604334067e+00
3.100889999999997004e-06 1.137103111591829974e+00
3.105889999999996956e-06 1.145739202531687040e+00
3.110889999999996909e-06 1.151033155016244924e+00
3.115889999999996861e-06 1.153326311872320042e+00
3.120889999999996813e-06 1.153567027203842077e+00
3.125889999999997188e-06 1.152744217146707051e+00
3.130889999999997141e-06 1.151614675191080961e+00
3.135889999999997093e-06 1.150630364164646924e+00
3.140889999999997045e-06 1.149976450748048995e+00
3.145889999999996997e-06 1.149657151709480019e+00
3.150889999999996949e-06 1.149586686531729018e+00
3.155889999999996054e-06 1.149657242981168004e+00
3.160889999999996006e-06 1.149778605102679929e+00
3.165889999999995958e-06 1.149892984822056041e+00
3.170889999999995911e-06 1.149973831721331052e+00
3.175889999999995863e-06 1.150016911338308079e+00
3.180889999999995815e-06 1.150030096408414915e+00
3.185889999999996190e-06 1.150025111585629034e+00
3.190889999999996143e-06 1.150012510478964911e+00
3.195889999999996095e-06 1.149999476414659050e+00
3.200889999999996047e-06 1.149989662800934065e+00
3.205889999999995999e-06 1.149984011452789057e+00
3.210889999999995951e-06 1.149981896614411081e+00
3.215889999999995903e-06 1.149982074330335946e+00
3.220889999999995855e-06 1.149983334814127955e+00
3.225889999999995808e-06 1.149984793821213991e+00
3.230889999999996183e-06 1.149985968409729109e+00
3.235889999999996135e-06 1.149986692408534905e+00
3.240889999999996087e-06 1.149987005822763031e+00
3.245889999999996040e-06 1.149987033586129082e+00
3.250889999999995992e-06 1.149986914794322912e+00
3.255889999999995944e-06 1.149986754168552006e+00
3.260889999999995049e-06 1.149986616150417085e+00
3.265889999999995001e-06 1.149986524766483997e+00
3.270889999999994953e-06 1.149986481081388012e+00
3.275889999999994905e-06 1.149986471712985958e+00
3.280889999999994857e-06 1.149986482228408047e+00
3.285889999999994810e-06 1.149986499226155034e+00
3.290889999999995185e-06 1.149986515392376951e+00
3.295889999999995137e-06 1.149986526525073049e+00
3.300889999999995089e-06 1.149986532598580968e+00
3.305889999999995042e-06 1.149986534279924921e+00
3.310889999999994994e-06 1.149986533649344000e+00
3.315889999999994946e-06 1.149986531780164967e+00
3.320889999999994898e-06 1.149986529999448059e+00
3.325889999999994850e-06 1.149986528545883013e+00
3.330889999999994802e-06 1.149986527788698032e+00
3.335889999999995178e-06 1.149986527447852014e+00
3.340889999999995130e-06 1.149986527545590054e+00
3.345889999999995082e-06 1.149986527693450000e+00
3.350889999999995034e-06 1.149986527930165980e+00
3.355889999999994986e-06 1.149986528075972902e+00
3.360889999999994938e-06 1.149986528231673022e+00
3.365889999999994044e-06 1.149986528268946984e+00
3.370889999999993996e-06 1.149986528282640030e+00
3.375889999999993948e-06 1.149986528223748028e+00
3.380889999999993900e-06 1.149986528192098900e+00
3.385889999999993852e-06 1.149986528137433961e+00
3.390889999999993804e-06 1.149986528133879027e+00
3.395889999999994180e-06 1.149986528123261964e+00
3.400889999999994132e-06 1.149986528158214005e+00
3.405889999999994084e-06 1.149986528180257039e+00
3.410889999999994036e-06 1.149986528195336088e+00
3.415889999999993988e-06 1.149986528171258016e+00
3.420889999999993941e-06 1.149986528154997023e+00
3.425889999999993893e-06 1.149986528136331954e+00
3.430889999999993845e-06 1.149986528133631003e+00
3.435889999999993797e-06 1.149986528138565944e+00
3.440889999999994173e-06 1.149986528150344078e+00
3.445889999999994125e-06 1.149986528158998045e+00
3.450889999999994077e-06 1.149986528161007993e+00
3.455889999999994029e-06 1.149986528155535925e+00
3.460889999999993981e-06 1.149986528157987076e+00
3.465889999999993933e-06 1.149986528164071986e+00
3.470889999999993038e-06 1.149986528170243050e+00
3.475889999999992990e-06 1.149986528162574073e+00
3.480889999999992943e-06 1.149986528164343991e+00
3.485889999999992895e-06 1.149986528168853939e+00
3.490889999999992847e-06 1.149986528162820987e+00
3.495889999999992799e-06 1.149986528155420906e+00
3.500889999999993175e-06 1.149986528166665911e+00
3.505889999999993127e-06 1.149986528170763078e+00
3.510889999999993079e-06 1.149986528165551025e+00
3.515889999999993031e-06 1.149986528154550047e+00
3.520889999999992983e-06 1.149986528151575094e+00
3.525889999999992935e-06 1.149986528149339993e+00
3.530889999999992887e-06 1.149986528156478061e+00
3.535889999999992839e-06 1.149986528167378896e+00
3.540889999999992792e-06 1.149986528182106893e+00
3.545889999999993167e-06 1.149986528187189938e+00
3.550889999999993119e-06 1.149986528183744028e+00
3.555889999999993071e-06 1.149986528189961055e+00
3.560889999999993024e-06 1.149986528192828095e+00
3.565889999999992976e-06 1.149986528192864066e+00
3.570889999999992928e-06 1.149986528176822898e+00
3.575889999999992033e-06 1.149986528171532907e+00
3.580889999999991985e-06 1.149986528174770095e+00
3.585889999999991937e-06 1.149986528180479084e+00
3.590889999999991889e-06 1.149986528184111068e+00
3.595889999999991841e-06 1.149986528187826096e+00
3.600889999999991794e-06 1.149986528190813928e+00
3.605889999999992169e-06 1.149986528191843105e+00
3.610889999999992121e-06 1.149986528189671064e+00
3.615889999999992074e-06 1.149986528182820988e+00
3.620889999999992026e-06 1.149986528173972955e+00
3.625889999999991978e-06 1.149986528170406919e+00
3.630889999999991930e-06 1.149986528172584954e+00
3.635889999999991882e-06 1.149986528175432898e+00
3.640889999999991834e-06 1.149986528174735012e+00
3.645889999999992210e-06 1.149986528177735057e+00
3.650889999999992162e-06 1.149986528179951062e+00
3.655889999999992114e-06 1.149986528178750023e+00
3.660889999999992066e-06 1.149986528173156053e+00
3.665889999999992018e-06 1.149986528168740030e+00
3.670889999999991970e-06 1.149986528167346034e+00
3.675889999999991076e-06 1.149986528170312994e+00
3.680889999999991028e-06 1.149986528173172928e+00
3.685889999999990980e-06 1.149986528176788925e+00
3.690889999999990932e-06 1.149986528177123102e+00
3.695889999999990884e-06 1.149986528175670042e+00
3.700889999999990836e-06 1.149986528172312061e+00
3.705889999999990788e-06 1.149986528172421085e+00
3.710889999999991164e-06 1.149986528172654010e+00
3.715889999999991116e-06 1.149986528170912070e+00
3.720889999999991068e-06 1.149986528167034949e+00
3.725889999999991020e-06 1.149986528166510924e+00
3.730889999999990972e-06 1.149986528165287902e+00
3.735889999999990925e-06 1.149986528167729949e+00
3.740889999999990877e-06 1.149986528172586064e+00
3.745889999999990829e-06 1.149986528176236034e+00
3.750889999999991204e-06 1.149986528173575939e+00
3.755889999999991157e-06 1.149986528168734035e+00
3.760889999999991109e-06 1.149986528162252997e+00
3.765889999999991061e-06 1.149986528162233013e+00
3.770889999999991013e-06 1.149986528171909050e+00
3.775889999999990965e-06 1.149986528187600943e+00
3.780889999999990070e-06 1.149986528194004043e+00
3.785889999999990022e-06 1.149986528189893997e+00
3.790889999999989974e-06 1.149986528181961010e+00
3.795889999999989927e-06 1.149986528176822009e+00
3.800889999999989879e-06 1.149986528171049960e+00
3.805889999999989831e-06 1.149986528168746913e+00
3.810889999999990207e-06 1.149986528168359001e+00
3.815889999999990159e-06 1.149986528168865041e+00
3.820889999999990111e-06 1.149986528165980015e+00
3.825889999999990063e-06 1.149986528163329913e+00
3.830889999999990015e-06 1.149986528162322053e+00
3.835889999999989967e-06 1.149986528168621902e+00
3.840889999999989919e-06 1.149986528175606093e+00
3.845889999999989871e-06 1.149986528177203038e+00
3.850889999999989824e-06 1.149986528171361932e+00
3.855889999999989776e-06 1.149986528167511013e+00
3.860889999999989728e-06 1.149986528166770050e+00
3.865889999999989680e-06 1.149986528167525002e+00
3.870889999999989632e-06 1.149986528165481969e+00
3.875889999999989584e-06 1.149986528165980015e+00
3.880889999999990383e-06 1.149986528167453947e+00
3.885889999999988641e-06 1.149986528169733901e+00
3.890889999999988594e-06 1.149986528169296029e+00
3.895889999999989393e-06 1.149986528167957101e+00
3.900889999999989345e-06 1.149986528163978061e+00
3.905889999999989297e-06 1.149986528164046895e+00
3.910889999999989249e-06 1.149986528166416999e+00
3.915889999999989201e-06 1.149986528167024957e+00
3.920889999999989153e-06 1.149986528166244915e+00
3.925889999999989105e-06 1.149986528172673106e+00
3.930889999999989058e-06 1.149986528178029044e+00
3.935889999999989010e-06 1.149986528178446044e+00
3.940889999999988962e-06 1.149986528172844968e+00
3.945889999999988914e-06 1.149986528165996891e+00
3.950889999999988866e-06 1.149986528159596011e+00
3.955889999999988818e-06 1.149986528157965981e+00
3.960889999999988770e-06 1.149986528157681986e+00
3.965889999999988722e-06 1.149986528158714050e+00
3.970889999999988675e-06 1.149986528158100985e+00
3.975889999999988627e-06 1.149986528157834087e+00
3.980889999999988579e-06 1.149986528155733989e+00
3.985889999999989378e-06 1.149986528157340926e+00
3.990889999999987636e-06 1.149986528160120924e+00
3.995889999999987588e-06 1.149986528161961008e+00
4.000889999999988387e-06 1.149986528160839017e+00
4.005889999999988340e-06 1.149986528161976995e+00
4.010889999999988292e-06 1.149986528162477040e+00
4.015889999999988244e-06 1.149986528162999067e+00
4.020889999999988196e-06 1.149986528160116928e+00
4.025889999999988148e-06 1.149986528157695975e+00
4.030889999999988100e-06 1.149986528159534060e+00
4.035889999999988052e-06 1.149986528164756105e+00
4.040889999999988004e-06 1.149986528165747979e+00
4.045889999999987957e-06 1.149986528167667110e+00
4.050889999999987909e-06 1.149986528168146060e+00
4.055889999999987861e-06 1.149986528166681010e+00
4.060889999999987813e-06 1.149986528162947108e+00
4.065889999999987765e-06 1.149986528164858024e+00
4.070889999999987717e-06 1.149986528171978994e+00
4.075889999999987669e-06 1.149986528177066036e+00
4.080889999999987621e-06 1.149986528172554090e+00
4.085889999999988421e-06 1.149986528173180034e+00
4.090889999999988373e-06 1.149986528181722978e+00
4.095889999999986631e-06 1.149986528191800028e+00
4.100889999999986583e-06 1.149986528194183011e+00
4.105889999999987382e-06 1.149986528188891022e+00
4.110889999999987334e-06 1.149986528179538059e+00
4.115889999999987286e-06 1.149986528175191092e+00
4.120889999999987238e-06 1.149986528170342970e+00
4.125889999999987191e-06 1.149986528167391997e+00
4.130889999999987143e-06 1.149986528168577049e+00
4.135889999999987095e-06 1.149986528170034106e+00
4.140889999999987047e-06 1.149986528166649036e+00
4.145889999999986999e-06 1.149986528164663069e+00
4.150889999999986951e-06 1.149986528164598010e+00
4.155889999999986903e-06 1.149986528166988098e+00
4.160889999999986855e-06 1.149986528165529043e+00
4.165889999999986808e-06 1.149986528164806954e+00
4.170889999999986760e-06 1.149986528164528066e+00
4.175889999999986712e-06 1.149986528163631894e+00
4.180889999999986664e-06 1.149986528161313970e+00
4.185889999999986616e-06 1.149986528165862110e+00
4.190889999999987415e-06 1.149986528172241007e+00
4.195889999999987367e-06 1.149986528174256062e+00
4.200889999999985625e-06 1.149986528170203970e+00
4.205889999999985578e-06 1.149986528168543076e+00
4.210889999999986377e-06 1.149986528167425082e+00
4.215889999999986329e-06 1.149986528166264899e+00
4.220889999999986281e-06 1.149986528163549959e+00
4.225889999999986233e-06 1.149986528166625055e+00
4.230889999999986185e-06 1.149986528175581890e+00
4.235889999999986137e-06 1.149986528187542101e+00
4.240889999999986090e-06 1.149986528192256108e+00
4.245889999999986042e-06 1.149986528187965984e+00
4.250889999999985994e-06 1.149986528176933032e+00
4.255889999999985946e-06 1.149986528169129052e+00
4.260889999999985898e-06 1.149986528164476107e+00
4.265889999999985850e-06 1.149986528165978017e+00
4.270889999999985802e-06 1.149986528170449995e+00
4.275889999999985754e-06 1.149986528173978950e+00
4.280889999999985707e-06 1.149986528172409983e+00
4.285889999999985659e-06 1.149986528171035971e+00
4.290889999999985611e-06 1.149986528167243893e+00
4.295889999999986410e-06 1.149986528163462918e+00
4.300889999999986362e-06 1.149986528160173105e+00
4.305889999999984620e-06 1.149986528159179899e+00
4.310889999999985419e-06 1.149986528157914911e+00
4.315889999999985371e-06 1.149986528158265964e+00
4.320889999999985324e-06 1.149986528157687982e+00
4.325889999999985276e-06 1.149986528160759969e+00
4.330889999999985228e-06 1.149986528165636956e+00
4.335889999999985180e-06 1.149986528169619104e+00
4.340889999999985132e-06 1.149986528168007061e+00
4.345889999999985084e-06 1.149986528167620037e+00
4.350889999999985036e-06 1.149986528168867039e+00
4.355889999999984988e-06 1.149986528172356914e+00
4.360889999999984941e-06 1.149986528173525979e+00
4.365889999999984893e-06 1.149986528172489919e+00
4.370889999999984845e-06 1.149986528167477928e+00
4.375889999999984797e-06 1.149986528165211963e+00
4.380889999999984749e-06 1.149986528164542943e+00
4.385889999999984701e-06 1.149986528165297006e+00
4.390889999999984653e-06 1.149986528165046984e+00
4.395889999999984606e-06 1.149986528166206057e+00
4.400889999999985405e-06 1.149986528166563104e+00
4.405889999999985357e-06 1.149986528171075051e+00
4.410889999999983615e-06 1.149986528175660938e+00
4.415889999999984414e-06 1.149986528176190070e+00
4.420889999999984366e-06 1.149986528171732969e+00
4.425889999999984318e-06 1.149986528168464028e+00
4.430889999999984270e-06 1.149986528163658095e+00
4.435889999999984223e-06 1.149986528161494048e+00
4.440889999999984175e-06 1.149986528161156984e+00
4.445889999999984127e-06 1.149986528163337018e+00
4.450889999999984079e-06 1.149986528166065947e+00
4.455889999999984031e-06 1.149986528171824895e+00
4.460889999999983983e-06 1.149986528174917089e+00
4.465889999999983935e-06 1.149986528176609069e+00
4.470889999999983887e-06 1.149986528176561995e+00
4.475889999999983840e-06 1.149986528173779998e+00
4.480889999999983792e-06 1.149986528167278088e+00
4.485889999999983744e-06 1.149986528164510080e+00
4.490889999999983696e-06 1.149986528161996091e+00
4.495889999999983648e-06 1.149986528160199972e+00
4.500889999999983600e-06 1.149986528156186072e+00
4.505889999999984399e-06 1.149986528153406073e+00
4.510889999999984351e-06 1.149986528154272047e+00
4.515889999999982610e-06 1.149986528160477084e+00
4.520889999999983409e-06 1.149986528164161026e+00
4.525889999999983361e-06 1.149986528167024957e+00
4.530889999999983313e-06 1.149986528168462030e+00
4.535889999999983265e-06 1.149986528170404032e+00
4.540889999999983217e-06 1.149986528170718891e+00
4.545889999999983169e-06 1.149986528168756017e+00
4.550889999999983121e-06 1.149986528163092103e+00
4.555889999999983074e-06 1.149986528161645039e+00
4.560889999999983026e-06 1.149986528163337018e+00
4.565889999999982978e-06 1.149986528168803090e+00
4.570889999999982930e-06 1.149986528174439027e+00
4.575889999999982882e-06 1.149986528179121947e+00
4.580889999999982834e-06 1.149986528176939915e+00
4.585889999999982786e-06 1.149986528173353006e+00
4.590889999999982739e-06 1.149986528171325073e+00
4.595889999999982691e-06 1.149986528171202949e+00
4.600889999999982643e-06 1.149986528167485034e+00
4.605889999999982595e-06 1.149986528164882893e+00
4.610889999999983394e-06 1.149986528162235011e+00
4.615889999999981652e-06 1.149986528163619015e+00
4.620889999999981604e-06 1.149986528172374012e+00
4.625889999999982403e-06 1.149986528188281065e+00
4.630889999999982356e-06 1.149986528197860958e+00
4.635889999999982308e-06 1.149986528183005063e+00
4.640889999999982260e-06 1.149986528170896083e+00
4.645889999999982212e-06 1.149986528180070966e+00
4.650889999999982164e-06 1.149986528182656009e+00
4.655889999999982116e-06 1.149986528182880052e+00
4.660889999999982068e-06 1.149986528180684031e+00
4.665889999999982020e-06 1.149986528183164936e+00
4.670889999999981973e-06 1.149986528188251089e+00
4.675889999999981925e-06 1.149986528187910029e+00
4.680889999999981877e-06 1.149986528178225109e+00
4.685889999999981829e-06 1.149986528175394929e+00
4.690889999999981781e-06 1.149986528180082068e+00
4.695889999999981733e-06 1.149986528185312995e+00
4.700889999999981685e-06 1.149986528184282042e+00
4.705889999999981637e-06 1.149986528180928058e+00
4.710889999999981590e-06 1.149986528176528910e+00
4.715889999999982389e-06 1.149986528174651967e+00
4.720889999999980647e-06 1.149986528172662892e+00
4.725889999999980599e-06 1.149986528169534949e+00
4.730889999999981398e-06 1.149986528165076072e+00
4.735889999999981350e-06 1.149986528168847943e+00
4.740889999999981302e-06 1.149986528175465983e+00
4.745889999999981254e-06 1.149986528177129097e+00
4.750889999999981207e-06 1.149986528171192068e+00
4.755889999999981159e-06 1.149986528169768984e+00
4.760889999999981111e-06 1.149986528173317035e+00
4.765889999999981063e-06 1.149986528174351097e+00
4.770889999999981015e-06 1.149986528167503019e+00
4.775889999999980967e-06 1.149986528165376054e+00
4.780889999999980919e-06 1.149986528166947908e+00
4.785889999999980872e-06 1.149986528167751043e+00
4.790889999999980824e-06 1.149986528166663025e+00
4.795889999999980776e-06 1.149986528166458077e+00
4.800889999999980728e-06 1.149986528163132959e+00
4.805889999999980680e-06 1.149986528163144950e+00
4.810889999999980632e-06 1.149986528166158983e+00
4.815889999999980584e-06 1.149986528168458033e+00
4.820889999999981383e-06 1.149986528169099076e+00
4.825889999999979641e-06 1.149986528173239986e+00
4.830889999999979594e-06 1.149986528174383071e+00
4.835889999999980393e-06 1.149986528172999067e+00
4.840889999999980345e-06 1.149986528169278932e+00
4.845889999999980297e-06 1.149986528170678035e+00
4.850889999999980249e-06 1.149986528173241096e+00
4.855889999999980201e-06 1.149986528171234035e+00
4.860889999999980153e-06 1.149986528165451105e+00
4.865889999999980106e-06 1.149986528166387023e+00
4.870889999999980058e-06 1.149986528169752997e+00
4.875889999999980010e-06 1.149986528169596012e+00
4.880889999999979962e-06 1.149986528164685051e+00
4.885889999999979914e-06 1.149986528165594102e+00
4.890889999999979866e-06 1.149986528168041033e+00
4.895889999999979818e-06 1.149986528167278088e+00
4.900889999999979770e-06 1.149986528163223998e+00
4.905889999999979723e-06 1.149986528163110977e+00
4.910889999999979675e-06 1.149986528165175104e+00
4.915889999999979627e-06 1.149986528168533972e+00
4.920889999999979579e-06 1.149986528168013056e+00
4.925889999999980378e-06 1.149986528167044053e+00
4.930889999999978636e-06 1.149986528166929922e+00
4.935889999999978588e-06 1.149986528168913891e+00
4.940889999999979387e-06 1.149986528167332045e+00
4.945889999999979340e-06 1.149986528165777067e+00
4.950889999999979292e-06 1.149986528166548005e+00
4.955889999999979244e-06 1.149986528170942046e+00
4.960889999999979196e-06 1.149986528172830980e+00
4.965889999999979148e-06 1.149986528172664002e+00
4.970889999999979100e-06 1.149986528167489919e+00
4.975889999999979052e-06 1.149986528164310018e+00
4.980889999999979004e-06 1.149986528163098098e+00
4.985889999999978957e-06 1.149986528163486010e+00
4.990889999999978909e-06 1.149986528163918109e+00
4.995444999999989235e-06 1.149986528141450970e+00
5.000000000000000409e-06 1.149986528119171014e+00
