# time_s vout_v
0.000000000000000000e+00 1.315016493466031999e+00
5.000000000000000182e-11 1.315016493466028003e+00
1.000000000000000036e-10 1.315016493466020897e+00
2.000000000000000073e-10 1.315016493466004910e+00
4.000000000000000146e-10 1.315016493466788061e+00
8.000000000000000291e-10 1.315016493467570990e+00
1.600000000000000058e-09 1.315016493465603897e+00
3.200000000000000117e-09 1.315016493469622016e+00
6.400000000000000233e-09 1.315016493478694981e+00
1.139999999999999951e-08 1.315016493478623927e+00
1.640000000000000127e-08 1.315016493475138049e+00
2.139999999999999972e-08 1.315016493472187076e+00
2.640000000000000148e-08 1.315016493479024939e+00
3.140000000000000324e-08 1.315016493495918981e+00
3.640000000000000169e-08 1.315016493516153906e+00
4.139999999999998690e-08 1.315016493529471031e+00
4.639999999999999197e-08 1.315016493528766039e+00
5.139999999999999042e-08 1.315016493514546969e+00
5.639999999999998887e-08 1.315016493499473027e+00
6.139999999999999394e-08 1.315016493493585070e+00
6.639999999999999901e-08 1.315016493494594041e+00
7.140000000000000407e-08 1.315016493496597993e+00
7.640000000000000914e-08 1.315016493500209105e+00
8.140000000000001421e-08 1.315016493501732109e+00
8.640000000000001928e-08 1.315016493494526983e+00
9.140000000000002435e-08 1.315016493489906013e+00
9.640000000000002941e-08 1.315016493498115890e+00
1.013999999999999948e-07 1.315016493514111984e+00
1.063999999999999998e-07 1.315016493524626906e+00
1.114000000000000049e-07 1.315016493516643958e+00
1.163999999999999967e-07 1.315016493497755068e+00
1.213999999999999886e-07 1.315016493482725979e+00
1.263999999999999936e-07 1.315016493478250892e+00
1.314000000000001046e-07 1.315016493486504068e+00
1.364000000000001097e-07 1.315016493497606076e+00
1.414000000000000883e-07 1.315016493501590000e+00
1.464000000000000933e-07 1.315016493499628902e+00
1.514000000000000984e-07 1.315016493501226957e+00
1.564000000000001035e-07 1.315016493510646978e+00
1.614000000000001085e-07 1.315016493523482044e+00
1.664000000000000871e-07 1.315016493535988040e+00
1.714000000000000922e-07 1.315016493541772968e+00
1.764000000000000973e-07 1.315016493532537023e+00
1.814000000000001023e-07 1.315016493510700046e+00
1.864000000000001074e-07 1.315016493490712035e+00
1.914000000000001125e-07 1.315016493480037019e+00
1.964000000000000911e-07 1.315016493481010906e+00
2.014000000000000961e-07 1.315016493492839000e+00
2.064000000000001012e-07 1.315016493507320972e+00
2.114000000000001063e-07 1.315016493521176999e+00
2.164000000000001113e-07 1.315016493529171049e+00
2.214000000000000899e-07 1.315016493520376972e+00
2.264000000000000950e-07 1.315016493502366934e+00
2.314000000000002059e-07 1.315016493488615046e+00
2.364000000000002110e-07 1.315016493479872928e+00
2.414000000000000837e-07 1.315016493478442960e+00
2.464000000000000888e-07 1.315016493484592930e+00
2.514000000000000939e-07 1.315016493491385052e+00
2.564000000000002048e-07 1.315016493497179972e+00
2.614000000000002099e-07 1.315016493505426043e+00
2.664000000000002149e-07 1.315016493514356011e+00
2.714000000000002200e-07 1.315016493519701068e+00
2.764000000000002251e-07 1.315016493520243079e+00
2.814000000000001772e-07 1.315016493519395979e+00
2.864000000000001823e-07 1.315016493520517971e+00
2.914000000000001873e-07 1.315016493518508023e+00
2.964000000000001924e-07 1.315016493510672957e+00
3.014000000000001975e-07 1.315016493502940920e+00
3.064000000000002026e-07 1.315016493500740902e+00
3.114000000000002076e-07 1.315016493504598927e+00
3.164000000000002127e-07 1.315016493509501005e+00
3.214000000000002178e-07 1.315016493510865025e+00
3.264000000000002228e-07 1.315016493510829054e+00
3.314000000000001750e-07 1.315016493505531070e+00
3.364000000000001800e-07 1.315016493490579919e+00
3.414000000000001851e-07 1.315016493481119042e+00
3.464000000000001902e-07 1.315016493485990923e+00
3.514000000000001952e-07 1.315016493497868089e+00
3.564000000000003062e-07 1.315016493511897977e+00
3.614000000000003112e-07 1.315016493520700935e+00
3.664000000000003163e-07 1.315016493517253027e+00
3.714000000000003214e-07 1.315016493504898909e+00
3.764000000000003264e-07 1.315016493493101013e+00
3.814000000000002786e-07 1.315016493490587024e+00
3.864000000000002836e-07 1.315016493496879990e+00
3.914000000000002887e-07 1.315016493508071926e+00
3.964000000000002938e-07 1.315016493521830920e+00
4.014000000000002988e-07 1.315016493532519037e+00
4.064000000000003039e-07 1.315016493534032049e+00
4.114000000000003090e-07 1.315016493525406061e+00
4.164000000000003140e-07 1.315016493513466944e+00
4.214000000000003191e-07 1.315016493504232109e+00
4.264000000000003242e-07 1.315016493503025963e+00
4.314000000000002763e-07 1.315016493508899043e+00
4.364000000000002814e-07 1.315016493516862006e+00
4.414000000000002864e-07 1.315016493522876084e+00
4.464000000000002915e-07 1.315016493521895091e+00
4.514000000000002966e-07 1.315016493517253915e+00
4.564000000000004075e-07 1.315016493515624108e+00
4.614000000000004126e-07 1.315016493512823015e+00
4.664000000000004177e-07 1.315016493498742944e+00
4.714000000000004227e-07 1.315016493480944959e+00
4.764000000000003749e-07 1.315016493476073967e+00
4.814000000000003799e-07 1.315016493479068016e+00
4.864000000000003320e-07 1.315016493482966897e+00
4.914000000000002842e-07 1.315016493495799077e+00
4.964000000000002363e-07 1.315016493516234952e+00
5.014000000000001884e-07 1.315016493532038977e+00
5.064000000000001406e-07 1.315016493532831898e+00
5.114000000000000927e-07 1.315016493519032048e+00
5.164000000000000448e-07 1.315016493501043993e+00
5.213999999999999969e-07 1.315016493487686899e+00
5.263999999999999491e-07 1.315016493483041060e+00
5.313999999999999012e-07 1.315016493487904059e+00
5.363999999999998533e-07 1.315016493496744987e+00
5.413999999999998055e-07 1.315016493503792017e+00
5.463999999999997576e-07 1.315016493507461082e+00
5.513999999999997097e-07 1.315016493507976003e+00
5.563999999999996618e-07 1.315016493508238016e+00
5.613999999999996140e-07 1.315016493509125084e+00
5.663999999999995661e-07 1.315016493509028939e+00
5.713999999999995182e-07 1.315016493512257023e+00
5.763999999999994704e-07 1.315016493515289042e+00
5.813999999999994225e-07 1.315016493510908990e+00
5.863999999999993746e-07 1.315016493505861916e+00
5.913999999999993267e-07 1.315016493503400996e+00
5.963999999999992789e-07 1.315016493502338957e+00
6.013999999999992310e-07 1.315016493505156925e+00
6.063999999999991831e-07 1.315016493506538930e+00
6.113999999999991353e-07 1.315016493498633032e+00
6.163999999999990874e-07 1.315016493488311955e+00
6.213999999999990395e-07 1.315016493483526006e+00
6.263999999999989916e-07 1.315016493483474047e+00
6.313999999999989438e-07 1.315016493492709104e+00
6.363999999999988959e-07 1.315016493509481910e+00
6.413999999999988480e-07 1.315016493522245922e+00
6.463999999999988001e-07 1.315016493526061980e+00
6.513999999999987523e-07 1.315016493521971919e+00
6.563999999999987044e-07 1.315016493513623930e+00
6.613999999999986565e-07 1.315016493504975070e+00
6.663999999999986087e-07 1.315016493499965078e+00
6.713999999999985608e-07 1.315016493500074102e+00
6.763999999999985129e-07 1.315016493503220918e+00
6.813999999999984650e-07 1.315016493506095951e+00
6.863999999999984172e-07 1.315016493511476980e+00
6.913999999999983693e-07 1.315016493519248097e+00
6.963999999999983214e-07 1.315016493515138940e+00
7.013999999999982736e-07 1.315016493501792061e+00
7.063999999999982257e-07 1.315016493500509087e+00
7.113999999999981778e-07 1.315016493509723938e+00
7.163999999999981299e-07 1.315016493512072060e+00
7.213999999999980821e-07 1.315016493507243922e+00
7.263999999999980342e-07 1.315016493504383099e+00
7.313999999999979863e-07 1.315016493502332962e+00
7.363999999999979385e-07 1.315016493502360051e+00
7.413999999999978906e-07 1.315016493510877016e+00
7.463999999999978427e-07 1.315016493521069085e+00
7.513999999999977948e-07 1.315016493522767949e+00
7.563999999999977470e-07 1.315016493520720031e+00
7.613999999999976991e-07 1.315016493519733931e+00
7.663999999999976512e-07 1.315016493511981022e+00
7.713999999999976034e-07 1.315016493503124106e+00
7.763999999999975555e-07 1.315016493506742989e+00
7.813999999999975076e-07 1.315016493518182950e+00
7.863999999999974597e-07 1.315016493522823904e+00
7.913999999999974119e-07 1.315016493518539997e+00
7.963999999999973640e-07 1.315016493516278917e+00
8.013999999999973161e-07 1.315016493514588936e+00
8.063999999999972683e-07 1.315016493504421069e+00
8.113999999999972204e-07 1.315016493494987060e+00
8.163999999999971725e-07 1.315016493498047945e+00
8.213999999999971246e-07 1.315016493508649020e+00
8.263999999999970768e-07 1.315016493517408014e+00
8.313999999999970289e-07 1.315016493515577922e+00
8.363999999999969810e-07 1.315016493506516060e+00
8.413999999999969331e-07 1.315016493502142003e+00
8.463999999999968853e-07 1.315016493498113004e+00
8.513999999999968374e-07 1.315016493490418936e+00
8.563999999999967895e-07 1.315016493485603011e+00
8.613999999999967417e-07 1.315016493480454018e+00
8.663999999999966938e-07 1.315016493473631032e+00
8.713999999999966459e-07 1.315016493471456105e+00
8.763999999999965980e-07 1.315016493475307913e+00
8.813999999999965502e-07 1.315016493487670024e+00
8.863999999999965023e-07 1.315016493502868089e+00
8.913999999999964544e-07 1.315016493511157902e+00
8.963999999999964066e-07 1.315016493509371998e+00
9.013999999999963587e-07 1.315016493501534045e+00
9.063999999999963108e-07 1.315016493500041905e+00
9.113999999999962629e-07 1.315016493504381101e+00
9.163999999999962151e-07 1.315016493510346107e+00
9.213999999999961672e-07 1.315016493521353969e+00
9.263999999999961193e-07 1.315016493533802011e+00
9.313999999999960715e-07 1.315016493537723097e+00
9.363999999999960236e-07 1.315016493532267905e+00
9.413999999999959757e-07 1.315016493525583030e+00
9.463999999999959278e-07 1.315016493514665985e+00
9.513999999999958800e-07 1.315016493498033956e+00
9.563999999999958321e-07 1.315016493486222959e+00
9.613999999999957842e-07 1.315016493480879900e+00
9.663999999999957364e-07 1.315016493478524007e+00
9.713999999999956885e-07 1.315016493480789084e+00
9.763999999999956406e-07 1.315016493489491900e+00
9.813999999999955927e-07 1.315016493503039063e+00
9.863999999999955449e-07 1.315016493514381990e+00
9.913999999999954970e-07 1.315016493519781893e+00
9.956999999999977259e-07 1.315016493535476005e+00
9.999999999999999547e-07 1.315016493550368981e+00
1.000099999999999962e-06 1.315103567384422911e+00
1.000299999999999977e-06 1.315196484721492975e+00
1.000649999999999898e-06 1.314976953044433072e+00
1.001000000000000030e-06 1.314782736024685095e+00
1.001070000000000056e-06 1.314786169021185058e+00
1.001209999999999897e-06 1.314860630107606898e+00
1.001490000000000003e-06 1.315269706131106053e+00
1.002050000000000003e-06 1.316618096492276901e+00
1.003054470974221073e-06 1.320360923273945941e+00
1.005063412922663001e-06 1.332514514848790022e+00
1.009081296819547916e-06 1.371166187869975905e+00
1.014081296819548080e-06 1.435759940954757008e+00
1.019081296819548032e-06 1.509081441530893075e+00
1.024081296819547984e-06 1.585965828031260960e+00
1.029081296819547936e-06 1.664241505796431042e+00
1.034081296819547041e-06 1.743107437223033074e+00
1.039081296819546993e-06 1.822248954991334102e+00
1.044081296819546945e-06 1.901487159009523031e+00
1.049081296819546898e-06 1.980601208701753935e+00
1.054081296819547061e-06 2.058988340506943793e+00
1.059081296819547014e-06 2.134956714041619019e+00
1.064081296819546966e-06 2.204351708023108092e+00
1.069081296819546918e-06 2.260689931504721972e+00
1.074081296819547082e-06 2.299554544423812796e+00
1.079081296819547034e-06 2.321991498517404828e+00
1.084081296819546986e-06 2.332091814187487788e+00
1.089081296819546938e-06 2.334062072970500168e+00
1.094081296819547102e-06 2.331450051543078050e+00
1.099081296819547054e-06 2.326890320515952126e+00
1.104081296819547006e-06 2.322143939359214926e+00
1.109081296819546958e-06 2.318204511967107084e+00
1.114081296819546910e-06 2.315456306785890206e+00
1.119081296819547074e-06 2.313884387126007081e+00
1.124081296819547027e-06 2.313253585374642096e+00
1.129081296819546979e-06 2.313253559364151890e+00
1.134081296819546931e-06 2.313593312702508786e+00
1.139081296819546036e-06 2.314049871700528005e+00
1.144081296819545988e-06 2.314480575020092079e+00
1.149081296819545940e-06 2.314813936356284074e+00
1.154081296819546104e-06 2.315030469720019024e+00
1.159081296819546056e-06 2.315142384543892984e+00
1.164081296819546008e-06 2.315176463232595960e+00
1.169081296819545960e-06 2.315162151773916044e+00
1.174081296819545913e-06 2.315124611913769836e+00
1.179081296819546076e-06 2.315081858884333155e+00
1.184081296819546029e-06 2.315044575563057982e+00
1.189081296819545981e-06 2.315017447367047954e+00
1.194081296819545933e-06 2.315001024757906922e+00
1.199081296819546097e-06 2.314993533260422787e+00
1.204081296819546049e-06 2.314992289895168032e+00
1.209081296819546001e-06 2.314994644395623968e+00
1.214081296819545953e-06 2.314998476125778026e+00
1.219081296819545905e-06 2.315002359894930084e+00
1.224081296819546069e-06 2.315005520074981948e+00
1.229081296819546021e-06 2.315007679820544784e+00
1.234081296819545973e-06 2.315008884158982205e+00
1.239081296819545925e-06 2.315009342004199944e+00
1.244081296819545031e-06 2.315009310291165967e+00
1.249081296819544983e-06 2.315009021634327979e+00
1.254081296819544935e-06 2.315008650822079961e+00
1.259081296819545099e-06 2.315008307547568034e+00
1.264081296819545051e-06 2.315008045596049779e+00
1.269081296819545003e-06 2.315007877995459928e+00
1.274081296819544955e-06 2.315007793513148115e+00
1.279081296819544907e-06 2.315007770017615929e+00
1.284081296819545071e-06 2.315007783865981050e+00
1.289081296819545023e-06 2.315007815077946063e+00
1.294081296819544975e-06 2.315007849614698188e+00
1.299081296819544927e-06 2.315007879214685094e+00
1.304081296819545091e-06 2.315007900424792986e+00
1.309081296819545043e-06 2.315007913092656189e+00
1.314081296819544996e-06 2.315007918689782951e+00
1.319081296819544948e-06 2.315007919350772880e+00
1.324081296819544900e-06 2.315007917242474011e+00
1.329081296819545064e-06 2.315007914114453946e+00
1.334081296819545016e-06 2.315007910981289996e+00
1.339081296819544968e-06 2.315007908492979105e+00
1.344081296819544073e-06 2.315007906802231119e+00
1.349081296819544025e-06 2.315007905894039819e+00
1.354081296819543977e-06 2.315007905556799805e+00
1.359081296819543929e-06 2.315007905640380947e+00
1.364081296819544093e-06 2.315007905899343132e+00
1.369081296819544046e-06 2.315007906223940815e+00
1.374081296819543998e-06 2.315007906524780168e+00
1.379081296819543950e-06 2.315007906763398182e+00
1.384081296819543902e-06 2.315007906878165045e+00
1.389081296819544066e-06 2.315007906931592085e+00
1.394081296819544018e-06 2.315007906887707190e+00
1.399081296819543970e-06 2.315007906863447928e+00
1.404081296819543922e-06 2.315007906812335037e+00
1.409081296819544086e-06 2.315007906799413817e+00
1.414081296819544038e-06 2.315007906753347999e+00
1.419081296819543990e-06 2.315007906758379974e+00
1.424081296819543942e-06 2.315007906741378019e+00
1.429081296819543895e-06 2.315007906732756915e+00
1.434081296819544058e-06 2.315007906701441076e+00
1.439081296819544011e-06 2.315007906714826813e+00
1.444081296819543963e-06 2.315007906704254825e+00
1.449081296819543068e-06 2.315007906750246036e+00
1.454081296819543020e-06 2.315007906754975142e+00
1.459081296819542972e-06 2.315007906782580172e+00
1.464081296819542924e-06 2.315007906766821222e+00
1.469081296819543088e-06 2.315007906762999834e+00
1.474081296819543040e-06 2.315007906764610102e+00
1.479081296819542992e-06 2.315007906788487002e+00
1.484081296819542944e-06 2.315007906778455027e+00
1.489081296819542897e-06 2.315007906810453875e+00
1.494081296819543060e-06 2.315007906792802217e+00
1.499081296819543013e-06 2.315007906781708868e+00
1.504081296819542965e-06 2.315007906748354216e+00
1.509081296819542917e-06 2.315007906765540024e+00
1.514081296819543081e-06 2.315007906748456801e+00
1.519081296819543033e-06 2.315007906748269839e+00
1.524081296819542985e-06 2.315007906733729026e+00
1.529081296819542937e-06 2.315007906757918121e+00
1.534081296819543101e-06 2.315007906753975941e+00
1.539081296819543053e-06 2.315007906754868117e+00
1.544081296819543005e-06 2.315007906741791022e+00
1.549081296819542957e-06 2.315007906760528034e+00
1.554081296819542062e-06 2.315007906750008893e+00
1.559081296819542015e-06 2.315007906781584968e+00
1.564081296819541967e-06 2.315007906774192215e+00
1.569081296819541919e-06 2.315007906779376956e+00
1.574081296819542083e-06 2.315007906766008983e+00
1.579081296819542035e-06 2.315007906792394099e+00
1.584081296819541987e-06 2.315007906793705938e+00
1.589081296819541939e-06 2.315007906832950990e+00
1.594081296819542103e-06 2.315007906820889971e+00
1.599081296819542055e-06 2.315007906809277038e+00
1.604081296819542007e-06 2.315007906775868207e+00
1.609081296819541959e-06 2.315007906800055082e+00
1.614081296819541912e-06 2.315007906792752923e+00
1.619081296819542075e-06 2.315007906807247995e+00
1.624081296819542028e-06 2.315007906788428826e+00
1.629081296819541980e-06 2.315007906790386816e+00
1.634081296819541932e-06 2.315007906775622182e+00
1.639081296819542096e-06 2.315007906794388060e+00
1.644081296819542048e-06 2.315007906784348091e+00
1.649081296819542000e-06 2.315007906802557969e+00
1.654081296819541952e-06 2.315007906788860037e+00
1.659081296819541057e-06 2.315007906815322869e+00
1.664081296819541009e-06 2.315007906801080928e+00
1.669081296819540961e-06 2.315007906813378202e+00
1.674081296819540914e-06 2.315007906796946902e+00
1.679081296819541077e-06 2.315007906792577952e+00
1.684081296819541030e-06 2.315007906767510004e+00
1.689081296819540982e-06 2.315007906795119919e+00
1.694081296819540934e-06 2.315007906787386105e+00
1.699081296819541098e-06 2.315007906788590031e+00
1.704081296819541050e-06 2.315007906766683998e+00
1.709081296819541002e-06 2.315007906783467018e+00
1.714081296819540954e-06 2.315007906775932156e+00
1.719081296819540906e-06 2.315007906811648919e+00
1.724081296819541070e-06 2.315007906805413018e+00
1.729081296819541022e-06 2.315007906808595806e+00
1.734081296819540974e-06 2.315007906790810033e+00
1.739081296819540927e-06 2.315007906805102156e+00
1.744081296819541090e-06 2.315007906789336989e+00
1.749081296819541043e-06 2.315007906816260785e+00
1.754081296819540995e-06 2.315007906806339832e+00
1.759081296819540947e-06 2.315007906805579996e+00
1.764081296819540052e-06 2.315007906777347912e+00
1.769081296819540004e-06 2.315007906797553083e+00
1.774081296819539956e-06 2.315007906787390102e+00
1.779081296819539908e-06 2.315007906790958803e+00
1.784081296819540072e-06 2.315007906771807011e+00
1.789081296819540024e-06 2.315007906787947878e+00
1.794081296819539976e-06 2.315007906778066005e+00
1.799081296819539929e-06 2.315007906812760030e+00
1.804081296819540092e-06 2.315007906804864124e+00
1.809081296819540045e-06 2.315007906817843963e+00
1.814081296819539997e-06 2.315007906799508852e+00
1.819081296819539949e-06 2.315007906809475990e+00
1.824081296819539901e-06 2.315007906782684088e+00
1.829081296819540065e-06 2.315007906765263801e+00
1.834081296819540017e-06 2.315007906732970966e+00
1.839081296819539969e-06 2.315007906761067158e+00
1.844081296819539921e-06 2.315007906758920875e+00
1.849081296819540085e-06 2.315007906766405110e+00
1.854081296819540037e-06 2.315007906751334055e+00
1.859081296819539989e-06 2.315007906773642876e+00
1.864081296819539941e-06 2.315007906767919010e+00
1.869081296819539047e-06 2.315007906802200921e+00
1.874081296819538999e-06 2.315007906795753190e+00
1.879081296819538951e-06 2.315007906795770953e+00
1.884081296819538903e-06 2.315007906768276946e+00
1.889081296819539067e-06 2.315007906774146917e+00
1.894081296819539019e-06 2.315007906759237954e+00
1.899081296819538971e-06 2.315007906784149139e+00
1.904081296819538923e-06 2.315007906783027813e+00
1.909081296819539087e-06 2.315007906806353155e+00
1.914081296819539039e-06 2.315007906793525194e+00
1.919081296819538991e-06 2.315007906818660199e+00
1.924081296819538943e-06 2.315007906798229875e+00
1.929081296819538896e-06 2.315007906783443925e+00
1.934081296819538848e-06 2.315007906748741018e+00
1.939081296819538800e-06 2.315007906754738887e+00
1.944081296819539176e-06 2.315007906743430155e+00
1.949081296819539128e-06 2.315007906789018133e+00
1.954081296819539080e-06 2.315007906800075954e+00
1.959081296819539032e-06 2.315007906814892991e+00
1.964081296819538984e-06 2.315007906799457782e+00
1.969081296819538936e-06 2.315007906812041050e+00
1.974081296819538041e-06 2.315007906793296932e+00
1.979081296819537993e-06 2.315007906816989980e+00
1.984081296819537946e-06 2.315007906804874782e+00
1.989081296819537898e-06 2.315007906819515071e+00
1.994081296819537850e-06 2.315007906797491799e+00
1.999081296819537802e-06 2.315007906798610016e+00
2.004081296819538178e-06 2.315007906770734980e+00
2.009081296819538130e-06 2.315007906776965996e+00
2.014081296819538082e-06 2.315007906759298795e+00
2.019081296819538034e-06 2.315007906762544199e+00
2.024081296819537986e-06 2.315007906747646782e+00
2.029081296819537938e-06 2.315007906764158019e+00
2.034081296819537890e-06 2.315007906750464972e+00
2.039081296819537842e-06 2.315007906770529811e+00
2.044081296819537795e-06 2.315007906763931089e+00
2.049081296819538170e-06 2.315007906783054015e+00
2.054081296819538122e-06 2.315007906770742085e+00
2.059081296819538074e-06 2.315007906805793159e+00
2.064081296819538027e-06 2.315007906801465953e+00
2.069081296819537979e-06 2.315007906818292049e+00
2.074081296819537931e-06 2.315007906801489046e+00
2.079081296819537036e-06 2.315007906799805948e+00
2.084081296819536988e-06 2.315007906778967062e+00
2.089081296819536940e-06 2.315007906791264780e+00
2.094081296819536892e-06 2.315007906777324820e+00
2.099081296819536844e-06 2.315007906807402094e+00
2.104081296819536797e-06 2.315007906797394988e+00
2.109081296819537172e-06 2.315007906797525994e+00
2.114081296819537124e-06 2.315007906777018842e+00
2.119081296819537076e-06 2.315007906803549176e+00
2.124081296819537029e-06 2.315007906789292136e+00
2.129081296819536981e-06 2.315007906788376868e+00
2.134081296819536933e-06 2.315007906769927182e+00
2.139081296819536885e-06 2.315007906802417192e+00
2.144081296819536837e-06 2.315007906798577153e+00
2.149081296819536789e-06 2.315007906800366833e+00
2.154081296819537165e-06 2.315007906774705138e+00
2.159081296819537117e-06 2.315007906783243197e+00
2.164081296819537069e-06 2.315007906761203049e+00
2.169081296819537021e-06 2.315007906764908086e+00
2.174081296819536973e-06 2.315007906743170807e+00
2.179081296819536926e-06 2.315007906771976209e+00
2.184081296819536031e-06 2.315007906767127199e+00
2.189081296819535983e-06 2.315007906770455204e+00
2.194081296819535935e-06 2.315007906748133948e+00
2.199081296819535887e-06 2.315007906762975853e+00
2.204081296819535839e-06 2.315007906753656197e+00
2.209081296819535791e-06 2.315007906777847957e+00
2.214081296819536167e-06 2.315007906774309898e+00
2.219081296819536119e-06 2.315007906798754789e+00
2.224081296819536071e-06 2.315007906792618808e+00
2.229081296819536023e-06 2.315007906811742178e+00
2.234081296819535975e-06 2.315007906797228898e+00
2.239081296819535928e-06 2.315007906821155981e+00
2.244081296819535880e-06 2.315007906798983051e+00
2.249081296819535832e-06 2.315007906787116099e+00
2.254081296819536207e-06 2.315007906756588962e+00
2.259081296819536160e-06 2.315007906764249945e+00
2.264081296819536112e-06 2.315007906753754785e+00
2.269081296819536064e-06 2.315007906780560898e+00
2.274081296819536016e-06 2.315007906777816871e+00
2.279081296819535968e-06 2.315007906804169124e+00
2.284081296819535073e-06 2.315007906799328996e+00
2.289081296819535025e-06 2.315007906818966177e+00
2.294081296819534977e-06 2.315007906803305815e+00
2.299081296819534930e-06 2.315007906814460892e+00
2.304081296819534882e-06 2.315007906799776194e+00
2.309081296819534834e-06 2.315007906830750972e+00
2.314081296819535209e-06 2.315007906818988825e+00
2.319081296819535162e-06 2.315007906827906137e+00
2.324081296819535114e-06 2.315007906805968130e+00
2.329081296819535066e-06 2.315007906814881000e+00
2.334081296819535018e-06 2.315007906791366921e+00
2.339081296819534970e-06 2.315007906782676983e+00
2.344081296819534922e-06 2.315007906760136791e+00
2.349081296819534874e-06 2.315007906777711177e+00
2.354081296819534827e-06 2.315007906764421808e+00
2.359081296819535202e-06 2.315007906779907199e+00
2.364081296819535154e-06 2.315007906772979851e+00
2.369081296819535106e-06 2.315007906795842008e+00
2.374081296819535059e-06 2.315007906782979852e+00
2.379081296819535011e-06 2.315007906806327842e+00
2.384081296819534963e-06 2.315007906790945036e+00
2.389081296819534068e-06 2.315007906803510984e+00
2.394081296819534020e-06 2.315007906780512048e+00
2.399081296819533972e-06 2.315007906771996193e+00
2.404081296819533924e-06 2.315007906750904176e+00
2.409081296819533876e-06 2.315007906785004899e+00
2.414081296819533829e-06 2.315007906784662950e+00
2.419081296819534204e-06 2.315007906804209981e+00
2.424081296819534156e-06 2.315007906783303149e+00
2.429081296819534108e-06 2.315007906772728052e+00
2.434081296819534061e-06 2.315007906742545973e+00
2.439081296819534013e-06 2.315007906765429890e+00
2.444081296819533965e-06 2.315007906758038025e+00
2.449081296819533917e-06 2.315007906763185019e+00
2.454081296819533869e-06 2.315007906745233157e+00
2.459081296819533821e-06 2.315007906777426960e+00
2.464081296819534197e-06 2.315007906773808966e+00
2.469081296819534149e-06 2.315007906780850888e+00
2.474081296819534101e-06 2.315007906769424917e+00
2.479081296819534053e-06 2.315007906809546157e+00
2.484081296819534005e-06 2.315007906806830107e+00
2.489081296819533957e-06 2.315007906819031902e+00
2.494081296819533063e-06 2.315007906794932957e+00
2.499081296819533015e-06 2.315007906787910130e+00
2.504081296819532967e-06 2.315007906760643053e+00
2.509081296819532919e-06 2.315007906768283164e+00
2.514081296819532871e-06 2.315007906756485934e+00
2.519081296819532823e-06 2.315007906780429892e+00
2.524081296819533199e-06 2.315007906778629998e+00
2.529081296819533151e-06 2.315007906819431138e+00
2.534081296819533103e-06 2.315007906814639860e+00
2.539081296819533055e-06 2.315007906831711981e+00
2.544081296819533007e-06 2.315007906815630179e+00
2.549081296819532960e-06 2.315007906825658157e+00
2.554081296819532912e-06 2.315007906804011029e+00
2.559081296819532864e-06 2.315007906798114856e+00
2.564081296819532816e-06 2.315007906770762958e+00
2.569081296819533192e-06 2.315007906792209802e+00
2.574081296819533144e-06 2.315007906783440816e+00
2.579081296819533096e-06 2.315007906799796178e+00
2.584081296819533048e-06 2.315007906782549973e+00
2.589081296819533000e-06 2.315007906786547220e+00
2.594081296819532952e-06 2.315007906776433089e+00
2.599081296819532057e-06 2.315007906815392147e+00
2.604081296819532009e-06 2.315007906815239824e+00
2.609081296819531962e-06 2.315007906836116014e+00
2.614081296819531914e-06 2.315007906822360795e+00
2.619081296819531866e-06 2.315007906819742889e+00
2.624081296819531818e-06 2.315007906793619785e+00
2.629081296819532194e-06 2.315007906817290184e+00
2.634081296819532146e-06 2.315007906807243998e+00
2.639081296819532098e-06 2.315007906823085104e+00
2.644081296819532050e-06 2.315007906805723881e+00
2.649081296819532002e-06 2.315007906800477855e+00
2.654081296819531954e-06 2.315007906773375979e+00
2.659081296819531906e-06 2.315007906797021064e+00
2.664081296819531858e-06 2.315007906789714021e+00
2.669081296819531811e-06 2.315007906807127203e+00
2.674081296819532186e-06 2.315007906783336900e+00
2.679081296819532138e-06 2.315007906784082081e+00
2.684081296819532090e-06 2.315007906762479806e+00
2.689081296819532043e-06 2.315007906762295065e+00
2.694081296819531995e-06 2.315007906746088029e+00
2.699081296819531947e-06 2.315007906780731872e+00
2.704081296819531052e-06 2.315007906773045132e+00
2.709081296819531004e-06 2.315007906774781965e+00
2.714081296819530956e-06 2.315007906760488954e+00
2.719081296819530908e-06 2.315007906794224191e+00
2.724081296819530860e-06 2.315007906785644831e+00
2.729081296819530813e-06 2.315007906789273040e+00
2.734081296819531188e-06 2.315007906775659041e+00
2.739081296819531140e-06 2.315007906809332106e+00
2.744081296819531093e-06 2.315007906801458848e+00
2.749081296819531045e-06 2.315007906800227833e+00
2.754081296819530997e-06 2.315007906773594026e+00
2.759081296819530949e-06 2.315007906783034031e+00
2.764081296819530901e-06 2.315007906773073998e+00
2.769081296819530853e-06 2.315007906810575999e+00
2.774081296819530805e-06 2.315007906804437798e+00
2.779081296819531181e-06 2.315007906820015116e+00
2.784081296819531133e-06 2.315007906804352977e+00
2.789081296819531085e-06 2.315007906814948058e+00
2.794081296819531037e-06 2.315007906790119030e+00
2.799081296819530989e-06 2.315007906779197988e+00
2.804081296819530942e-06 2.315007906756530787e+00
2.809081296819530047e-06 2.315007906791767933e+00
2.814081296819529999e-06 2.315007906791910930e+00
2.819081296819529951e-06 2.315007906812536209e+00
2.824081296819529903e-06 2.315007906797669879e+00
2.829081296819529855e-06 2.315007906794460002e+00
2.834081296819529807e-06 2.315007906765468970e+00
2.839081296819530183e-06 2.315007906773860924e+00
2.844081296819530135e-06 2.315007906765611079e+00
2.849081296819530087e-06 2.315007906801607174e+00
2.854081296819530039e-06 2.315007906792645009e+00
2.859081296819529991e-06 2.315007906795734982e+00
2.864081296819529944e-06 2.315007906779184221e+00
2.869081296819529896e-06 2.315007906810810034e+00
2.874081296819529848e-06 2.315007906803919990e+00
2.879081296819529800e-06 2.315007906816640038e+00
2.884081296819530176e-06 2.315007906795598203e+00
2.889081296819530128e-06 2.315007906788399072e+00
2.894081296819530080e-06 2.315007906760595091e+00
2.899081296819530032e-06 2.315007906768166812e+00
2.904081296819529984e-06 2.315007906751672895e+00
2.909081296819529936e-06 2.315007906771807011e+00
2.914081296819529041e-06 2.315007906766155976e+00
2.919081296819528993e-06 2.315007906804412929e+00
2.924081296819528946e-06 2.315007906801724857e+00
2.929081296819528898e-06 2.315007906817254213e+00
2.934081296819528850e-06 2.315007906799094961e+00
2.939081296819528802e-06 2.315007906795266024e+00
2.944081296819529178e-06 2.315007906767394097e+00
2.949081296819529130e-06 2.315007906775374824e+00
2.954081296819529082e-06 2.315007906762292844e+00
2.959081296819529034e-06 2.315007906797096116e+00
2.964081296819528986e-06 2.315007906790873093e+00
2.969081296819528938e-06 2.315007906792482029e+00
2.974081296819528890e-06 2.315007906769083856e+00
2.979081296819528843e-06 2.315007906778649094e+00
2.984081296819528795e-06 2.315007906768970170e+00
2.989081296819529170e-06 2.315007906792498904e+00
2.994081296819529122e-06 2.315007906779674052e+00
2.997540648409763790e-06 2.315007906782629910e+00
3.001000000000000151e-06 2.315007906731552101e+00
3.001099999999999947e-06 2.314913801516690128e+00
3.001299999999999962e-06 2.314820516203938805e+00
3.001649999999999882e-06 2.314942227710099054e+00
3.001999999999999803e-06 2.315099238586740160e+00
3.002070000000000041e-06 2.315132488473647943e+00
3.002210000000000094e-06 2.315182147255153033e+00
3.002490000000000200e-06 2.315184063466419140e+00
3.003049999999999988e-06 2.314801659564260206e+00
3.004169999999999140e-06 2.312497712027900221e+00
3.006409999999999139e-06 2.302479566090351870e+00
3.010889999999997866e-06 2.267341306045242089e+00
3.015889999999997818e-06 2.213295948594665941e+00
3.020889999999998194e-06 2.150654152021898025e+00
3.025889999999998146e-06 2.083013943934694190e+00
3.030889999999998098e-06 2.012310569695296092e+00
3.035889999999998050e-06 1.939671810571125032e+00
3.040889999999998002e-06 1.865774626886913978e+00
3.045889999999997954e-06 1.791060695373339007e+00
3.050889999999997060e-06 1.715836459288470062e+00
3.055889999999997012e-06 1.640369159980475944e+00
3.060889999999996964e-06 1.565076965674019993e+00
3.065889999999996916e-06 1.491038258188301047e+00
3.070889999999996868e-06 1.421035822290154016e+00
3.075889999999996820e-06 1.360061677077462949e+00
3.080889999999997196e-06 1.313886385729098105e+00
3.085889999999997148e-06 1.285933007762031011e+00
3.090889999999997100e-06 1.275095646928249948e+00
3.095889999999997052e-06 1.276658121170932025e+00
3.100889999999997004e-06 1.284897405178083041e+00
3.105889999999996956e-06 1.295120220206050110e+00
3.110889999999996909e-06 1.304382389669956011e+00
3.115889999999996861e-06 1.311338910026129012e+00
3.120889999999996813e-06 1.315743778440223943e+00
3.125889999999997188e-06 1.317954309676885982e+00
3.130889999999997141e-06 1.318577463889311963e+00
3.135889999999997093e-06 1.318233338271028954e+00
3.140889999999997045e-06 1.317434637804739017e+00
3.145889999999996997e-06 1.316542800484866049e+00
3.150889999999996949e-06 1.315770593521168097e+00
3.155889999999996054e-06 1.315210022098501907e+00
3.160889999999996006e-06 1.314870628556922050e+00
3.165889999999995958e-06 1.314715399359595027e+00
3.170889999999995911e-06 1.314689176383943003e+00
3.175889999999995863e-06 1.314737530519481057e+00
3.180889999999995815e-06 1.314816851981468915e+00
3.185889999999996190e-06 1.314897713595994055e+00
3.190889999999996143e-06 1.314963964464811008e+00
3.195889999999996095e-06 1.315009693295094984e+00
3.200889999999996047e-06 1.315035634041012980e+00
3.205889999999995999e-06 1.315045959749161053e+00
3.210889999999995951e-06 1.315045899610834956e+00
3.215889999999995903e-06 1.315040253894955047e+00
3.220889999999995855e-06 1.315032675542854079e+00
3.225889999999995808e-06 1.315025502270654068e+00
3.230889999999996183e-06 1.315019916552250923e+00
3.235889999999996135e-06 1.315016252758788085e+00
3.240889999999996087e-06 1.315014324120703071e+00
3.245889999999996040e-06 1.315013698826414057e+00
3.250889999999995992e-06 1.315013895303507097e+00
3.255889999999995944e-06 1.315014497186965059e+00
3.260889999999995049e-06 1.315015202615823053e+00
3.265889999999995001e-06 1.315015829221843013e+00
3.270889999999994953e-06 1.315016293721797069e+00
3.275889999999994905e-06 1.315016582177662041e+00
3.280889999999994857e-06 1.315016720677883999e+00
3.285889999999994810e-06 1.315016751945911055e+00
3.290889999999995185e-06 1.315016719438037995e+00
3.295889999999995137e-06 1.315016658772319103e+00
3.300889999999995089e-06 1.315016594510806991e+00
3.305889999999995042e-06 1.315016540606636974e+00
3.310889999999994994e-06 1.315016502553181921e+00
3.315889999999994946e-06 1.315016480274602051e+00
3.320889999999994898e-06 1.315016470758701983e+00
3.325889999999994850e-06 1.315016469987347891e+00
3.330889999999994802e-06 1.315016474044427897e+00
3.335889999999995178e-06 1.315016479930765092e+00
3.340889999999995130e-06 1.315016485673637936e+00
3.345889999999995082e-06 1.315016490248986036e+00
3.350889999999995034e-06 1.315016493327457958e+00
3.355889999999994986e-06 1.315016495021898102e+00
3.360889999999994938e-06 1.315016495633690052e+00
3.365889999999994044e-06 1.315016495519085060e+00
3.370889999999993996e-06 1.315016495045804090e+00
3.375889999999993948e-06 1.315016494478812970e+00
3.380889999999993900e-06 1.315016493965120103e+00
3.385889999999993852e-06 1.315016493597706004e+00
3.390889999999993804e-06 1.315016493378210027e+00
3.395889999999994180e-06 1.315016493270555031e+00
3.400889999999994132e-06 1.315016493245859008e+00
3.405889999999994084e-06 1.315016493278760912e+00
3.410889999999994036e-06 1.315016493314806967e+00
3.415889999999993988e-06 1.315016493362731964e+00
3.420889999999993941e-06 1.315016493412576093e+00
3.425889999999993893e-06 1.315016493445346102e+00
3.430889999999993845e-06 1.315016493460525959e+00
3.435889999999993797e-06 1.315016493467110914e+00
3.440889999999994173e-06 1.315016493465978931e+00
3.445889999999994125e-06 1.315016493452666024e+00
3.450889999999994077e-06 1.315016493440483103e+00
3.455889999999994029e-06 1.315016493440305023e+00
3.460889999999993981e-06 1.315016493447481061e+00
3.465889999999993933e-06 1.315016493456357072e+00
3.470889999999993038e-06 1.315016493468520009e+00
3.475889999999992990e-06 1.315016493480934079e+00
3.480889999999992943e-06 1.315016493483927906e+00
3.485889999999992895e-06 1.315016493486560911e+00
3.490889999999992847e-06 1.315016493486196980e+00
3.495889999999992799e-06 1.315016493483551097e+00
3.500889999999993175e-06 1.315016493484508109e+00
3.505889999999993127e-06 1.315016493492656924e+00
3.510889999999993079e-06 1.315016493501383055e+00
3.515889999999993031e-06 1.315016493509719941e+00
3.520889999999992983e-06 1.315016493511202089e+00
3.525889999999992935e-06 1.315016493507644046e+00
3.530889999999992887e-06 1.315016493495867023e+00
3.535889999999992839e-06 1.315016493479121973e+00
3.540889999999992792e-06 1.315016493461008018e+00
3.545889999999993167e-06 1.315016493449332913e+00
3.550889999999993119e-06 1.315016493444445045e+00
3.555889999999993071e-06 1.315016493450813950e+00
3.560889999999993024e-06 1.315016493460279046e+00
3.565889999999992976e-06 1.315016493468978975e+00
3.570889999999992928e-06 1.315016493475710035e+00
3.575889999999992033e-06 1.315016493487336957e+00
3.580889999999991985e-06 1.315016493496504069e+00
3.585889999999991937e-06 1.315016493503049055e+00
3.590889999999991889e-06 1.315016493506254047e+00
3.595889999999991841e-06 1.315016493507467965e+00
3.600889999999991794e-06 1.315016493502473072e+00
3.605889999999992169e-06 1.315016493495505978e+00
3.610889999999992121e-06 1.315016493491119043e+00
3.615889999999992074e-06 1.315016493497797923e+00
3.620889999999992026e-06 1.315016493507116913e+00
3.625889999999991978e-06 1.315016493512195961e+00
3.630889999999991930e-06 1.315016493506629969e+00
3.635889999999991882e-06 1.315016493499872041e+00
3.640889999999991834e-06 1.315016493496532046e+00
3.645889999999992210e-06 1.315016493499578054e+00
3.650889999999992162e-06 1.315016493502072059e+00
3.655889999999992114e-06 1.315016493506792061e+00
3.660889999999992066e-06 1.315016493510013929e+00
3.665889999999992018e-06 1.315016493515807960e+00
3.670889999999991970e-06 1.315016493522888075e+00
3.675889999999991076e-06 1.315016493528587960e+00
3.680889999999991028e-06 1.315016493523895935e+00
3.685889999999990980e-06 1.315016493512604967e+00
3.690889999999990932e-06 1.315016493499820083e+00
3.695889999999990884e-06 1.315016493494409078e+00
3.700889999999990836e-06 1.315016493493029071e+00
3.705889999999990788e-06 1.315016493491393046e+00
3.710889999999991164e-06 1.315016493481071969e+00
3.715889999999991116e-06 1.315016493473309955e+00
3.720889999999991068e-06 1.315016493472505932e+00
3.725889999999991020e-06 1.315016493475190895e+00
3.730889999999990972e-06 1.315016493477070059e+00
3.735889999999990925e-06 1.315016493485551941e+00
3.740889999999990877e-06 1.315016493492541017e+00
3.745889999999990829e-06 1.315016493499199024e+00
3.750889999999991204e-06 1.315016493507652040e+00
3.755889999999991157e-06 1.315016493513861962e+00
3.760889999999991109e-06 1.315016493505652972e+00
3.765889999999991061e-06 1.315016493494850947e+00
3.770889999999991013e-06 1.315016493490763105e+00
3.775889999999990965e-06 1.315016493491834915e+00
3.780889999999990070e-06 1.315016493489298055e+00
3.785889999999990022e-06 1.315016493488083915e+00
3.790889999999989974e-06 1.315016493483263993e+00
3.795889999999989927e-06 1.315016493476180992e+00
3.800889999999989879e-06 1.315016493467519920e+00
3.805889999999989831e-06 1.315016493463633029e+00
3.810889999999990207e-06 1.315016493466977909e+00
3.815889999999990159e-06 1.315016493482721982e+00
3.820889999999990111e-06 1.315016493502523032e+00
3.825889999999990063e-06 1.315016493518595064e+00
3.830889999999990015e-06 1.315016493518843088e+00
3.835889999999989967e-06 1.315016493508673889e+00
3.840889999999989919e-06 1.315016493495192895e+00
3.845889999999989871e-06 1.315016493491502958e+00
3.850889999999989824e-06 1.315016493498103012e+00
3.855889999999989776e-06 1.315016493507914053e+00
3.860889999999989728e-06 1.315016493507096040e+00
3.865889999999989680e-06 1.315016493499741035e+00
3.870889999999989632e-06 1.315016493489223892e+00
3.875889999999989584e-06 1.315016493483879945e+00
3.880889999999990383e-06 1.315016493485174909e+00
3.885889999999988641e-06 1.315016493492803029e+00
3.890889999999988594e-06 1.315016493496707906e+00
3.895889999999989393e-06 1.315016493499838957e+00
3.900889999999989345e-06 1.315016493502330075e+00
3.905889999999989297e-06 1.315016493504139072e+00
3.910889999999989249e-06 1.315016493505519968e+00
3.915889999999989201e-06 1.315016493511860007e+00
3.920889999999989153e-06 1.315016493510122952e+00
3.925889999999989105e-06 1.315016493502644046e+00
3.930889999999989058e-06 1.315016493490998029e+00
3.935889999999989010e-06 1.315016493476965032e+00
3.940889999999988962e-06 1.315016493462956904e+00
3.945889999999988914e-06 1.315016493459203906e+00
3.950889999999988866e-06 1.315016493462952907e+00
3.955889999999988818e-06 1.315016493471087955e+00
3.960889999999988770e-06 1.315016493478031068e+00
3.965889999999988722e-06 1.315016493488393889e+00
3.970889999999988675e-06 1.315016493492195071e+00
3.975889999999988627e-06 1.315016493489922000e+00
3.980889999999988579e-06 1.315016493491274030e+00
3.985889999999989378e-06 1.315016493503351036e+00
3.990889999999987636e-06 1.315016493511103945e+00
3.995889999999987588e-06 1.315016493513851970e+00
4.000889999999988387e-06 1.315016493513454066e+00
4.005889999999988340e-06 1.315016493516748097e+00
4.010889999999988292e-06 1.315016493521466989e+00
4.015889999999988244e-06 1.315016493521208085e+00
4.020889999999988196e-06 1.315016493510404949e+00
4.025889999999988148e-06 1.315016493498962991e+00
4.030889999999988100e-06 1.315016493488426974e+00
4.035889999999988052e-06 1.315016493479506998e+00
4.040889999999988004e-06 1.315016493470982040e+00
4.045889999999987957e-06 1.315016493472130010e+00
4.050889999999987909e-06 1.315016493477453086e+00
4.055889999999987861e-06 1.315016493485630988e+00
4.060889999999987813e-06 1.315016493495529959e+00
4.065889999999987765e-06 1.315016493504725048e+00
4.070889999999987717e-06 1.315016493506965922e+00
4.075889999999987669e-06 1.315016493512149109e+00
4.080889999999987621e-06 1.315016493516691032e+00
4.085889999999988421e-06 1.315016493517614959e+00
4.090889999999988373e-06 1.315016493515787976e+00
4.095889999999986631e-06 1.315016493521129037e+00
4.100889999999986583e-06 1.315016493525273056e+00
4.105889999999987382e-06 1.315016493524058916e+00
4.110889999999987334e-06 1.315016493515227980e+00
4.115889999999987286e-06 1.315016493503716077e+00
4.120889999999987238e-06 1.315016493486796056e+00
4.125889999999987191e-06 1.315016493470102965e+00
4.130889999999987143e-06 1.315016493457433988e+00
4.135889999999987095e-06 1.315016493454093105e+00
4.140889999999987047e-06 1.315016493456204971e+00
4.145889999999986999e-06 1.315016493463561087e+00
4.150889999999986951e-06 1.315016493466629965e+00
4.155889999999986903e-06 1.315016493467896064e+00
4.160889999999986855e-06 1.315016493469747028e+00
4.165889999999986808e-06 1.315016493477964898e+00
4.170889999999986760e-06 1.315016493488514016e+00
4.175889999999986712e-06 1.315016493497445094e+00
4.180889999999986664e-06 1.315016493501053096e+00
4.185889999999986616e-06 1.315016493504957085e+00
4.190889999999987415e-06 1.315016493497596084e+00
4.195889999999987367e-06 1.315016493486163895e+00
4.200889999999985625e-06 1.315016493484225002e+00
4.205889999999985578e-06 1.315016493488704974e+00
4.210889999999986377e-06 1.315016493484292948e+00
4.215889999999986329e-06 1.315016493477642046e+00
4.220889999999986281e-06 1.315016493473964099e+00
4.225889999999986233e-06 1.315016493477701998e+00
4.230889999999986185e-06 1.315016493479703952e+00
4.235889999999986137e-06 1.315016493481331983e+00
4.240889999999986090e-06 1.315016493484149063e+00
4.245889999999986042e-06 1.315016493493140093e+00
4.250889999999985994e-06 1.315016493499693073e+00
4.255889999999985946e-06 1.315016493499663985e+00
4.260889999999985898e-06 1.315016493496210970e+00
4.265889999999985850e-06 1.315016493492666916e+00
4.270889999999985802e-06 1.315016493483460058e+00
4.275889999999985754e-06 1.315016493481578008e+00
4.280889999999985707e-06 1.315016493484121973e+00
4.285889999999985659e-06 1.315016493484201909e+00
4.290889999999985611e-06 1.315016493477459081e+00
4.295889999999986410e-06 1.315016493472604964e+00
4.300889999999986362e-06 1.315016493474703951e+00
4.305889999999984620e-06 1.315016493488476046e+00
4.310889999999985419e-06 1.315016493500168915e+00
4.315889999999985371e-06 1.315016493501816042e+00
4.320889999999985324e-06 1.315016493494949978e+00
4.325889999999985276e-06 1.315016493493339045e+00
4.330889999999985228e-06 1.315016493497584982e+00
4.335889999999985180e-06 1.315016493504012951e+00
4.340889999999985132e-06 1.315016493506468986e+00
4.345889999999985084e-06 1.315016493512497942e+00
4.350889999999985036e-06 1.315016493520460017e+00
4.355889999999984988e-06 1.315016493526711017e+00
4.360889999999984941e-06 1.315016493519697960e+00
4.365889999999984893e-06 1.315016493506846906e+00
4.370889999999984845e-06 1.315016493495474892e+00
4.375889999999984797e-06 1.315016493488627924e+00
4.380889999999984749e-06 1.315016493480859916e+00
4.385889999999984701e-06 1.315016493478402104e+00
4.390889999999984653e-06 1.315016493481101945e+00
4.395889999999984606e-06 1.315016493490507088e+00
4.400889999999985405e-06 1.315016493495404948e+00
4.405889999999985357e-06 1.315016493492163097e+00
4.410889999999983615e-06 1.315016493486641957e+00
4.415889999999984414e-06 1.315016493488271987e+00
4.420889999999984366e-06 1.315016493483990967e+00
4.425889999999984318e-06 1.315016493471989900e+00
4.430889999999984270e-06 1.315016493462483949e+00
4.435889999999984223e-06 1.315016493466415026e+00
4.440889999999984175e-06 1.315016493474489012e+00
4.445889999999984127e-06 1.315016493484505000e+00
4.450889999999984079e-06 1.315016493494201022e+00
4.455889999999984031e-06 1.315016493506226070e+00
4.460889999999983983e-06 1.315016493511347973e+00
4.465889999999983935e-06 1.315016493510174911e+00
4.470889999999983887e-06 1.315016493507908946e+00
4.475889999999983840e-06 1.315016493509761908e+00
4.480889999999983792e-06 1.315016493510710038e+00
4.485889999999983744e-06 1.315016493516689033e+00
4.490889999999983696e-06 1.315016493522144891e+00
4.495889999999983648e-06 1.315016493526059094e+00
4.500889999999983600e-06 1.315016493527064068e+00
4.505889999999984399e-06 1.315016493529302055e+00
4.510889999999984351e-06 1.315016493533089026e+00
4.515889999999982610e-06 1.315016493534582054e+00
4.520889999999983409e-06 1.315016493520992036e+00
4.525889999999983361e-06 1.315016493503855965e+00
4.530889999999983313e-06 1.315016493491580007e+00
4.535889999999983265e-06 1.315016493487910054e+00
4.540889999999983217e-06 1.315016493489026050e+00
4.545889999999983169e-06 1.315016493493291083e+00
4.550889999999983121e-06 1.315016493497374039e+00
4.555889999999983074e-06 1.315016493505549056e+00
4.560889999999983026e-06 1.315016493507086048e+00
4.565889999999982978e-06 1.315016493507227047e+00
4.570889999999982930e-06 1.315016493510781093e+00
4.575889999999982882e-06 1.315016493513917029e+00
4.580889999999982834e-06 1.315016493505646089e+00
4.585889999999982786e-06 1.315016493491593996e+00
4.590889999999982739e-06 1.315016493474195025e+00
4.595889999999982691e-06 1.315016493459721048e+00
4.600889999999982643e-06 1.315016493451298007e+00
4.605889999999982595e-06 1.315016493453539104e+00
4.610889999999983394e-06 1.315016493464246983e+00
4.615889999999981652e-06 1.315016493485368088e+00
4.620889999999981604e-06 1.315016493502489059e+00
4.625889999999982403e-06 1.315016493508023965e+00
4.630889999999982356e-06 1.315016493500628991e+00
4.635889999999982308e-06 1.315016493494920891e+00
4.640889999999982260e-06 1.315016493494252980e+00
4.645889999999982212e-06 1.315016493496363070e+00
4.650889999999982164e-06 1.315016493495940075e+00
4.655889999999982116e-06 1.315016493501333983e+00
4.660889999999982068e-06 1.315016493506429907e+00
4.665889999999982020e-06 1.315016493505499096e+00
4.670889999999981973e-06 1.315016493498488925e+00
4.675889999999981925e-06 1.315016493490372973e+00
4.680889999999981877e-06 1.315016493475372084e+00
4.685889999999981829e-06 1.315016493463714964e+00
4.690889999999981781e-06 1.315016493462167979e+00
4.695889999999981733e-06 1.315016493471967030e+00
4.700889999999981685e-06 1.315016493481321991e+00
4.705889999999981637e-06 1.315016493489443938e+00
4.710889999999981590e-06 1.315016493493285976e+00
4.715889999999982389e-06 1.315016493498363026e+00
4.720889999999980647e-06 1.315016493502588979e+00
4.725889999999980599e-06 1.315016493506431017e+00
4.730889999999981398e-06 1.315016493507497053e+00
4.735889999999981350e-06 1.315016493508095019e+00
4.740889999999981302e-06 1.315016493509272077e+00
4.745889999999981254e-06 1.315016493515217988e+00
4.750889999999981207e-06 1.315016493516913076e+00
4.755889999999981159e-06 1.315016493516951046e+00
4.760889999999981111e-06 1.315016493513254892e+00
4.765889999999981063e-06 1.315016493506051987e+00
4.770889999999981015e-06 1.315016493500114958e+00
4.775889999999980967e-06 1.315016493501214967e+00
4.780889999999980919e-06 1.315016493501057981e+00
4.785889999999980872e-06 1.315016493506194983e+00
4.790889999999980824e-06 1.315016493507084050e+00
4.795889999999980776e-06 1.315016493499205019e+00
4.800889999999980728e-06 1.315016493489773008e+00
4.805889999999980680e-06 1.315016493490569927e+00
4.810889999999980632e-06 1.315016493494505001e+00
4.815889999999980584e-06 1.315016493500807959e+00
4.820889999999981383e-06 1.315016493511264040e+00
4.825889999999979641e-06 1.315016493522469965e+00
4.830889999999979594e-06 1.315016493522670915e+00
4.835889999999980393e-06 1.315016493518067930e+00
4.840889999999980345e-06 1.315016493508406992e+00
4.845889999999980297e-06 1.315016493498726957e+00
4.850889999999980249e-06 1.315016493490557936e+00
4.855889999999980201e-06 1.315016493490223981e+00
4.860889999999980153e-06 1.315016493494145955e+00
4.865889999999980106e-06 1.315016493499189920e+00
4.870889999999980058e-06 1.315016493497852990e+00
4.875889999999980010e-06 1.315016493493772032e+00
4.880889999999979962e-06 1.315016493487862093e+00
4.885889999999979914e-06 1.315016493488881943e+00
4.890889999999979866e-06 1.315016493495581029e+00
4.895889999999979818e-06 1.315016493502038974e+00
4.900889999999979770e-06 1.315016493500311912e+00
4.905889999999979723e-06 1.315016493499673977e+00
4.910889999999979675e-06 1.315016493503267103e+00
4.915889999999979627e-06 1.315016493507942918e+00
4.920889999999979579e-06 1.315016493501262040e+00
4.925889999999980378e-06 1.315016493490593019e+00
4.930889999999978636e-06 1.315016493484219895e+00
4.935889999999978588e-06 1.315016493485871019e+00
4.940889999999979387e-06 1.315016493482580984e+00
4.945889999999979340e-06 1.315016493476014015e+00
4.950889999999979292e-06 1.315016493475055004e+00
4.955889999999979244e-06 1.315016493481756976e+00
4.960889999999979196e-06 1.315016493482213056e+00
4.965889999999979148e-06 1.315016493484499005e+00
4.970889999999979100e-06 1.315016493491484084e+00
4.975889999999979052e-06 1.315016493499435946e+00
4.980889999999979004e-06 1.315016493502195072e+00
4.985889999999978957e-06 1.315016493504822970e+00
4.990889999999978909e-06 1.315016493507886963e+00
4.995444999999989235e-06 1.315016493507582984e+00
5.000000000000000409e-06 1.315016493493059935e+00
