# time_s vout_v
0.000000000000000000e+00 9.848737705614212246e-01
5.000000000000000182e-11 9.848737705613092031e-01
1.000000000000000036e-10 9.848737705611941839e-01
2.000000000000000073e-10 9.848737705609631465e-01
4.000000000000000146e-10 9.848737705611406712e-01
8.000000000000000291e-10 9.848737705644386997e-01
1.600000000000000058e-09 9.848737705699769363e-01
3.200000000000000117e-09 9.848737705727015346e-01
6.400000000000000233e-09 9.848737705693498823e-01
1.139999999999999951e-08 9.848737705619006189e-01
1.640000000000000127e-08 9.848737705583224811e-01
2.139999999999999972e-08 9.848737705437100587e-01
2.640000000000000148e-08 9.848737705253839403e-01
3.140000000000000324e-08 9.848737705089518624e-01
3.640000000000000169e-08 9.848737704982281072e-01
4.139999999999998690e-08 9.848737704926402436e-01
4.639999999999999197e-08 9.848737704909190649e-01
5.139999999999999042e-08 9.848737704897472245e-01
5.639999999999998887e-08 9.848737704872925214e-01
6.139999999999999394e-08 9.848737704819966465e-01
6.639999999999999901e-08 9.848737704757238864e-01
7.140000000000000407e-08 9.848737704711928442e-01
7.640000000000000914e-08 9.848737704671649551e-01
8.140000000000001421e-08 9.848737704629629830e-01
8.640000000000001928e-08 9.848737704593141240e-01
9.140000000000002435e-08 9.848737704571938201e-01
9.640000000000002941e-08 9.848737704563159667e-01
1.013999999999999948e-07 9.848737704577577023e-01
1.063999999999999998e-07 9.848737704640077029e-01
1.114000000000000049e-07 9.848737704699647155e-01
1.163999999999999967e-07 9.848737704713687036e-01
1.213999999999999886e-07 9.848737704744391364e-01
1.263999999999999936e-07 9.848737704806016513e-01
1.314000000000001046e-07 9.848737704847860819e-01
1.364000000000001097e-07 9.848737704877448262e-01
1.414000000000000883e-07 9.848737704903948176e-01
1.464000000000000933e-07 9.848737704903585133e-01
1.514000000000000984e-07 9.848737704877935650e-01
1.564000000000001035e-07 9.848737704831111994e-01
1.614000000000001085e-07 9.848737704791384884e-01
1.664000000000000871e-07 9.848737704759501499e-01
1.714000000000000922e-07 9.848737704734540355e-01
1.764000000000000973e-07 9.848737704751847621e-01
1.814000000000001023e-07 9.848737704793006920e-01
1.864000000000001074e-07 9.848737704834505946e-01
1.914000000000001125e-07 9.848737704838567142e-01
1.964000000000000911e-07 9.848737704773440349e-01
2.014000000000000961e-07 9.848737704706073126e-01
2.064000000000001012e-07 9.848737704691082895e-01
2.114000000000001063e-07 9.848737704675838422e-01
2.164000000000001113e-07 9.848737704647345659e-01
2.214000000000000899e-07 9.848737704635369683e-01
2.264000000000000950e-07 9.848737704639607404e-01
2.314000000000002059e-07 9.848737704654630942e-01
2.364000000000002110e-07 9.848737704644650037e-01
2.414000000000000837e-07 9.848737704630616818e-01
2.464000000000000888e-07 9.848737704667341886e-01
2.514000000000000939e-07 9.848737704692588357e-01
2.564000000000002048e-07 9.848737704663990122e-01
2.614000000000002099e-07 9.848737704633377943e-01
2.664000000000002149e-07 9.848737704619751065e-01
2.714000000000002200e-07 9.848737704610418531e-01
2.764000000000002251e-07 9.848737704618348854e-01
2.814000000000001772e-07 9.848737704599589415e-01
2.864000000000001823e-07 9.848737704525630798e-01
2.914000000000001873e-07 9.848737704513941260e-01
2.964000000000001924e-07 9.848737704594782150e-01
3.014000000000001975e-07 9.848737704678304228e-01
3.064000000000002026e-07 9.848737704729007003e-01
3.114000000000002076e-07 9.848737704775617496e-01
3.164000000000002127e-07 9.848737704832500883e-01
3.214000000000002178e-07 9.848737704869586773e-01
3.264000000000002228e-07 9.848737704882043476e-01
3.314000000000001750e-07 9.848737704871930454e-01
3.364000000000001800e-07 9.848737704882921662e-01
3.414000000000001851e-07 9.848737704916670221e-01
3.464000000000001902e-07 9.848737704888393951e-01
3.514000000000001952e-07 9.848737704821058925e-01
3.564000000000003062e-07 9.848737704803642856e-01
3.614000000000003112e-07 9.848737704823421479e-01
3.664000000000003163e-07 9.848737704809881199e-01
3.714000000000003214e-07 9.848737704773634638e-01
3.764000000000003264e-07 9.848737704767200896e-01
3.814000000000002786e-07 9.848737704795000880e-01
3.864000000000002836e-07 9.848737704796385328e-01
3.914000000000002887e-07 9.848737704708711016e-01
3.964000000000002938e-07 9.848737704574346274e-01
4.014000000000002988e-07 9.848737704484910038e-01
4.064000000000003039e-07 9.848737704472582122e-01
4.114000000000003090e-07 9.848737704485115430e-01
4.164000000000003140e-07 9.848737704506401736e-01
4.214000000000003191e-07 9.848737704529828552e-01
4.264000000000003242e-07 9.848737704521441927e-01
4.314000000000002763e-07 9.848737704515472258e-01
4.364000000000002814e-07 9.848737704551709937e-01
4.414000000000002864e-07 9.848737704620431632e-01
4.464000000000002915e-07 9.848737704650761815e-01
4.514000000000002966e-07 9.848737704621821631e-01
4.564000000000004075e-07 9.848737704615162514e-01
4.614000000000004126e-07 9.848737704635428525e-01
4.664000000000004177e-07 9.848737704628491851e-01
4.714000000000004227e-07 9.848737704630619039e-01
4.764000000000003749e-07 9.848737704663245163e-01
4.814000000000003799e-07 9.848737704698705686e-01
4.864000000000003320e-07 9.848737704704927376e-01
4.914000000000002842e-07 9.848737704642003266e-01
4.964000000000002363e-07 9.848737704513277347e-01
5.014000000000001884e-07 9.848737704390042591e-01
5.064000000000001406e-07 9.848737704341563592e-01
5.114000000000000927e-07 9.848737704372745316e-01
5.164000000000000448e-07 9.848737704441019591e-01
5.213999999999999969e-07 9.848737704511153490e-01
5.263999999999999491e-07 9.848737704575608598e-01
5.313999999999999012e-07 9.848737704611160160e-01
5.363999999999998533e-07 9.848737704632755108e-01
5.413999999999998055e-07 9.848737704672362314e-01
5.463999999999997576e-07 9.848737704711311158e-01
5.513999999999997097e-07 9.848737704734935594e-01
5.563999999999996618e-07 9.848737704772113633e-01
5.613999999999996140e-07 9.848737704819535699e-01
5.663999999999995661e-07 9.848737704808258053e-01
5.713999999999995182e-07 9.848737704699086493e-01
5.763999999999994704e-07 9.848737704559982209e-01
5.813999999999994225e-07 9.848737704482339872e-01
5.863999999999993746e-07 9.848737704471941523e-01
5.913999999999993267e-07 9.848737704494132661e-01
5.963999999999992789e-07 9.848737704530078352e-01
6.013999999999992310e-07 9.848737704565614370e-01
6.063999999999991831e-07 9.848737704569731077e-01
6.113999999999991353e-07 9.848737704561547623e-01
6.163999999999990874e-07 9.848737704599715981e-01
6.213999999999990395e-07 9.848737704671758353e-01
6.263999999999989916e-07 9.848737704724364050e-01
6.313999999999989438e-07 9.848737704730633480e-01
6.363999999999988959e-07 9.848737704719342512e-01
6.413999999999988480e-07 9.848737704731829190e-01
6.463999999999988001e-07 9.848737704729181308e-01
6.513999999999987523e-07 9.848737704737352550e-01
6.563999999999987044e-07 9.848737704790562209e-01
6.613999999999986565e-07 9.848737704807247750e-01
6.663999999999986087e-07 9.848737704777618118e-01
6.713999999999985608e-07 9.848737704748136146e-01
6.763999999999985129e-07 9.848737704742624999e-01
6.813999999999984650e-07 9.848737704751017175e-01
6.863999999999984172e-07 9.848737704725168962e-01
6.913999999999983693e-07 9.848737704678875993e-01
6.963999999999983214e-07 9.848737704641524759e-01
7.013999999999982736e-07 9.848737704605841081e-01
7.063999999999982257e-07 9.848737704596204345e-01
7.113999999999981778e-07 9.848737704610869281e-01
7.163999999999981299e-07 9.848737704635607271e-01
7.213999999999980821e-07 9.848737704668357740e-01
7.263999999999980342e-07 9.848737704700828433e-01
7.313999999999979863e-07 9.848737704740379018e-01
7.363999999999979385e-07 9.848737704737471343e-01
7.413999999999978906e-07 9.848737704671733928e-01
7.463999999999978427e-07 9.848737704618109046e-01
7.513999999999977948e-07 9.848737704637562373e-01
7.563999999999977470e-07 9.848737704671842730e-01
7.613999999999976991e-07 9.848737704625691869e-01
7.663999999999976512e-07 9.848737704547986249e-01
7.713999999999976034e-07 9.848737704503900403e-01
7.763999999999975555e-07 9.848737704491818956e-01
7.813999999999975076e-07 9.848737704524215264e-01
7.863999999999974597e-07 9.848737704601504550e-01
7.913999999999974119e-07 9.848737704650272207e-01
7.963999999999973640e-07 9.848737704653710567e-01
8.013999999999973161e-07 9.848737704696333140e-01
8.063999999999972683e-07 9.848737704746304278e-01
8.113999999999972204e-07 9.848737704738561582e-01
8.163999999999971725e-07 9.848737704718185659e-01
8.213999999999971246e-07 9.848737704733565579e-01
8.263999999999970768e-07 9.848737704779859659e-01
8.313999999999970289e-07 9.848737704792515091e-01
8.363999999999969810e-07 9.848737704737219323e-01
8.413999999999969331e-07 9.848737704638839130e-01
8.463999999999968853e-07 9.848737704518791825e-01
8.513999999999968374e-07 9.848737704425370998e-01
8.563999999999967895e-07 9.848737704407614091e-01
8.613999999999967417e-07 9.848737704439871621e-01
8.663999999999966938e-07 9.848737704470973409e-01
8.713999999999966459e-07 9.848737704491908884e-01
8.763999999999965980e-07 9.848737704542409599e-01
8.813999999999965502e-07 9.848737704588865771e-01
8.863999999999965023e-07 9.848737704555121653e-01
8.913999999999964544e-07 9.848737704536749682e-01
8.963999999999964066e-07 9.848737704571921547e-01
9.013999999999963587e-07 9.848737704528418568e-01
9.063999999999963108e-07 9.848737704443903951e-01
9.113999999999962629e-07 9.848737704458653264e-01
9.163999999999962151e-07 9.848737704554861860e-01
9.213999999999961672e-07 9.848737704639853874e-01
9.263999999999961193e-07 9.848737704701541196e-01
9.313999999999960715e-07 9.848737704730347042e-01
9.363999999999960236e-07 9.848737704688085293e-01
9.413999999999959757e-07 9.848737704606479459e-01
9.463999999999959278e-07 9.848737704503975898e-01
9.513999999999958800e-07 9.848737704416854477e-01
9.563999999999958321e-07 9.848737704390311265e-01
9.613999999999957842e-07 9.848737704381038682e-01
9.663999999999957364e-07 9.848737704386174574e-01
9.713999999999956885e-07 9.848737704462956488e-01
9.763999999999956406e-07 9.848737704562134931e-01
9.813999999999955927e-07 9.848737704631167489e-01
9.863999999999955449e-07 9.848737704696309825e-01
9.913999999999954970e-07 9.848737704720338382e-01
9.956999999999977259e-07 9.848737704711785224e-01
9.999999999999999547e-07 9.848737704795460512e-01
1.000099999999999962e-06 9.849427375481363267e-01
1.000299999999999977e-06 9.849901456128086208e-01
1.000649999999999898e-06 9.846767298209448960e-01
1.001000000000000030e-06 9.844078481767675193e-01
1.001070000000000056e-06 9.844031326073581223e-01
1.001209999999999897e-06 9.844650390496735293e-01
1.001490000000000003e-06 9.848669759361277087e-01
1.002050000000000003e-06 9.862458635580999555e-01
1.003033056826504916e-06 9.900196272057378843e-01
1.004997433631368001e-06 1.002129387022397955e+00
1.008926187241092901e-06 1.040122897219583953e+00
1.013926187241093065e-06 1.104652045042433972e+00
1.018926187241093017e-06 1.177794785238728936e+00
1.023926187241092969e-06 1.254433344875452105e+00
1.028926187241092922e-06 1.332435763880807977e+00
1.033926187241093085e-06 1.411009172610476092e+00
1.038926187241093038e-06 1.489839757806920906e+00
1.043926187241092990e-06 1.568749708760925010e+00
1.048926187241092942e-06 1.647525820583938039e+00
1.053926187241093106e-06 1.725597424069964081e+00
1.058926187241093058e-06 1.801370331776829037e+00
1.063926187241093010e-06 1.870898245070311994e+00
1.068926187241092962e-06 1.927840865760779954e+00
1.073926187241092067e-06 1.967596611892054037e+00
1.078926187241092019e-06 1.990904709338082057e+00
1.083926187241091971e-06 2.001708539194121172e+00
1.088926187241091924e-06 2.004171335107725049e+00
1.093926187241092088e-06 2.001843076282205924e+00
1.098926187241092040e-06 1.997390727259348964e+00
1.103926187241091992e-06 1.992622466596982056e+00
1.108926187241091944e-06 1.988584068398320026e+00
1.113926187241091896e-06 1.985706465445532976e+00
1.118926187241092060e-06 1.984010062100487914e+00
1.123926187241092012e-06 1.983280767085654039e+00
1.128926187241091964e-06 1.983216273978970934e+00
1.133926187241091916e-06 1.983523918521409080e+00
1.138926187241092080e-06 1.983973568323357917e+00
1.143926187241092032e-06 1.984413520532197994e+00
1.148926187241091984e-06 1.984763917005857081e+00
1.153926187241091937e-06 1.984998890267287930e+00
1.158926187241092100e-06 1.985126658831829927e+00
1.163926187241092053e-06 1.985172154329917005e+00
1.168926187241092005e-06 1.985164574658206948e+00
1.173926187241091957e-06 1.985129806618691983e+00
1.178926187241091062e-06 1.985087025302286978e+00
1.183926187241091014e-06 1.985048104274254044e+00
1.188926187241090966e-06 1.985018717544231981e+00
1.193926187241090918e-06 1.985000099297157039e+00
1.198926187241091082e-06 1.984990857111631923e+00
1.203926187241091034e-06 1.984988443028125049e+00
1.208926187241090986e-06 1.984990176130122963e+00
1.213926187241090939e-06 1.984993815031069087e+00
1.218926187241091102e-06 1.984997786004029985e+00
1.223926187241091055e-06 1.985001175915042992e+00
1.228926187241091007e-06 1.985003603482998091e+00
1.233926187241090959e-06 1.985005047035873105e+00
1.238926187241090911e-06 1.985005683331509951e+00
1.243926187241091075e-06 1.985005762194498979e+00
1.248926187241091027e-06 1.985005525206994026e+00
1.253926187241090979e-06 1.985005163121692950e+00
1.258926187241090931e-06 1.985004802839756000e+00
1.263926187241091095e-06 1.985004512532005050e+00
1.268926187241091047e-06 1.985004315538319908e+00
1.273926187241090999e-06 1.985004206597366982e+00
1.278926187241090952e-06 1.985004166011425930e+00
1.283926187241090057e-06 1.985004170094315068e+00
1.288926187241090009e-06 1.985004197530144010e+00
1.293926187241089961e-06 1.985004232252145950e+00
1.298926187241089913e-06 1.985004264299067067e+00
1.303926187241090077e-06 1.985004288770954917e+00
1.308926187241090029e-06 1.985004304466404967e+00
1.313926187241089981e-06 1.985004312387758096e+00
1.318926187241089933e-06 1.985004314653904922e+00
1.323926187241090097e-06 1.985004313395704045e+00
1.328926187241090049e-06 1.985004310481121914e+00
1.333926187241090001e-06 1.985004307193763973e+00
1.338926187241089954e-06 1.985004304398845010e+00
1.343926187241089906e-06 1.985004302374149932e+00
1.348926187241090070e-06 1.985004301195872012e+00
1.353926187241090022e-06 1.985004300639390928e+00
1.358926187241089974e-06 1.985004300554779944e+00
1.363926187241089926e-06 1.985004300704702906e+00
1.368926187241090090e-06 1.985004301008836070e+00
1.373926187241090042e-06 1.985004301281598993e+00
1.378926187241089994e-06 1.985004301553997985e+00
1.383926187241089946e-06 1.985004301724980991e+00
1.388926187241089051e-06 1.985004301840022967e+00
1.393926187241089003e-06 1.985004301841998942e+00
1.398926187241088956e-06 1.985004301824963013e+00
1.403926187241088908e-06 1.985004301791873926e+00
1.408926187241089072e-06 1.985004301799200066e+00
1.413926187241089024e-06 1.985004301766513102e+00
1.418926187241088976e-06 1.985004301767476997e+00
1.423926187241088928e-06 1.985004301727776976e+00
1.428926187241089092e-06 1.985004301726182030e+00
1.433926187241089044e-06 1.985004301716599029e+00
1.438926187241088996e-06 1.985004301735820986e+00
1.443926187241088948e-06 1.985004301717747000e+00
1.448926187241088900e-06 1.985004301709452079e+00
1.453926187241089064e-06 1.985004301677943062e+00
1.458926187241089016e-06 1.985004301689184958e+00
1.463926187241088969e-06 1.985004301676563943e+00
1.468926187241088921e-06 1.985004301703733098e+00
1.473926187241089085e-06 1.985004301696942974e+00
1.478926187241089037e-06 1.985004301723247044e+00
1.483926187241088989e-06 1.985004301714925923e+00
1.488926187241088941e-06 1.985004301730090015e+00
1.493926187241088046e-06 1.985004301707866015e+00
1.498926187241087998e-06 1.985004301722663067e+00
1.503926187241087950e-06 1.985004301705387997e+00
1.508926187241087902e-06 1.985004301719091035e+00
1.513926187241088066e-06 1.985004301701241980e+00
1.518926187241088018e-06 1.985004301720175057e+00
1.523926187241087971e-06 1.985004301707161911e+00
1.528926187241087923e-06 1.985004301728112042e+00
1.533926187241088087e-06 1.985004301713908959e+00
1.538926187241088039e-06 1.985004301726539078e+00
1.543926187241087991e-06 1.985004301706916108e+00
1.548926187241087943e-06 1.985004301721178033e+00
1.553926187241087895e-06 1.985004301704968110e+00
1.558926187241088059e-06 1.985004301722530062e+00
1.563926187241088011e-06 1.985004301705197927e+00
1.568926187241087963e-06 1.985004301719031083e+00
1.573926187241087915e-06 1.985004301703094054e+00
1.578926187241088079e-06 1.985004301721615017e+00
1.583926187241088031e-06 1.985004301707198993e+00
1.588926187241087983e-06 1.985004301722304021e+00
1.593926187241087936e-06 1.985004301705660890e+00
1.598926187241087041e-06 1.985004301726662979e+00
1.603926187241086993e-06 1.985004301719754949e+00
1.608926187241086945e-06 1.985004301744587085e+00
1.613926187241086897e-06 1.985004301732194998e+00
1.618926187241087061e-06 1.985004301745685984e+00
1.623926187241087013e-06 1.985004301722613107e+00
1.628926187241086965e-06 1.985004301736102095e+00
1.633926187241086917e-06 1.985004301723265030e+00
1.638926187241087081e-06 1.985004301739643928e+00
1.643926187241087033e-06 1.985004301721255082e+00
1.648926187241086985e-06 1.985004301737183896e+00
1.653926187241086938e-06 1.985004301718729103e+00
1.658926187241087102e-06 1.985004301732333110e+00
1.663926187241087054e-06 1.985004301714967001e+00
1.668926187241087006e-06 1.985004301729361043e+00
1.673926187241086958e-06 1.985004301714724972e+00
1.678926187241086910e-06 1.985004301734365040e+00
1.683926187241087074e-06 1.985004301716345898e+00
1.688926187241087026e-06 1.985004301726851050e+00
1.693926187241086978e-06 1.985004301703632068e+00
1.698926187241086930e-06 1.985004301715066033e+00
1.703926187241086035e-06 1.985004301705457053e+00
1.708926187241085988e-06 1.985004301737540056e+00
1.713926187241085940e-06 1.985004301730052934e+00
1.718926187241086104e-06 1.985004301737572918e+00
1.723926187241086056e-06 1.985004301701605911e+00
1.728926187241086008e-06 1.985004301699859086e+00
1.733926187241085960e-06 1.985004301674476057e+00
1.738926187241085912e-06 1.985004301689548001e+00
1.743926187241086076e-06 1.985004301676033922e+00
1.748926187241086028e-06 1.985004301693324980e+00
1.753926187241085980e-06 1.985004301678108041e+00
1.758926187241085932e-06 1.985004301697453899e+00
1.763926187241086096e-06 1.985004301682903982e+00
1.768926187241086048e-06 1.985004301700211027e+00
1.773926187241086000e-06 1.985004301687834927e+00
1.778926187241085953e-06 1.985004301706766894e+00
1.783926187241085905e-06 1.985004301693974904e+00
1.788926187241086069e-06 1.985004301715399100e+00
1.793926187241086021e-06 1.985004301703316987e+00
1.798926187241085973e-06 1.985004301722276931e+00
1.803926187241085925e-06 1.985004301710658003e+00
1.808926187241085030e-06 1.985004301730600051e+00
1.813926187241084982e-06 1.985004301713231056e+00
1.818926187241084934e-06 1.985004301729210940e+00
1.823926187241085098e-06 1.985004301714849095e+00
1.828926187241085050e-06 1.985004301731571053e+00
1.833926187241085002e-06 1.985004301716249975e+00
1.838926187241084955e-06 1.985004301729661025e+00
1.843926187241084907e-06 1.985004301708271912e+00
1.848926187241085071e-06 1.985004301724045961e+00
1.853926187241085023e-06 1.985004301706680963e+00
1.858926187241084975e-06 1.985004301717061992e+00
1.863926187241084927e-06 1.985004301691043027e+00
1.868926187241085091e-06 1.985004301694377027e+00
1.873926187241085043e-06 1.985004301672278038e+00
1.878926187241084995e-06 1.985004301693209072e+00
1.883926187241084947e-06 1.985004301682691930e+00
1.888926187241084899e-06 1.985004301698346962e+00
1.893926187241085063e-06 1.985004301682643968e+00
1.898926187241085015e-06 1.985004301704309082e+00
1.903926187241084968e-06 1.985004301691349893e+00
1.908926187241084073e-06 1.985004301707923968e+00
1.913926187241084025e-06 1.985004301692842921e+00
1.918926187241083977e-06 1.985004301710973085e+00
1.923926187241083929e-06 1.985004301697393947e+00
1.928926187241083881e-06 1.985004301716468911e+00
1.933926187241083833e-06 1.985004301703400031e+00
1.938926187241084209e-06 1.985004301722830045e+00
1.943926187241084161e-06 1.985004301706333019e+00
1.948926187241084113e-06 1.985004301716086994e+00
1.953926187241084065e-06 1.985004301694486051e+00
1.958926187241084017e-06 1.985004301711617014e+00
1.963926187241083970e-06 1.985004301698638951e+00
1.968926187241083922e-06 1.985004301715519892e+00
1.973926187241083874e-06 1.985004301699244911e+00
1.978926187241083826e-06 1.985004301716031927e+00
1.983926187241084202e-06 1.985004301700102891e+00
1.988926187241084154e-06 1.985004301715771025e+00
1.993926187241084106e-06 1.985004301700395102e+00
1.998926187241084058e-06 1.985004301719365927e+00
2.003926187241084010e-06 1.985004301703120033e+00
2.008926187241083962e-06 1.985004301718126030e+00
2.013926187241083067e-06 1.985004301704637042e+00
2.018926187241083019e-06 1.985004301722173015e+00
2.023926187241082972e-06 1.985004301703160889e+00
2.028926187241082924e-06 1.985004301715822095e+00
2.033926187241082876e-06 1.985004301694831108e+00
2.038926187241082828e-06 1.985004301706335905e+00
2.043926187241083204e-06 1.985004301691353890e+00
2.048926187241083156e-06 1.985004301711559949e+00
2.053926187241083108e-06 1.985004301696358109e+00
2.058926187241083060e-06 1.985004301710205921e+00
2.063926187241083012e-06 1.985004301690945105e+00
2.068926187241082964e-06 1.985004301707298024e+00
2.073926187241082916e-06 1.985004301691555950e+00
2.078926187241082869e-06 1.985004301708302110e+00
2.083926187241082821e-06 1.985004301696922102e+00
2.088926187241083196e-06 1.985004301718412023e+00
2.093926187241083148e-06 1.985004301706636998e+00
2.098926187241083101e-06 1.985004301726726927e+00
2.103926187241083053e-06 1.985004301712087971e+00
2.108926187241083005e-06 1.985004301729075937e+00
2.113926187241082957e-06 1.985004301708418017e+00
2.118926187241082062e-06 1.985004301713980901e+00
2.123926187241082014e-06 1.985004301693791051e+00
2.128926187241081966e-06 1.985004301713559016e+00
2.133926187241081918e-06 1.985004301699851981e+00
2.138926187241081871e-06 1.985004301718737985e+00
2.143926187241081823e-06 1.985004301707163910e+00
2.148926187241082198e-06 1.985004301724264009e+00
2.153926187241082150e-06 1.985004301706559948e+00
2.158926187241082103e-06 1.985004301720731945e+00
2.163926187241082055e-06 1.985004301704295981e+00
2.168926187241082007e-06 1.985004301723918951e+00
2.173926187241081959e-06 1.985004301710489027e+00
2.178926187241081911e-06 1.985004301727278930e+00
2.183926187241081863e-06 1.985004301707413932e+00
2.188926187241081815e-06 1.985004301716930097e+00
2.193926187241082191e-06 1.985004301698406914e+00
2.198926187241082143e-06 1.985004301714941910e+00
2.203926187241082095e-06 1.985004301698974905e+00
2.208926187241082047e-06 1.985004301717032904e+00
2.213926187241081999e-06 1.985004301704774932e+00
2.218926187241081952e-06 1.985004301725040055e+00
2.223926187241081057e-06 1.985004301707335994e+00
2.228926187241081009e-06 1.985004301712983921e+00
2.233926187241080961e-06 1.985004301684132999e+00
2.238926187241080913e-06 1.985004301695485918e+00
2.243926187241080865e-06 1.985004301682212979e+00
2.248926187241080817e-06 1.985004301703650054e+00
2.253926187241081193e-06 1.985004301694101914e+00
2.258926187241081145e-06 1.985004301716851938e+00
2.263926187241081097e-06 1.985004301706478014e+00
2.268926187241081049e-06 1.985004301726918996e+00
2.273926187241081002e-06 1.985004301712538943e+00
2.278926187241080954e-06 1.985004301728517939e+00
2.283926187241080906e-06 1.985004301713505059e+00
2.288926187241080858e-06 1.985004301731297049e+00
2.293926187241080810e-06 1.985004301712685937e+00
2.298926187241081186e-06 1.985004301728884979e+00
2.303926187241081138e-06 1.985004301714095032e+00
2.308926187241081090e-06 1.985004301726998044e+00
2.313926187241081042e-06 1.985004301709512919e+00
2.318926187241080994e-06 1.985004301727397058e+00
2.323926187241080946e-06 1.985004301711033925e+00
2.328926187241080051e-06 1.985004301727042897e+00
2.333926187241080004e-06 1.985004301715515007e+00
2.338926187241079956e-06 1.985004301736327914e+00
2.343926187241079908e-06 1.985004301719633046e+00
2.348926187241079860e-06 1.985004301734337062e+00
2.353926187241079812e-06 1.985004301718817032e+00
2.358926187241080188e-06 1.985004301733640064e+00
2.363926187241080140e-06 1.985004301715757036e+00
2.368926187241080092e-06 1.985004301732973930e+00
2.373926187241080044e-06 1.985004301717204989e+00
2.378926187241079996e-06 1.985004301733374055e+00
2.383926187241079948e-06 1.985004301713372943e+00
2.388926187241079900e-06 1.985004301717552044e+00
2.393926187241079853e-06 1.985004301685596939e+00
2.398926187241079805e-06 1.985004301691720929e+00
2.403926187241080180e-06 1.985004301674035965e+00
2.408926187241080132e-06 1.985004301693978901e+00
2.413926187241080085e-06 1.985004301684325956e+00
2.418926187241080037e-06 1.985004301705526109e+00
2.423926187241079989e-06 1.985004301696196904e+00
2.428926187241079941e-06 1.985004301720288966e+00
2.433926187241079046e-06 1.985004301701726037e+00
2.438926187241078998e-06 1.985004301705109997e+00
2.443926187241078950e-06 1.985004301673626070e+00
2.448926187241078902e-06 1.985004301679226923e+00
2.453926187241078855e-06 1.985004301663300996e+00
2.458926187241078807e-06 1.985004301688094941e+00
2.463926187241079182e-06 1.985004301685483030e+00
2.468926187241079135e-06 1.985004301717764985e+00
2.473926187241079087e-06 1.985004301712949060e+00
2.478926187241079039e-06 1.985004301732667953e+00
2.483926187241078991e-06 1.985004301718102049e+00
2.488926187241078943e-06 1.985004301735709964e+00
2.493926187241078895e-06 1.985004301715626029e+00
2.498926187241078847e-06 1.985004301726055020e+00
2.503926187241078799e-06 1.985004301709534902e+00
2.508926187241079175e-06 1.985004301728054976e+00
2.513926187241079127e-06 1.985004301711607910e+00
2.518926187241079079e-06 1.985004301724970999e+00
2.523926187241079031e-06 1.985004301707540053e+00
2.528926187241078984e-06 1.985004301724546893e+00
2.533926187241078936e-06 1.985004301707915086e+00
2.538926187241078041e-06 1.985004301721349007e+00
2.543926187241077993e-06 1.985004301702349983e+00
2.548926187241077945e-06 1.985004301717975039e+00
2.553926187241077897e-06 1.985004301703104934e+00
2.558926187241077849e-06 1.985004301718882092e+00
2.563926187241077801e-06 1.985004301703503948e+00
2.568926187241078177e-06 1.985004301723034992e+00
2.573926187241078129e-06 1.985004301707625096e+00
2.578926187241078081e-06 1.985004301723358067e+00
2.583926187241078033e-06 1.985004301707981034e+00
2.588926187241077986e-06 1.985004301726785103e+00
2.593926187241077938e-06 1.985004301714077046e+00
2.598926187241077890e-06 1.985004301729990095e+00
2.603926187241077842e-06 1.985004301712288033e+00
2.608926187241077794e-06 1.985004301730066034e+00
2.613926187241078170e-06 1.985004301714154096e+00
2.618926187241078122e-06 1.985004301725888931e+00
2.623926187241078074e-06 1.985004301705304952e+00
2.628926187241078026e-06 1.985004301720235009e+00
2.633926187241077978e-06 1.985004301705290963e+00
2.638926187241077930e-06 1.985004301723344966e+00
2.643926187241077035e-06 1.985004301709178964e+00
2.648926187241076988e-06 1.985004301726940978e+00
2.653926187241076940e-06 1.985004301710131980e+00
2.658926187241076892e-06 1.985004301725215914e+00
2.663926187241076844e-06 1.985004301708072960e+00
2.668926187241076796e-06 1.985004301722961939e+00
2.673926187241077172e-06 1.985004301705461938e+00
2.678926187241077124e-06 1.985004301717929964e+00
2.683926187241077076e-06 1.985004301698535034e+00
2.688926187241077028e-06 1.985004301715167951e+00
2.693926187241076980e-06 1.985004301696172924e+00
2.698926187241076932e-06 1.985004301701779106e+00
2.703926187241076885e-06 1.985004301676283944e+00
2.708926187241076837e-06 1.985004301690165063e+00
2.713926187241076789e-06 1.985004301675556970e+00
2.718926187241077164e-06 1.985004301695828977e+00
2.723926187241077117e-06 1.985004301683795047e+00
2.728926187241077069e-06 1.985004301705290075e+00
2.733926187241077021e-06 1.985004301696416062e+00
2.738926187241076973e-06 1.985004301717147035e+00
2.743926187241076925e-06 1.985004301704256013e+00
2.748926187241076030e-06 1.985004301724794917e+00
2.753926187241075982e-06 1.985004301708056973e+00
2.758926187241075934e-06 1.985004301713436892e+00
2.763926187241075887e-06 1.985004301683154893e+00
2.768926187241075839e-06 1.985004301691047024e+00
2.773926187241075791e-06 1.985004301675745930e+00
2.778926187241076166e-06 1.985004301700153961e+00
2.783926187241076119e-06 1.985004301693706896e+00
2.788926187241076071e-06 1.985004301715521891e+00
2.793926187241076023e-06 1.985004301701414064e+00
2.798926187241075975e-06 1.985004301719802022e+00
2.803926187241075927e-06 1.985004301702484097e+00
2.808926187241075879e-06 1.985004301715111996e+00
2.813926187241075831e-06 1.985004301702026908e+00
2.818926187241076207e-06 1.985004301722566922e+00
2.823926187241076159e-06 1.985004301706130070e+00
2.828926187241076111e-06 1.985004301725034059e+00
2.833926187241076063e-06 1.985004301712635089e+00
2.838926187241076016e-06 1.985004301729426990e+00
2.843926187241075968e-06 1.985004301713642061e+00
2.848926187241075073e-06 1.985004301729256015e+00
2.853926187241075025e-06 1.985004301711386088e+00
2.858926187241074977e-06 1.985004301724001108e+00
2.863926187241074929e-06 1.985004301704017982e+00
2.868926187241074881e-06 1.985004301718330089e+00
2.873926187241074833e-06 1.985004301700546092e+00
2.878926187241075209e-06 1.985004301713612085e+00
2.883926187241075161e-06 1.985004301696730922e+00
2.888926187241075113e-06 1.985004301715092012e+00
2.893926187241075065e-06 1.985004301697911977e+00
2.898926187241075018e-06 1.985004301710662000e+00
2.903926187241074970e-06 1.985004301692419926e+00
2.908926187241074922e-06 1.985004301707232965e+00
2.913926187241074874e-06 1.985004301689063055e+00
2.918926187241074826e-06 1.985004301705526997e+00
2.923926187241075202e-06 1.985004301695074913e+00
2.928926187241075154e-06 1.985004301720419084e+00
2.933926187241075106e-06 1.985004301711337016e+00
2.938926187241075058e-06 1.985004301722770981e+00
2.943926187241075010e-06 1.985004301696049023e+00
2.948926187241074962e-06 1.985004301710574959e+00
2.953926187241074067e-06 1.985004301693779061e+00
2.958926187241074020e-06 1.985004301704826002e+00
2.963926187241073972e-06 1.985004301690239892e+00
2.968926187241073924e-06 1.985004301710834085e+00
2.973926187241073876e-06 1.985004301692016915e+00
2.978926187241073828e-06 1.985004301701216001e+00
2.983926187241074204e-06 1.985004301676084104e+00
2.988926187241074156e-06 1.985004301683376049e+00
2.993926187241074108e-06 1.985004301663459980e+00
2.997463093620537130e-06 1.985004301671438043e+00
3.001000000000000151e-06 1.985004301641219104e+00
3.001099999999999947e-06 1.984911109301161991e+00
3.001299999999999962e-06 1.984818772589274971e+00
3.001649999999999882e-06 1.984939876973170980e+00
3.001999999999999803e-06 1.985100564150861002e+00
3.002070000000000041e-06 1.985135098995193026e+00
3.002210000000000094e-06 1.985187844720698980e+00
3.002490000000000200e-06 1.985198203364108016e+00
3.003049999999999988e-06 1.984838430691642008e+00
3.004169999999999140e-06 1.982595691755516087e+00
3.006409999999999139e-06 1.972738620620080985e+00
3.010889999999997866e-06 1.937988633090669044e+00
3.015889999999997818e-06 1.884411359999619950e+00
3.020889999999998194e-06 1.822240786509149002e+00
3.025889999999998146e-06 1.755067169818379069e+00
3.030889999999998098e-06 1.684827782364292981e+00
3.035889999999998050e-06 1.612655982889050987e+00
3.040889999999998002e-06 1.539236105181629899e+00
3.045889999999997954e-06 1.465019130960443894e+00
3.050889999999997060e-06 1.390323746547676986e+00
3.055889999999997012e-06 1.315433047316572068e+00
3.060889999999996964e-06 1.240778831729530962e+00
3.065889999999996916e-06 1.167454683032991047e+00
3.070889999999996868e-06 1.098125567172627104e+00
3.075889999999996820e-06 1.037519150497191012e+00
3.080889999999997196e-06 9.909563279902989796e-01
3.085889999999997148e-06 9.613840686531277546e-01
3.090889999999997100e-06 9.477453672882268920e-01
3.095889999999997052e-06 9.460062186487225855e-01
3.100889999999997004e-06 9.513434616340168404e-01
3.105889999999996956e-06 9.597008441572929538e-01
3.110889999999996909e-06 9.683184059385595566e-01
3.115889999999996861e-06 9.756667296047860649e-01
3.120889999999996813e-06 9.811353382133504164e-01
3.125889999999997188e-06 9.846967449284305118e-01
3.130889999999997141e-06 9.866479721442331652e-01
3.135889999999997093e-06 9.874103364282938999e-01
3.140889999999997045e-06 9.874039596136683361e-01
3.145889999999996997e-06 9.869817803599385542e-01
3.150889999999996949e-06 9.864035233708161599e-01
3.155889999999996054e-06 9.858358246608323050e-01
3.160889999999996006e-06 9.853677081067170329e-01
3.165889999999995958e-06 9.850312179413448499e-01
3.170889999999995911e-06 9.848220473672026909e-01
3.175889999999995863e-06 9.847167808558978663e-01
3.180889999999995815e-06 9.846854697096636411e-01
3.185889999999996190e-06 9.846995741007495972e-01
3.190889999999996143e-06 9.847360495584086548e-01
3.195889999999996095e-06 9.847786605876004407e-01
3.200889999999996047e-06 9.848175616474763583e-01
3.205889999999995999e-06 9.848480126084205866e-01
3.210889999999995951e-06 9.848688325848021785e-01
3.215889999999995903e-06 9.848809723226964463e-01
3.220889999999995855e-06 9.848863837725415626e-01
3.225889999999995808e-06 9.848872412793250319e-01
3.230889999999996183e-06 9.848854801094969469e-01
3.235889999999996135e-06 9.848825860064672755e-01
3.240889999999996087e-06 9.848795541760045902e-01
3.245889999999996040e-06 9.848769488654648407e-01
3.250889999999995992e-06 9.848750062948511408e-01
3.255889999999995944e-06 9.848737454098674959e-01
3.260889999999995049e-06 9.848730637614365735e-01
3.265889999999995001e-06 9.848728099147133763e-01
3.270889999999994953e-06 9.848728306938068222e-01
3.275889999999994905e-06 9.848729974204532001e-01
3.280889999999994857e-06 9.848732159252470142e-01
3.285889999999994810e-06 9.848734264942401451e-01
3.290889999999995185e-06 9.848735978937079860e-01
3.295889999999995137e-06 9.848737196542642902e-01
3.300889999999995089e-06 9.848737942698372327e-01
3.305889999999995042e-06 9.848738309142064384e-01
3.310889999999994994e-06 9.848738408681965151e-01
3.315889999999994946e-06 9.848738346547127875e-01
3.320889999999994898e-06 9.848738206364546777e-01
3.325889999999994850e-06 9.848738046983060990e-01
3.330889999999994802e-06 9.848737903685592654e-01
3.335889999999995178e-06 9.848737792784109102e-01
3.340889999999995130e-06 9.848737717811223424e-01
3.345889999999995082e-06 9.848737674924208374e-01
3.350889999999995034e-06 9.848737656568290477e-01
3.355889999999994986e-06 9.848737654548486153e-01
3.360889999999994938e-06 9.848737661764581652e-01
3.365889999999994044e-06 9.848737672971460411e-01
3.370889999999993996e-06 9.848737684311972274e-01
3.375889999999993948e-06 9.848737693564987294e-01
3.380889999999993900e-06 9.848737700138662232e-01
3.385889999999993852e-06 9.848737704456396180e-01
3.390889999999993804e-06 9.848737706855964502e-01
3.395889999999994180e-06 9.848737707749632975e-01
3.400889999999994132e-06 9.848737707646029182e-01
3.405889999999994084e-06 9.848737706993945240e-01
3.410889999999994036e-06 9.848737706143211312e-01
3.415889999999993988e-06 9.848737705386731989e-01
3.420889999999993941e-06 9.848737704870976772e-01
3.425889999999993893e-06 9.848737704533283566e-01
3.430889999999993845e-06 9.848737704279568739e-01
3.435889999999993797e-06 9.848737704155938744e-01
3.440889999999994173e-06 9.848737704199233001e-01
3.445889999999994125e-06 9.848737704326406828e-01
3.450889999999994077e-06 9.848737704405600146e-01
3.455889999999994029e-06 9.848737704454781916e-01
3.460889999999993981e-06 9.848737704558413464e-01
3.465889999999993933e-06 9.848737704711051366e-01
3.470889999999993038e-06 9.848737704811050264e-01
3.475889999999992990e-06 9.848737704826378003e-01
3.480889999999992943e-06 9.848737704790724301e-01
3.485889999999992895e-06 9.848737704777423829e-01
3.490889999999992847e-06 9.848737704791831193e-01
3.495889999999992799e-06 9.848737704802175141e-01
3.500889999999993175e-06 9.848737704819490180e-01
3.505889999999993127e-06 9.848737704801600046e-01
3.510889999999993079e-06 9.848737704703572904e-01
3.515889999999993031e-06 9.848737704594940912e-01
3.520889999999992983e-06 9.848737704518844005e-01
3.525889999999992935e-06 9.848737704492145362e-01
3.530889999999992887e-06 9.848737704482897204e-01
3.535889999999992839e-06 9.848737704493359946e-01
3.540889999999992792e-06 9.848737704533226944e-01
3.545889999999993167e-06 9.848737704570199591e-01
3.550889999999993119e-06 9.848737704597787523e-01
3.555889999999993071e-06 9.848737704629231260e-01
3.560889999999993024e-06 9.848737704643542035e-01
3.565889999999992976e-06 9.848737704623043987e-01
3.570889999999992928e-06 9.848737704562700035e-01
3.575889999999992033e-06 9.848737704531822512e-01
3.580889999999991985e-06 9.848737704564363149e-01
3.585889999999991937e-06 9.848737704618880651e-01
3.590889999999991889e-06 9.848737704647660962e-01
3.595889999999991841e-06 9.848737704657167802e-01
3.600889999999991794e-06 9.848737704600269982e-01
3.605889999999992169e-06 9.848737704485927003e-01
3.610889999999992121e-06 9.848737704390284620e-01
3.615889999999992074e-06 9.848737704377572566e-01
3.620889999999992026e-06 9.848737704411084648e-01
3.625889999999991978e-06 9.848737704452164010e-01
3.630889999999991930e-06 9.848737704516201674e-01
3.635889999999991882e-06 9.848737704563251816e-01
3.640889999999991834e-06 9.848737704543184535e-01
3.645889999999992210e-06 9.848737704539061166e-01
3.650889999999992162e-06 9.848737704612237076e-01
3.655889999999992114e-06 9.848737704753207645e-01
3.660889999999992066e-06 9.848737704901862067e-01
3.665889999999992018e-06 9.848737705007425403e-01
3.670889999999991970e-06 9.848737705024037670e-01
3.675889999999991076e-06 9.848737704976240348e-01
3.680889999999991028e-06 9.848737704899815926e-01
3.685889999999990980e-06 9.848737704815654359e-01
3.690889999999990932e-06 9.848737704739901622e-01
3.695889999999990884e-06 9.848737704677895666e-01
3.700889999999990836e-06 9.848737704644033863e-01
3.705889999999990788e-06 9.848737704640174728e-01
3.710889999999991164e-06 9.848737704612191557e-01
3.715889999999991116e-06 9.848737704580746710e-01
3.720889999999991068e-06 9.848737704584261676e-01
3.725889999999991020e-06 9.848737704638218515e-01
3.730889999999990972e-06 9.848737704714322083e-01
3.735889999999990925e-06 9.848737704757357658e-01
3.740889999999990877e-06 9.848737704714422003e-01
3.745889999999990829e-06 9.848737704653995895e-01
3.750889999999991204e-06 9.848737704642160917e-01
3.755889999999991157e-06 9.848737704663678150e-01
3.760889999999991109e-06 9.848737704681869154e-01
3.765889999999991061e-06 9.848737704683826477e-01
3.770889999999991013e-06 9.848737704674336291e-01
3.775889999999990965e-06 9.848737704682560823e-01
3.780889999999990070e-06 9.848737704692955841e-01
3.785889999999990022e-06 9.848737704698444784e-01
3.790889999999989974e-06 9.848737704719064956e-01
3.795889999999989927e-06 9.848737704738069754e-01
3.800889999999989879e-06 9.848737704716846730e-01
3.805889999999989831e-06 9.848737704641504775e-01
3.810889999999990207e-06 9.848737704527787962e-01
3.815889999999990159e-06 9.848737704487215971e-01
3.820889999999990111e-06 9.848737704516764557e-01
3.825889999999990063e-06 9.848737704531510539e-01
3.830889999999990015e-06 9.848737704529143544e-01
3.835889999999989967e-06 9.848737704545620364e-01
3.840889999999989919e-06 9.848737704569111573e-01
3.845889999999989871e-06 9.848737704583366837e-01
3.850889999999989824e-06 9.848737704571437490e-01
3.855889999999989776e-06 9.848737704570001972e-01
3.860889999999989728e-06 9.848737704590427855e-01
3.865889999999989680e-06 9.848737704631501666e-01
3.870889999999989632e-06 9.848737704699970230e-01
3.875889999999989584e-06 9.848737704784721325e-01
3.880889999999990383e-06 9.848737704838703699e-01
3.885889999999988641e-06 9.848737704872368992e-01
3.890889999999988594e-06 9.848737704899162004e-01
3.895889999999989393e-06 9.848737704906224133e-01
3.900889999999989345e-06 9.848737704853355313e-01
3.905889999999989297e-06 9.848737704742093202e-01
3.910889999999989249e-06 9.848737704590188047e-01
3.915889999999989201e-06 9.848737704441474783e-01
3.920889999999989153e-06 9.848737704329919573e-01
3.925889999999989105e-06 9.848737704284078465e-01
3.930889999999989058e-06 9.848737704305031704e-01
3.935889999999989010e-06 9.848737704368145662e-01
3.940889999999988962e-06 9.848737704403360826e-01
3.945889999999988914e-06 9.848737704445701402e-01
3.950889999999988866e-06 9.848737704540443394e-01
3.955889999999988818e-06 9.848737704615090349e-01
3.960889999999988770e-06 9.848737704623303779e-01
3.965889999999988722e-06 9.848737704610361909e-01
3.970889999999988675e-06 9.848737704616467026e-01
3.975889999999988627e-06 9.848737704658603320e-01
3.980889999999988579e-06 9.848737704681623795e-01
3.985889999999989378e-06 9.848737704713107499e-01
3.990889999999987636e-06 9.848737704782286606e-01
3.995889999999987588e-06 9.848737704809698013e-01
4.000889999999988387e-06 9.848737704741382659e-01
4.005889999999988340e-06 9.848737704667898107e-01
4.010889999999988292e-06 9.848737704648931057e-01
4.015889999999988244e-06 9.848737704656242986e-01
4.020889999999988196e-06 9.848737704653670599e-01
4.025889999999988148e-06 9.848737704678534044e-01
4.030889999999988100e-06 9.848737704717815955e-01
4.035889999999988052e-06 9.848737704708537821e-01
4.040889999999988004e-06 9.848737704666307158e-01
4.045889999999987957e-06 9.848737704662707815e-01
4.050889999999987909e-06 9.848737704709735752e-01
4.055889999999987861e-06 9.848737704770773593e-01
4.060889999999987813e-06 9.848737704799072068e-01
4.065889999999987765e-06 9.848737704752319466e-01
4.070889999999987717e-06 9.848737704617119837e-01
4.075889999999987669e-06 9.848737704517903646e-01
4.080889999999987621e-06 9.848737704488701450e-01
4.085889999999988421e-06 9.848737704473065069e-01
4.090889999999988373e-06 9.848737704466922205e-01
4.095889999999986631e-06 9.848737704484380462e-01
4.100889999999986583e-06 9.848737704496398626e-01
4.105889999999987382e-06 9.848737704514283209e-01
4.110889999999987334e-06 9.848737704552799066e-01
4.115889999999987286e-06 9.848737704609693555e-01
4.120889999999987238e-06 9.848737704631077561e-01
4.125889999999987191e-06 9.848737704607906096e-01
4.130889999999987143e-06 9.848737704583409025e-01
4.135889999999987095e-06 9.848737704603406362e-01
4.140889999999987047e-06 9.848737704630706746e-01
4.145889999999986999e-06 9.848737704623932165e-01
4.150889999999986951e-06 9.848737704603141019e-01
4.155889999999986903e-06 9.848737704621224331e-01
4.160889999999986855e-06 9.848737704687772210e-01
4.165889999999986808e-06 9.848737704750060162e-01
4.170889999999986760e-06 9.848737704786175717e-01
4.175889999999986712e-06 9.848737704819916505e-01
4.180889999999986664e-06 9.848737704840976326e-01
4.185889999999986616e-06 9.848737704837416951e-01
4.190889999999987415e-06 9.848737704768786294e-01
4.195889999999987367e-06 9.848737704693516504e-01
4.200889999999985625e-06 9.848737704686315597e-01
4.205889999999985578e-06 9.848737704708973029e-01
4.210889999999986377e-06 9.848737704665564419e-01
4.215889999999986329e-06 9.848737704587776642e-01
4.220889999999986281e-06 9.848737704526240311e-01
4.225889999999986233e-06 9.848737704501677737e-01
4.230889999999986185e-06 9.848737704507005697e-01
4.235889999999986137e-06 9.848737704503224277e-01
4.240889999999986090e-06 9.848737704500952761e-01
4.245889999999986042e-06 9.848737704525584169e-01
4.250889999999985994e-06 9.848737704566704609e-01
4.255889999999985946e-06 9.848737704643978352e-01
4.260889999999985898e-06 9.848737704704473295e-01
4.265889999999985850e-06 9.848737704678265370e-01
4.270889999999985802e-06 9.848737704557818384e-01
4.275889999999985754e-06 9.848737704450840624e-01
4.280889999999985707e-06 9.848737704388664804e-01
4.285889999999985659e-06 9.848737704352675815e-01
4.290889999999985611e-06 9.848737704387373615e-01
4.295889999999986410e-06 9.848737704471751675e-01
4.300889999999986362e-06 9.848737704525630798e-01
4.305889999999984620e-06 9.848737704584917818e-01
4.310889999999985419e-06 9.848737704668999449e-01
4.315889999999985371e-06 9.848737704756340694e-01
4.320889999999985324e-06 9.848737704807239979e-01
4.325889999999985276e-06 9.848737704800684112e-01
4.330889999999985228e-06 9.848737704747130284e-01
4.335889999999985180e-06 9.848737704690058159e-01
4.340889999999985132e-06 9.848737704639661805e-01
4.345889999999985084e-06 9.848737704620763589e-01
4.350889999999985036e-06 9.848737704636397750e-01
4.355889999999984988e-06 9.848737704642888113e-01
4.360889999999984941e-06 9.848737704620587063e-01
4.365889999999984893e-06 9.848737704586583153e-01
4.370889999999984845e-06 9.848737704538799154e-01
4.375889999999984797e-06 9.848737704520150738e-01
4.380889999999984749e-06 9.848737704521404179e-01
4.385889999999984701e-06 9.848737704532263271e-01
4.390889999999984653e-06 9.848737704560937001e-01
4.395889999999984606e-06 9.848737704600599718e-01
4.400889999999985405e-06 9.848737704623999889e-01
4.405889999999985357e-06 9.848737704638365065e-01
4.410889999999983615e-06 9.848737704662625658e-01
4.415889999999984414e-06 9.848737704710609497e-01
4.420889999999984366e-06 9.848737704748872224e-01
4.425889999999984318e-06 9.848737704745432753e-01
4.430889999999984270e-06 9.848737704707907215e-01
4.435889999999984223e-06 9.848737704704142448e-01
4.440889999999984175e-06 9.848737704731551634e-01
4.445889999999984127e-06 9.848737704705745610e-01
4.450889999999984079e-06 9.848737704587142705e-01
4.455889999999984031e-06 9.848737704444283647e-01
4.460889999999983983e-06 9.848737704385913672e-01
4.465889999999983935e-06 9.848737704463230713e-01
4.470889999999983887e-06 9.848737704571786100e-01
4.475889999999983840e-06 9.848737704645847968e-01
4.480889999999983792e-06 9.848737704672035909e-01
4.485889999999983744e-06 9.848737704669633386e-01
4.490889999999983696e-06 9.848737704666047366e-01
4.495889999999983648e-06 9.848737704657861691e-01
4.500889999999983600e-06 9.848737704639435320e-01
4.505889999999984399e-06 9.848737704637711143e-01
4.510889999999984351e-06 9.848737704656390646e-01
4.515889999999982610e-06 9.848737704623719003e-01
4.520889999999983409e-06 9.848737704481391741e-01
4.525889999999983361e-06 9.848737704387707792e-01
4.530889999999983313e-06 9.848737704403329740e-01
4.535889999999983265e-06 9.848737704427952266e-01
4.540889999999983217e-06 9.848737704467916965e-01
4.545889999999983169e-06 9.848737704531557169e-01
4.550889999999983121e-06 9.848737704559163975e-01
4.555889999999983074e-06 9.848737704578964802e-01
4.560889999999983026e-06 9.848737704582161134e-01
4.565889999999982978e-06 9.848737704543294447e-01
4.570889999999982930e-06 9.848737704454119113e-01
4.575889999999982882e-06 9.848737704379959546e-01
4.580889999999982834e-06 9.848737704346133270e-01
4.585889999999982786e-06 9.848737704347010347e-01
4.590889999999982739e-06 9.848737704391873349e-01
4.595889999999982691e-06 9.848737704476818733e-01
4.600889999999982643e-06 9.848737704548702343e-01
4.605889999999982595e-06 9.848737704577964491e-01
4.610889999999983394e-06 9.848737704566091766e-01
4.615889999999981652e-06 9.848737704522807501e-01
4.620889999999981604e-06 9.848737704493235601e-01
4.625889999999982403e-06 9.848737704548310434e-01
4.630889999999982356e-06 9.848737704632444245e-01
4.635889999999982308e-06 9.848737704678024452e-01
4.640889999999982260e-06 9.848737704681480576e-01
4.645889999999982212e-06 9.848737704647404501e-01
4.650889999999982164e-06 9.848737704576348007e-01
4.655889999999982116e-06 9.848737704473583543e-01
4.660889999999982068e-06 9.848737704343905053e-01
4.665889999999982020e-06 9.848737704258569980e-01
4.670889999999981973e-06 9.848737704227380485e-01
4.675889999999981925e-06 9.848737704236059098e-01
4.680889999999981877e-06 9.848737704306436136e-01
4.685889999999981829e-06 9.848737704436252294e-01
4.690889999999981781e-06 9.848737704539871629e-01
4.695889999999981733e-06 9.848737704538509385e-01
4.700889999999981685e-06 9.848737704443027985e-01
4.705889999999981637e-06 9.848737704385924774e-01
4.710889999999981590e-06 9.848737704471587362e-01
4.715889999999982389e-06 9.848737704638851342e-01
4.720889999999980647e-06 9.848737704748701249e-01
4.725889999999980599e-06 9.848737704803093296e-01
4.730889999999981398e-06 9.848737704854730879e-01
4.735889999999981350e-06 9.848737704898338219e-01
4.740889999999981302e-06 9.848737704875456522e-01
4.745889999999981254e-06 9.848737704824838124e-01
4.750889999999981207e-06 9.848737704800869519e-01
4.755889999999981159e-06 9.848737704789110037e-01
4.760889999999981111e-06 9.848737704744009447e-01
4.765889999999981063e-06 9.848737704683097061e-01
4.770889999999981015e-06 9.848737704622267941e-01
4.775889999999980967e-06 9.848737704560245332e-01
4.780889999999980919e-06 9.848737704486765221e-01
4.785889999999980872e-06 9.848737704459323838e-01
4.790889999999980824e-06 9.848737704468678578e-01
4.795889999999980776e-06 9.848737704423521366e-01
4.800889999999980728e-06 9.848737704331084197e-01
4.805889999999980680e-06 9.848737704252965575e-01
4.810889999999980632e-06 9.848737704212472410e-01
4.815889999999980584e-06 9.848737704242178648e-01
4.820889999999981383e-06 9.848737704298025086e-01
4.825889999999979641e-06 9.848737704347627631e-01
4.830889999999979594e-06 9.848737704425387651e-01
4.835889999999980393e-06 9.848737704516857816e-01
4.840889999999980345e-06 9.848737704541947746e-01
4.845889999999980297e-06 9.848737704561038031e-01
4.850889999999980249e-06 9.848737704590122544e-01
4.855889999999980201e-06 9.848737704558560013e-01
4.860889999999980153e-06 9.848737704467699361e-01
4.865889999999980106e-06 9.848737704367754864e-01
4.870889999999980058e-06 9.848737704284133976e-01
4.875889999999980010e-06 9.848737704259953318e-01
4.880889999999979962e-06 9.848737704283851979e-01
4.885889999999979914e-06 9.848737704338037524e-01
4.890889999999979866e-06 9.848737704418247807e-01
4.895889999999979818e-06 9.848737704498875534e-01
4.900889999999979770e-06 9.848737704572160245e-01
4.905889999999979723e-06 9.848737704663449444e-01
4.910889999999979675e-06 9.848737704737065002e-01
4.915889999999979627e-06 9.848737704762362544e-01
4.920889999999979579e-06 9.848737704728215414e-01
4.925889999999980378e-06 9.848737704656614911e-01
4.930889999999978636e-06 9.848737704574461738e-01
4.935889999999978588e-06 9.848737704513289559e-01
4.940889999999979387e-06 9.848737704433105922e-01
4.945889999999979340e-06 9.848737704356433920e-01
4.950889999999979292e-06 9.848737704347227950e-01
4.955889999999979244e-06 9.848737704409765703e-01
4.960889999999979196e-06 9.848737704459185061e-01
4.965889999999979148e-06 9.848737704474678223e-01
4.970889999999979100e-06 9.848737704516294933e-01
4.975889999999979052e-06 9.848737704591264963e-01
4.980889999999979004e-06 9.848737704658431236e-01
4.985889999999978957e-06 9.848737704699849216e-01
4.990889999999978909e-06 9.848737704702497098e-01
4.995444999999989235e-06 9.848737704569074936e-01
5.000000000000000409e-06 9.848737704428585094e-01
