# time_s vout_v
0.000000000000000000e+00 9.846998687361292468e-01
5.000000000000000182e-11 9.846998687363868186e-01
1.000000000000000036e-10 9.846998687366526060e-01
2.000000000000000073e-10 9.846998687371731895e-01
4.000000000000000146e-10 9.846998687379977522e-01
8.000000000000000291e-10 9.846998687387993332e-01
1.600000000000000058e-09 9.846998687397712224e-01
3.200000000000000117e-09 9.846998687438850428e-01
6.400000000000000233e-09 9.846998687593004895e-01
1.139999999999999951e-08 9.846998687688623964e-01
1.640000000000000127e-08 9.846998687561120400e-01
2.139999999999999972e-08 9.846998687380555948e-01
2.640000000000000148e-08 9.846998687205756884e-01
3.140000000000000324e-08 9.846998687103617476e-01
3.640000000000000169e-08 9.846998686969432590e-01
4.139999999999998690e-08 9.846998686792437505e-01
4.639999999999999197e-08 9.846998686684684809e-01
5.139999999999999042e-08 9.846998686661192490e-01
5.639999999999998887e-08 9.846998686694983238e-01
6.139999999999999394e-08 9.846998686755236152e-01
6.639999999999999901e-08 9.846998686815562341e-01
7.140000000000000407e-08 9.846998686848139615e-01
7.640000000000000914e-08 9.846998686855855665e-01
8.140000000000001421e-08 9.846998686893704278e-01
8.640000000000001928e-08 9.846998686964060221e-01
9.140000000000002435e-08 9.846998687008815532e-01
9.640000000000002941e-08 9.846998687011703222e-01
1.013999999999999948e-07 9.846998687003909456e-01
1.063999999999999998e-07 9.846998686997074923e-01
1.114000000000000049e-07 9.846998686982179061e-01
1.163999999999999967e-07 9.846998686978216675e-01
1.213999999999999886e-07 9.846998686986917493e-01
1.263999999999999936e-07 9.846998686965019454e-01
1.314000000000001046e-07 9.846998686885153340e-01
1.364000000000001097e-07 9.846998686778607457e-01
1.414000000000000883e-07 9.846998686716409432e-01
1.464000000000000933e-07 9.846998686714337756e-01
1.514000000000000984e-07 9.846998686733906547e-01
1.564000000000001035e-07 9.846998686757096886e-01
1.614000000000001085e-07 9.846998686806814893e-01
1.664000000000000871e-07 9.846998686876501372e-01
1.714000000000000922e-07 9.846998686873358331e-01
1.764000000000000973e-07 9.846998686805515932e-01
1.814000000000001023e-07 9.846998686818150270e-01
1.864000000000001074e-07 9.846998686887494801e-01
1.914000000000001125e-07 9.846998686878625229e-01
1.964000000000000911e-07 9.846998686815208179e-01
2.014000000000000961e-07 9.846998686818145829e-01
2.064000000000001012e-07 9.846998686876407003e-01
2.114000000000001063e-07 9.846998686899578468e-01
2.164000000000001113e-07 9.846998686919083976e-01
2.214000000000000899e-07 9.846998686938808198e-01
2.264000000000000950e-07 9.846998686908909892e-01
2.314000000000002059e-07 9.846998686850907401e-01
2.364000000000002110e-07 9.846998686803404288e-01
2.414000000000000837e-07 9.846998686811666568e-01
2.464000000000000888e-07 9.846998686868408956e-01
2.514000000000000939e-07 9.846998686912150633e-01
2.564000000000002048e-07 9.846998686912791232e-01
2.614000000000002099e-07 9.846998686889948393e-01
2.664000000000002149e-07 9.846998686912328269e-01
2.714000000000002200e-07 9.846998686976413673e-01
2.764000000000002251e-07 9.846998687017437524e-01
2.814000000000001772e-07 9.846998687034369535e-01
2.864000000000001823e-07 9.846998687024396402e-01
2.914000000000001873e-07 9.846998687009375084e-01
2.964000000000001924e-07 9.846998687018921892e-01
3.014000000000001975e-07 9.846998687010185547e-01
3.064000000000002026e-07 9.846998686974735016e-01
3.114000000000002076e-07 9.846998686962895597e-01
3.164000000000002127e-07 9.846998686970098724e-01
3.214000000000002178e-07 9.846998686957737501e-01
3.264000000000002228e-07 9.846998686936495604e-01
3.314000000000001750e-07 9.846998686905200637e-01
3.364000000000001800e-07 9.846998686831618386e-01
3.414000000000001851e-07 9.846998686724397487e-01
3.464000000000001902e-07 9.846998686628539721e-01
3.514000000000001952e-07 9.846998686600372253e-01
3.564000000000003062e-07 9.846998686673679169e-01
3.614000000000003112e-07 9.846998686782912902e-01
3.664000000000003163e-07 9.846998686867813877e-01
3.714000000000003214e-07 9.846998686941662582e-01
3.764000000000003264e-07 9.846998686986393468e-01
3.814000000000002786e-07 9.846998687022833208e-01
3.864000000000002836e-07 9.846998687066200739e-01
3.914000000000002887e-07 9.846998687052058719e-01
3.964000000000002938e-07 9.846998687026058406e-01
4.014000000000002988e-07 9.846998687053857280e-01
4.064000000000003039e-07 9.846998687057658683e-01
4.114000000000003090e-07 9.846998687027048724e-01
4.164000000000003140e-07 9.846998687026025099e-01
4.214000000000003191e-07 9.846998687031431885e-01
4.264000000000003242e-07 9.846998686998595929e-01
4.314000000000002763e-07 9.846998686957684210e-01
4.364000000000002814e-07 9.846998686965870995e-01
4.414000000000002864e-07 9.846998686968579939e-01
4.464000000000002915e-07 9.846998686895508390e-01
4.514000000000002966e-07 9.846998686790572330e-01
4.564000000000004075e-07 9.846998686722616689e-01
4.614000000000004126e-07 9.846998686671989409e-01
4.664000000000004177e-07 9.846998686629122588e-01
4.714000000000004227e-07 9.846998686646397658e-01
4.764000000000003749e-07 9.846998686693618774e-01
4.814000000000003799e-07 9.846998686713142046e-01
4.864000000000003320e-07 9.846998686733092754e-01
4.914000000000002842e-07 9.846998686775771947e-01
4.964000000000002363e-07 9.846998686809423917e-01
5.014000000000001884e-07 9.846998686867345363e-01
5.064000000000001406e-07 9.846998686931746070e-01
5.114000000000000927e-07 9.846998686935901635e-01
5.164000000000000448e-07 9.846998686905114040e-01
5.213999999999999969e-07 9.846998686880013008e-01
5.263999999999999491e-07 9.846998686902838083e-01
5.313999999999999012e-07 9.846998686939819612e-01
5.363999999999998533e-07 9.846998686945673818e-01
5.413999999999998055e-07 9.846998686948477131e-01
5.463999999999997576e-07 9.846998686926958788e-01
5.513999999999997097e-07 9.846998686847234783e-01
5.563999999999996618e-07 9.846998686759353969e-01
5.613999999999996140e-07 9.846998686710141113e-01
5.663999999999995661e-07 9.846998686660279887e-01
5.713999999999995182e-07 9.846998686620135333e-01
5.763999999999994704e-07 9.846998686653934962e-01
5.813999999999994225e-07 9.846998686726489147e-01
5.863999999999993746e-07 9.846998686768131392e-01
5.913999999999993267e-07 9.846998686783655641e-01
5.963999999999992789e-07 9.846998686788502875e-01
6.013999999999992310e-07 9.846998686798025258e-01
6.063999999999991831e-07 9.846998686868394524e-01
6.113999999999991353e-07 9.846998686978207793e-01
6.163999999999990874e-07 9.846998687018314600e-01
6.213999999999990395e-07 9.846998687005299455e-01
6.263999999999989916e-07 9.846998687020047658e-01
6.313999999999989438e-07 9.846998687013601703e-01
6.363999999999988959e-07 9.846998686955272806e-01
6.413999999999988480e-07 9.846998686908569054e-01
6.463999999999988001e-07 9.846998686912924459e-01
6.513999999999987523e-07 9.846998686953526425e-01
6.563999999999987044e-07 9.846998686980914517e-01
6.613999999999986565e-07 9.846998686940020562e-01
6.663999999999986087e-07 9.846998686850694238e-01
6.713999999999985608e-07 9.846998686808655643e-01
6.763999999999985129e-07 9.846998686831727188e-01
6.813999999999984650e-07 9.846998686864083528e-01
6.863999999999984172e-07 9.846998686883781104e-01
6.913999999999983693e-07 9.846998686896735187e-01
6.963999999999983214e-07 9.846998686925152455e-01
7.013999999999982736e-07 9.846998686983946536e-01
7.063999999999982257e-07 9.846998687031282005e-01
7.113999999999981778e-07 9.846998687039075770e-01
7.163999999999981299e-07 9.846998687053469812e-01
7.213999999999980821e-07 9.846998687090098290e-01
7.263999999999980342e-07 9.846998687106751635e-01
7.313999999999979863e-07 9.846998687086730984e-01
7.363999999999979385e-07 9.846998687044877796e-01
7.413999999999978906e-07 9.846998687001198292e-01
7.463999999999978427e-07 9.846998686960043434e-01
7.513999999999977948e-07 9.846998686950715340e-01
7.563999999999977470e-07 9.846998686970745984e-01
7.613999999999976991e-07 9.846998686955545921e-01
7.663999999999976512e-07 9.846998686928308819e-01
7.713999999999976034e-07 9.846998686954079316e-01
7.763999999999975555e-07 9.846998686996421002e-01
7.813999999999975076e-07 9.846998686993100325e-01
7.863999999999974597e-07 9.846998686942809442e-01
7.913999999999974119e-07 9.846998686872996398e-01
7.963999999999973640e-07 9.846998686842773907e-01
8.013999999999973161e-07 9.846998686864684158e-01
8.063999999999972683e-07 9.846998686877509455e-01
8.113999999999972204e-07 9.846998686869820050e-01
8.163999999999971725e-07 9.846998686870712669e-01
8.213999999999971246e-07 9.846998686900445552e-01
8.263999999999970768e-07 9.846998686958158276e-01
8.313999999999970289e-07 9.846998687007715301e-01
8.363999999999969810e-07 9.846998687032331166e-01
8.413999999999969331e-07 9.846998687002525008e-01
8.463999999999968853e-07 9.846998686939270051e-01
8.513999999999968374e-07 9.846998686903587483e-01
8.563999999999967895e-07 9.846998686881864860e-01
8.613999999999967417e-07 9.846998686907301179e-01
8.663999999999966938e-07 9.846998686935930500e-01
8.713999999999966459e-07 9.846998686886939689e-01
8.763999999999965980e-07 9.846998686822698854e-01
8.813999999999965502e-07 9.846998686765233710e-01
8.863999999999965023e-07 9.846998686728004602e-01
8.913999999999964544e-07 9.846998686730289441e-01
8.963999999999964066e-07 9.846998686737656881e-01
9.013999999999963587e-07 9.846998686777999055e-01
9.063999999999963108e-07 9.846998686835704007e-01
9.113999999999962629e-07 9.846998686809044221e-01
9.163999999999962151e-07 9.846998686727634897e-01
9.213999999999961672e-07 9.846998686713516191e-01
9.263999999999961193e-07 9.846998686797248101e-01
9.313999999999960715e-07 9.846998686889714136e-01
9.363999999999960236e-07 9.846998686929770983e-01
9.413999999999959757e-07 9.846998686934773648e-01
9.463999999999959278e-07 9.846998686903593034e-01
9.513999999999958800e-07 9.846998686854191440e-01
9.563999999999958321e-07 9.846998686833325909e-01
9.613999999999957842e-07 9.846998686835281012e-01
9.663999999999957364e-07 9.846998686775271237e-01
9.713999999999956885e-07 9.846998686674960366e-01
9.763999999999956406e-07 9.846998686666608158e-01
9.813999999999955927e-07 9.846998686750805252e-01
9.863999999999955449e-07 9.846998686840551240e-01
9.913999999999954970e-07 9.846998686873789097e-01
9.956999999999977259e-07 9.846998686862556971e-01
9.999999999999999547e-07 9.846998686885060081e-01
1.000099999999999962e-06 9.847383317874681685e-01
1.000299999999999977e-06 9.846731290926633573e-01
1.000649999999999898e-06 9.843622929686256517e-01
1.001000000000000030e-06 9.847028232194545705e-01
1.001062965398719003e-06 9.848465962344913338e-01
1.001188896196158007e-06 9.852029339449194234e-01
1.001440757791034956e-06 9.861532468482658853e-01
1.001944480980788009e-06 9.885231353575665292e-01
1.002866214648655936e-06 9.942999554043524535e-01
1.004709681984390095e-06 1.010702910018244083e+00
1.008396616655859050e-06 1.055486377593285008e+00
1.013396616655859003e-06 1.128006925960012952e+00
1.018396616655858955e-06 1.204978613283850031e+00
1.023396616655858907e-06 1.283177409992211082e+00
1.028396616655859071e-06 1.361795129114961034e+00
1.033396616655859023e-06 1.440548952850460918e+00
1.038396616655858975e-06 1.519348888488813998e+00
1.043396616655858927e-06 1.598152206563937083e+00
1.048396616655859091e-06 1.676913980364667101e+00
1.053396616655859043e-06 1.755395480868837010e+00
1.058396616655858995e-06 1.832276344872282969e+00
1.063396616655858947e-06 1.902427678441698022e+00
1.068396616655858052e-06 1.955975337859459984e+00
1.073396616655858005e-06 1.986619464503007970e+00
1.078396616655857957e-06 1.998248018098212953e+00
1.083396616655857909e-06 1.998771436515571986e+00
1.088396616655858073e-06 1.994505114732868067e+00
1.093396616655858025e-06 1.989564711338416947e+00
1.098396616655857977e-06 1.985909973435691978e+00
1.103396616655857929e-06 1.984016702145485089e+00
1.108396616655858093e-06 1.983500962762877906e+00
1.113396616655858045e-06 1.983755135577133011e+00
1.118396616655857997e-06 1.984257436400785002e+00
1.123396616655857949e-06 1.984704400393294099e+00
1.128396616655857902e-06 1.984980275410322959e+00
1.133396616655858065e-06 1.985093052827725080e+00
1.138396616655858018e-06 1.985098166164690925e+00
1.143396616655857970e-06 1.985055521496901010e+00
1.148396616655857922e-06 1.985005933252943056e+00
1.153396616655858086e-06 1.984969696061676059e+00
1.158396616655858038e-06 1.984950922118903005e+00
1.163396616655857990e-06 1.984945896595172066e+00
1.168396616655857942e-06 1.984948384820925060e+00
1.173396616655857047e-06 1.984953346831525911e+00
1.178396616655856999e-06 1.984957727710966013e+00
1.183396616655856951e-06 1.984960449380013925e+00
1.188396616655856904e-06 1.984961552184657085e+00
1.193396616655857067e-06 1.984961606870683015e+00
1.198396616655857020e-06 1.984961184063390949e+00
1.203396616655856972e-06 1.984960698119065059e+00
1.208396616655856924e-06 1.984960340011467039e+00
1.213396616655857088e-06 1.984960156338049009e+00
1.218396616655857040e-06 1.984960106201943075e+00
1.223396616655856992e-06 1.984960131177162079e+00
1.228396616655856944e-06 1.984960179686694914e+00
1.233396616655856896e-06 1.984960223013293001e+00
1.238396616655857060e-06 1.984960249640407071e+00
1.243396616655857012e-06 1.984960260531551945e+00
1.248396616655856964e-06 1.984960261020559003e+00
1.253396616655856916e-06 1.984960256888453900e+00
1.258396616655857080e-06 1.984960252107617062e+00
1.263396616655857033e-06 1.984960248600265986e+00
1.268396616655856985e-06 1.984960246817685015e+00
1.273396616655856937e-06 1.984960246320393917e+00
1.278396616655856042e-06 1.984960246612845980e+00
1.283396616655855994e-06 1.984960247042311998e+00
1.288396616655855946e-06 1.984960247461607930e+00
1.293396616655855898e-06 1.984960247683285051e+00
1.298396616655856062e-06 1.984960247828859936e+00
1.303396616655856014e-06 1.984960247799280930e+00
1.308396616655855966e-06 1.984960247778968956e+00
1.313396616655855919e-06 1.984960247706555103e+00
1.318396616655856082e-06 1.984960247693565938e+00
1.323396616655856035e-06 1.984960247654937948e+00
1.328396616655855987e-06 1.984960247676782918e+00
1.333396616655855939e-06 1.984960247650251031e+00
1.338396616655856103e-06 1.984960247712264092e+00
1.343396616655856055e-06 1.984960247707773018e+00
1.348396616655856007e-06 1.984960247732872052e+00
1.353396616655855959e-06 1.984960247699957936e+00
1.358396616655855911e-06 1.984960247709802950e+00
1.363396616655856075e-06 1.984960247694278923e+00
1.368396616655856027e-06 1.984960247705483072e+00
1.373396616655855979e-06 1.984960247654020016e+00
1.378396616655855931e-06 1.984960247683732915e+00
1.383396616655855037e-06 1.984960247656458954e+00
1.388396616655854989e-06 1.984960247664220967e+00
1.393396616655854941e-06 1.984960247634214081e+00
1.398396616655855105e-06 1.984960247673829947e+00
1.403396616655855057e-06 1.984960247661510024e+00
1.408396616655855009e-06 1.984960247698237978e+00
1.413396616655854961e-06 1.984960247694572910e+00
1.418396616655854913e-06 1.984960247723368099e+00
1.423396616655855077e-06 1.984960247695283897e+00
1.428396616655855029e-06 1.984960247697777014e+00
1.433396616655854981e-06 1.984960247669460998e+00
1.438396616655854933e-06 1.984960247701438973e+00
1.443396616655855097e-06 1.984960247685332080e+00
1.448396616655855049e-06 1.984960247713354997e+00
1.453396616655855002e-06 1.984960247690775947e+00
1.458396616655854954e-06 1.984960247714856019e+00
1.463396616655854906e-06 1.984960247691825108e+00
1.468396616655855070e-06 1.984960247717060922e+00
1.473396616655855022e-06 1.984960247696136104e+00
1.478396616655854974e-06 1.984960247724069982e+00
1.483396616655854926e-06 1.984960247703908998e+00
1.488396616655854031e-06 1.984960247723464022e+00
1.493396616655853983e-06 1.984960247693831947e+00
1.498396616655853936e-06 1.984960247711405001e+00
1.503396616655854099e-06 1.984960247706704983e+00
1.508396616655854052e-06 1.984960247729586902e+00
1.513396616655854004e-06 1.984960247702207026e+00
1.518396616655853956e-06 1.984960247720874094e+00
1.523396616655853908e-06 1.984960247697042046e+00
1.528396616655854072e-06 1.984960247720938931e+00
1.533396616655854024e-06 1.984960247698724922e+00
1.538396616655853976e-06 1.984960247719320003e+00
1.543396616655853928e-06 1.984960247693781987e+00
1.548396616655854092e-06 1.984960247715715997e+00
1.553396616655854044e-06 1.984960247700926050e+00
1.558396616655853996e-06 1.984960247733509098e+00
1.563396616655853948e-06 1.984960247715616966e+00
1.568396616655853901e-06 1.984960247733700056e+00
1.573396616655854064e-06 1.984960247703031921e+00
1.578396616655854017e-06 1.984960247716069048e+00
1.583396616655853969e-06 1.984960247690026103e+00
1.588396616655853074e-06 1.984960247718120963e+00
1.593396616655853026e-06 1.984960247702713954e+00
1.598396616655852978e-06 1.984960247730310989e+00
1.603396616655852930e-06 1.984960247715348958e+00
1.608396616655853094e-06 1.984960247741694106e+00
1.613396616655853046e-06 1.984960247715563009e+00
1.618396616655852998e-06 1.984960247726919924e+00
1.623396616655852950e-06 1.984960247694228963e+00
1.628396616655852903e-06 1.984960247712860948e+00
1.633396616655853066e-06 1.984960247693231095e+00
1.638396616655853019e-06 1.984960247719802950e+00
1.643396616655852971e-06 1.984960247705612080e+00
1.648396616655852923e-06 1.984960247735499062e+00
1.653396616655853087e-06 1.984960247714349091e+00
1.658396616655853039e-06 1.984960247731224037e+00
1.663396616655852991e-06 1.984960247704840919e+00
1.668396616655852943e-06 1.984960247723811966e+00
1.673396616655852895e-06 1.984960247697469038e+00
1.678396616655853059e-06 1.984960247721043070e+00
1.683396616655853011e-06 1.984960247705765068e+00
1.688396616655852963e-06 1.984960247731240912e+00
1.693396616655852069e-06 1.984960247709115944e+00
1.698396616655852021e-06 1.984960247730692906e+00
1.703396616655851973e-06 1.984960247706538894e+00
1.708396616655851925e-06 1.984960247724494087e+00
1.713396616655852089e-06 1.984960247696456959e+00
1.718396616655852041e-06 1.984960247715862103e+00
1.723396616655851993e-06 1.984960247697806990e+00
1.728396616655851945e-06 1.984960247723660975e+00
1.733396616655851897e-06 1.984960247700815028e+00
1.738396616655852061e-06 1.984960247724482096e+00
1.743396616655852013e-06 1.984960247705072067e+00
1.748396616655851965e-06 1.984960247723656979e+00
1.753396616655851918e-06 1.984960247694681046e+00
1.758396616655852081e-06 1.984960247715181980e+00
1.763396616655852034e-06 1.984960247700688907e+00
1.768396616655851986e-06 1.984960247730592098e+00
1.773396616655851938e-06 1.984960247711536008e+00
1.778396616655852102e-06 1.984960247731698102e+00
1.783396616655852054e-06 1.984960247704800063e+00
1.788396616655852006e-06 1.984960247718507098e+00
1.793396616655851958e-06 1.984960247686154089e+00
1.798396616655851063e-06 1.984960247707741043e+00
1.803396616655851015e-06 1.984960247693039914e+00
1.808396616655850967e-06 1.984960247722048932e+00
1.813396616655850920e-06 1.984960247705519931e+00
1.818396616655851083e-06 1.984960247727107108e+00
1.823396616655851036e-06 1.984960247699637970e+00
1.828396616655850988e-06 1.984960247719345983e+00
1.833396616655850940e-06 1.984960247699812053e+00
1.838396616655851104e-06 1.984960247725854998e+00
1.843396616655851056e-06 1.984960247705491954e+00
1.848396616655851008e-06 1.984960247725398919e+00
1.853396616655850960e-06 1.984960247699147917e+00
1.858396616655850912e-06 1.984960247719051107e+00
1.863396616655851076e-06 1.984960247697092894e+00
1.868396616655851028e-06 1.984960247717771020e+00
1.873396616655850980e-06 1.984960247694397939e+00
1.878396616655850933e-06 1.984960247717634907e+00
1.883396616655851096e-06 1.984960247696925917e+00
1.888396616655851049e-06 1.984960247719752102e+00
1.893396616655851001e-06 1.984960247699939950e+00
1.898396616655850953e-06 1.984960247723905891e+00
1.903396616655850058e-06 1.984960247701972991e+00
1.908396616655851069e-06 1.984960247727090010e+00
1.913396616655851021e-06 1.984960247708307035e+00
1.918396616655850973e-06 1.984960247729584015e+00
1.923396616655850925e-06 1.984960247708466907e+00
1.928396616655850030e-06 1.984960247731488936e+00
1.933396616655849982e-06 1.984960247702632019e+00
1.938396616655849935e-06 1.984960247709524062e+00
1.943396616655849887e-06 1.984960247676373912e+00
1.948396616655849839e-06 1.984960247702687086e+00
1.953396616655849791e-06 1.984960247689856905e+00
1.958396616655850167e-06 1.984960247720291893e+00
1.963396616655850119e-06 1.984960247704129044e+00
1.968396616655850071e-06 1.984960247723501103e+00
1.973396616655850023e-06 1.984960247696665014e+00
1.978396616655849975e-06 1.984960247719262050e+00
1.983396616655849927e-06 1.984960247699685931e+00
1.988396616655849879e-06 1.984960247722691085e+00
1.993396616655849831e-06 1.984960247704455005e+00
1.998396616655850207e-06 1.984960247732393990e+00
2.003396616655850159e-06 1.984960247712868053e+00
2.008396616655850111e-06 1.984960247729917082e+00
2.013396616655850063e-06 1.984960247693986934e+00
2.018396616655850016e-06 1.984960247709679937e+00
2.023396616655849968e-06 1.984960247698190017e+00
2.028396616655849073e-06 1.984960247729941063e+00
2.033396616655849025e-06 1.984960247707354908e+00
2.038396616655848977e-06 1.984960247729018912e+00
2.043396616655848929e-06 1.984960247709073089e+00
2.048396616655848881e-06 1.984960247729598892e+00
2.053396616655848833e-06 1.984960247702183045e+00
2.058396616655849209e-06 1.984960247717397097e+00
2.063396616655849161e-06 1.984960247690257029e+00
2.068396616655849113e-06 1.984960247711770043e+00
2.073396616655849066e-06 1.984960247693767998e+00
2.078396616655849018e-06 1.984960247724306903e+00
2.083396616655848970e-06 1.984960247708789982e+00
2.088396616655848922e-06 1.984960247730596095e+00
2.093396616655848874e-06 1.984960247706671010e+00
2.098396616655848826e-06 1.984960247731430982e+00
2.103396616655849202e-06 1.984960247712558967e+00
2.108396616655849154e-06 1.984960247729631977e+00
2.113396616655849106e-06 1.984960247698456026e+00
2.118396616655849058e-06 1.984960247720046977e+00
2.123396616655849010e-06 1.984960247703704939e+00
2.128396616655848962e-06 1.984960247725318094e+00
2.133396616655848068e-06 1.984960247699071978e+00
2.138396616655848020e-06 1.984960247718003057e+00
2.143396616655847972e-06 1.984960247694468105e+00
2.148396616655847924e-06 1.984960247717804993e+00
2.153396616655847876e-06 1.984960247699089075e+00
2.158396616655847828e-06 1.984960247724721016e+00
2.163396616655848204e-06 1.984960247706470060e+00
2.168396616655848156e-06 1.984960247730922056e+00
2.173396616655848108e-06 1.984960247707237890e+00
2.178396616655848060e-06 1.984960247726115012e+00
2.183396616655848012e-06 1.984960247701516911e+00
2.188396616655847964e-06 1.984960247724486981e+00
2.193396616655847917e-06 1.984960247709417036e+00
2.198396616655847869e-06 1.984960247739379957e+00
2.203396616655847821e-06 1.984960247718499993e+00
2.208396616655848196e-06 1.984960247735273020e+00
2.213396616655848149e-06 1.984960247704750991e+00
2.218396616655848101e-06 1.984960247715580106e+00
2.223396616655848053e-06 1.984960247682689971e+00
2.228396616655848005e-06 1.984960247704637970e+00
2.233396616655847957e-06 1.984960247694464996e+00
2.238396616655847062e-06 1.984960247727953098e+00
2.243396616655847014e-06 1.984960247710390924e+00
2.248396616655846966e-06 1.984960247734721017e+00
2.253396616655846919e-06 1.984960247715942927e+00
2.258396616655846871e-06 1.984960247737808992e+00
2.263396616655846823e-06 1.984960247711405890e+00
2.268396616655847199e-06 1.984960247730962024e+00
2.273396616655847151e-06 1.984960247708966952e+00
2.278396616655847103e-06 1.984960247730144012e+00
2.283396616655847055e-06 1.984960247704067982e+00
2.288396616655847007e-06 1.984960247722697968e+00
2.293396616655846959e-06 1.984960247701692992e+00
2.298396616655846911e-06 1.984960247725789051e+00
2.303396616655846863e-06 1.984960247705432002e+00
2.308396616655846816e-06 1.984960247728053018e+00
2.313396616655847191e-06 1.984960247703738911e+00
2.318396616655847143e-06 1.984960247723456028e+00
2.323396616655847095e-06 1.984960247698831948e+00
2.328396616655847048e-06 1.984960247718392079e+00
2.333396616655847000e-06 1.984960247698910107e+00
2.338396616655846952e-06 1.984960247726065052e+00
2.343396616655846057e-06 1.984960247706051062e+00
2.348396616655846009e-06 1.984960247723309035e+00
2.353396616655845961e-06 1.984960247691875956e+00
2.358396616655845913e-06 1.984960247708829950e+00
2.363396616655845865e-06 1.984960247686579971e+00
2.368396616655845818e-06 1.984960247714778969e+00
2.373396616655846193e-06 1.984960247704701031e+00
2.378396616655846145e-06 1.984960247731770933e+00
2.383396616655846097e-06 1.984960247705422898e+00
2.388396616655846050e-06 1.984960247724443905e+00
2.393396616655846002e-06 1.984960247703617009e+00
2.398396616655845954e-06 1.984960247724981031e+00
2.403396616655845906e-06 1.984960247698942970e+00
2.408396616655845858e-06 1.984960247717552084e+00
2.413396616655845810e-06 1.984960247696939017e+00
2.418396616655846186e-06 1.984960247726696103e+00
2.423396616655846138e-06 1.984960247712308057e+00
2.428396616655846090e-06 1.984960247733255079e+00
2.433396616655846042e-06 1.984960247700978897e+00
2.438396616655845994e-06 1.984960247715964021e+00
2.443396616655845947e-06 1.984960247694173896e+00
2.448396616655845052e-06 1.984960247719264936e+00
2.453396616655845004e-06 1.984960247699004032e+00
2.458396616655844956e-06 1.984960247721891058e+00
2.463396616655844908e-06 1.984960247704107950e+00
2.468396616655844860e-06 1.984960247733438932e+00
2.473396616655844812e-06 1.984960247715531922e+00
2.478396616655845188e-06 1.984960247734494976e+00
2.483396616655845140e-06 1.984960247708875913e+00
2.488396616655845092e-06 1.984960247731579086e+00
2.493396616655845044e-06 1.984960247711264003e+00
2.498396616655844996e-06 1.984960247732239003e+00
2.503396616655844949e-06 1.984960247708013936e+00
2.508396616655844901e-06 1.984960247728920102e+00
2.513396616655844853e-06 1.984960247704248948e+00
2.518396616655844805e-06 1.984960247722503013e+00
2.523396616655845181e-06 1.984960247695392921e+00
2.528396616655845133e-06 1.984960247712594938e+00
2.533396616655845085e-06 1.984960247688217994e+00
2.538396616655845037e-06 1.984960247712721948e+00
2.543396616655844989e-06 1.984960247702286962e+00
2.548396616655844941e-06 1.984960247737598937e+00
2.553396616655844046e-06 1.984960247717705073e+00
2.558396616655843998e-06 1.984960247732991068e+00
2.563396616655843951e-06 1.984960247703156933e+00
2.568396616655843903e-06 1.984960247720712001e+00
2.573396616655843855e-06 1.984960247695491065e+00
2.578396616655843807e-06 1.984960247717630910e+00
2.583396616655844183e-06 1.984960247702256986e+00
2.588396616655844135e-06 1.984960247729161020e+00
2.593396616655844087e-06 1.984960247705761960e+00
2.598396616655844039e-06 1.984960247726134996e+00
2.603396616655843991e-06 1.984960247704038006e+00
2.608396616655843943e-06 1.984960247726927918e+00
2.613396616655843895e-06 1.984960247707076020e+00
2.618396616655843847e-06 1.984960247732352911e+00
2.623396616655843800e-06 1.984960247713797976e+00
2.628396616655844175e-06 1.984960247738303929e+00
2.633396616655844127e-06 1.984960247714752990e+00
2.638396616655844080e-06 1.984960247729556038e+00
2.643396616655844032e-06 1.984960247701734071e+00
2.648396616655843984e-06 1.984960247725569893e+00
2.653396616655843936e-06 1.984960247707205028e+00
2.658396616655843041e-06 1.984960247728607907e+00
2.663396616655842993e-06 1.984960247703362990e+00
2.668396616655842945e-06 1.984960247720970017e+00
2.673396616655842897e-06 1.984960247693696056e+00
2.678396616655842850e-06 1.984960247713960069e+00
2.683396616655842802e-06 1.984960247695988000e+00
2.688396616655843177e-06 1.984960247727389104e+00
2.693396616655843129e-06 1.984960247712971082e+00
2.698396616655843082e-06 1.984960247730954919e+00
2.703396616655843034e-06 1.984960247695572111e+00
2.708396616655842986e-06 1.984960247705279013e+00
2.713396616655842938e-06 1.984960247677775014e+00
2.718396616655842890e-06 1.984960247702080016e+00
2.723396616655842842e-06 1.984960247685229939e+00
2.728396616655842794e-06 1.984960247712201031e+00
2.733396616655843170e-06 1.984960247694036006e+00
2.738396616655843122e-06 1.984960247719349979e+00
2.743396616655843074e-06 1.984960247702244995e+00
2.748396616655843026e-06 1.984960247729463001e+00
2.753396616655842978e-06 1.984960247709357084e+00
2.758396616655842931e-06 1.984960247731230920e+00
2.763396616655842036e-06 1.984960247708640990e+00
2.768396616655841988e-06 1.984960247731083038e+00
2.773396616655841940e-06 1.984960247712590942e+00
2.778396616655841892e-06 1.984960247736472061e+00
2.783396616655841844e-06 1.984960247713990045e+00
2.788396616655841796e-06 1.984960247733384087e+00
2.793396616655842172e-06 1.984960247702880043e+00
2.798396616655842124e-06 1.984960247717451054e+00
2.803396616655842076e-06 1.984960247697830082e+00
2.808396616655842028e-06 1.984960247728273064e+00
2.813396616655841980e-06 1.984960247708613901e+00
2.818396616655841933e-06 1.984960247729748994e+00
2.823396616655841885e-06 1.984960247702951097e+00
2.828396616655841837e-06 1.984960247710791048e+00
2.833396616655841789e-06 1.984960247676964995e+00
2.838396616655842165e-06 1.984960247702499903e+00
2.843396616655842117e-06 1.984960247694472102e+00
2.848396616655842069e-06 1.984960247726371918e+00
2.853396616655842021e-06 1.984960247708551950e+00
2.858396616655841973e-06 1.984960247734582905e+00
2.863396616655841925e-06 1.984960247714018022e+00
2.868396616655841030e-06 1.984960247734613104e+00
2.873396616655840982e-06 1.984960247708994041e+00
2.878396616655840935e-06 1.984960247724399940e+00
2.883396616655840887e-06 1.984960247694742108e+00
2.888396616655840839e-06 1.984960247711069048e+00
2.893396616655840791e-06 1.984960247685650048e+00
2.898396616655841167e-06 1.984960247709061987e+00
2.903396616655841119e-06 1.984960247694975033e+00
2.908396616655841071e-06 1.984960247722572069e+00
2.913396616655841023e-06 1.984960247701655911e+00
2.918396616655840975e-06 1.984960247726464955e+00
2.923396616655840927e-06 1.984960247706698100e+00
2.928396616655840879e-06 1.984960247725142013e+00
2.933396616655840832e-06 1.984960247693037028e+00
2.938396616655841207e-06 1.984960247707167058e+00
2.943396616655841159e-06 1.984960247687439949e+00
2.948396616655841111e-06 1.984960247719401050e+00
2.953396616655841064e-06 1.984960247703327907e+00
2.958396616655841016e-06 1.984960247721953897e+00
2.963396616655840968e-06 1.984960247691291979e+00
2.968396616655840073e-06 1.984960247711132997e+00
2.973396616655840025e-06 1.984960247694244950e+00
2.978396616655839977e-06 1.984960247718406068e+00
2.983396616655839929e-06 1.984960247696547109e+00
2.988396616655839881e-06 1.984960247718994042e+00
2.993396616655839834e-06 1.984960247697018954e+00
2.997198308327919992e-06 1.984960247719389947e+00
3.001000000000000151e-06 1.984960247692717950e+00
3.001099999999999947e-06 1.984873765057930894e+00
3.001299999999999962e-06 1.984832390927633972e+00
3.001649999999999882e-06 1.984897728565703900e+00
3.001999999999999803e-06 1.984801444529435077e+00
3.002070000000000041e-06 1.984764125862884976e+00
3.002210000000000094e-06 1.984659221043737043e+00
3.002490000000000200e-06 1.984284367930644999e+00
3.003049999999999988e-06 1.982961065758902075e+00
3.004169999999999140e-06 1.978374802190089987e+00
3.006409999999999139e-06 1.963322440505004929e+00
3.010889999999997866e-06 1.918680062442361001e+00
3.015889999999997818e-06 1.856022459163563010e+00
3.020889999999998194e-06 1.786936176562812895e+00
3.025889999999998146e-06 1.714666991370991989e+00
3.030889999999998098e-06 1.640768270658170991e+00
3.035889999999998050e-06 1.566045974728933921e+00
3.040889999999998002e-06 1.490927462917537083e+00
3.045889999999997954e-06 1.415667169591541041e+00
3.050889999999997060e-06 1.340441323046958955e+00
3.055889999999997012e-06 1.265464793417953926e+00
3.060889999999996964e-06 1.191429116341294892e+00
3.065889999999996916e-06 1.120732337434027892e+00
3.070889999999996868e-06 1.058711294100256994e+00
3.075889999999996820e-06 1.011861193779229007e+00
3.080889999999997196e-06 9.831231246191917128e-01
3.085889999999997148e-06 9.699148717149036480e-01
3.090889999999997100e-06 9.668212042172504850e-01
3.095889999999997052e-06 9.688675848667933632e-01
3.100889999999997004e-06 9.727631068903741518e-01
3.105889999999996956e-06 9.767196494600307588e-01
3.110889999999996909e-06 9.799548006391637367e-01
3.115889999999996861e-06 9.822639146520432130e-01
3.120889999999996813e-06 9.837300770877132061e-01
3.125889999999997188e-06 9.845493559027285180e-01
3.130889999999997141e-06 9.849306329744624833e-01
3.135889999999997093e-06 9.850487630034445719e-01
3.140889999999997045e-06 9.850305662040184096e-01
3.145889999999996997e-06 9.849573379936316098e-01
3.150889999999996949e-06 9.848749579022000322e-01
3.155889999999996054e-06 9.848049149736797236e-01
3.160889999999996006e-06 9.847540455413411609e-01
3.165889999999995958e-06 9.847214632961814873e-01
3.170889999999995911e-06 9.847031958331170509e-01
3.175889999999995863e-06 9.846946825388632751e-01
3.180889999999995815e-06 9.846920529199899574e-01
3.185889999999996190e-06 9.846924645807940690e-01
3.190889999999996143e-06 9.846941080135447333e-01
3.195889999999996095e-06 9.846959507435394388e-01
3.200889999999996047e-06 9.846975192689217948e-01
3.205889999999995999e-06 9.846986560777665209e-01
3.210889999999995951e-06 9.846993858598018790e-01
3.215889999999995903e-06 9.846997936452129840e-01
3.220889999999995855e-06 9.846999848409092593e-01
3.225889999999995808e-06 9.847000431114820707e-01
3.230889999999996183e-06 9.847000344776698499e-01
3.235889999999996135e-06 9.846999972917979127e-01
3.240889999999996087e-06 9.846999564983840436e-01
3.245889999999996040e-06 9.846999210817304338e-01
3.250889999999995992e-06 9.846998959631571013e-01
3.255889999999995944e-06 9.846998793960365370e-01
3.260889999999995049e-06 9.846998704773106681e-01
3.265889999999995001e-06 9.846998659959033118e-01
3.270889999999994953e-06 9.846998648559731615e-01
3.275889999999994905e-06 9.846998648977574042e-01
3.280889999999994857e-06 9.846998658398408155e-01
3.285889999999994810e-06 9.846998666545877521e-01
3.290889999999995185e-06 9.846998675570981518e-01
3.295889999999995137e-06 9.846998680598320064e-01
3.300889999999995089e-06 9.846998684915138078e-01
3.305889999999995042e-06 9.846998686343890750e-01
3.310889999999994994e-06 9.846998687865485822e-01
3.315889999999994946e-06 9.846998687563587316e-01
3.320889999999994898e-06 9.846998687899277680e-01
3.325889999999994850e-06 9.846998687488056623e-01
3.330889999999994802e-06 9.846998687659764826e-01
3.335889999999995178e-06 9.846998687144210560e-01
3.340889999999995130e-06 9.846998687177408449e-01
3.345889999999995082e-06 9.846998686924510746e-01
3.350889999999995034e-06 9.846998686816583746e-01
3.355889999999994986e-06 9.846998686604089279e-01
3.360889999999994938e-06 9.846998686809245172e-01
3.365889999999994044e-06 9.846998686706747161e-01
3.370889999999993996e-06 9.846998686943557733e-01
3.375889999999993948e-06 9.846998686986371263e-01
3.380889999999993900e-06 9.846998687232476621e-01
3.385889999999993852e-06 9.846998687260064553e-01
3.390889999999993804e-06 9.846998687344920009e-01
3.395889999999994180e-06 9.846998687290658969e-01
3.400889999999994132e-06 9.846998687078676316e-01
3.405889999999994084e-06 9.846998686770174203e-01
3.410889999999994036e-06 9.846998686694405922e-01
3.415889999999993988e-06 9.846998686638251952e-01
3.420889999999993941e-06 9.846998686648854582e-01
3.425889999999993893e-06 9.846998686721077920e-01
3.430889999999993845e-06 9.846998686718069216e-01
3.435889999999993797e-06 9.846998686639366616e-01
3.440889999999994173e-06 9.846998686672518986e-01
3.445889999999994125e-06 9.846998686738652751e-01
3.450889999999994077e-06 9.846998686704730996e-01
3.455889999999994029e-06 9.846998686630075159e-01
3.460889999999993981e-06 9.846998686664558686e-01
3.465889999999993933e-06 9.846998686694755643e-01
3.470889999999993038e-06 9.846998686698087422e-01
3.475889999999992990e-06 9.846998686750710883e-01
3.480889999999992943e-06 9.846998686815406909e-01
3.485889999999992895e-06 9.846998686884350649e-01
3.490889999999992847e-06 9.846998686939859580e-01
3.495889999999992799e-06 9.846998686889906205e-01
3.500889999999993175e-06 9.846998686752930219e-01
3.505889999999993127e-06 9.846998686594882200e-01
3.510889999999993079e-06 9.846998686623017472e-01
3.515889999999993031e-06 9.846998686715849880e-01
3.520889999999992983e-06 9.846998686846633042e-01
3.525889999999992935e-06 9.846998686980650284e-01
3.530889999999992887e-06 9.846998687020528385e-01
3.535889999999992839e-06 9.846998686933798872e-01
3.540889999999992792e-06 9.846998686777260756e-01
3.545889999999993167e-06 9.846998686655584754e-01
3.550889999999993119e-06 9.846998686644485854e-01
3.555889999999993071e-06 9.846998686744447005e-01
3.560889999999993024e-06 9.846998686891222929e-01
3.565889999999992976e-06 9.846998687027435082e-01
3.570889999999992928e-06 9.846998687088452940e-01
3.575889999999992033e-06 9.846998687076110590e-01
3.580889999999991985e-06 9.846998686981430771e-01
3.585889999999991937e-06 9.846998686801766709e-01
3.590889999999991889e-06 9.846998686670505041e-01
3.595889999999991841e-06 9.846998686640282550e-01
3.600889999999991794e-06 9.846998686666038614e-01
3.605889999999992169e-06 9.846998686708476889e-01
3.610889999999992121e-06 9.846998686712654658e-01
3.615889999999992074e-06 9.846998686711537774e-01
3.620889999999992026e-06 9.846998686761369024e-01
3.625889999999991978e-06 9.846998686877487250e-01
3.630889999999991930e-06 9.846998686991315086e-01
3.635889999999991882e-06 9.846998687011283558e-01
3.640889999999991834e-06 9.846998686942809442e-01
3.645889999999992210e-06 9.846998686860326533e-01
3.650889999999992162e-06 9.846998686778629661e-01
3.655889999999992114e-06 9.846998686697130410e-01
3.660889999999992066e-06 9.846998686662831179e-01
3.665889999999992018e-06 9.846998686673584800e-01
3.670889999999991970e-06 9.846998686730464856e-01
3.675889999999991076e-06 9.846998686875999551e-01
3.680889999999991028e-06 9.846998687010660722e-01
3.685889999999990980e-06 9.846998687014896223e-01
3.690889999999990932e-06 9.846998686921925037e-01
3.695889999999990884e-06 9.846998686790392474e-01
3.700889999999990836e-06 9.846998686668708700e-01
3.705889999999990788e-06 9.846998686618378960e-01
3.710889999999991164e-06 9.846998686635227704e-01
3.715889999999991116e-06 9.846998686728920536e-01
3.720889999999991068e-06 9.846998686875091389e-01
3.725889999999991020e-06 9.846998686970105386e-01
3.730889999999990972e-06 9.846998687008882145e-01
3.735889999999990925e-06 9.846998687068448941e-01
3.740889999999990877e-06 9.846998687128479810e-01
3.745889999999990829e-06 9.846998687112429316e-01
3.750889999999991204e-06 9.846998687020307450e-01
3.755889999999991157e-06 9.846998686911452303e-01
3.760889999999991109e-06 9.846998686791846866e-01
3.765889999999991061e-06 9.846998686665294764e-01
3.770889999999991013e-06 9.846998686595538341e-01
3.775889999999990965e-06 9.846998686585599625e-01
3.780889999999990070e-06 9.846998686625133557e-01
3.785889999999990022e-06 9.846998686738658302e-01
3.790889999999989974e-06 9.846998686837467041e-01
3.795889999999989927e-06 9.846998686880086282e-01
3.800889999999989879e-06 9.846998686916255128e-01
3.805889999999989831e-06 9.846998686947397994e-01
3.810889999999990207e-06 9.846998686959931302e-01
3.815889999999990159e-06 9.846998687010867224e-01
3.820889999999990111e-06 9.846998687080192880e-01
3.825889999999990063e-06 9.846998687078249990e-01
3.830889999999990015e-06 9.846998687016278451e-01
3.835889999999989967e-06 9.846998686939161249e-01
3.840889999999989919e-06 9.846998686844173898e-01
3.845889999999989871e-06 9.846998686778153376e-01
3.850889999999989824e-06 9.846998686815333635e-01
3.855889999999989776e-06 9.846998686900610975e-01
3.860889999999989728e-06 9.846998686926827782e-01
3.865889999999989680e-06 9.846998686914911758e-01
3.870889999999989632e-06 9.846998686884800289e-01
3.875889999999989584e-06 9.846998686812078461e-01
3.880889999999990383e-06 9.846998686728197780e-01
3.885889999999988641e-06 9.846998686635921594e-01
3.890889999999988594e-06 9.846998686555705760e-01
3.895889999999989393e-06 9.846998686529194744e-01
3.900889999999989345e-06 9.846998686574499615e-01
3.905889999999989297e-06 9.846998686707074677e-01
3.910889999999989249e-06 9.846998686858450256e-01
3.915889999999989201e-06 9.846998686986637717e-01
3.920889999999989153e-06 9.846998687044279386e-01
3.925889999999989105e-06 9.846998686979722137e-01
3.930889999999989058e-06 9.846998686873377205e-01
3.935889999999989010e-06 9.846998686802242995e-01
3.940889999999988962e-06 9.846998686780559229e-01
3.945889999999988914e-06 9.846998686831026637e-01
3.950889999999988866e-06 9.846998686944770096e-01
3.955889999999988818e-06 9.846998687069535849e-01
3.960889999999988770e-06 9.846998687111895299e-01
3.965889999999988722e-06 9.846998687052984645e-01
3.970889999999988675e-06 9.846998686941847989e-01
3.975889999999988627e-06 9.846998686862117323e-01
3.980889999999988579e-06 9.846998686864114614e-01
3.985889999999989378e-06 9.846998686917973753e-01
3.990889999999987636e-06 9.846998686997620043e-01
3.995889999999987588e-06 9.846998687011573326e-01
4.000889999999988387e-06 9.846998686904537834e-01
4.005889999999988340e-06 9.846998686789968369e-01
4.010889999999988292e-06 9.846998686767799436e-01
4.015889999999988244e-06 9.846998686829374625e-01
4.020889999999988196e-06 9.846998686912217247e-01
4.025889999999988148e-06 9.846998686930397149e-01
4.030889999999988100e-06 9.846998686841929027e-01
4.035889999999988052e-06 9.846998686727365113e-01
4.040889999999988004e-06 9.846998686672546741e-01
4.045889999999987957e-06 9.846998686733299255e-01
4.050889999999987909e-06 9.846998686892156627e-01
4.055889999999987861e-06 9.846998687037320508e-01
4.060889999999987813e-06 9.846998687107836323e-01
4.065889999999987765e-06 9.846998687090169344e-01
4.070889999999987717e-06 9.846998686966509373e-01
4.075889999999987669e-06 9.846998686815279234e-01
4.080889999999987621e-06 9.846998686696188940e-01
4.085889999999988421e-06 9.846998686589605310e-01
4.090889999999988373e-06 9.846998686514887300e-01
4.095889999999986631e-06 9.846998686496211128e-01
4.100889999999986583e-06 9.846998686481965857e-01
4.105889999999987382e-06 9.846998686448461546e-01
4.110889999999987334e-06 9.846998686457135719e-01
4.115889999999987286e-06 9.846998686505998855e-01
4.120889999999987238e-06 9.846998686540017198e-01
4.125889999999987191e-06 9.846998686597648875e-01
4.130889999999987143e-06 9.846998686685520807e-01
4.135889999999987095e-06 9.846998686749620644e-01
4.140889999999987047e-06 9.846998686786497812e-01
4.145889999999986999e-06 9.846998686854464555e-01
4.150889999999986951e-06 9.846998686967408654e-01
4.155889999999986903e-06 9.846998687035982689e-01
4.160889999999986855e-06 9.846998687014275609e-01
4.165889999999986808e-06 9.846998686964495429e-01
4.170889999999986760e-06 9.846998686933136069e-01
4.175889999999986712e-06 9.846998686906346387e-01
4.180889999999986664e-06 9.846998686886796470e-01
4.185889999999986616e-06 9.846998686907975085e-01
4.190889999999987415e-06 9.846998686950779733e-01
4.195889999999987367e-06 9.846998686934683720e-01
4.200889999999985625e-06 9.846998686828372094e-01
4.205889999999985578e-06 9.846998686719861116e-01
4.210889999999986377e-06 9.846998686667298717e-01
4.215889999999986329e-06 9.846998686670301870e-01
4.220889999999986281e-06 9.846998686703067882e-01
4.225889999999986233e-06 9.846998686726780026e-01
4.230889999999986185e-06 9.846998686755611407e-01
4.235889999999986137e-06 9.846998686839587567e-01
4.240889999999986090e-06 9.846998686926888844e-01
4.245889999999986042e-06 9.846998686954816504e-01
4.250889999999985994e-06 9.846998686955563684e-01
4.255889999999985946e-06 9.846998686932768585e-01
4.260889999999985898e-06 9.846998686865556794e-01
4.265889999999985850e-06 9.846998686795919165e-01
4.270889999999985802e-06 9.846998686727781447e-01
4.275889999999985754e-06 9.846998686643488874e-01
4.280889999999985707e-06 9.846998686586139193e-01
4.285889999999985659e-06 9.846998686590497929e-01
4.290889999999985611e-06 9.846998686642459697e-01
4.295889999999986410e-06 9.846998686709881321e-01
4.300889999999986362e-06 9.846998686757668651e-01
4.305889999999984620e-06 9.846998686779270260e-01
4.310889999999985419e-06 9.846998686739877327e-01
4.315889999999985371e-06 9.846998686613602780e-01
4.320889999999985324e-06 9.846998686499154330e-01
4.325889999999985276e-06 9.846998686460279870e-01
4.330889999999985228e-06 9.846998686486569952e-01
4.335889999999985180e-06 9.846998686581666105e-01
4.340889999999985132e-06 9.846998686689227842e-01
4.345889999999985084e-06 9.846998686772312492e-01
4.350889999999985036e-06 9.846998686853134508e-01
4.355889999999984988e-06 9.846998686982876281e-01
4.360889999999984941e-06 9.846998687109768111e-01
4.365889999999984893e-06 9.846998687152985763e-01
4.370889999999984845e-06 9.846998687124693950e-01
4.375889999999984797e-06 9.846998687008462481e-01
4.380889999999984749e-06 9.846998686841116344e-01
4.385889999999984701e-06 9.846998686723216210e-01
4.390889999999984653e-06 9.846998686689190095e-01
4.395889999999984606e-06 9.846998686753239971e-01
4.400889999999985405e-06 9.846998686864354422e-01
4.405889999999985357e-06 9.846998686933817746e-01
4.410889999999983615e-06 9.846998686908735587e-01
4.415889999999984414e-06 9.846998686833365877e-01
4.420889999999984366e-06 9.846998686813522861e-01
4.425889999999984318e-06 9.846998686897641129e-01
4.430889999999984270e-06 9.846998687042471943e-01
4.435889999999984223e-06 9.846998687122707761e-01
4.440889999999984175e-06 9.846998687064981715e-01
4.445889999999984127e-06 9.846998686935642953e-01
4.450889999999984079e-06 9.846998686824914859e-01
4.455889999999984031e-06 9.846998686758546837e-01
4.460889999999983983e-06 9.846998686733455797e-01
4.465889999999983935e-06 9.846998686775260134e-01
4.470889999999983887e-06 9.846998686869534723e-01
4.475889999999983840e-06 9.846998686963093217e-01
4.480889999999983792e-06 9.846998687041019771e-01
4.485889999999983744e-06 9.846998687067740619e-01
4.490889999999983696e-06 9.846998687013278628e-01
4.495889999999983648e-06 9.846998686940897638e-01
4.500889999999983600e-06 9.846998686872737716e-01
4.505889999999984399e-06 9.846998686814192325e-01
4.510889999999984351e-06 9.846998686759220742e-01
4.515889999999982610e-06 9.846998686697598924e-01
4.520889999999983409e-06 9.846998686678553048e-01
4.525889999999983361e-06 9.846998686739659723e-01
4.530889999999983313e-06 9.846998686867652895e-01
4.535889999999983265e-06 9.846998686990788840e-01
4.540889999999983217e-06 9.846998687005945605e-01
4.545889999999983169e-06 9.846998686921606403e-01
4.550889999999983121e-06 9.846998686856412997e-01
4.555889999999983074e-06 9.846998686852717064e-01
4.560889999999983026e-06 9.846998686810010115e-01
4.565889999999982978e-06 9.846998686699549586e-01
4.570889999999982930e-06 9.846998686645640486e-01
4.575889999999982882e-06 9.846998686706515125e-01
4.580889999999982834e-06 9.846998686793299038e-01
4.585889999999982786e-06 9.846998686797372446e-01
4.590889999999982739e-06 9.846998686706514015e-01
4.595889999999982691e-06 9.846998686589517602e-01
4.600889999999982643e-06 9.846998686517687283e-01
4.605889999999982595e-06 9.846998686544956580e-01
4.610889999999983394e-06 9.846998686618765317e-01
4.615889999999981652e-06 9.846998686643572141e-01
4.620889999999981604e-06 9.846998686643960719e-01
4.625889999999982403e-06 9.846998686671913914e-01
4.630889999999982356e-06 9.846998686713263060e-01
4.635889999999982308e-06 9.846998686737236106e-01
4.640889999999982260e-06 9.846998686706263104e-01
4.645889999999982212e-06 9.846998686673325007e-01
4.650889999999982164e-06 9.846998686637346010e-01
4.655889999999982116e-06 9.846998686574585102e-01
4.660889999999982068e-06 9.846998686572823178e-01
4.665889999999982020e-06 9.846998686686604385e-01
4.670889999999981973e-06 9.846998686840788828e-01
4.675889999999981925e-06 9.846998686901546893e-01
4.680889999999981877e-06 9.846998686852158622e-01
4.685889999999981829e-06 9.846998686797001632e-01
4.690889999999981781e-06 9.846998686771234466e-01
4.695889999999981733e-06 9.846998686758426933e-01
4.700889999999981685e-06 9.846998686773271725e-01
4.705889999999981637e-06 9.846998686792779454e-01
4.710889999999981590e-06 9.846998686764476538e-01
4.715889999999982389e-06 9.846998686690900948e-01
4.720889999999980647e-06 9.846998686600220152e-01
4.725889999999980599e-06 9.846998686537701273e-01
4.730889999999981398e-06 9.846998686546086788e-01
4.735889999999981350e-06 9.846998686602327355e-01
4.740889999999981302e-06 9.846998686649597321e-01
4.745889999999981254e-06 9.846998686686186941e-01
4.750889999999981207e-06 9.846998686738911433e-01
4.755889999999981159e-06 9.846998686851574645e-01
4.760889999999981111e-06 9.846998686984559379e-01
4.765889999999981063e-06 9.846998687024544061e-01
4.770889999999981015e-06 9.846998686962379344e-01
4.775889999999980967e-06 9.846998686895791497e-01
4.780889999999980919e-06 9.846998686871600848e-01
4.785889999999980872e-06 9.846998686859967931e-01
4.790889999999980824e-06 9.846998686860449768e-01
4.795889999999980776e-06 9.846998686910496401e-01
4.800889999999980728e-06 9.846998686966674796e-01
4.805889999999980680e-06 9.846998686978405413e-01
4.810889999999980632e-06 9.846998686965439118e-01
4.815889999999980584e-06 9.846998686941424994e-01
4.820889999999981383e-06 9.846998686842168835e-01
4.825889999999979641e-06 9.846998686706373016e-01
4.830889999999979594e-06 9.846998686667293166e-01
4.835889999999980393e-06 9.846998686715975335e-01
4.840889999999980345e-06 9.846998686807562073e-01
4.845889999999980297e-06 9.846998686914407717e-01
4.850889999999980249e-06 9.846998686994513639e-01
4.855889999999980201e-06 9.846998687015763307e-01
4.860889999999980153e-06 9.846998686937309397e-01
4.865889999999980106e-06 9.846998686820034319e-01
4.870889999999980058e-06 9.846998686785651822e-01
4.875889999999980010e-06 9.846998686858154937e-01
4.880889999999979962e-06 9.846998686947388002e-01
4.885889999999979914e-06 9.846998686983908788e-01
4.890889999999979866e-06 9.846998686921922816e-01
4.895889999999979818e-06 9.846998686778339893e-01
4.900889999999979770e-06 9.846998686690831004e-01
4.905889999999979723e-06 9.846998686698572589e-01
4.910889999999979675e-06 9.846998686736079254e-01
4.915889999999979627e-06 9.846998686817586277e-01
4.920889999999979579e-06 9.846998686934149703e-01
4.925889999999980378e-06 9.846998686997758821e-01
4.930889999999978636e-06 9.846998686962029623e-01
4.935889999999978588e-06 9.846998686887548091e-01
4.940889999999979387e-06 9.846998686809970147e-01
4.945889999999979340e-06 9.846998686735090045e-01
4.950889999999979292e-06 9.846998686684954594e-01
4.955889999999979244e-06 9.846998686648578136e-01
4.960889999999979196e-06 9.846998686579374604e-01
4.965889999999979148e-06 9.846998686470436191e-01
4.970889999999979100e-06 9.846998686454287997e-01
4.975889999999979052e-06 9.846998686618313457e-01
4.980889999999979004e-06 9.846998686826455849e-01
4.985889999999978957e-06 9.846998686939257839e-01
4.990889999999978909e-06 9.846998686949345325e-01
4.995444999999989235e-06 9.846998686971292214e-01
5.000000000000000409e-06 9.846998686971650816e-01
