# freq_hz re(vout/vdiff) im(vout/vdiff) re(vdiff) im(vdiff)
1.000000000000000056e-01 7.030688103270748979e+04 2.486522752477418763e+01 1.000000000000178080e+00 6.298435710794123968e-17
1.122018454301963036e-01 7.030688623340969207e+04 1.589452800664509269e+01 1.000000000000141442e+00 3.198069512182891926e-17
1.258925411794167004e-01 7.030688910273849615e+04 7.134737670073587168e+00 1.000000000000112355e+00 1.140297764369156963e-17
1.412537544622753938e-01 7.030688979349556030e+04 -1.530379696150402813e+00 1.000000000000089262e+00 -1.942850836651556045e-18
1.584893192461112876e-01 7.030688834246603074e+04 -1.021580413040756241e+01 1.000000000000070832e+00 -1.030179304171741031e-17
1.778279410038922093e-01 7.030688467237765144e+04 -1.903678511657796335e+01 1.000000000000056399e+00 -1.524873689316860130e-17
1.995262314968878903e-01 7.030687858778546797e+04 -2.811037077570474807e+01 1.000000000000044631e+00 -1.788573687264499116e-17
2.238721138568338098e-01 7.030686976466419583e+04 -3.755696091051382979e+01 1.000000000000035527e+00 -1.898150770048572852e-17
2.511886431509577911e-01 7.030685773315271945e+04 -4.750190449714053642e+01 1.000000000000028200e+00 -1.907002601478150062e-17
2.818382931264450941e-01 7.030684185253284522e+04 -5.807716280487886706e+01 1.000000000000022427e+00 -1.852019927467456017e-17
3.162277660168377191e-01 7.030682127710957138e+04 -6.942306019025308217e+01 1.000000000000017764e+00 -1.758506657869964116e-17
3.548133892335750827e-01 7.030679491117590806e+04 -8.169014576704796582e+01 1.000000000000014211e+00 -1.643652234041056936e-17
3.981071705534969252e-01 7.030676135066467396e+04 -9.504119061348960429e+01 1.000000000000011324e+00 -1.518980265578319942e-17
4.466835921509625940e-01 7.030671880837985373e+04 -1.096533469594977390e+02 1.000000000000008882e+00 -1.392073466174114009e-17
5.011872336272716888e-01 7.030666501882692683e+04 -1.257204979224575112e+02 1.000000000000007105e+00 -1.267787179937740068e-17
5.623413251903484067e-01 7.030659711757538025e+04 -1.434558288546139124e+02 1.000000000000005551e+00 -1.149101687705493026e-17
6.309573444801924724e-01 7.030651148872978229e+04 -1.630946542580030609e+02 1.000000000000004441e+00 -1.037719529113872041e-17
7.079457843841370224e-01 7.030640357239075820e+04 -1.848975375464396791e+02 1.000000000000003553e+00 -9.344829691494502547e-18
7.943282347242804908e-01 7.030626762185542611e+04 -2.091537447244021166e+02 1.000000000000002887e+00 -8.396647245187439371e-18
8.912509381337443415e-01 7.030609639763593441e+04 -2.361850773485378454e+02 1.000000000000002220e+00 -7.531694887043465242e-18
9.999999999999985567e-01 7.030588078201057215e+04 -2.663501349796308659e+02 1.000000000000001776e+00 -6.746727742209522875e-18
1.122018454301962009e+00 7.030560929359988950e+04 -3.000490627625862317e+02 1.000000000000001332e+00 -6.037157949669299346e-18
1.258925411794165061e+00 7.030526747614399937e+04 -3.377288458288703055e+02 1.000000000000001110e+00 -5.397695982130393643e-18
1.412537544622751939e+00 7.030483712897516671e+04 -3.798892189345131101e+02 1.000000000000000888e+00 -4.822777575348874112e-18
1.584893192461110933e+00 7.030429533827475097e+04 -4.270892671517234476e+02 1.000000000000000666e+00 -4.306841826424379297e-18
1.778279410038920094e+00 7.030361325763569039e+04 -4.799548015304104638e+02 1.000000000000000666e+00 -3.844506553280340906e-18
1.995262314968875961e+00 7.030275457316417305e+04 -5.391866024160672168e+02 1.000000000000000444e+00 -3.430673260575544149e-18
2.238721138568334990e+00 7.030167357165821886e+04 -6.055696324871905745e+02 1.000000000000000444e+00 -3.060584356234890938e-18
2.511886431509574802e+00 7.030031270942365518e+04 -6.799833314266343223e+02 1.000000000000000222e+00 -2.729848422636718904e-18
2.818382931264447944e+00 7.029859955294958490e+04 -7.634131142360283775e+02 1.000000000000000222e+00 -2.434444528701693081e-18
3.162277660168371973e+00 7.029644292962194595e+04 -8.569632051646899527e+02 1.000000000000000222e+00 -2.170713180374254060e-18
3.548133892335747053e+00 7.029372808522354171e+04 -9.618709484678265653e+02 1.000000000000000222e+00 -1.935339127524330999e-18
3.981071705534962923e+00 7.029031059309429838e+04 -1.079522744844065528e+03 1.000000000000000222e+00 -1.725329578227196977e-18
4.466835921509620277e+00 7.028600869495392544e+04 -1.211471767106605967e+03 1.000000000000000000e+00 -1.537990206746808918e-18
5.011872336272709560e+00 7.028059367241556174e+04 -1.359457608476388032e+03 1.000000000000000000e+00 -1.370900530922936980e-18
5.623413251903476073e+00 7.027377774737647269e+04 -1.525428009036706044e+03 1.000000000000000000e+00 -1.221889673148103090e-18
6.309573444801915620e+00 7.026519888425122190e+04 -1.711562786313417973e+03 1.000000000000000000e+00 -1.089013132621716077e-18
7.079457843841360010e+00 7.025440171211175038e+04 -1.920300058872622003e+03 1.000000000000000000e+00 -9.705309327764691999e-19
7.943282347242792696e+00 7.024081359411303129e+04 -2.154364789078629201e+03 1.000000000000000000e+00 -8.648873297867900642e-19
8.912509381337429204e+00 7.022371463834588940e+04 -2.416799571205592201e+03 1.000000000000000000e+00 -7.706921498858077319e-19
9.999999999999969802e+00 7.020220016137702623e+04 -2.710997437818809885e+03 1.000000000000000000e+00 -6.867037465326637462e-19
1.122018454301960055e+01 7.017513377650362963e+04 -3.040736228322925854e+03 1.000000000000000000e+00 -6.118135204244545576e-19
1.258925411794163018e+01 7.014108887819797383e+04 -3.410213727919051962e+03 1.000000000000000000e+00 -5.450319169194049522e-19
1.412537544622749941e+01 7.009827583145521930e+04 -3.824082300755039796e+03 1.000000000000000000e+00 -4.854758003271401415e-19
1.584893192461107958e+01 7.004445165691807051e+04 -4.287481050959151617e+03 1.000000000000000000e+00 -4.323570983416665000e-19
1.778279410038917163e+01 6.997680845130136004e+04 -4.806062574158608186e+03 1.000000000000000000e+00 -3.849726096087384016e-19
1.995262314968872985e+01 6.989183624391650665e+04 -5.386010012280406954e+03 1.000000000000000000e+00 -3.426948709526565006e-19
2.238721138568331881e+01 6.978515555026891525e+04 -6.034038273128215224e+03 1.000000000000000000e+00 -3.049639867324642061e-19
2.511886431509570983e+01 6.965131469243686297e+04 -6.757370776307540837e+03 1.000000000000000000e+00 -2.712803302230495821e-19
2.818382931264443059e+01 6.948354725971898006e+04 -7.563679775516026893e+03 1.000000000000000000e+00 -2.411980352226093054e-19
3.162277660168367888e+01 6.927348627097260032e+04 -8.460974028810098389e+03 1.000000000000000000e+00 -2.143192048970623961e-19
3.548133892335741280e+01 6.901083426223431889e+04 -9.457412247247319101e+03 1.000000000000000000e+00 -1.902887739413840986e-19
3.981071705534957061e+01 6.868299351604910044e+04 -1.056101441014922966e+04 1.000000000000000000e+00 -1.687899692721841071e-19
4.466835921509613172e+01 6.827466914984208415e+04 -1.177923608473589047e+04 1.000000000000000000e+00 -1.495403234185054089e-19
5.011872336272701745e+01 6.776747128983684524e+04 -1.311836433250129994e+04 1.000000000000000000e+00 -1.322882031205293066e-19
5.623413251903466659e+01 6.713956276287301444e+04 -1.458268965316504909e+04 1.000000000000000000e+00 -1.168098225957826927e-19
6.309573444801905850e+01 6.636542710082163103e+04 -1.617341030327701083e+04 1.000000000000000000e+00 -1.029067151364254963e-19
7.079457843841348108e+01 6.541586848465116054e+04 -1.788723894604319139e+04 1.000000000000000000e+00 -9.040363601769816706e-20
7.943282347242779906e+01 6.425839804836684925e+04 -1.971471503136950923e+04 1.000000000000000000e+00 -7.914686109569805475e-20
8.912509381337414993e+01 6.285820163789747312e+04 -2.163828917818305126e+04 1.000000000000000000e+00 -6.900282489702266274e-20
9.999999999999954525e+01 6.117990767775910354e+04 -2.363034781821792058e+04 1.000000000000000000e+00 -5.985700998039673906e-20
1.122018454301958030e+02 5.919034685988107231e+04 -2.565148397881234996e+04 1.000000000000000000e+00 -5.161294036424057700e-20
1.258925411794160993e+02 5.686239553790815989e+04 -2.764948681573956856e+04 1.000000000000000000e+00 -4.419108803613364881e-20
1.412537544622747134e+02 5.417976709109218064e+04 -2.955965695114684058e+04 1.000000000000000000e+00 -3.752743779851619993e-20
1.584893192461105969e+02 5.114226992390613304e+04 -3.130708445245647090e+04 1.000000000000000000e+00 -3.157145133309500807e-20
1.778279410038913966e+02 4.777063603064807103e+04 -3.281134798691514879e+04 1.000000000000000000e+00 -2.628324682586220009e-20
1.995262314968869930e+02 4.410967521729272266e+04 -3.399361964237343636e+04 1.000000000000000000e+00 -2.162998168438221018e-20
2.238721138568328115e+02 4.022845391534716327e+04 -3.478543993673669320e+04 1.000000000000000000e+00 -1.758170648301228076e-20
2.511886431509566933e+02 3.621661340510807349e+04 -3.513765229476126842e+04 1.000000000000000000e+00 -1.410724760526587121e-20
2.818382931264438866e+02 3.217685398245579927e+04 -3.502752118595925276e+04 1.000000000000000000e+00 -1.117085808868499958e-20
3.162277660168363127e+02 2.821474981942513841e+04 -3.446221405826826231e+04 1.000000000000000000e+00 -8.730313741517973498e-21
3.548133892335736164e+02 2.442795356733016160e+04 -3.347769068174981658e+04 1.000000000000000000e+00 -6.736808222729462069e-21
3.981071705534951093e+02 2.089706347184838160e+04 -3.213331022194865000e+04 1.000000000000000000e+00 -5.136523581664530101e-21
4.466835921509606919e+02 1.767985100210905148e+04 -3.050359755536090961e+04 1.000000000000000000e+00 -3.873324879827241241e-21
5.011872336272695065e+02 1.480947264682436071e+04 -2.866915490546395085e+04 1.000000000000000000e+00 -2.891823132134143114e-21
5.623413251903459695e+02 1.229620838555981027e+04 -2.670853579976161927e+04 1.000000000000000000e+00 -2.140114919966626064e-21
6.309573444801897040e+02 1.013157824385306048e+04 -2.469223804555561946e+04 1.000000000000000000e+00 -1.571757203287340915e-21
7.079457843841338445e+02 8.293512248377412106e+03 -2.267918736689697835e+04 1.000000000000000000e+00 -1.146833351887758953e-21
7.943282347242768537e+02 6.751473427438792896e+03 -2.071546412477162085e+04 1.000000000000000000e+00 -8.321999575918217806e-22
8.912509381337401919e+02 5.470835095771079068e+03 -1.883469869955367903e+04 1.000000000000000000e+00 -6.011287074589485951e-22
9.999999999999939746e+02 4.416210496910363872e+03 -1.705949142274521000e+04 1.000000000000000000e+00 -4.325837900249383040e-22
1.122018454301957036e+03 3.553722262400785894e+03 -1.540330700234475080e+04 1.000000000000000000e+00 -3.103402936080329207e-22
1.258925411794158890e+03 2.852363386222496956e+03 -1.387245066637572927e+04 1.000000000000000000e+00 -2.220897168658149902e-22
1.412537544622744917e+03 2.284662910897459824e+03 -1.246788925089877011e+04 1.000000000000000000e+00 -1.586201305945782117e-22
1.584893192461102899e+03 1.826866849644766944e+03 -1.118680290248636993e+04 1.000000000000000000e+00 -1.131124902114341978e-22
1.778279410038911010e+03 1.458811592517573899e+03 -1.002383502545520059e+04 1.000000000000000000e+00 -8.056370799092647238e-23
1.995262314968865894e+03 1.163623373720550035e+03 -8.972056085896212608e+03 1.000000000000000000e+00 -5.732922923719592250e-23
2.238721138568324022e+03 9.273369933996754071e+02 -8.023679684253708729e+03 1.000000000000000000e+00 -4.076935556610388188e-23
2.511886431509562954e+03 7.384940402668573824e+02 -7.170576514172479619e+03 1.000000000000000000e+00 -2.898097670882200178e-23
2.818382931264433864e+03 5.877565550201225051e+02 -6.404630275478592921e+03 1.000000000000000000e+00 -2.059707361664924968e-23
3.162277660168357215e+03 4.675551972405070273e+02 -5.717974004613046418e+03 1.000000000000000000e+00 -1.463858605620183989e-23
3.548133892335728888e+03 3.717800889879512738e+02 -5.103138354578100916e+03 1.000000000000000000e+00 -1.040594838322445979e-23
3.981071705534944158e+03 2.955158119032577133e+02 -4.553136619935865383e+03 1.000000000000000000e+00 -7.400229460645169169e-24
4.466835921509598847e+03 2.348183045907279052e+02 -4.061505405780627825e+03 1.000000000000000000e+00 -5.266114244928302687e-24
5.011872336272685970e+03 1.865295067194329022e+02 -3.622315013258862109e+03 1.000000000000000000e+00 -3.750857851593416785e-24
5.623413251903449236e+03 1.481248958466732972e+02 -3.230159809232587122e+03 1.000000000000000000e+00 -2.674839824149600871e-24
6.309573444801885671e+03 1.175890362506921036e+02 -2.880135941012712919e+03 1.000000000000000000e+00 -1.910497924388784966e-24
7.079457843841326394e+03 9.331459193290611154e+01 -2.567811585501543959e+03 1.000000000000000000e+00 -1.367289417612077045e-24
7.943282347242755350e+03 7.402074655148548743e+01 -2.289193326252428960e+03 1.000000000000000000e+00 -9.809736240396325973e-25
8.912509381337387822e+03 5.868754246436007804e+01 -2.040691093334224888e+03 1.000000000000000000e+00 -7.059843887270185581e-25
9.999999999999923602e+03 4.650317336082849096e+01 -1.819083276518751973e+03 1.000000000000000000e+00 -5.100074292071054728e-25
1.122018454301954989e+04 3.682177250393458223e+01 -1.621483035484907987e+03 1.000000000000000000e+00 -3.701284556291768824e-25
1.258925411794156935e+04 2.912966080719333917e+01 -1.445306425100842944e+03 1.000000000000000000e+00 -2.700988736853738923e-25
1.412537544622743007e+04 2.301839918655332085e+01 -1.288242671401266080e+03 1.000000000000000000e+00 -1.983958254723336063e-25
1.584893192461100989e+04 1.816329399349483964e+01 -1.148226745657821994e+03 1.000000000000000000e+00 -1.468463587799010957e-25
1.778279410038908100e+04 1.430626882580163972e+01 -1.023414257106951027e+03 1.000000000000000000e+00 -1.096519810118913897e-25
1.995262314968862847e+04 1.124222321874028019e+01 -9.121586052840840466e+02 1.000000000000000000e+00 -8.269723857519784481e-26
2.238721138568321112e+04 8.808174879633927645e+00 -8.129902829953338141e+02 1.000000000000000000e+00 -6.305970067789262723e-26
2.511886431509559043e+04 6.874621475385903402e+00 -7.245981930986815769e+02 1.000000000000000000e+00 -4.866271767425982084e-26
2.818382931264429862e+04 5.338669637745000252e+00 -6.458128293869914387e+02 1.000000000000000000e+00 -3.802936644426554925e-26
3.162277660168351940e+04 4.118571939499484635e+00 -5.755911674725722378e+02 1.000000000000000000e+00 -3.010809822132668745e-26
3.548133892335723795e+04 3.149383754675986857e+00 -5.130031145517100413e+02 1.000000000000000000e+00 -2.414918844026473961e-26
3.981071705534937792e+04 2.379511218228937963e+00 -4.572193730321752128e+02 1.000000000000000000e+00 -1.961717787937596001e-26
4.466835921509592299e+04 1.767967783868404030e+00 -4.075005816935960183e+02 1.000000000000000000e+00 -1.612881106766867924e-26
5.011872336272677785e+04 1.282194089354754096e+00 -3.631876077925304003e+02 1.000000000000000000e+00 -1.340903778867035106e-26
5.623413251903439959e+04 8.963256606712827201e-01 -3.236928737206026199e+02 1.000000000000000000e+00 -1.125981087404807018e-26
6.309573444801875303e+04 5.898166015465799994e-01 -2.884926118071562087e+02 1.000000000000000000e+00 -9.537950677374617419e-27
7.079457843841314025e+04 3.463460857963592820e-01 -2.571199507920762812e+02 1.000000000000000000e+00 -8.139433592491936967e-27
7.943282347242740798e+04 1.529496170816083966e-01 -2.291587466153382024e+02 1.000000000000000000e+00 -6.988233096083219855e-27
8.912509381337370723e+04 -6.711198132118773637e-04 -2.042380787658163968e+02 1.000000000000000000e+00 -6.028387786249685213e-27
9.999999999999903957e+04 -1.226965117296146962e-01 -1.820273413498838977e+02 1.000000000000000000e+00 -5.218357501584800034e-27
1.122018454301953025e+05 -2.196245550426010051e-01 -1.622318653402232940e+02 1.000000000000000000e+00 -4.527002032454627750e-27
1.258925411794154934e+05 -2.966168305658445914e-01 -1.445890150057078074e+02 1.000000000000000000e+00 -3.930711203556249236e-27
1.412537544622741116e+05 -3.577733427653050913e-01 -1.288647074961808130e+02 1.000000000000000000e+00 -3.411352340755234053e-27
1.584893192461098079e+05 -4.063508181268356001e-01 -1.148503099453175054e+02 1.000000000000000000e+00 -2.954798437320959142e-27
1.778279410038905044e+05 -4.449361400999505833e-01 -1.023598733739650015e+02 1.000000000000000000e+00 -2.549868878047901929e-27
1.995262314968859137e+05 -4.755840874150669140e-01 -9.122766687950783648e+01 1.000000000000000000e+00 -2.187563940442844925e-27
2.238721138568317110e+05 -4.999267551895480999e-01 -8.130597963952267548e+01 1.000000000000000000e+00 -1.860508519321920963e-27
2.511886431509554095e+05 -5.192604674545489019e-01 -7.246316170738867868e+01 1.000000000000000000e+00 -1.562544847688164037e-27
2.818382931264425279e+05 -5.346148078549001204e-01 -6.458187767616638553e+01 1.000000000000000000e+00 -1.288431779985670965e-27
3.162277660168345901e+05 -5.468074464174015326e-01 -5.755755011439976698e+01 1.000000000000000000e+00 -1.033620163541258054e-27
3.548133892335718265e+05 -5.564876823508349002e-01 -5.129697218397124914e+01 1.000000000000000000e+00 -7.940825877754453953e-28
3.981071705534930807e+05 -5.641710225085670993e-01 -4.571707104698243995e+01 1.000000000000000000e+00 -5.661821034571095355e-28
4.466835921509583713e+05 -5.702666319096655334e-01 -4.074380569018890696e+01 1.000000000000000000e+00 -3.465687115239048175e-28
5.011872336272670073e+05 -5.750991243698273525e-01 -3.631118454861965716e+01 1.000000000000000000e+00 -1.320956639515220017e-28
5.623413251903430792e+05 -5.789258486491699607e-01 -3.236038991684831245e+01 1.000000000000000000e+00 8.025032512351784418e-29
6.309573444801864680e+05 -5.819505940947466982e-01 -2.883899753405487942e+01 1.000000000000000000e+00 2.934092262915973197e-28
7.079457843841302674e+05 -5.843344430952873703e-01 -2.570028098919125981e+01 1.000000000000000000e+00 5.103014359925073320e-28
7.943282347242728574e+05 -5.862043503196657790e-01 -2.290259173038176854e+01 1.000000000000000000e+00 7.338775919335044800e-28
8.912509381337357918e+05 -5.876599048385717783e-01 -2.040880645123885984e+01 1.000000000000000000e+00 9.671664730105863921e-28
9.999999999999889405e+05 -5.887786357056723485e-01 -1.818583452722124960e+01 1.000000000000000000e+00 1.213322652496038932e-27
1.122018454301950987e+06 -5.896201439653737664e-01 -1.620417896931164137e+01 1.000000000000000000e+00 1.475675436223753964e-27
1.258925411794153042e+06 -5.902292817982188744e-01 -1.443754507679024002e+01 1.000000000000000000e+00 1.757780585796909877e-27
1.412537544622737914e+06 -5.906385495868374802e-01 -1.286249160210778975e+01 1.000000000000000000e+00 2.063476403919045023e-27
1.584893192461095983e+06 -5.908698397368121746e-01 -1.145811980814129960e+01 1.000000000000000000e+00 2.396945969817307851e-27
1.778279410038901959e+06 -5.909356234124687468e-01 -1.020579630481194044e+01 1.000000000000000000e+00 2.762787673992139073e-27
1.995262314968856983e+06 -5.908396475956168015e-01 -9.088906005139467226e+00 1.000000000000000000e+00 3.166096719550107108e-27
2.238721138568312861e+06 -5.905771867646935069e-01 -8.092631946847765434e+00 1.000000000000000000e+00 3.612560997744288721e-27
2.511886431509550195e+06 -5.901348728867743532e-01 -7.203759088493416840e+00 1.000000000000000000e+00 4.108575760749438909e-27
2.818382931264420040e+06 -5.894901124863413111e-01 -6.410499525226835971e+00 1.000000000000000000e+00 4.661382916889965102e-27
3.162277660168340895e+06 -5.886100856986350438e-01 -5.702336865340878802e+00 1.000000000000000000e+00 5.279242579500478257e-27
3.548133892335711978e+06 -5.874503156761788913e-01 -5.069887788022348296e+00 1.000000000000000000e+00 5.971646910035249216e-27
3.981071705534923822e+06 -5.859527949527465474e-01 -4.504779053740914030e+00 1.000000000000000000e+00 6.749589301701908433e-27
4.466835921509576030e+06 -5.840436671299360505e-01 -3.999538488248251866e+00 1.000000000000000000e+00 7.625905705549026109e-27
5.011872336272660643e+06 -5.816304869415537260e-01 -3.547498677568651004e+00 1.000000000000000000e+00 8.615709172742949759e-27
5.623413251903420314e+06 -5.785991349150020335e-01 -3.142712338141381956e+00 1.000000000000000000e+00 9.736943284570015855e-27
6.309573444801853038e+06 -5.748105476673528447e-01 -2.779878516227442198e+00 1.000000000000000000e+00 1.101108407792136992e-26
7.079457843841289170e+06 -5.700975627274986746e-01 -2.454278954760802822e+00 1.000000000000000000e+00 1.246402185890381068e-26
7.943282347242713906e+06 -5.642623740796305354e-01 -2.161724087775528158e+00 1.000000000000000000e+00 1.412715086891436922e-26
8.912509381337340921e+06 -5.570753666694017170e-01 -1.898508173894674966e+00 1.000000000000000000e+00 1.603868161375025134e-26
9.999999999999871477e+06 -5.482764329497670230e-01 -1.661372984280631959e+00 1.000000000000000000e+00 1.824516090406986082e-26
1.122018454301949032e+07 -5.375802384690195890e-01 -1.447479158441570934e+00 1.000000000000000000e+00 2.080312975861979094e-26
1.258925411794150993e+07 -5.246871958214061049e-01 -1.254383742825412096e+00 1.000000000000000000e+00 2.378076097321705016e-26
1.412537544622736052e+07 -5.093019477577662713e-01 -1.080021484723592051e+00 1.000000000000000000e+00 2.725919271616336170e-26
1.584893192461092956e+07 -4.911606866924863035e-01 -9.226862253568923755e-01 1.000000000000000000e+00 3.133312238375910079e-26
1.778279410038898885e+07 -4.700673299960129170e-01 -7.810074586509642147e-01 1.000000000000000000e+00 3.611008219294439251e-26
1.995262314968853071e+07 -4.459362181980464079e-01 -6.539163369819300797e-01 1.000000000000000000e+00 4.170775639511140265e-26
2.238721138568310067e+07 -4.188357524706802781e-01 -5.405959178381150032e-01 1.000000000000000000e+00 4.824882312256685916e-26
2.511886431509545818e+07 -3.890240167774289270e-01 -4.404130658554124000e-01 1.000000000000000000e+00 5.585321009069974677e-26
2.818382931264415011e+07 -3.569654613016480238e-01 -3.528344400657538737e-01 1.000000000000000000e+00 6.462836125320292285e-26
3.162277660168335959e+07 -3.233189529620784097e-01 -2.773354734143377853e-01 1.000000000000000000e+00 7.465896948453006575e-26
3.548133892335704714e+07 -2.888929556690191247e-01 -2.133168309013042108e-01 1.000000000000000000e+00 8.599828551208863687e-26
3.981071705534917116e+07 -2.545723469167647801e-01 -1.600445059817401094e-01 1.000000000000000000e+00 9.866312363199803093e-26
4.466835921509567648e+07 -2.212302343694788065e-01 -1.166256074533803949e-01 1.000000000000000000e+00 1.126337785940279109e-25
5.011872336272651702e+07 -1.896430845761664929e-01 -8.202289330335588158e-02 1.000000000000000000e+00 1.278584129988920113e-25
5.623413251903410256e+07 -1.604260856657636070e-01 -5.510086235515652270e-02 1.000000000000000000e+00 1.442597266716402112e-25
6.309573444801841676e+07 -1.339987236805763038e-01 -3.468906469022051825e-02 1.000000000000000000e+00 1.617407448261668915e-25
7.079457843841277063e+07 -1.105814920014571018e-01 -1.964671114199304999e-02 1.000000000000000000e+00 1.801869701333825908e-25
7.943282347242699564e+07 -9.021728834745729175e-02 -8.916133620512179531e-03 1.000000000000000000e+00 1.994639359999538962e-25
8.912509381337325275e+07 -7.280750851667615320e-02 -1.558607371180305940e-03 1.000000000000000000e+00 2.194117472574044896e-25
9.999999999999853969e+07 -5.815303447951718913e-02 3.228251328881604799e-03 1.000000000000000000e+00 2.398405339264663871e-25
1.122018454301947057e+08 -4.599279737407267754e-02 6.108473242985065776e-03 1.000000000000000000e+00 2.605319486720224047e-25
1.258925411794148982e+08 -3.603575619134787716e-02 7.616424001477519606e-03 1.000000000000000000e+00 2.812512828593146801e-25
1.412537544622732997e+08 -2.798487344235352919e-02 8.171525955478467843e-03 1.000000000000000000e+00 3.017722624291459962e-25
1.584893192461090088e+08 -2.155352556034645026e-02 8.095298180527310886e-03 1.000000000000000000e+00 3.219124710496431195e-25
1.778279410038895905e+08 -1.647573501543507860e-02 7.628254132147266331e-03 1.000000000000000000e+00 3.415726996635512100e-25
1.995262314968850017e+08 -1.251184835045021995e-02 6.945347024159448900e-03 1.000000000000000000e+00 3.607700624392322809e-25
2.238721138568305969e+08 -9.451078480969030138e-03 6.169486802388777884e-03 1.000000000000000000e+00 3.796542192620327089e-25
2.511886431509541869e+08 -7.111943835024963148e-03 5.383117599460810615e-03 1.000000000000000000e+00 3.984992744913812984e-25
2.818382931264411211e+08 -5.341274803670524249e-03 4.638008932973283586e-03 1.000000000000000000e+00 4.176698666587408426e-25
3.162277660168331265e+08 -4.012224653620336673e-03 3.963411571478761899e-03 1.000000000000000000e+00 4.375661592629963446e-25
3.548133892335699797e+08 -3.021619451932197088e-03 3.372690308726015041e-03 1.000000000000000000e+00 4.585563994347563740e-25
3.981071705534911156e+08 -2.286947871647826078e-03 2.868542984025983927e-03 1.000000000000000000e+00 4.809063974733807577e-25
4.466835921509562135e+08 -1.743261440489607102e-03 2.446951631334986187e-03 1.000000000000000000e+00 5.047135381176087992e-25
5.011872336272644997e+08 -1.340199787921354064e-03 2.100054557298257091e-03 1.000000000000000000e+00 5.298506690820326191e-25
5.623413251903402805e+08 -1.039282130490048984e-03 1.818148230433242049e-03 1.000000000000000000e+00 5.559241500596235861e-25
6.309573444801833630e+08 -8.115375140606554587e-04 1.591019180312257903e-03 1.000000000000000000e+00 5.822511522091123061e-25
7.079457843841267824e+08 -6.354958150696110065e-04 1.408780024830337107e-03 1.000000000000000000e+00 6.078633414294747413e-25
7.943282347242689133e+08 -4.955291944791083598e-04 1.262353618090901073e-03 1.000000000000000000e+00 6.315456232032710238e-25
8.912509381337313652e+08 -3.805129923467434117e-04 1.143721297787997056e-03 1.000000000000000000e+00 6.519173496291026405e-25
9.999999999999840260e+08 -2.827609028248433240e-04 1.046024828232458093e-03 1.000000000000000000e+00 6.675572888754683437e-25
