# freq_hz re(vout/vdiff) im(vout/vdiff) re(vdiff) im(vdiff)
1.000000000000000056e-01 5.558461005504214700e+04 3.073638543119752597e+01 1.000000000000140776e+00 7.785617381872299398e-17
1.122018454301963036e-01 5.558461853899173002e+04 2.175201668271527211e+01 1.000000000000111910e+00 4.376629576728798965e-17
1.258925411794167004e-01 5.558462398449188186e+04 1.305628056761656985e+01 1.000000000000088818e+00 2.086698661011180864e-17
1.412537544622753938e-01 5.558462668153360573e+04 4.533791452098046904e+00 1.000000000000070610e+00 5.755748414493665055e-18
1.584893192461112876e-01 5.558462677374336636e+04 -3.928537645463122008e+00 1.000000000000055955e+00 -3.961605104237320966e-18
1.778279410038922093e-01 5.558462426603165659e+04 -1.244299549691674045e+01 1.000000000000044631e+00 -9.967017190184929105e-18
1.995262314968878903e-01 5.558461902485447354e+04 -2.112256252427882686e+01 1.000000000000035305e+00 -1.343961623302494965e-17
2.238721138568338098e-01 5.558461077110163751e+04 -3.008240982940955632e+01 1.000000000000028200e+00 -1.520382586855127108e-17
2.511886431509577911e-01 5.558459906523363316e+04 -3.944142726634295570e+01 1.000000000000022204e+00 -1.583408185423862134e-17
2.818382931264450941e-01 5.558458328387513757e+04 -4.932380081138953187e+01 1.000000000000017764e+00 -1.572884376416054981e-17
3.162277660168377191e-01 5.558456258661910397e+04 -5.986066013452091283e+01 1.000000000000013989e+00 -1.516288234831729022e-17
3.548133892335750827e-01 5.558453587127355422e+04 -7.119181819803657163e+01 1.000000000000011102e+00 -1.432419907317221857e-17
3.981071705534969252e-01 5.558450171516870614e+04 -8.346762591624501226e+01 1.000000000000008882e+00 -1.334007663046989030e-17
4.466835921509625940e-01 5.558445829939872783e+04 -9.685096641728711120e+01 1.000000000000007105e+00 -1.229544416688935946e-17
5.011872336272716888e-01 5.558440331196528132e+04 -1.115194152729470431e+02 1.000000000000005551e+00 -1.124581013729458957e-17
5.623413251903484067e-01 5.558433382466568582e+04 -1.276675952252088564e+02 1.000000000000004441e+00 -1.022635680359517030e-17
6.309573444801924724e-01 5.558424613717274042e+04 -1.455097564633913692e+02 1.000000000000003553e+00 -9.258324048091219615e-18
7.079457843841370224e-01 5.558413558000545891e+04 -1.652826164197068692e+02 1.000000000000002887e+00 -8.353480105568481741e-18
7.943282347242804908e-01 5.558399626590512344e+04 -1.872484963832117444e+02 1.000000000000002220e+00 -7.517243229198504858e-18
8.912509381337443415e-01 5.558382077638473129e+04 -2.116987960131354498e+02 1.000000000000001776e+00 -6.750853006935762011e-18
9.999999999999985567e-01 5.558359976677493978e+04 -2.389578510936900386e+02 1.000000000000001332e+00 -6.052873085359935759e-18
1.122018454301962009e+00 5.558332146875619947e+04 -2.693872246434127078e+02 1.000000000000001110e+00 -5.420224312503772928e-18
1.258925411794165061e+00 5.558297106392235582e+04 -3.033904867983728195e+02 1.000000000000000888e+00 -4.848888781641372846e-18
1.412537544622751939e+00 5.558252989507319580e+04 -3.414185447471419366e+02 1.000000000000000666e+00 -4.334383866548211862e-18
1.584893192461110933e+00 5.558197447332737647e+04 -3.839755904086334226e+02 1.000000000000000666e+00 -3.872076075314845324e-18
1.778279410038920094e+00 5.558127522832583054e+04 -4.316257404903926727e+02 1.000000000000000444e+00 -3.457383868064036947e-18
1.995262314968875961e+00 5.558039493520175165e+04 -4.850004509866579951e+02 1.000000000000000444e+00 -3.085903973739851855e-18
2.238721138568334990e+00 5.557928673491351219e+04 -5.448067959590338205e+02 1.000000000000000222e+00 -2.753485425873947964e-18
2.511886431509574802e+00 5.557789164309723856e+04 -6.118367083923693599e+02 1.000000000000000222e+00 -2.456268259501046015e-18
2.818382931264447944e+00 5.557613541569640802e+04 -6.869772887185181389e+02 1.000000000000000222e+00 -2.190698681358886938e-18
3.162277660168371973e+00 5.557392460591028794e+04 -7.712222937609022893e+02 1.000000000000000222e+00 -1.953528913510397129e-18
3.548133892335747053e+00 5.557114160478849226e+04 -8.656849246321355622e+02 1.000000000000000222e+00 -1.741807371065201006e-18
3.981071705534962923e+00 5.556763840502422681e+04 -9.716120354159007775e+02 1.000000000000000000e+00 -1.552863052598206036e-18
4.466835921509620277e+00 5.556322876163890032e+04 -1.090399883673168915e+03 1.000000000000000000e+00 -1.384286774259491923e-18
5.011872336272709560e+00 5.555767834125943773e+04 -1.223611536600524005e+03 1.000000000000000000e+00 -1.233911007824714074e-18
5.623413251903476073e+00 5.555069234992248676e+04 -1.372996029686870997e+03 1.000000000000000000e+00 -1.099789477629821065e-18
6.309573444801915620e+00 5.554190000351983326e+04 -1.540509343190869913e+03 1.000000000000000000e+00 -9.801772527390590356e-19
7.079457843841360010e+00 5.553083505022728787e+04 -1.728337208933997999e+03 1.000000000000000000e+00 -8.735117832079064391e-19
7.943282347242792696e+00 5.551691136513154197e+04 -1.938919676256834919e+03 1.000000000000000000e+00 -7.783951336786625956e-19
8.912509381337429204e+00 5.549939240817590326e+04 -2.174977238211794884e+03 1.000000000000000000e+00 -6.935775361110194966e-19
9.999999999999969802e+00 5.547735306229147682e+04 -2.439538128688348024e+03 1.000000000000000000e+00 -6.179422967080636026e-19
1.122018454301960055e+01 5.544963204552350362e+04 -2.735966122749694023e+03 1.000000000000000000e+00 -5.504920363378850073e-19
1.258925411794163018e+01 5.541477271900787309e+04 -3.067987771335227990e+03 1.000000000000000000e+00 -4.903362093469004903e-19
1.412537544622749941e+01 5.537094969857131218e+04 -3.439717431011170902e+03 1.000000000000000000e+00 -4.366798258757404167e-19
1.584893192461107958e+01 5.531587824054490193e+04 -3.855677647944235105e+03 1.000000000000000000e+00 -3.888132929253692063e-19
1.778279410038917163e+01 5.524670295184919087e+04 -4.320811343009185293e+03 1.000000000000000000e+00 -3.461032862247507787e-19
1.995262314968872985e+01 5.515986204399890266e+04 -4.840480722256428635e+03 1.000000000000000000e+00 -3.079845661854907844e-19
2.238721138568331881e+01 5.505092323688170291e+04 -5.420445785376340609e+03 1.000000000000000000e+00 -2.739526553751477168e-19
2.511886431509570983e+01 5.491438772809765214e+04 -6.066812594819632977e+03 1.000000000000000000e+00 -2.435573009839130092e-19
2.818382931264443059e+01 5.474345970259996102e+04 -6.785937980290253108e+03 1.000000000000000000e+00 -2.163966530271062010e-19
3.162277660168367888e+01 5.452978115601574973e+04 -7.584273022227420370e+03 1.000000000000000000e+00 -1.921120970623876919e-19
3.548133892335741280e+01 5.426313605110043864e+04 -8.468122556981037633e+03 1.000000000000000000e+00 -1.703836886508844032e-19
3.981071705534957061e+01 5.393113498531231744e+04 -9.443292433646129211e+03 1.000000000000000000e+00 -1.509261452775036091e-19
4.466835921509613172e+01 5.351890283295999689e+04 -1.051459120477181023e+04 1.000000000000000000e+00 -1.334853594155715917e-19
5.011872336272701745e+01 5.300880857426232251e+04 -1.168515008786520048e+04 1.000000000000000000e+00 -1.178354029550244026e-19
5.623413251903466659e+01 5.238029982490066322e+04 -1.295552742572474926e+04 1.000000000000000000e+00 -1.037759967934920035e-19
6.309573444801905850e+01 5.160993448321815231e+04 -1.432257625954169998e+04 1.000000000000000000e+00 -9.113041767652736253e-20
7.079457843841348108e+01 5.067173601408478862e+04 -1.577808262949058917e+04 1.000000000000000000e+00 -7.974380413094846259e-20
7.943282347242779906e+01 4.953803020182722685e+04 -1.730723558178883104e+04 1.000000000000000000e+00 -6.948180078426393938e-20
8.912509381337414993e+01 4.818093565464261337e+04 -1.888707392932334915e+04 1.000000000000000000e+00 -6.022944241939384269e-20
9.999999999999954525e+01 4.657465517917567195e+04 -2.048516911333664029e+04 1.000000000000000000e+00 -5.189012603377854710e-20
1.122018454301958030e+02 4.469862107047606696e+04 -2.205893217529436879e+04 1.000000000000000000e+00 -4.438445875836473773e-20
1.258925411794160993e+02 4.254135842333645269e+04 -2.355603496458711015e+04 1.000000000000000000e+00 -3.764872154512545973e-20
1.412537544622747134e+02 4.010464595667251706e+04 -2.491644343324270085e+04 1.000000000000000000e+00 -3.163268878713063252e-20
1.584893192461105969e+02 3.740722151596622280e+04 -2.607638722429502013e+04 1.000000000000000000e+00 -2.629662509094845957e-20
1.778279410038913966e+02 3.448702875432602741e+04 -2.697419324786942161e+04 1.000000000000000000e+00 -2.160748649313298045e-20
1.995262314968869930e+02 3.140099344060397925e+04 -2.755731730118927953e+04 1.000000000000000000e+00 -1.753463546241479988e-20
2.238721138568328115e+02 2.822170345097504833e+04 -2.778931414600614880e+04 1.000000000000000000e+00 -1.404567750567861067e-20
2.511886431509566933e+02 2.503112521104331972e+04 -2.765516692945182876e+04 1.000000000000000000e+00 -1.110318352056774956e-20
2.818382931264438866e+02 2.191238823962747119e+04 -2.716359528906672858e+04 1.000000000000000000e+00 -8.662963885733745880e-21
3.162277660168363127e+02 1.894132239486847175e+04 -2.634570757238591978e+04 1.000000000000000000e+00 -6.674199965379762791e-21
3.548133892335736164e+02 1.617951931473214063e+04 -2.525036919853950894e+04 1.000000000000000000e+00 -5.081240934737483720e-21
3.981071705534951093e+02 1.367016555690521091e+04 -2.393751632384452023e+04 1.000000000000000000e+00 -3.826459677765802745e-21
4.466835921509606919e+02 1.143702296104177913e+04 -2.247099602573606899e+04 1.000000000000000000e+00 -2.853385935744164106e-21
5.011872336272695065e+02 9.486102557254369458e+03 -2.091231917869819154e+04 1.000000000000000000e+00 -2.109433045016720040e-21
5.623413251903459695e+02 7.809083454886169420e+03 -1.931616040323139896e+04 1.000000000000000000e+00 -1.547805069677675937e-21
6.309573444801897040e+02 6.387438216699333680e+03 -1.772782462602292071e+04 1.000000000000000000e+00 -1.128472770142035009e-21
7.079457843841338445e+02 5.196431003761507782e+03 -1.618243847337756051e+04 1.000000000000000000e+00 -8.183332068528006000e-22
7.943282347242768537e+02 4.208479498825398878e+03 -1.470539469652326989e+04 1.000000000000000000e+00 -5.907810476976100539e-22
8.912509381337401919e+02 3.395676381296289037e+03 -1.331354503075821958e+04 1.000000000000000000e+00 -4.249361796596845093e-22
9.999999999999939746e+02 2.731482852783436101e+03 -1.201672083991257932e+04 1.000000000000000000e+00 -3.047311315259770939e-22
1.122018454301957036e+03 2.191724217032397974e+03 -1.081928782800794033e+04 1.000000000000000000e+00 -2.179999838063543906e-22
1.258925411794158890e+03 1.755057922109032916e+03 -9.721561844115298300e+03 1.000000000000000000e+00 -1.556515959662135016e-22
1.412537544622744917e+03 1.403078278456528096e+03 -8.721005355495646654e+03 1.000000000000000000e+00 -1.109647692454324004e-22
1.584893192461102899e+03 1.120193466678741061e+03 -7.813185366755279574e+03 1.000000000000000000e+00 -7.901319671097459111e-23
1.778279410038911010e+03 8.933762269600071022e+02 -6.992508310429459925e+03 1.000000000000000000e+00 -5.621118250973813891e-23
1.995262314968865894e+03 7.118581207163259705e+02 -6.252763597967539681e+03 1.000000000000000000e+00 -3.996336294588830952e-23
2.238721138568324022e+03 5.668122325002061643e+02 -5.587512007207827992e+03 1.000000000000000000e+00 -2.839957820527881861e-23
2.511886431509562954e+03 4.510505798221511782e+02 -4.990353334658733729e+03 1.000000000000000000e+00 -2.017704793015155973e-23
2.818382931264433864e+03 3.587500932628897772e+02 -4.455103004622472326e+03 1.000000000000000000e+00 -1.433440071458422865e-23
3.162277660168357215e+03 2.852126766494138224e+02 -3.975901884896417869e+03 1.000000000000000000e+00 -1.018490043424190968e-23
3.548133892335728888e+03 2.266601190702631925e+02 -3.547278247112415102e+03 1.000000000000000000e+00 -7.238876729695102647e-24
3.981071705534944158e+03 1.800617314782371921e+02 -3.164176293747526870e+03 1.000000000000000000e+00 -5.147674767626097202e-24
4.466835921509598847e+03 1.429913721339007111e+02 -2.821961933675624095e+03 1.000000000000000000e+00 -3.663326190773368658e-24
5.011872336272685970e+03 1.135099687182516988e+02 -2.516413597619458869e+03 1.000000000000000000e+00 -2.609629000559417111e-24
5.623413251903449236e+03 9.006970415339527847e+01 -2.243703661814533007e+03 1.000000000000000000e+00 -1.861463818616763103e-24
6.309573444801885671e+03 7.143631790556290184e+01 -2.000374396681457029e+03 1.000000000000000000e+00 -1.330031870764622005e-24
7.079457843841326394e+03 5.662637336110032038e+01 -1.783311146251804075e+03 1.000000000000000000e+00 -9.523368170893669523e-25
7.943282347242755350e+03 4.485678376685059732e+01 -1.589714567479662037e+03 1.000000000000000000e+00 -6.837002404330505547e-25
8.912509381337387822e+03 3.550431018189826204e+01 -1.417073132760627914e+03 1.000000000000000000e+00 -4.924413610701802157e-25
9.999999999999923602e+03 2.807313138958344823e+01 -1.263136657460433980e+03 1.000000000000000000e+00 -3.560982722493568160e-25
1.122018454301954989e+04 2.216891924694555982e+01 -1.125891306957003962e+03 1.000000000000000000e+00 -2.587457860902726009e-25
1.258925411794156935e+04 1.747814248824062844e+01 -1.003536326494352011e+03 1.000000000000000000e+00 -1.890926129258076096e-25
1.412537544622743007e+04 1.375156161001422994e+01 -8.944625943297656931e+02 1.000000000000000000e+00 -1.391319637550768085e-25
1.584893192461100989e+04 1.079107694417491992e+01 -7.972330053129992393e+02 1.000000000000000000e+00 -1.031849034420812049e-25
1.778279410038908100e+04 8.439255674376790139e+00 -7.105646312694270819e+02 1.000000000000000000e+00 -7.722229955154604340e-26
1.995262314968862847e+04 6.570995776589037440e+00 -6.333125690439302389e+02 1.000000000000000000e+00 -5.838431033696419053e-26
2.238721138568321112e+04 5.086894723119211648e+00 -5.644553656077030155e+02 1.000000000000000000e+00 -4.463990259390096757e-26
2.511886431509559043e+04 3.907974927248345054e+00 -5.030819014275384120e+02 1.000000000000000000e+00 -3.454560524449570846e-26
2.818382931264429862e+04 2.971490089871496210e+00 -4.483796101956834264e+02 1.000000000000000000e+00 -2.707457985401993872e-26
3.162277660168351940e+04 2.227591327248287012e+00 -3.996239159579976103e+02 1.000000000000000000e+00 -2.149550901945247119e-26
3.548133892335723795e+04 1.636677467356014049e+00 -3.561687737196547232e+02 1.000000000000000000e+00 -1.728677729709560049e-26
3.981071705534937792e+04 1.167289082206895978e+00 -3.174382068797352758e+02 1.000000000000000000e+00 -1.407565224173733126e-26
4.466835921509592299e+04 7.944351667705017439e-01 -2.829187422038730233e+02 1.000000000000000000e+00 -1.159517584660860943e-26
5.011872336272677785e+04 4.982634341439934889e-01 -2.521526515296365858e+02 1.000000000000000000e+00 -9.653601043547050346e-27
5.623413251903439959e+04 2.630038996424147180e-01 -2.247319170154113976e+02 1.000000000000000000e+00 -8.112715992579928546e-27
6.309573444801875303e+04 7.612954456627143984e-02 -2.002928446480285913e+02 1.000000000000000000e+00 -6.872464798825274805e-27
7.079457843841314025e+04 -7.231048235260874313e-02 -1.785112578136510137e+02 1.000000000000000000e+00 -5.860029884639255925e-27
7.943282347242740798e+04 -1.902205869704058916e-01 -1.590982095155875129e+02 1.000000000000000000e+00 -5.022076295646328208e-27
8.912509381337370723e+04 -2.838795588855875796e-01 -1.417961580494412033e+02 1.000000000000000000e+00 -4.319237062866373227e-27
9.999999999999903957e+04 -3.582748569189401211e-01 -1.263755565188953938e+02 1.000000000000000000e+00 -3.722187767504578662e-27
1.122018454301953025e+05 -4.173681600463017838e-01 -1.126318118057434958e+02 1.000000000000000000e+00 -3.208848102546790909e-27
1.258925411794154934e+05 -4.643063141914153258e-01 -1.003825732293906015e+02 1.000000000000000000e+00 -2.762383244155217110e-27
1.412537544622741116e+05 -5.015888900717884180e-01 -8.946531531813718630e+01 1.000000000000000000e+00 -2.369772867869386957e-27
1.584893192461098079e+05 -5.312012856515194725e-01 -7.973518294817456820e+01 1.000000000000000000e+00 -2.020783475392195077e-27
1.778279410038905044e+05 -5.547204461986845470e-01 -7.106307043985300709e+01 1.000000000000000000e+00 -1.707227285888456152e-27
1.995262314968859137e+05 -5.733988393809879014e-01 -6.333390927519300106e+01 1.000000000000000000e+00 -1.422425128822420991e-27
2.238721138568317110e+05 -5.882311486656159882e-01 -5.644514183135583352e+01 1.000000000000000000e+00 -1.160814315193300971e-27
2.511886431509554095e+05 -6.000072437429222472e-01 -5.030536094409430348e+01 1.000000000000000000e+00 -9.176599643397132897e-28
2.818382931264425279e+05 -6.093542410006909105e-01 -4.483309729720689774e+01 1.000000000000000000e+00 -6.888399745201381664e-28
3.162277660168345901e+05 -6.167699009938067967e-01 -3.995573860362932095e+01 1.000000000000000000e+00 -4.706823985369756982e-28
3.548133892335718265e+05 -6.226491344504810899e-01 -3.560856623917081265e+01 1.000000000000000000e+00 -2.598401296194798940e-28
3.981071705534930807e+05 -6.273050331440087612e-01 -3.173389658483365139e+01 1.000000000000000000e+00 -5.319201249616551434e-29
4.466835921509583713e+05 -6.309855432356331617e-01 -2.828031568463995171e+01 1.000000000000000000e+00 1.522375420874551906e-28
5.011872336272670073e+05 -6.338866699879234234e-01 -2.520199708037549868e+01 1.000000000000000000e+00 3.593461669508665989e-28
5.623413251903430792e+05 -6.361629167734205170e-01 -2.245809378079302832e+01 1.000000000000000000e+00 5.710126799233107608e-28
6.309573444801864680e+05 -6.379355144525619137e-01 -2.001219629466077876e+01 1.000000000000000000e+00 7.901510038765869402e-28
7.079457843841302674e+05 -6.392988802745337429e-01 -1.783184955363937974e+01 1.000000000000000000e+00 1.019761492863523948e-27
7.943282347242728574e+05 -6.403256502251796212e-01 -1.588812231480894077e+01 1.000000000000000000e+00 1.262981873795377938e-27
8.912509381337357918e+05 -6.410705535425865742e-01 -1.415522333226160079e+01 1.000000000000000000e+00 1.523139764407905002e-27
9.999999999999889405e+05 -6.415733386937709781e-01 -1.261015922818769930e+01 1.000000000000000000e+00 1.803808829983727851e-27
1.122018454301950987e+06 -6.418609065755279675e-01 -1.123242951554492919e+01 1.000000000000000000e+00 2.108870654781595986e-27
1.258925411794153042e+06 -6.419487703120555500e-01 -1.000375475831570959e+01 1.000000000000000000e+00 2.442584910871540102e-27
1.412537544622737914e+06 -6.418419238319396092e-01 -8.907834274599860436e+00 1.000000000000000000e+00 2.809670838284206992e-27
1.584893192461095983e+06 -6.415351748242469343e-01 -7.930130198794675067e+00 1.000000000000000000e+00 3.215403985313259945e-27
1.778279410038901959e+06 -6.410129739552525852e-01 -7.057675080564957959e+00 1.000000000000000000e+00 3.665733267408782000e-27
1.995262314968856983e+06 -6.402487525538493873e-01 -6.278900519138633562e+00 1.000000000000000000e+00 4.167425014197740346e-27
2.238721138568312861e+06 -6.392037685998095409e-01 -5.583484640970129753e+00 1.000000000000000000e+00 4.728242770949156735e-27
2.511886431509550195e+06 -6.378254511377344782e-01 -4.962216493230861225e+00 1.000000000000000000e+00 5.357174385811701219e-27
2.818382931264420040e+06 -6.360452370182348991e-01 -4.406875694236093821e+00 1.000000000000000000e+00 6.064721335033297864e-27
3.162277660168340895e+06 -6.337759081072059653e-01 -3.910125918980972948e+00 1.000000000000000000e+00 6.863269445637473733e-27
3.548133892335711978e+06 -6.309084751545723790e-01 -3.465421036013709877e+00 1.000000000000000000e+00 7.767564914680777220e-27
3.981071705534923822e+06 -6.273087204126391869e-01 -3.066922923551618219e+00 1.000000000000000000e+00 8.795324269032622549e-27
4.466835921509576030e+06 -6.228136261953248765e-01 -2.709430205791855784e+00 1.000000000000000000e+00 9.968010700680759504e-27
5.011872336272660643e+06 -6.172280860142598247e-01 -2.388317309230167051e+00 1.000000000000000000e+00 1.131180966485033008e-26
5.623413251903420314e+06 -6.103225412697560470e-01 -2.099483349646217967e+00 1.000000000000000000e+00 1.285883036513576039e-26
6.309573444801853038e+06 -6.018325128711882188e-01 -1.839310360983877901e+00 1.000000000000000000e+00 1.464854098513053972e-26
7.079457843841289170e+06 -5.914613834819949512e-01 -1.604630193439988917e+00 1.000000000000000000e+00 1.672940642682162902e-26
7.943282347242713906e+06 -5.788881757780677262e-01 -1.392698965562316982e+00 1.000000000000000000e+00 1.916062875230432858e-26
8.912509381337340921e+06 -5.637823264295627190e-01 -1.201177162214855931e+00 1.000000000000000000e+00 2.201378476780087017e-26
9.999999999999871477e+06 -5.458273413379678418e-01 -1.028112300939020951e+00 1.000000000000000000e+00 2.537401266841280134e-26
1.122018454301949032e+07 -5.247544151958000169e-01 -8.719196673175950707e-01 1.000000000000000000e+00 2.934023976575364725e-26
1.258925411794150993e+07 -5.003852701621033239e-01 -7.313553109037947975e-01 1.000000000000000000e+00 3.402381705727935878e-26
1.412537544622736052e+07 -4.726804848118276725e-01 -6.054750116265648074e-01 1.000000000000000000e+00 3.954492415543038752e-26
1.584893192461092956e+07 -4.417858129479056983e-01 -4.935742050341325182e-01 1.000000000000000000e+00 4.602634370515282818e-26
1.778279410038898885e+07 -4.080655874768140956e-01 -3.951076764086304260e-01 1.000000000000000000e+00 5.358476328120204571e-26
1.995262314968853071e+07 -3.721111461875115101e-01 -3.095941202564059247e-01 1.000000000000000000e+00 6.232060802330195904e-26
2.238721138568310067e+07 -3.347151431275433020e-01 -2.365178218340343030e-01 1.000000000000000000e+00 7.230829701248447726e-26
2.511886431509545818e+07 -2.968101398743733244e-01 -1.752447371596216052e-01 1.000000000000000000e+00 8.358931349432032051e-26
2.818382931264415011e+07 -2.593800539659307236e-01 -1.249699886110410968e-01 1.000000000000000000e+00 9.617013554698564941e-26
3.162277660168335959e+07 -2.233617932775195103e-01 -8.470710098973388558e-02 1.000000000000000000e+00 1.100257348392844955e-25
3.548133892335704714e+07 -1.895575872956674901e-01 -5.331833544080812060e-02 1.000000000000000000e+00 1.251073891818126938e-25
3.981071705534917116e+07 -1.585745833689846951e-01 -2.957485354921177145e-02 1.000000000000000000e+00 1.413517951359118005e-25
4.466835921509567648e+07 -1.307992823290509976e-01 -1.222952532475963042e-02 1.000000000000000000e+00 1.586877894855422072e-25
5.011872336272651702e+07 -1.064045947087862987e-01 -8.559609807013167154e-05 1.000000000000000000e+00 1.770378340607982912e-25
5.623413251903410256e+07 -8.538046478207937662e-02 7.950399984035459375e-03 1.000000000000000000e+00 1.963135442082688065e-25
6.309573444801841676e+07 -6.757662021800317498e-02 1.283627415762422959e-02 1.000000000000000000e+00 2.164071633794461031e-25
7.079457843841277063e+07 -5.274731387519342868e-02 1.538140646010663012e-02 1.000000000000000000e+00 2.371830817755403067e-25
7.943282347242699564e+07 -4.059114981502016939e-02 1.624918476068904979e-02 1.000000000000000000e+00 2.584745512182004227e-25
8.912509381337325275e+07 -3.078258682176188837e-02 1.596917042250841148e-02 1.000000000000000000e+00 2.800902757620262122e-25
9.999999999999853969e+07 -2.299451729268725889e-02 1.495398973788441069e-02 1.000000000000000000e+00 3.018334486373215839e-25
1.122018454301947057e+08 -1.691309007050872948e-02 1.351725636355624073e-02 1.000000000000000000e+00 3.235322476045377202e-25
1.258925411794148982e+08 -1.224672925879129008e-02 1.189034297634788961e-02 1.000000000000000000e+00 3.450764784433367961e-25
1.412537544622732997e+08 -8.731314927215677937e-03 1.023713986571242983e-02 1.000000000000000000e+00 3.664513010871114828e-25
1.584893192461090088e+08 -6.133020543200139695e-03 8.666835547288040745e-03 1.000000000000000000e+00 3.877574725368183116e-25
1.778279410038895905e+08 -4.249652901393030126e-03 7.245152161586975934e-03 1.000000000000000000e+00 4.092094529187652834e-25
1.995262314968850017e+08 -2.910789984274827873e-03 6.004440046665077829e-03 1.000000000000000000e+00 4.311077340485174438e-25
2.238721138568305969e+08 -1.976731332281809073e-03 4.952775826369181823e-03 1.000000000000000000e+00 4.537879405051837709e-25
2.511886431509541869e+08 -1.336278024190938087e-03 4.081944264166042016e-03 1.000000000000000000e+00 4.775541393139163020e-25
2.818382931264411211e+08 -9.035273381320376666e-04 3.374070643478649118e-03 1.000000000000000000e+00 5.026058411082372770e-25
3.162277660168331265e+08 -6.140422318279582792e-04 2.806734722790108980e-03 1.000000000000000000e+00 5.289676269857143733e-25
3.548133892335699797e+08 -4.208311081102468119e-04 2.356566396151170070e-03 1.000000000000000000e+00 5.564287588997020382e-25
3.981071705534911156e+08 -2.905287105385398103e-04 2.001496756218720200e-03 1.000000000000000000e+00 5.844992461323803211e-25
4.466835921509562135e+08 -2.000468212010081024e-04 1.721948770437204106e-03 1.000000000000000000e+00 6.123894232274265331e-25
5.011872336272644997e+08 -1.338225722896393911e-04 1.501282301874083073e-03 1.000000000000000000e+00 6.390215270432024180e-25
5.623413251903402805e+08 -8.167507210816326484e-05 1.325777170369556992e-03 1.000000000000000000e+00 6.630821653012530909e-25
6.309573444801833630e+08 -3.720466692619462724e-05 1.184375011806423992e-03 1.000000000000000000e+00 6.831215220371548988e-25
7.079457843841267824e+08 3.368026644704040941e-06 1.068330429562217975e-03 1.000000000000000000e+00 6.976968870480669453e-25
7.943282347242689133e+08 4.203354924547026740e-05 9.708588960498562830e-04 1.000000000000000000e+00 7.055451418414866814e-25
8.912509381337313652e+08 7.959335477800548475e-05 8.868197818785037356e-04 1.000000000000000000e+00 7.057550940143084931e-25
9.999999999999840260e+08 1.161023622886239942e-04 8.124403135349088584e-04 1.000000000000000000e+00 6.979026089604523282e-25
