# freq_hz re(vout/vdiff) im(vout/vdiff) re(vdiff) im(vdiff)
1.000000000000000056e-01 5.901938892384180508e+04 2.516481787713638951e+01 1.000000000000149436e+00 6.374322833570589356e-17
1.122018454301963036e-01 5.901939467133534345e+04 1.714805985873091032e+01 1.000000000000118794e+00 3.450287256377634148e-17
1.258925411794167004e-01 5.901939816967334627e+04 9.358844280207117450e+00 1.000000000000094369e+00 1.495761961200407078e-17
1.412537544622753938e-01 5.901939960515427083e+04 1.693813903930970310e+00 1.000000000000074829e+00 2.150334172230785013e-18
1.584893192461112876e-01 5.901939905422243464e+04 -5.948740763049282343e+00 1.000000000000059508e+00 -5.998812763225573879e-18
1.778279410038922093e-01 5.901939648753880465e+04 -1.367023099541464681e+01 1.000000000000047296e+00 -1.095005036024071999e-17
1.995262314968878903e-01 5.901939176841867447e+04 -2.157311542130992876e+01 1.000000000000037526e+00 -1.372628874357045044e-17
2.238721138568338098e-01 5.901938464555284008e+04 -2.976225948296305646e+01 1.000000000000029754e+00 -1.504202001102585035e-17
2.511886431509577911e-01 5.901937473962453805e+04 -3.834632681298118229e+01 1.000000000000023759e+00 -1.539444486801864008e-17
2.818382931264450941e-01 5.901936152311020851e+04 -4.743922097405283012e+01 1.000000000000018874e+00 -1.512787098161467960e-17
3.162277660168377191e-01 5.901934429218719742e+04 -5.716159667370540376e+01 1.000000000000014877e+00 -1.447920158686638077e-17
3.548133892335750827e-01 5.901932212925401836e+04 -6.764246048095982644e+01 1.000000000000011768e+00 -1.361004809627185963e-17
3.981071705534969252e-01 5.901929385406629444e+04 -7.902088224951367579e+01 1.000000000000009326e+00 -1.262938310578962991e-17
4.466835921509625940e-01 5.901925796088728384e+04 -9.144783990692826592e+01 1.000000000000007550e+00 -1.160950531901814074e-17
5.011872336272716888e-01 5.901921253830618662e+04 -1.050882220187784526e+02 1.000000000000005995e+00 -1.059727751994582957e-17
5.623413251903484067e-01 5.901915516745537025e+04 -1.201230146016364841e+02 1.000000000000004663e+00 -9.622025115299161334e-18
6.309573444801924724e-01 5.901908279320778092e+04 -1.367517010630485856e+02 1.000000000000003775e+00 -8.701076775722379112e-18
7.079457843841370224e-01 5.901899156149768532e+04 -1.551949069173364819e+02 1.000000000000002887e+00 -7.843641367420541248e-18
7.943282347242804908e-01 5.901887661410467263e+04 -1.756973240929734459e+02 1.000000000000002442e+00 -7.053512020101071597e-18
8.912509381337443415e-01 5.901873182997943513e+04 -1.985309532426978762e+02 1.000000000000001776e+00 -6.330944284917841283e-18
9.999999999999985567e-01 5.901854949934403703e+04 -2.239987065253518210e+02 1.000000000000001554e+00 -5.673953526837164689e-18
1.122018454301962009e+00 5.901831991322719114e+04 -2.524384178830148926e+02 1.000000000000001110e+00 -5.079204672576597316e-18
1.258925411794165061e+00 5.901803084659871820e+04 -2.842273129212666731e+02 1.000000000000000888e+00 -4.542616493214040189e-18
1.412537544622751939e+00 5.901766690761577047e+04 -3.197869961429538535e+02 1.000000000000000666e+00 -4.059766577812135692e-18
1.584893192461110933e+00 5.901720871838477615e+04 -3.595890195066537558e+02 1.000000000000000666e+00 -3.626157689199885628e-18
1.778279410038920094e+00 5.901663188370499120e+04 -4.041611030852146769e+02 1.000000000000000444e+00 -3.237388198005194900e-18
1.995262314968875961e+00 5.901590569302446966e+04 -4.540940859682561950e+02 1.000000000000000444e+00 -2.889256580866782897e-18
2.238721138568334990e+00 5.901499148671696457e+04 -5.100496934288047441e+02 1.000000000000000222e+00 -2.577820996807523078e-18
2.511886431509574802e+00 5.901384060005127685e+04 -5.727692146451921644e+02 1.000000000000000222e+00 -2.299428627416455017e-18
2.818382931264447944e+00 5.901239177595141518e+04 -6.430831937376291307e+02 1.000000000000000222e+00 -2.050725007149130842e-18
3.162277660168371973e+00 5.901056790970231668e+04 -7.219222452240699113e+02 1.000000000000000222e+00 -1.828650431608114966e-18
3.548133892335747053e+00 5.900827195372655842e+04 -8.103291127229025506e+02 1.000000000000000222e+00 -1.630428326321434083e-18
3.981071705534962923e+00 5.900538176669194218e+04 -9.094720960741393583e+02 1.000000000000000000e+00 -1.453548911984808917e-18
4.466835921509620277e+00 5.900174363636282214e+04 -1.020659975891805857e+03 1.000000000000000000e+00 -1.295750420371556089e-18
5.011872336272709560e+00 5.899716413714829105e+04 -1.145358564250090012e+03 1.000000000000000000e+00 -1.154999360972832966e-18
5.623413251903476073e+00 5.899139989805132063e+04 -1.285209003355347022e+03 1.000000000000000000e+00 -1.029470814958075066e-18
6.309573444801915620e+00 5.898414475087494793e+04 -1.442047917231250040e+03 1.000000000000000000e+00 -9.175293717425878623e-19
7.079457843841360010e+00 5.897501359762639913e+04 -1.617929489746082027e+03 1.000000000000000000e+00 -8.177110759474699365e-19
7.943282347242792696e+00 5.896352217492438649e+04 -1.815149488795387015e+03 1.000000000000000000e+00 -7.287065847046651248e-19
8.912509381337429204e+00 5.894906169617774867e+04 -2.036271171340503997e+03 1.000000000000000000e+00 -6.493456230336541787e-19
9.999999999999969802e+00 5.893086711339117028e+04 -2.284152873609085873e+03 1.000000000000000000e+00 -5.785827514499352916e-19
1.122018454301960055e+01 5.890797745408176706e+04 -2.561976896074716933e+03 1.000000000000000000e+00 -5.154844131437144024e-19
1.258925411794163018e+01 5.887918635084498237e+04 -2.873279007648195147e+03 1.000000000000000000e+00 -4.592171996285138931e-19
1.412537544622749941e+01 5.884298049101069773e+04 -3.221977482087054796e+03 1.000000000000000000e+00 -4.090372578527127182e-19
1.584893192461107958e+01 5.879746327785211179e+04 -3.612399993803293000e+03 1.000000000000000000e+00 -3.642807543136705105e-19
1.778279410038917163e+01 5.874026053157498245e+04 -4.049305876206289213e+03 1.000000000000000000e+00 -3.243553098870782185e-19
1.995262314968872985e+01 5.866840460739869741e+04 -4.537900100773708800e+03 1.000000000000000000e+00 -2.887323209400396975e-19
2.238721138568331881e+01 5.857819294323911163e+04 -5.083833765436135764e+03 1.000000000000000000e+00 -2.569400865154883047e-19
2.511886431509570983e+01 5.846501689858017926e+04 -5.693183762502728314e+03 1.000000000000000000e+00 -2.285576670776196970e-19
2.818382931264443059e+01 5.832315701918549894e+04 -6.372401492208925447e+03 1.000000000000000000e+00 -2.032094069195359062e-19
3.162277660168367888e+01 5.814554189062127261e+04 -7.128216868504345257e+03 1.000000000000000000e+00 -1.805600594892057049e-19
3.548133892335741280e+01 5.792347002881777735e+04 -7.967479351078182845e+03 1.000000000000000000e+00 -1.603104623483064074e-19
3.981071705534957061e+01 5.764629852511434001e+04 -8.896912390049084934e+03 1.000000000000000000e+00 -1.421937160494634987e-19
4.466835921509613172e+01 5.730110941387685307e+04 -9.922751829096903748e+03 1.000000000000000000e+00 -1.259718286707173062e-19
5.011872336272701745e+01 5.687237622993120749e+04 -1.105023334310643077e+04 1.000000000000000000e+00 -1.114327946993537032e-19
5.623413251903466659e+01 5.634167038904455694e+04 -1.228289062548754919e+04 1.000000000000000000e+00 -9.838808272673805682e-20
6.309573444801905850e+01 5.568747106682320737e+04 -1.362162785568083018e+04 1.000000000000000000e+00 -8.667050983179405962e-20
7.079457843841348108e+01 5.488517338240923709e+04 -1.506354183028020998e+04 1.000000000000000000e+00 -7.613247975368873283e-20
7.943282347242779906e+01 5.390742569849602296e+04 -1.660049788328514114e+04 1.000000000000000000e+00 -6.664455439465262196e-20
8.912509381337414993e+01 5.272496089417792246e+04 -1.821751754207556951e+04 1.000000000000000000e+00 -5.809431075712082438e-20
9.999999999999954525e+01 5.130810443797446351e+04 -1.989112183593530062e+04 1.000000000000000000e+00 -5.038540543919138229e-20
1.122018454301958030e+02 4.962912071074671985e+04 -2.158789283798282850e+04 1.000000000000000000e+00 -4.343672610691786115e-20
1.258925411794160993e+02 4.766546747851266264e+04 -2.326365244403554971e+04 1.000000000000000000e+00 -3.718145940447195768e-20
1.412537544622747134e+02 4.540383895292944362e+04 -2.486377224131151161e+04 1.000000000000000000e+00 -3.156586471856179928e-20
1.584893192461105969e+02 4.284458160362552735e+04 -2.632514664794269993e+04 1.000000000000000000e+00 -2.654753281262233129e-20
1.778279410038913966e+02 4.000571965850005654e+04 -2.758020574226539975e+04 1.000000000000000000e+00 -2.209297807332628954e-20
1.995262314968869930e+02 3.692553880505663255e+04 -2.856293798380449880e+04 1.000000000000000000e+00 -1.817456011021494871e-20
2.238721138568328115e+02 3.366264020801308652e+04 -2.921628313580448958e+04 1.000000000000000000e+00 -1.476696933594182040e-20
2.511886431509566933e+02 3.029274105971641984e+04 -2.949961108211180908e+04 1.000000000000000000e+00 -1.184375644972581063e-20
2.818382931264438866e+02 2.690227259502307061e+04 -2.939461909941878912e+04 1.000000000000000000e+00 -9.374530722402598837e-21
3.162277660168363127e+02 2.357978405475572072e+04 -2.890813843756978167e+04 1.000000000000000000e+00 -7.323396597684312063e-21
3.548133892335736164e+02 2.040689657868546055e+04 -2.807107596954358087e+04 1.000000000000000000e+00 -5.648914395399773706e-21
3.981071705534951093e+02 1.745070928152035049e+04 -2.693378762047996861e+04 1.000000000000000000e+00 -4.305468015666974283e-21
4.466835921509606919e+02 1.475905861542011007e+04 -2.555911626744442037e+04 1.000000000000000000e+00 -3.245563966983112875e-21
5.011872336272695065e+02 1.235912284612219992e+04 -2.401476709828637104e+04 1.000000000000000000e+00 -2.422421221696545093e-21
5.623413251903459695e+02 1.025896266384448063e+04 -2.236653196806304913e+04 1.000000000000000000e+00 -1.792271716549061985e-21
6.309573444801897040e+02 8.451022330027682983e+03 -2.067331264448490037e+04 1.000000000000000000e+00 -1.316006305868846083e-21
7.079457843841338445e+02 6.916481180367659363e+03 -1.898423496023562984e+04 1.000000000000000000e+00 -9.600519710429798908e-22
7.943282347242768537e+02 5.629541274879960838e+03 -1.733763336717962011e+04 1.000000000000000000e+00 -6.965609282502725546e-22
8.912509381337401919e+02 4.561075841801902243e+03 -1.576141894118275923e+04 1.000000000000000000e+00 -5.030947230401763892e-22
9.999999999999939746e+02 3.681394870597176123e+03 -1.427429069842831996e+04 1.000000000000000000e+00 -3.620063300497599063e-22
1.122018454301957036e+03 2.962123270204590881e+03 -1.288733243846681034e+04 1.000000000000000000e+00 -2.596925860340509941e-22
1.258925411794158890e+03 2.377321624861152941e+03 -1.160566992536401085e+04 1.000000000000000000e+00 -1.858388430194441914e-22
1.412537544622744917e+03 1.904029169194951919e+03 -1.042999339851709919e+04 1.000000000000000000e+00 -1.327284218089185943e-22
1.584893192461102899e+03 1.522405282846551927e+03 -9.357852097963937922e+03 1.000000000000000000e+00 -9.465092299566479566e-23
1.778279410038911010e+03 1.215616979142060018e+03 -8.384695444810313347e+03 1.000000000000000000e+00 -6.741772674026323869e-23
1.995262314968865894e+03 9.695833302558172591e+02 -7.504674869506634423e+03 1.000000000000000000e+00 -4.797820595378601761e-23
2.238721138568324022e+03 7.726542250921879713e+02 -6.711238837148962375e+03 1.000000000000000000e+00 -3.412319248347563078e-23
2.511886431509562954e+03 6.152731185131100347e+02 -5.997559466446838996e+03 1.000000000000000000e+00 -2.426017360021280092e-23
2.818382931264433864e+03 4.896534737877030921e+02 -5.356827592009930413e+03 1.000000000000000000e+00 -1.724534944797685866e-23
3.162277660168357215e+03 3.894844825438563021e+02 -4.782448395441262619e+03 1.000000000000000000e+00 -1.225959296567342044e-23
3.548133892335728888e+03 3.096727542100524033e+02 -4.268163868744198226e+03 1.000000000000000000e+00 -8.717649405747300321e-24
3.981071705534944158e+03 2.461210246446262033e+02 -3.808122768210209870e+03 1.000000000000000000e+00 -6.202132052100421030e-24
4.466835921509598847e+03 1.955419587980287872e+02 -3.396913768770857132e+03 1.000000000000000000e+00 -4.415806448040990302e-24
5.011872336272685970e+03 1.553034968155616014e+02 -3.029573523376519915e+03 1.000000000000000000e+00 -3.147245401810450135e-24
5.623413251903449236e+03 1.233016978378611981e+02 -2.701578149462182864e+03 1.000000000000000000e+00 -2.246192791090616013e-24
6.309573444801885671e+03 9.785695758250896858e+01 -2.408824260770029014e+03 1.000000000000000000e+00 -1.605939546013143984e-24
7.079457843841326394e+03 7.762980901903910080e+01 -2.147603847158687131e+03 1.000000000000000000e+00 -1.150742982075758008e-24
7.943282347242755350e+03 6.155291399176680045e+01 -1.914575983127366044e+03 1.000000000000000000e+00 -8.268615012630388428e-25
8.912509381337387822e+03 4.877633098547733681e+01 -1.706737382994030895e+03 1.000000000000000000e+00 -5.961742711946856408e-25
9.999999999999923602e+03 3.862358335470141668e+01 -1.521393136248145083e+03 1.000000000000000000e+00 -4.316453637861227194e-25
1.122018454301954989e+04 3.055647774870566025e+01 -1.356128468930977988e+03 1.000000000000000000e+00 -3.141018460890000809e-25
1.258925411794156935e+04 2.414697507155428013e+01 -1.208782041080135969e+03 1.000000000000000000e+00 -2.299466953769994944e-25
1.412537544622743007e+04 1.905473345728477952e+01 -1.077421055565512006e+03 1.000000000000000000e+00 -1.695361385629442933e-25
1.584893192461100989e+04 1.500919566842697961e+01 -9.603182980963713362e+02 1.000000000000000000e+00 -1.260288481687858991e-25
1.778279410038908100e+04 1.179531542985658987e+01 -8.559311230891070181e+02 1.000000000000000000e+00 -9.457002780139361022e-26
1.995262314968862847e+04 9.242190063441963588e+00 -7.628823337477901987e+02 1.000000000000000000e+00 -7.171306314093461789e-26
2.238721138568321112e+04 7.214013129769684340e+00 -6.799428640697905166e+02 1.000000000000000000e+00 -5.500963016248892371e-26
2.511886431509559043e+04 5.602875575622610960e+00 -6.060161477285125784e+02 1.000000000000000000e+00 -4.271922153244470752e-26
2.818382931264429862e+04 4.323040895962978247e+00 -5.401240472566533981e+02 1.000000000000000000e+00 -3.360330936813202839e-26
3.162277660168351940e+04 3.306392566505492070e+00 -4.813942148394460219e+02 1.000000000000000000e+00 -2.677948145599428087e-26
3.548133892335723795e+04 2.498815187060801968e+00 -4.290487575396263082e+02 1.000000000000000000e+00 -2.161807126575004990e-26
3.981071705534937792e+04 1.857318027892709056e+00 -3.823940856311343737e+02 1.000000000000000000e+00 -1.766889337386789133e-26
4.466835921509592299e+04 1.347748895343426900e+00 -3.408118298873762910e+02 1.000000000000000000e+00 -1.460930697219143984e-26
5.011872336272677785e+04 9.429776207936235721e-01 -3.037507216316350878e+02 1.000000000000000000e+00 -1.220739024475220033e-26
5.623413251903439959e+04 6.214525918355521261e-01 -2.707193383078325724e+02 1.000000000000000000e+00 -1.029581949321000981e-26
6.309573444801875303e+04 3.660539142919512767e-01 -2.412796254424468998e+02 1.000000000000000000e+00 -8.753333870819805709e-27
7.079457843841314025e+04 1.631822431801031037e-01 -2.150411142811285004e+02 1.000000000000000000e+00 -7.491575029686874275e-27
7.943282347242740798e+04 2.034917779061300083e-03 -1.916557619791398110e+02 1.000000000000000000e+00 -6.445736462749781115e-27
8.912509381337370723e+04 -1.259691225211528876e-01 -1.708133485095918047e+02 1.000000000000000000e+00 -5.567913433959930054e-27
9.999999999999903957e+04 -2.276461699942320116e-01 -1.522373709966919080e+02 1.000000000000000000e+00 -4.822368089727640674e-27
1.122018454301953025e+05 -3.084106465008567000e-01 -1.356813823046018115e+02 1.000000000000000000e+00 -4.182153112829169090e-27
1.258925411794154934e+05 -3.725633984191276116e-01 -1.209257262400896025e+02 1.000000000000000000e+00 -3.626699514713036780e-27
1.412537544622741116e+05 -4.235206956461329275e-01 -1.077746266681944007e+02 1.000000000000000000e+00 -3.140089091821763079e-27
1.584893192461098079e+05 -4.639961365958436001e-01 -9.605359238617030826e+01 1.000000000000000000e+00 -2.709813373792766040e-27
1.778279410038905044e+05 -4.961451476761368773e-01 -8.560710364804525341e+01 1.000000000000000000e+00 -2.325878607084541022e-27
1.995262314968859137e+05 -5.216797555592097568e-01 -7.629654986468078448e+01 1.000000000000000000e+00 -1.980156959212744012e-27
2.238721138568317110e+05 -5.419597565578124776e-01 -6.799839129576250230e+01 1.000000000000000000e+00 -1.665913195537572901e-27
2.511886431509554095e+05 -5.580651239241841699e-01 -6.060252041733640738e+01 1.000000000000000000e+00 -1.377456597039358077e-27
2.818382931264425279e+05 -5.708535216312490279e-01 -5.401080135706285290e+01 1.000000000000000000e+00 -1.109882174741927960e-27
3.162277660168345901e+05 -5.810059747983949974e-01 -4.813576802789287257e+01 1.000000000000000000e+00 -8.588757926466190114e-28
3.548133892335718265e+05 -5.890631367375348537e-01 -4.289946374969166243e+01 1.000000000000000000e+00 -6.205649096930473748e-28
3.981071705534930807e+05 -5.954540797338024882e-01 -3.823240698462998211e+01 1.000000000000000000e+00 -3.914019414439917889e-28
4.466835921509583713e+05 -6.005191455097956821e-01 -3.407266948855089339e+01 1.000000000000000000e+00 -1.680707211004455012e-28
5.011872336272670073e+05 -6.045280685485999728e-01 -3.036505464622495865e+01 1.000000000000000000e+00 5.259063655110338933e-29
5.623413251903430792e+05 -6.076943418097301430e-01 -2.706036512155784024e+01 1.000000000000000000e+00 2.736556270257245146e-28
6.309573444801864680e+05 -6.101865862024868914e-01 -2.411475009014957038e+01 1.000000000000000000e+00 4.981676346068293715e-28
7.079457843841302674e+05 -6.121375311141644682e-01 -2.148912341314246888e+01 1.000000000000000000e+00 7.291935768141540924e-28
7.943282347242728574e+05 -6.136510852084661183e-01 -1.914864503770682091e+01 1.000000000000000000e+00 9.698751659955765121e-28
8.912509381337357918e+05 -6.148078723673475743e-01 -1.706225873688510930e+01 1.000000000000000000e+00 1.223479738515208936e-27
9.999999999999889405e+05 -6.156695300549304140e-01 -1.520228007380977076e+01 1.000000000000000000e+00 1.493452454852940989e-27
1.122018454301950987e+06 -6.162819991666803610e-01 -1.354402912391964975e+01 1.000000000000000000e+00 1.783471594876782140e-27
1.258925411794153042e+06 -6.166779819236369864e-01 -1.206550308682833084e+01 1.000000000000000000e+00 2.097508793254124929e-27
1.412537544622737914e+06 -6.168787022159101241e-01 -1.074708446701120934e+01 1.000000000000000000e+00 2.439896401580684008e-27
1.584893192461095983e+06 -6.168950649068295489e-01 -9.571280955494115616e+00 1.000000000000000000e+00 2.815404534479453102e-27
1.778279410038901959e+06 -6.167282823011898119e-01 -8.522493587807591808e+00 1.000000000000000000e+00 3.229331059149534085e-27
1.995262314968856983e+06 -6.163700117693150515e-01 -7.586810138827193128e+00 1.000000000000000000e+00 3.687608761020040845e-27
2.238721138568312861e+06 -6.158020252247758952e-01 -6.751821042824958319e+00 1.000000000000000000e+00 4.196935128031479744e-27
2.511886431509550195e+06 -6.149954181330445913e-01 -6.006455466452755410e+00 1.000000000000000000e+00 4.764932023491379689e-27
2.818382931264420040e+06 -6.139093518281846240e-01 -5.340835431564019409e+00 1.000000000000000000e+00 5.400344728181227844e-27
3.162277660168340895e+06 -6.124893188585130988e-01 -4.746146159518451313e+00 1.000000000000000000e+00 6.113292788472103029e-27
3.548133892335711978e+06 -6.106649267404662407e-01 -4.214521058226394779e+00 1.000000000000000000e+00 6.915588785346451567e-27
3.981071705534923822e+06 -6.083472139469929818e-01 -3.738940005495618113e+00 1.000000000000000000e+00 7.821145448475148630e-27
4.466835921509576030e+06 -6.054255560032106853e-01 -3.313139811237685084e+00 1.000000000000000000e+00 8.846496394792866612e-27
5.011872336272660643e+06 -6.017642938206496650e-01 -2.931535950199418927e+00 1.000000000000000000e+00 1.001146034989578950e-26
5.623413251903420314e+06 -5.971993368993302465e-01 -2.589154843320653043e+00 1.000000000000000000e+00 1.133998178336239001e-26
6.309573444801853038e+06 -5.915351797067409656e-01 -2.281576128693894923e+00 1.000000000000000000e+00 1.286117993297335948e-26
7.079457843841289170e+06 -5.845430206629809167e-01 -2.004884432406215833e+00 1.000000000000000000e+00 1.461062901375516905e-26
7.943282347242713906e+06 -5.759610080508232866e-01 -1.755630124115115098e+00 1.000000000000000000e+00 1.663186877397017079e-26
8.912509381337340921e+06 -5.654980127004285428e-01 -1.530798303873404986e+00 1.000000000000000000e+00 1.897809808932283941e-26
9.999999999999871477e+06 -5.528426835002980821e-01 -1.327784766166435926e+00 1.000000000000000000e+00 2.171392562256800871e-26
1.122018454301949032e+07 -5.376797128458563613e-01 -1.144376827680444908e+00 1.000000000000000000e+00 2.491693441795697979e-26
1.258925411794150993e+07 -5.197149864191550339e-01 -9.787357083320818996e-01 1.000000000000000000e+00 2.867866568313858820e-26
1.412537544622736052e+07 -4.987102835607826190e-01 -8.293757756719458696e-01 1.000000000000000000e+00 3.310446754062098887e-26
1.584893192461092956e+07 -4.745261468276550931e-01 -6.951348514654263067e-01 1.000000000000000000e+00 3.831154835826334084e-26
1.778279410038898885e+07 -4.471684184461595102e-01 -5.751296848367356551e-01 1.000000000000000000e+00 4.442462083833413198e-26
1.995262314968853071e+07 -4.168302905278185033e-01 -4.686925300169689224e-01 1.000000000000000000e+00 5.156883583892748077e-26
2.238721138568310067e+07 -3.839188534484074822e-01 -3.752891200126474147e-01 1.000000000000000000e+00 5.986034659796613864e-26
2.511886431509545818e+07 -3.490549384104916775e-01 -2.944247797207777961e-01 1.000000000000000000e+00 6.939573074896881423e-26
2.818382931264415011e+07 -3.130390849916623863e-01 -2.255520265767662902e-01 1.000000000000000000e+00 8.024232958218523595e-26
3.162277660168335959e+07 -2.767846366010440762e-01 -1.679966786359833875e-01 1.000000000000000000e+00 9.243187977604993259e-26
3.548133892335704714e+07 -2.412287541888492870e-01 -1.209175503274255020e-01 1.000000000000000000e+00 1.059592140860612088e-25
3.981071705534917116e+07 -2.072393657681488033e-01 -8.330697486833109344e-02 1.000000000000000000e+00 1.207862676543798094e-25
4.466835921509567648e+07 -1.755372444242291052e-01 -5.402853527371698217e-02 1.000000000000000000e+00 1.368496591244102925e-25
5.011872336272651702e+07 -1.466469996628863015e-01 -3.187914765657885036e-02 1.000000000000000000e+00 1.540686069050490965e-25
5.623413251903410256e+07 -1.208815545307544009e-01 -1.565863789339521153e-02 1.000000000000000000e+00 1.723496999583240074e-25
6.309573444801841676e+07 -9.835584230182781162e-02 -4.231832153003801077e-03 1.000000000000000000e+00 1.915863438063295096e-25
7.079457843841277063e+07 -7.902007802338655018e-02 3.426152626491478937e-03 1.000000000000000000e+00 2.116531309889984227e-25
7.943282347242699564e+07 -6.270179388850204150e-02 8.204320636007024145e-03 1.000000000000000000e+00 2.323980506873769982e-25
8.912509381337325275e+07 -4.914775251742564688e-02 1.084790367276374998e-02 1.000000000000000000e+00 2.536373913026637944e-25
9.999999999999853969e+07 -3.806011616696627214e-02 1.196356258138906066e-02 1.000000000000000000e+00 2.751586810860724804e-25
1.122018454301947057e+08 -2.912444271632391030e-02 1.203252965931153953e-02 1.000000000000000000e+00 2.967356856410529968e-25
1.258925411794148982e+08 -2.202946119184098078e-02 1.142728790166938971e-02 1.000000000000000000e+00 3.181563469379789969e-25
1.412537544622732997e+08 -1.647995838281076861e-02 1.042871500559188966e-02 1.000000000000000000e+00 3.392601270415558075e-25
1.584893192461090088e+08 -1.220459833256059071e-02 9.242002991957976726e-03 1.000000000000000000e+00 3.599767194785662099e-25
1.778279410038895905e+08 -8.960347077043817957e-03 8.010766769140694604e-03 1.000000000000000000e+00 3.803552863262235011e-25
1.995262314968850017e+08 -6.534683482626867622e-03 6.829416933532888624e-03 1.000000000000000000e+00 4.005738751048981821e-25
2.238721138568305969e+08 -4.746233788821751717e-03 5.754090833576296429e-03 1.000000000000000000e+00 4.209228286156495308e-25
2.511886431509541869e+08 -3.444089103863953033e-03 4.812343588775233605e-03 1.000000000000000000e+00 4.417623675084173890e-25
2.818382931264411211e+08 -2.505935200236827053e-03 4.011599720592406298e-03 1.000000000000000000e+00 4.634604763582393946e-25
3.162277660168331265e+08 -1.835187986275728031e-03 3.346231622051274932e-03 1.000000000000000000e+00 4.863205380325897264e-25
3.548133892335699797e+08 -1.357456740979986944e-03 2.803138559469231083e-03 1.000000000000000000e+00 5.105083115074674227e-25
3.981071705534911156e+08 -1.016735093383930094e-03 2.365819936332690977e-03 1.000000000000000000e+00 5.359860661227780081e-25
4.466835921509562135e+08 -7.716993943906486509e-04 2.017088200451667198e-03 1.000000000000000000e+00 5.624599217450371390e-25
5.011872336272644997e+08 -5.923943421145312508e-04 1.740678935917161973e-03 1.000000000000000000e+00 5.893461155068764647e-25
5.623413251903402805e+08 -4.574554911729540921e-04 1.522058342713239042e-03 1.000000000000000000e+00 6.157631438533764234e-25
6.309573444801833630e+08 -3.519014223961463845e-04 1.348709163259383895e-03 1.000000000000000000e+00 6.405582626818951560e-25
7.079457843841267824e+08 -2.654472523042480047e-04 1.210120593653077076e-03 1.000000000000000000e+00 6.623764330189652056e-25
7.943282347242689133e+08 -1.912483257513900915e-04 1.097640751725506916e-03 1.000000000000000000e+00 6.797751505697058692e-25
8.912509381337313652e+08 -1.249704771910439133e-04 1.004287942373002090e-03 1.000000000000000000e+00 6.913786184034192650e-25
9.999999999999840260e+08 -6.409133306945808848e-05 9.245667276294443652e-04 1.000000000000000000e+00 6.960511029774296084e-25
