# freq_hz re(vout/vdiff) im(vout/vdiff) re(vdiff) im(vdiff)
1.000000000000000056e-01 5.361200500801113958e+04 2.964287875270608552e+01 1.000000000000135891e+00 7.508628904396110899e-17
1.122018454301963036e-01 5.361201339709260355e+04 2.071103033402120985e+01 1.000000000000107914e+00 4.167177197691932756e-17
1.258925411794167004e-01 5.361201868788948195e+04 1.205400125569859426e+01 1.000000000000085709e+00 1.926511011274698864e-17
1.412537544622753938e-01 5.361202116215419665e+04 3.556919570696235322e+00 1.000000000000068168e+00 4.515587978423328967e-18
1.584893192461112876e-01 5.361202095164959610e+04 -4.892964489775608605e+00 1.000000000000053957e+00 -4.934149764256199310e-18
1.778279410038922093e-01 5.361201804516559059e+04 -1.340777447541798040e+01 1.000000000000042855e+00 -1.073981893774808977e-17
1.995262314968878903e-01 5.361201228792223992e+04 -2.210049537425640054e+01 1.000000000000034195e+00 -1.406184387202536974e-17
2.238721138568338098e-01 5.361200337332730123e+04 -3.108647269006357661e+01 1.000000000000027089e+00 -1.571128511093371901e-17
2.511886431509577911e-01 5.361199082664954040e+04 -4.048494281179215903e+01 1.000000000000021538e+00 -1.625300965980293906e-17
2.818382931264450941e-01 5.361197397973830084e+04 -5.042061495855754316e+01 1.000000000000017097e+00 -1.607860631469511043e-17
3.162277660168377191e-01 5.361195193544321955e+04 -6.102532566156435223e+01 1.000000000000013545e+00 -1.545789557307013018e-17
3.548133892335750827e-01 5.361192351983970730e+04 -7.243978769675095464e+01 1.000000000000010880e+00 -1.457529764063248021e-17
3.981071705534969252e-01 5.361188721971635096e+04 -8.481545662024156229e+01 1.000000000000008660e+00 -1.355549146604779981e-17
4.466835921509625940e-01 5.361184110199578572e+04 -9.831653959758283179e+01 1.000000000000006883e+00 -1.248150192062566927e-17
5.011872336272716888e-01 5.361178271079930710e+04 -1.131221730750067991e+02 1.000000000000005329e+00 -1.140743499836649066e-17
5.623413251903484067e-01 5.361170893667468772e+04 -1.294287980375299867e+02 1.000000000000004219e+00 -1.036743166609888989e-17
6.309573444801924724e-01 5.361161585102653044e+04 -1.474527641584417950e+02 1.000000000000003331e+00 -9.381951462560792041e-18
7.079457843841370224e-01 5.361149849693570286e+04 -1.674331970941274790e+02 1.000000000000002665e+00 -8.462171711496767578e-18
7.943282347242804908e-01 5.361135062523507077e+04 -1.896351665457783895e+02 1.000000000000002220e+00 -7.613058045519322312e-18
8.912509381337443415e-01 5.361116436179770244e+04 -2.143531965250946598e+02 1.000000000000001776e+00 -6.835499061745221626e-18
9.999999999999985567e-01 5.361092978833607049e+04 -2.419151635541011558e+02 1.000000000000001332e+00 -6.127782686297039243e-18
1.122018454301962009e+00 5.361063441441562463e+04 -2.726866333268030189e+02 1.000000000000001110e+00 -5.486610294717842812e-18
1.258925411794165061e+00 5.361026251260820572e+04 -3.070756916841540374e+02 1.000000000000000888e+00 -4.907786966778302015e-18
1.412537544622751939e+00 5.360979428144774283e+04 -3.455383316148889321e+02 1.000000000000000666e+00 -4.386685472752782158e-18
1.584893192461110933e+00 5.360920479172014166e+04 -3.885844643869847914e+02 1.000000000000000444e+00 -3.918552757165529868e-18
1.778279410038920094e+00 5.360846266014395951e+04 -4.367846298042597368e+02 1.000000000000000444e+00 -3.498707310773449361e-18
1.995262314968875961e+00 5.360752838008070103e+04 -4.907774878941216912e+02 1.000000000000000444e+00 -3.122661428723087927e-18
2.238721138568334990e+00 5.360635222080718813e+04 -5.512781819269972630e+02 1.000000000000000222e+00 -2.786192191759146033e-18
2.511886431509574802e+00 5.360487158415641898e+04 -6.190876703137319055e+02 1.000000000000000222e+00 -2.485377839088596129e-18
2.818382931264447944e+00 5.360300767883416847e+04 -6.951031322571204782e+02 1.000000000000000222e+00 -2.216611149221484115e-18
3.162277660168371973e+00 5.360066133700740465e+04 -7.803295584846729298e+02 1.000000000000000222e+00 -1.976597888389821112e-18
3.548133892335747053e+00 5.359770775308141310e+04 -8.758926431180799455e+02 1.000000000000000000e+00 -1.762345886027458858e-18
3.981071705534962923e+00 5.359398986875591800e+04 -9.830530944961822115e+02 1.000000000000000000e+00 -1.571148542751501006e-18
4.466835921509620277e+00 5.358931005885555351e+04 -1.103222479749806098e+03 1.000000000000000000e+00 -1.400565348697134904e-18
5.011872336272709560e+00 5.358341968588245072e+04 -1.237980707512595018e+03 1.000000000000000000e+00 -1.248401133629974086e-18
5.623413251903476073e+00 5.357600598398195143e+04 -1.389095231597035990e+03 1.000000000000000000e+00 -1.112685175223411933e-18
6.309573444801915620e+00 5.356667560066122678e+04 -1.558542020444735954e+03 1.000000000000000000e+00 -9.916508806828366652e-19
7.079457843841360010e+00 5.355493396220685099e+04 -1.748528275152435981e+03 1.000000000000000000e+00 -8.837164747502959534e-19
7.943282347242792696e+00 5.354015943096858246e+04 -1.961516782321212077e+03 1.000000000000000000e+00 -7.874669353776710481e-19
8.912509381337429204e+00 5.352157098416989902e+04 -2.200251642152047225e+03 1.000000000000000000e+00 -7.016372897573346898e-19
9.999999999999969802e+00 5.349818786011369230e+04 -2.467784896742492037e+03 1.000000000000000000e+00 -6.250972987507166128e-19
1.122018454301960055e+01 5.346877928618663282e+04 -2.767503270485668963e+03 1.000000000000000000e+00 -5.568375035586035282e-19
1.258925411794163018e+01 5.343180202610461856e+04 -3.103153785944543870e+03 1.000000000000000000e+00 -4.959565752608377194e-19
1.412537544622749941e+01 5.338532307204940298e+04 -3.478866383924807906e+03 1.000000000000000000e+00 -4.416498889915481865e-19
1.584893192461107958e+01 5.332692438617342850e+04 -3.899170789293484177e+03 1.000000000000000000e+00 -3.931992353945238228e-19
1.778279410038917163e+01 5.325358621542272886e+04 -4.369003639616620603e+03 1.000000000000000000e+00 -3.499635794280537761e-19
1.995262314968872985e+01 5.316154525318199740e+04 -4.893700227851230920e+03 1.000000000000000000e+00 -3.113707783698264147e-19
2.238721138568331881e+01 5.304612395143370668e+04 -5.478962982974262559e+03 1.000000000000000000e+00 -2.769101755269624816e-19
2.511886431509570983e+01 5.290152784009512106e+04 -6.130795899177553110e+03 1.000000000000000000e+00 -2.461259926927963157e-19
2.818382931264443059e+01 5.272060916000061115e+04 -6.855390424579493811e+03 1.000000000000000000e+00 -2.186114521490161793e-19
3.162277660168367888e+01 5.249459801694608905e+04 -7.658943814210308119e+03 1.000000000000000000e+00 -1.940035675231028041e-19
3.548133892335741280e+01 5.221280739888530661e+04 -8.547385802719498315e+03 1.000000000000000000e+00 -1.719785516775298981e-19
3.981071705534957061e+01 5.186232680299638741e+04 -9.525984179896393471e+03 1.000000000000000000e+00 -1.522477985519453029e-19
4.466835921509613172e+01 5.142773213918426336e+04 -1.059879560114078959e+04 1.000000000000000000e+00 -1.345544037674591895e-19
5.011872336272701745e+01 5.089085826363130764e+04 -1.176792687657395982e+04 1.000000000000000000e+00 -1.186701946140248066e-19
5.623413251903466659e+01 5.023070570719061652e+04 -1.303257763099250951e+04 1.000000000000000000e+00 -1.043932418213912982e-19
6.309573444801905850e+01 4.942358416932635009e+04 -1.438785296342637957e+04 1.000000000000000000e+00 -9.154582037040299959e-20
7.079457843841348108e+01 4.844362827856933291e+04 -1.582337155874191922e+04 1.000000000000000000e+00 -7.997277077010729587e-20
7.943282347242779906e+01 4.726384668083528231e+04 -1.732175795800004926e+04 1.000000000000000000e+00 -6.954018176626395800e-20
8.912509381337414993e+01 4.585786671521777316e+04 -1.885720158339682894e+04 1.000000000000000000e+00 -6.013426811522432497e-20
9.999999999999954525e+01 4.420248862139308767e+04 -2.039438415967248147e+04 1.000000000000000000e+00 -5.166025583351802126e-20
1.122018454301958030e+02 4.228103676714502217e+04 -2.188819707736296914e+04 1.000000000000000000e+00 -4.404102534647523742e-20
1.258925411794160993e+02 4.008727244888066343e+04 -2.328473990035551105e+04 1.000000000000000000e+00 -3.721522749018457833e-20
1.412537544622747134e+02 3.762933039251997252e+04 -2.452403680166589038e+04 1.000000000000000000e+00 -3.113462094403491240e-20
1.584893192461105969e+02 3.493283312129320984e+04 -2.554465007794781923e+04 1.000000000000000000e+00 -2.576051391257780102e-20
1.778279410038913966e+02 3.204217460030188158e+04 -2.628990043096597947e+04 1.000000000000000000e+00 -2.105945894234794867e-20
1.995262314968869930e+02 2.901910183262595092e+04 -2.671479885602483046e+04 1.000000000000000000e+00 -1.699866590081564850e-20
2.238721138568328115e+02 2.593825913906552887e+04 -2.679229857326435013e+04 1.000000000000000000e+00 -1.354187412424821977e-20
2.511886431509566933e+02 2.288018687666867118e+04 -2.651735581918511161e+04 1.000000000000000000e+00 -1.064648882403127985e-20
2.818382931264438866e+02 1.992308194790534981e+04 -2.590771064040734927e+04 1.000000000000000000e+00 -8.262558076463417410e-21
3.162277660168363127e+02 1.713505578572312879e+04 -2.500117259011905844e+04 1.000000000000000000e+00 -6.333701245918744254e-21
3.548133892335736164e+02 1.456845138287534974e+04 -2.385015335447755933e+04 1.000000000000000000e+00 -4.799578642599331156e-21
3.981071705534951093e+02 1.225709220912248929e+04 -2.251484284561996901e+04 1.000000000000000000e+00 -3.599145568531730717e-21
4.466835921509606919e+02 1.021646770666715929e+04 -2.105653273198964962e+04 1.000000000000000000e+00 -2.673872603613691909e-21
5.011872336272695065e+02 8.446171384769939323e+03 -1.953222885759704150e+04 1.000000000000000000e+00 -1.970312270585581990e-21
5.623413251903459695e+02 6.933596492404803939e+03 -1.799110347741435908e+04 1.000000000000000000e+00 -1.441710549605118914e-21
6.309573444801897040e+02 5.657944543836513731e+03 -1.647278904804398917e+04 1.000000000000000000e+00 -1.048658325356049009e-21
7.079457843841338445e+02 4.593867837313339805e+03 -1.500716110611180011e+04 1.000000000000000000e+00 -7.589690609150822444e-22
7.943282347242768537e+02 3.714385009938273015e+03 -1.361512292708929090e+04 1.000000000000000000e+00 -5.470423205003433587e-22
8.912509381337401919e+02 2.992971308783743098e+03 -1.230992992140231945e+04 1.000000000000000000e+00 -3.929595696536477054e-22
9.999999999999939746e+02 2.404893466092238214e+03 -1.109869725182954971e+04 1.000000000000000000e+00 -2.815018526045129133e-22
1.122018454301957036e+03 1.927938215523017107e+03 -9.983858135454225703e+03 1.000000000000000000e+00 -2.012124535082657097e-22
1.258925411794158890e+03 1.542700207216985063e+03 -8.964446890203857038e+03 1.000000000000000000e+00 -1.435704957079193939e-22
1.412537544622744917e+03 1.232577770490328021e+03 -8.037157183862883358e+03 1.000000000000000000e+00 -1.023003832000944953e-22
1.584893192461102899e+03 9.835936425758537780e+02 -7.197173550420213360e+03 1.000000000000000000e+00 -7.281654121657265783e-23
1.778279410038911010e+03 7.841252508094664790e+02 -6.438799374507800167e+03 1.000000000000000000e+00 -5.178952020299480003e-23
1.995262314968865894e+03 6.246010879659967259e+02 -5.755914745073331687e+03 1.000000000000000000e+00 -3.681419803563457951e-23
2.238721138568324022e+03 4.971983132367766984e+02 -5.142298865424232645e+03 1.000000000000000000e+00 -2.616024044905093130e-23
2.511886431509562954e+03 3.955612519229409827e+02 -4.591848548658668733e+03 1.000000000000000000e+00 -1.858683048399991110e-23
2.818382931264433864e+03 3.145504466124808118e+02 -4.098719255393308231e+03 1.000000000000000000e+00 -1.320649069995479944e-23
3.162277660168357215e+03 2.500252930651896861e+02 -3.657409887936053110e+03 1.000000000000000000e+00 -9.385775398710062531e-24
3.548133892335728888e+03 1.986596952613454903e+02 -3.262807687949295996e+03 1.000000000000000000e+00 -6.673297560381194124e-24
3.981071705534944158e+03 1.577880250519596075e+02 -2.910205560533549942e+03 1.000000000000000000e+00 -4.747820602032088227e-24
4.466835921509598847e+03 1.252779004515705026e+02 -2.595300873786462034e+03 1.000000000000000000e+00 -3.380965205030430078e-24
5.011872336272685970e+03 9.942599606729692141e+01 -2.314182286544417821e+03 1.000000000000000000e+00 -2.410497731660012167e-24
5.623413251903449236e+03 7.887328265100683211e+01 -2.063309254043640067e+03 1.000000000000000000e+00 -1.721243829572188961e-24
6.309573444801885671e+03 6.253642786559404954e+01 -1.839487458326437036e+03 1.000000000000000000e+00 -1.231476477402763085e-24
7.079457843841326394e+03 4.955249524093419211e+01 -1.639842387789738041e+03 1.000000000000000000e+00 -8.832229013383922555e-25
7.943282347242755350e+03 3.923450312227541303e+01 -1.461792554018182045e+03 1.000000000000000000e+00 -6.353703504740870651e-25
8.912509381337387822e+03 3.103579725849957072e+01 -1.303023311149850997e+03 1.000000000000000000e+00 -4.587671869098820766e-25
9.999999999999923602e+03 2.452154516360917924e+01 -1.161461875948170018e+03 1.000000000000000000e+00 -3.327443955186325782e-25
1.122018454301954989e+04 1.934596191462487980e+01 -1.035253892777697956e+03 1.000000000000000000e+00 -2.426471114319230130e-25
1.258925411794156935e+04 1.523413754974848011e+01 -9.227417142562708250e+02 1.000000000000000000e+00 -1.780836927125724983e-25
1.412537544622743007e+04 1.196754970201163992e+01 -8.224444520728595762e+02 1.000000000000000000e+00 -1.316842002871840988e-25
1.584893192461100989e+04 9.372522953111655397e+00 -7.330397774820594350e+02 1.000000000000000000e+00 -9.822031365109868633e-26
1.778279410038908100e+04 7.311040950053780740e+00 -6.533474028574388512e+02 1.000000000000000000e+00 -7.398158688003555826e-26
1.995262314968862847e+04 5.673434596728595736e+00 -5.823141486311373001e+02 1.000000000000000000e+00 -5.633343955184997694e-26
2.238721138568321112e+04 4.372566384909804427e+00 -5.190004841251088692e+02 1.000000000000000000e+00 -4.340396232626062854e-26
2.511886431509559043e+04 3.339205110873399107e+00 -4.625684261399559887e+02 1.000000000000000000e+00 -3.386200331519708086e-26
2.818382931264429862e+04 2.518348782139411934e+00 -4.122706782690053728e+02 1.000000000000000000e+00 -2.675993163973856839e-26
3.162277660168351940e+04 1.866301603989974023e+00 -3.674408980721316880e+02 1.000000000000000000e+00 -2.142222175039238872e-26
3.548133892335723795e+04 1.348350960941137044e+00 -3.274849848763493014e+02 1.000000000000000000e+00 -1.736649824982406967e-26
3.981071705534937792e+04 9.369211712929461644e-01 -2.918732884006262793e+02 1.000000000000000000e+00 -1.424757467416592915e-26
4.466835921509592299e+04 6.101065916969691250e-01 -2.601336456488651265e+02 1.000000000000000000e+00 -1.181778197217340017e-26
5.011872336272677785e+04 3.505059765767419844e-01 -2.318451617119405057e+02 1.000000000000000000e+00 -9.898836008134809798e-27
5.623413251903439959e+04 1.442964307800614077e-01 -2.066326573528951940e+02 1.000000000000000000e+00 -8.361880680640299409e-27
6.309573444801875303e+04 -1.950233382668056098e-02 -1.841617137183916100e+02 1.000000000000000000e+00 -7.113323325723431013e-27
7.079457843841314025e+04 -1.496124901314674904e-01 -1.641342511554491068e+02 1.000000000000000000e+00 -6.084775009736541880e-27
7.943282347242740798e+04 -2.529624263059117029e-01 -1.462845854421152865e+02 1.000000000000000000e+00 -5.225900313526756271e-27
8.912509381337370723e+04 -3.350556220077324232e-01 -1.303759105325796099e+02 1.000000000000000000e+00 -4.499329558348877899e-27
9.999999999999903957e+04 -4.002636618863494866e-01 -1.161971620807624959e+02 1.000000000000000000e+00 -3.877033916174035293e-27
1.122018454301953025e+05 -4.520589985349113271e-01 -1.035602208547145011e+02 1.000000000000000000e+00 -3.337738169975667864e-27
1.258925411794154934e+05 -4.931998527105366792e-01 -9.229741941967671437e+01 1.000000000000000000e+00 -2.865070119955354843e-27
1.412537544622741116e+05 -5.258770792398401728e-01 -8.225931934623692143e+01 1.000000000000000000e+00 -2.446232962710692829e-27
1.584893192461098079e+05 -5.518308317433829879e-01 -7.331272971677148576e+01 1.000000000000000000e+00 -2.071049403987317162e-27
1.778279410038905044e+05 -5.724432239078766083e-01 -6.533894079639317454e+01 1.000000000000000000e+00 -1.731269989431369857e-27
1.995262314968859137e+05 -5.888119303942034310e-01 -5.823214955459125974e+01 1.000000000000000000e+00 -1.420069632550814914e-27
2.238721138568317110e+05 -6.018086373200299821e-01 -5.189805624609122958e+01 1.000000000000000000e+00 -1.131677885352200934e-27
2.511886431509554095e+05 -6.121254631084044329e-01 -4.625261347734090123e+01 1.000000000000000000e+00 -8.611046829123412115e-28
2.818382931264425279e+05 -6.203118138705231432e-01 -4.122091120800872233e+01 1.000000000000000000e+00 -6.039340002121454957e-28
3.162277660168345901e+05 -6.268036418941154153e-01 -3.673618292985771205e+01 1.000000000000000000e+00 -3.561657478885829209e-28
3.548133892335718265e+05 -6.319466617719950996e-01 -3.273891985363513868e+01 1.000000000000000000e+00 -1.140918949054782030e-28
3.981071705534930807e+05 -6.360147601956103180e-01 -2.917608136031867971e+01 1.000000000000000000e+00 1.258033537919622989e-28
4.466835921509583713e+05 -6.392245823999690435e-01 -2.600039126106452869e+01 1.000000000000000000e+00 3.669267936202069938e-28
5.011872336272670073e+05 -6.417470702803766969e-01 -2.316971053330863128e+01 1.000000000000000000e+00 6.126483472474257633e-28
5.623413251903430792e+05 -6.437165668674591501e-01 -2.064647821572782860e+01 1.000000000000000000e+00 8.663663052001902878e-28
6.309573444801864680e+05 -6.452379735226904112e-01 -1.839721305265132045e+01 1.000000000000000000e+00 1.131568981475244032e-27
7.079457843841302674e+05 -6.463923398195813297e-01 -1.639206927723385121e+01 1.000000000000000000e+00 1.411895616053726973e-27
7.943282347242728574e+05 -6.472411864449482133e-01 -1.460444065183211926e+01 1.000000000000000000e+00 1.711199086872405158e-27
8.912509381337357918e+05 -6.478297908011462214e-01 -1.301060751214149036e+01 1.000000000000000000e+00 2.033612931193662164e-27
9.999999999999889405e+05 -6.481896145808342391e-01 -1.158942215450679925e+01 1.000000000000000000e+00 2.383625515318972039e-27
1.122018454301950987e+06 -6.483400034885523633e-01 -1.032202839229585045e+01 1.000000000000000000e+00 2.766164507116108843e-27
1.258925411794153042e+06 -6.482892570826068734e-01 -9.191611594049689415e+00 1.000000000000000000e+00 3.186695724933243978e-27
1.412537544622737914e+06 -6.480351326831718106e-01 -8.183175906618332718e+00 1.000000000000000000e+00 3.651341413672622768e-27
1.584893192461095983e+06 -6.475648234242863399e-01 -7.283345747228731959e+00 1.000000000000000000e+00 4.167024669950855706e-27
1.778279410038901959e+06 -6.468544298917496826e-01 -6.480188986036568011e+00 1.000000000000000000e+00 4.741648822865547876e-27
1.995262314968856983e+06 -6.458679283812182037e-01 -5.763059542134181257e+00 1.000000000000000000e+00 5.384323457524895280e-27
2.238721138568312861e+06 -6.445556298525577654e-01 -5.122457403072614213e+00 1.000000000000000000e+00 6.105652496469016671e-27
2.511886431509550195e+06 -6.428521231065242869e-01 -4.549904340918295098e+00 1.000000000000000000e+00 6.918104541486457175e-27
2.818382931264420040e+06 -6.406737075200892306e-01 -4.037833844622070956e+00 1.000000000000000000e+00 7.836491467926544769e-27
3.162277660168340895e+06 -6.379153537324635526e-01 -3.579494028408254813e+00 1.000000000000000000e+00 8.878588048642521947e-27
3.548133892335711978e+06 -6.344472908155671664e-01 -3.168862495487648090e+00 1.000000000000000000e+00 1.006593246060404009e-26
3.981071705534923822e+06 -6.301114227327202499e-01 -2.800572348109418908e+00 1.000000000000000000e+00 1.142485362074402964e-26
4.466835921509576030e+06 -6.247179366262227695e-01 -2.469848710841568984e+00 1.000000000000000000e+00 1.298777375435526084e-26
5.011872336272660643e+06 -6.180426978545777716e-01 -2.172455257051571831e+00 1.000000000000000000e+00 1.479482879071316895e-26
5.623413251903420314e+06 -6.098263382909294705e-01 -1.904650250825137059e+00 1.000000000000000000e+00 1.689582772827632909e-26
6.309573444801853038e+06 -5.997763257022420413e-01 -1.663151477352523999e+00 1.000000000000000000e+00 1.935252454814921861e-26
7.079457843841289170e+06 -5.875736975688921060e-01 -1.445109041282909956e+00 1.000000000000000000e+00 2.224108945233987957e-26
7.943282347242713906e+06 -5.728864380978986315e-01 -1.248084288997020952e+00 1.000000000000000000e+00 2.565452791315579937e-26
8.912509381337340921e+06 -5.553914500312299163e-01 -1.070032003172483925e+00 1.000000000000000000e+00 2.970460274977548247e-26
9.999999999999871477e+06 -5.348064174968812923e-01 -9.092816188341799055e-01 1.000000000000000000e+00 3.452258478790777194e-26
1.122018454301949032e+07 -5.109312302039310527e-01 -7.645118400739311371e-01 1.000000000000000000e+00 4.025795135525304285e-26
1.258925411794150993e+07 -4.836958474370515737e-01 -6.347123384761096387e-01 1.000000000000000000e+00 4.707408260936086887e-26
1.412537544622736052e+07 -4.532077824662013033e-01 -5.191271124885509236e-01 1.000000000000000000e+00 5.514023037819519190e-26
1.584893192461092956e+07 -4.197887959918472078e-01 -4.171774352985248013e-01 1.000000000000000000e+00 6.461969330295690935e-26
1.778279410038898885e+07 -3.839886757497583125e-01 -3.283682427111930258e-01 1.000000000000000000e+00 7.565523275211027550e-26
1.995262314968853071e+07 -3.465661019167408097e-01 -2.521890175202455842e-01 1.000000000000000000e+00 8.835405404592222337e-26
2.238721138568310067e+07 -3.084333937156469863e-01 -1.880258737908307998e-01 1.000000000000000000e+00 1.027756170927482004e-25
2.511886431509545818e+07 -2.705719211209687836e-01 -1.351023647974536057e-01 1.000000000000000000e+00 1.189254878686323070e-25
2.818382931264415011e+07 -2.339342997095820997e-01 -9.246088269173918794e-02 1.000000000000000000e+00 1.367570322964082030e-25
3.162277660168335959e+07 -1.993538216017053111e-01 -5.898597477359220770e-02 1.000000000000000000e+00 1.561802494671985959e-25
3.548133892335704714e+07 -1.674787568182954101e-01 -3.345986033408125671e-02 1.000000000000000000e+00 1.770743655165164077e-25
3.981071705534917116e+07 -1.387407126726120932e-01 -1.463354648510335927e-02 1.000000000000000000e+00 1.992991543370011107e-25
4.466835921509567648e+07 -1.133562760548722931e-01 -1.296387518852416950e-03 1.000000000000000000e+00 2.227001835339334982e-25
5.011872336272651702e+07 -9.135373385353269537e-02 7.668431827478783269e-03 1.000000000000000000e+00 2.471054063789132107e-25
5.623413251903410256e+07 -7.261365249588085102e-02 1.324825870701617017e-02 1.000000000000000000e+00 2.723140345166846218e-25
6.309573444801841676e+07 -5.691298384665138127e-02 1.628499022953247902e-02 1.000000000000000000e+00 2.980822606749677072e-25
7.079457843841277063e+07 -4.396538547253551338e-02 1.747486303020331921e-02 1.000000000000000000e+00 3.241129726798638864e-25
7.943282347242699564e+07 -3.345388277184353776e-02 1.737875963044780911e-02 1.000000000000000000e+00 3.500572389100436148e-25
8.912509381337325275e+07 -2.505482932503641166e-02 1.643804881013094868e-02 1.000000000000000000e+00 3.755335695634608207e-25
9.999999999999853969e+07 -1.845398654458808158e-02 1.499210914957091988e-02 1.000000000000000000e+00 4.001667092124435988e-25
1.122018454301947057e+08 -1.335648086021723989e-02 1.329508938697275024e-02 1.000000000000000000e+00 4.236415642933524653e-25
1.258925411794148982e+08 -9.492589980635750616e-03 1.153076550748403928e-02 1.000000000000000000e+00 4.457613564763290108e-25
1.412537544622732997e+08 -6.620984481186517612e-03 9.825338754441199918e-03 1.000000000000000000e+00 4.664946743435819090e-25
1.584893192461090088e+08 -4.530457484825371577e-03 8.258563787698725706e-03 1.000000000000000000e+00 4.859962123625993888e-25
1.778279410038895905e+08 -3.040573653612304878e-03 6.873702284902218768e-03 1.000000000000000000e+00 5.045914899905329866e-25
1.995262314968850017e+08 -2.001270233903212209e-03 5.686593069530446708e-03 1.000000000000000000e+00 5.227249724057964360e-25
2.238721138568305969e+08 -1.291335033208856030e-03 4.693826490795530854e-03 1.000000000000000000e+00 5.408800716880496361e-25
2.511886431509541869e+08 -8.158091824599546108e-04 3.879802668697706052e-03 1.000000000000000000e+00 5.594850239744321718e-25
2.818382931264411211e+08 -5.025669598651844863e-04 3.222429724423788930e-03 1.000000000000000000e+00 5.788194105453555634e-25
3.162277660168331265e+08 -2.984700627693104812e-04 2.697347873479354063e-03 1.000000000000000000e+00 5.989335163992780012e-25
3.548133892335699797e+08 -1.655153877503764070e-04 2.280751114385456101e-03 1.000000000000000000e+00 6.195894445989876431e-25
3.981071705534911156e+08 -7.730993721539890413e-05 1.951029578447806972e-03 1.000000000000000000e+00 6.402309676828656215e-25
4.466835921509562135e+08 -1.607086800344204852e-05 1.689528966529229952e-03 1.000000000000000000e+00 6.599888253677710014e-25
5.011872336272644997e+08 2.978237957070146936e-05 1.480722046424488023e-03 1.000000000000000000e+00 6.777280806395385958e-25
5.623413251903402805e+08 6.747276588983864469e-05 1.312038175539140912e-03 1.000000000000000000e+00 6.921417441238963457e-25
6.309573444801833630e+08 1.012299529236856006e-04 1.173529646245516931e-03 1.000000000000000000e+00 7.018880340332020942e-25
7.079457843841267824e+08 1.332762758337996921e-04 1.057488626279752108e-03 1.000000000000000000e+00 7.057572584376600706e-25
7.943282347242689133e+08 1.645322807005799974e-04 9.580756849412934255e-04 1.000000000000000000e+00 7.028415558864743191e-25
8.912509381337313652e+08 1.951222748024432992e-04 8.709837853305894915e-04 1.000000000000000000e+00 6.926725923868653712e-25
9.999999999999840260e+08 2.247377039176369886e-04 7.931402113975391348e-04 1.000000000000000000e+00 6.752947391374171313e-25
