# freq_hz re(vout/vdiff) im(vout/vdiff) re(vdiff) im(vdiff)
1.000000000000000056e-01 7.320813767798760091e+04 2.644104717113724590e+01 1.000000000000185407e+00 6.697595490227192416e-17
1.122018454301963036e-01 7.320814349592375220e+04 1.652908701146999348e+01 1.000000000000147216e+00 3.325746396081073017e-17
1.258925411794167004e-01 7.320814658951533784e+04 6.836455981545780602e+00 1.000000000000117018e+00 1.092625381948271987e-17
1.412537544622753938e-01 7.320814712350667105e+04 -2.765460149748435903e+00 1.000000000000093037e+00 -3.510812759782591833e-18
1.584893192461112876e-01 7.320814512633466802e+04 -1.240407196852216920e+01 1.000000000000073719e+00 -1.250848006303169026e-17
1.778279410038922093e-01 7.320814049164306198e+04 -2.220727695560185566e+01 1.000000000000058620e+00 -1.778834615900507070e-17
1.995262314968878903e-01 7.320813297261863772e+04 -3.230515648286052510e+01 1.000000000000046629e+00 -2.055474590110415023e-17
2.238721138568338098e-01 7.320812216884789814e+04 -4.283170176914176608e+01 1.000000000000037081e+00 -2.164739258032920897e-17
2.511886431509577911e-01 7.320810750499390997e+04 -5.392659168071341469e+01 1.000000000000029310e+00 -2.164926895298199085e-17
2.818382931264450941e-01 7.320808820015810488e+04 -6.573704594470120810e+01 1.000000000000023315e+00 -2.096285582530822037e-17
3.162277660168377191e-01 7.320806322629591159e+04 -7.841977833757330529e+01 1.000000000000018652e+00 -1.986396190791211121e-17
3.548133892335750827e-01 7.320803125347133027e+04 -9.214307572679967961e+01 1.000000000000014655e+00 -1.853971135040753907e-17
3.981071705534969252e-01 7.320799057903577341e+04 -1.070890304984955890e+02 1.000000000000011768e+00 -1.711532893650068134e-17
4.466835921509625940e-01 7.320793903696036432e+04 -1.234559559172822958e+02 1.000000000000009326e+00 -1.567300636400132020e-17
5.011872336272716888e-01 7.320787388249438663e+04 -1.414610163608381299e+02 1.000000000000007327e+00 -1.426517282115192949e-17
5.623413251903484067e-01 7.320779164600823424e+04 -1.613431071787170197e+02 1.000000000000005773e+00 -1.292381343010565046e-17
6.309573444801924724e-01 7.320768794824139331e+04 -1.833660221749046002e+02 1.000000000000004663e+00 -1.166699810312026021e-17
7.079457843841370224e-01 7.320755726711914758e+04 -2.078219504418662495e+02 1.000000000000003775e+00 -1.050344292731249931e-17
7.943282347242804908e-01 7.320739264372727484e+04 -2.350353485193551251e+02 1.000000000000002887e+00 -9.435685286199122557e-18
8.912509381337443415e-01 7.320718531179610000e+04 -2.653672386552994453e+02 1.000000000000002442e+00 -8.462283464242754397e-18
9.999999999999985567e-01 7.320692423097840219e+04 -2.992199893512027415e+02 1.000000000000001776e+00 -7.579330880785261227e-18
1.122018454301962009e+00 7.320659549909050111e+04 -3.370426404224050998e+02 1.000000000000001554e+00 -6.781489791154208290e-18
1.258925411794165061e+00 7.320618161205569049e+04 -3.793368415322186706e+02 1.000000000000001110e+00 -6.062688960858292752e-18
1.412537544622751939e+00 7.320566053220054891e+04 -4.266634805978450231e+02 1.000000000000000888e+00 -5.416587162346117063e-18
1.584893192461110933e+00 7.320500451538494963e+04 -4.796500866294959451e+02 1.000000000000000666e+00 -4.836874194600839220e-18
1.778279410038920094e+00 7.320417863466136623e+04 -5.389991004414312101e+02 1.000000000000000666e+00 -4.317459825733208723e-18
1.995262314968875961e+00 7.320313892208698962e+04 -6.054971162144776144e+02 1.000000000000000444e+00 -3.852586018530361647e-18
2.238721138568334990e+00 7.320183003012306290e+04 -6.800252069833954920e+02 1.000000000000000444e+00 -3.436887186132200105e-18
2.511886431509574802e+00 7.320018228869632003e+04 -7.635704575685958844e+02 1.000000000000000222e+00 -3.065415742802723813e-18
2.818382931264447944e+00 7.319810800217617361e+04 -8.572388389371632229e+02 1.000000000000000222e+00 -2.733644945462510987e-18
3.162277660168371973e+00 7.319549679061232018e+04 -9.622695679368140418e+02 1.000000000000000222e+00 -2.437457315950666025e-18
3.548133892335747053e+00 7.319220972958361381e+04 -1.080051104994063508e+03 1.000000000000000222e+00 -2.173124332549994018e-18
3.981071705534962923e+00 7.318807198045970290e+04 -1.212138948500991546e+03 1.000000000000000222e+00 -1.937281257240792849e-18
4.466835921509620277e+00 7.318286352474897285e+04 -1.360275386461247763e+03 1.000000000000000000e+00 -1.726899692698724032e-18
5.011872336272709560e+00 7.317630751882275217e+04 -1.526411360946040077e+03 1.000000000000000000e+00 -1.539259577803484951e-18
5.623413251903476073e+00 7.316805566425240249e+04 -1.712730585306208923e+03 1.000000000000000000e+00 -1.371921717602558032e-18
6.309573444801915620e+00 7.315766983903221262e+04 -1.921676022577820049e+03 1.000000000000000000e+00 -1.222701522209267998e-18
7.079457843841360010e+00 7.314459905001772859e+04 -2.155978778548017090e+03 1.000000000000000000e+00 -1.089644341779818957e-18
7.943282347242792696e+00 7.312815054015227361e+04 -2.418689373846132185e+03 1.000000000000000000e+00 -9.710025911454789527e-19
8.912509381337429204e+00 7.310745360814915330e+04 -2.713211221224588826e+03 1.000000000000000000e+00 -8.652147294309084856e-19
9.999999999999969802e+00 7.308141436600993620e+04 -3.043335926042785104e+03 1.000000000000000000e+00 -7.708860770531009241e-19
1.122018454301960055e+01 7.304865926507700351e+04 -3.413279721034599788e+03 1.000000000000000000e+00 -6.867714008075694813e-19
1.258925411794163018e+01 7.300746476148565125e+04 -3.827719901235188900e+03 1.000000000000000000e+00 -6.117591674566116064e-19
1.412537544622749941e+01 7.295566997084408649e+04 -4.291829487986559798e+03 1.000000000000000000e+00 -5.448573504567508369e-19
1.584893192461107958e+01 7.289056859604273632e+04 -4.811307450884604805e+03 1.000000000000000000e+00 -4.851806684150140850e-19
1.778279410038917163e+01 7.280877583899300953e+04 -5.392400560059293639e+03 1.000000000000000000e+00 -4.319391342439042065e-19
1.995262314968872985e+01 7.270606549997202819e+04 -6.041911209604601027e+03 1.000000000000000000e+00 -3.844277985361534181e-19
2.238721138568331881e+01 7.257717215684600524e+04 -6.767183201380003993e+03 1.000000000000000000e+00 -3.420175778835855999e-19
2.511886431509570983e+01 7.241555341795862478e+04 -7.576054340985459930e+03 1.000000000000000000e+00 -3.041470677184223786e-19
2.818382931264443059e+01 7.221310810463181406e+04 -8.476760605801597194e+03 1.000000000000000000e+00 -2.703152491150787042e-19
3.162277660168367888e+01 7.195984837678045733e+04 -9.477771468800958246e+03 1.000000000000000000e+00 -2.400750094404387100e-19
3.548133892335741280e+01 7.164352805665330379e+04 -1.058752969340520940e+04 1.000000000000000000e+00 -2.130274074827274989e-19
3.981071705534957061e+01 7.124923683764896123e+04 -1.181406181750510041e+04 1.000000000000000000e+00 -1.888166244230965015e-19
4.466835921509613172e+01 7.075898213992427918e+04 -1.316441840316950038e+04 1.000000000000000000e+00 -1.671255522908868055e-19
5.011872336272701745e+01 7.015129881274251966e+04 -1.464389762910518948e+04 1.000000000000000000e+00 -1.476719805712969974e-19
5.623413251903466659e+01 6.940095336328991107e+04 -1.625500505718894055e+04 1.000000000000000000e+00 -1.302053480303733112e-19
6.309573444801905850e+01 6.847884480269609776e+04 -1.799611154595348125e+04 1.000000000000000000e+00 -1.145040283387371921e-19
7.079457843841348108e+01 6.735224719873530557e+04 -1.985979789802599043e+04 1.000000000000000000e+00 -1.003731114011916004e-19
7.943282347242779906e+01 6.598558366799441865e+04 -2.183092865441467075e+04 1.000000000000000000e+00 -8.764262318492838689e-20
8.912509381337414993e+01 6.434195393475791207e+04 -2.388458819548931933e+04 1.000000000000000000e+00 -7.616609052485667710e-20
9.999999999999954525e+01 6.238563477886815963e+04 -2.598414607135689948e+04 1.000000000000000000e+00 -6.581930605023708212e-20
1.122018454301958030e+02 6.008569308290954359e+04 -2.807988040659354010e+04 1.000000000000000000e+00 -5.649906900502739407e-20
1.258925411794160993e+02 5.742067063759342273e+04 -3.010875331207710042e+04 1.000000000000000000e+00 -4.812162742605941188e-20
1.412537544622747134e+02 5.438397554483132262e+04 -3.199601014836821923e+04 1.000000000000000000e+00 -4.062049777273669784e-20
1.584893192461105969e+02 5.098919532390526729e+04 -3.365917273096246208e+04 1.000000000000000000e+00 -3.394339066311029801e-20
1.778279410038913966e+02 4.727414166579795710e+04 -3.501461887376660161e+04 1.000000000000000000e+00 -2.804814677979921751e-20
1.995262314968869930e+02 4.330224229501283116e+04 -3.598625877364268672e+04 1.000000000000000000e+00 -2.289787720901468128e-20
2.238721138568328115e+02 3.916014734423509799e+04 -3.651500078920796659e+04 1.000000000000000000e+00 -1.845587184268366936e-20
2.511886431509566933e+02 3.495120247179450234e+04 -3.656705299058064702e+04 1.000000000000000000e+00 -1.468111919050945095e-20
2.818382931264438866e+02 3.078559539317643066e+04 -3.613902567893308878e+04 1.000000000000000000e+00 -1.152532381379143944e-20
3.162277660168363127e+02 2.676905999057783993e+04 -3.525845718056029727e+04 1.000000000000000000e+00 -8.932014803889374752e-21
3.548133892335736164e+02 2.299252432931142903e+04 -3.397961606454221328e+04 1.000000000000000000e+00 -6.837801229976859823e-21
3.981071705534951093e+02 1.952475836264230020e+04 -3.237572659781196126e+04 1.000000000000000000e+00 -5.175263630689961830e-21
4.466835921509606919e+02 1.640908408883120137e+04 -3.052957524331078821e+04 1.000000000000000000e+00 -3.876613782223484023e-21
5.011872336272695065e+02 1.366402974017187080e+04 -2.852452649624588958e+04 1.000000000000000000e+00 -2.877225551641334107e-21
5.623413251903459695e+02 1.128691956567841953e+04 -2.643742379038928993e+04 1.000000000000000000e+00 -2.118382699074206073e-21
6.309573444801897040e+02 9.259026763882980958e+03 -2.433403593010143959e+04 1.000000000000000000e+00 -1.548948490235024913e-21
7.079457843841338445e+02 7.551029260251860251e+03 -2.226698314232640041e+04 1.000000000000000000e+00 -1.125982056689785984e-21
7.943282347242768537e+02 6.127890127754840250e+03 -2.027562638814665115e+04 1.000000000000000000e+00 -8.145239474935755658e-22
8.912509381337401919e+02 4.952714527465229366e+03 -1.838725009533451157e+04 1.000000000000000000e+00 -5.868420690357709063e-22
9.999999999999939746e+02 3.989481750506803110e+03 -1.661891929294310103e+04 1.000000000000000000e+00 -4.214067462483387065e-22
1.122018454301957036e+03 3.204764794822815020e+03 -1.497954354357617922e+04 1.000000000000000000e+00 -3.017976874941087174e-22
1.258925411794158890e+03 2.568647155791968089e+03 -1.347184788751547057e+04 1.000000000000000000e+00 -2.156720117151653898e-22
1.412537544622744917e+03 2.055062381332983932e+03 -1.209409250132771922e+04 1.000000000000000000e+00 -1.538607259851672109e-22
1.584893192461102899e+03 1.641754540147406033e+03 -1.084148262949793934e+04 1.000000000000000000e+00 -1.096174186451722006e-22
1.778279410038911010e+03 1.310014786508334055e+03 -9.707271131018364031e+03 1.000000000000000000e+00 -7.801632333072421116e-23
1.995262314968865894e+03 1.044304699843788057e+03 -8.683587793944931036e+03 1.000000000000000000e+00 -5.548322105775293584e-23
2.238721138568324022e+03 8.318399692634275198e+02 -7.762041662771044685e+03 1.000000000000000000e+00 -3.943746557813395787e-23
2.511886431509562954e+03 6.621795748020213068e+02 -6.934143506988120862e+03 1.000000000000000000e+00 -2.802318705855999946e-23
2.818382931264433864e+03 5.268456282208957191e+02 -6.191590749450944713e+03 1.000000000000000000e+00 -1.990997254235511128e-23
3.162277660168357215e+03 4.189856844507937126e+02 -5.526450216646446279e+03 1.000000000000000000e+00 -1.414650458649437862e-23
3.548133892335728888e+03 3.330810780944353837e+02 -4.931266866960953848e+03 1.000000000000000000e+00 -1.005390865740060950e-23
3.981071705534944158e+03 2.646999883638999904e+02 -4.399120175596160152e+03 1.000000000000000000e+00 -7.148503483782709991e-24
4.466835921509598847e+03 2.102914371750574105e+02 -3.923644432522809893e+03 1.000000000000000000e+00 -5.086113694398197288e-24
5.011872336272685970e+03 1.670153115880465862e+02 -3.499024898339254833e+03 1.000000000000000000e+00 -3.622076580687458718e-24
5.623413251903449236e+03 1.326032792825205888e+02 -3.119978431687245120e+03 1.000000000000000000e+00 -2.582605065275981079e-24
6.309573444801885671e+03 1.052457138768527045e+02 -2.781724694995376012e+03 1.000000000000000000e+00 -1.844330313149761925e-24
7.079457843841326394e+03 8.350022548472313133e+01 -2.479952194358709221e+03 1.000000000000000000e+00 -1.319714731574029039e-24
7.943282347242755350e+03 6.621794831578704077e+01 -2.210782062227871847e+03 1.000000000000000000e+00 -9.466660849849092027e-25
8.912509381337387822e+03 5.248432509606278984e+01 -1.970731521487763985e+03 1.000000000000000000e+00 -6.811513769309668439e-25
9.999999999999923602e+03 4.157164431452348197e+01 -1.756678285214989955e+03 1.000000000000000000e+00 -4.919488926477443962e-25
1.122018454301954989e+04 3.290107350222930904e+01 -1.565826662692029913e+03 1.000000000000000000e+00 -3.569221396588676226e-25
1.258925411794156935e+04 2.601232961526062937e+01 -1.395675811392264904e+03 1.000000000000000000e+00 -2.603758403114500189e-25
1.412537544622743007e+04 2.053948156519242119e+01 -1.243990346202112960e+03 1.000000000000000000e+00 -1.911805819160779888e-25
1.584893192461100989e+04 1.619166041155870062e+01 -1.108773367454942900e+03 1.000000000000000000e+00 -1.414431173691945065e-25
1.778279410038908100e+04 1.273769517142075003e+01 -9.882418699438280782e+02 1.000000000000000000e+00 -1.055638007475826972e-25
1.995262314968862847e+04 9.993880797867134902e+00 -8.808044347765188604e+02 1.000000000000000000e+00 -7.956857316387233607e-26
2.238721138568321112e+04 7.814244941481715223e+00 -7.850410695740513347e+02 1.000000000000000000e+00 -6.063559121774123559e-26
2.511886431509559043e+04 6.082806177426932415e+00 -6.996850440698350440e+02 1.000000000000000000e+00 -4.675981241095136185e-26
2.818382931264429862e+04 4.707417138049229344e+00 -6.236065617724319736e+02 1.000000000000000000e+00 -3.651533959398040900e-26
3.162277660168351940e+04 3.614870006456297968e+00 -5.557981083844799741e+02 1.000000000000000000e+00 -2.888703102866120254e-26
3.548133892335723795e+04 2.747005783947017221e+00 -4.953613236110205094e+02 1.000000000000000000e+00 -2.315118154673891142e-26
3.981071705534937792e+04 2.057622118654343968e+00 -4.414952510434285955e+02 1.000000000000000000e+00 -1.879096620261781902e-26
4.466835921509592299e+04 1.510016040007585936e+00 -3.934858307337664769e+02 1.000000000000000000e+00 -1.543650922514121983e-26
5.011872336272677785e+04 1.075031347278009086e+00 -3.506965095719227179e+02 1.000000000000000000e+00 -1.282239749962595968e-26
5.623413251903439959e+04 7.295071719278966027e-01 -3.125598551977976172e+02 1.000000000000000000e+00 -1.075755160948511951e-26
6.309573444801875303e+04 4.550454055841935963e-01 -2.785700693643013892e+02 1.000000000000000000e+00 -9.103852411041533718e-27
7.079457843841314025e+04 2.370314211651929071e-01 -2.482763066547130109e+02 1.000000000000000000e+00 -7.760970982466683811e-27
7.943282347242740798e+04 6.385610035406955043e-02 -2.212767135365143929e+02 1.000000000000000000e+00 -6.655594574490033842e-27
8.912509381337370723e+04 -7.370219555291032676e-02 -1.972131112294200079e+02 1.000000000000000000e+00 -5.733768510903068959e-27
9.999999999999903957e+04 -1.829685794196929116e-01 -1.757662536488560932e+02 1.000000000000000000e+00 -4.955447359594840251e-27
1.122018454301953025e+05 -2.697616530488763931e-01 -1.566515988357236040e+02 1.000000000000000000e+00 -4.290612732331549847e-27
1.258925411794154934e+05 -3.387033167855091897e-01 -1.396155386605435069e+02 1.000000000000000000e+00 -3.716502689865209305e-27
1.412537544622741116e+05 -3.934648779560898091e-01 -1.244320374230148047e+02 1.000000000000000000e+00 -3.215630246420808067e-27
1.584893192461098079e+05 -4.369625261840490160e-01 -1.108996351795904047e+02 1.000000000000000000e+00 -2.774362427724644823e-27
1.778279410038905044e+05 -4.715126364288029226e-01 -9.883877643694997062e+01 1.000000000000000000e+00 -2.381897513226299948e-27
1.995262314968859137e+05 -4.989551045784504923e-01 -8.808942890141157989e+01 1.000000000000000000e+00 -2.029525773797057966e-27
2.238721138568317110e+05 -5.207513267261405510e-01 -7.850896090538948613e+01 1.000000000000000000e+00 -1.710092054656539894e-27
2.511886431509554095e+05 -5.380620221431497985e-01 -6.997024945888571779e+01 1.000000000000000000e+00 -1.417602033504420992e-27
2.818382931264425279e+05 -5.518090431896983672e-01 -6.235999388699166701e+01 1.000000000000000000e+00 -1.146931179293598051e-27
3.162277660168345901e+05 -5.627244654210096231e-01 -5.557721273469150702e+01 1.000000000000000000e+00 -8.936069701267983369e-28
3.548133892335718265e+05 -5.713895723610475930e-01 -4.953190404928474067e+01 1.000000000000000000e+00 -6.536433884783448613e-28
3.981071705534930807e+05 -5.782658120913144462e-01 -4.414385128599221275e+01 1.000000000000000000e+00 -4.234127991380271440e-28
4.466835921509583713e+05 -5.837193690058184448e-01 -3.934155900165575304e+01 1.000000000000000000e+00 -1.995443646891376021e-28
5.011872336272670073e+05 -5.880406657062006159e-01 -3.506130424537420254e+01 1.000000000000000000e+00 2.115871521742879085e-29
5.623413251903430792e+05 -5.914598284605157019e-01 -3.124629105889999892e+01 1.000000000000000000e+00 2.417888842787553122e-28
6.309573444801864680e+05 -5.941589430375369130e-01 -2.784589688118737882e+01 1.000000000000000000e+00 4.653950033530289673e-28
7.079457843841302674e+05 -5.962817518718357412e-01 -2.481500085864981031e+01 1.000000000000000000e+00 6.950374102271349159e-28
7.943282347242728574e+05 -5.979413098451877850e-01 -2.211338515557023143e+01 1.000000000000000000e+00 9.338397480163514229e-28
8.912509381337357918e+05 -5.992260066038035404e-01 -1.970520132632988108e+01 1.000000000000000000e+00 1.185039617369032035e-27
9.999999999999889405e+05 -6.002042762610965143e-01 -1.755849467094834893e+01 1.000000000000000000e+00 1.452039809813337973e-27
1.122018454301950987e+06 -6.009282458520294190e-01 -1.564478026762069973e+01 1.000000000000000000e+00 1.738461799946895027e-27
1.258925411794153042e+06 -6.014365178084379870e-01 -1.393866506245377046e+01 1.000000000000000000e+00 2.048203199849730151e-27
1.412537544622737914e+06 -6.017562362741843973e-01 -1.241751101329185936e+01 1.000000000000000000e+00 2.385501050507497123e-27
1.584893192461095983e+06 -6.019045488777847730e-01 -1.106113482274622939e+01 1.000000000000000000e+00 2.755003138709248956e-27
1.778279410038901959e+06 -6.018895459703285100e-01 -9.851540295036560480e+00 1.000000000000000000e+00 3.161850043240945925e-27
1.995262314968856983e+06 -6.017107325246989769e-01 -8.772679785681157583e+00 1.000000000000000000e+00 3.611771340760177881e-27
2.238721138568312861e+06 -6.013590664762832327e-01 -7.810241604017962302e+00 1.000000000000000000e+00 4.111200392404246236e-27
2.511886431509550195e+06 -6.008165790326884803e-01 -6.951460588992513401e+00 1.000000000000000000e+00 4.667413545631339237e-27
2.818382931264420040e+06 -6.000555779075451568e-01 -6.184949395415556772e+00 1.000000000000000000e+00 5.288701429977136705e-27
3.162277660168340895e+06 -5.990374238947220320e-01 -5.500548326998607962e+00 1.000000000000000000e+00 5.984582473185172260e-27
3.548133892335711978e+06 -5.977108664393953052e-01 -4.889191819022726371e+00 1.000000000000000000e+00 6.766071942129725312e-27
3.981071705534923822e+06 -5.960099275776769012e-01 -4.342789928079728412e+00 1.000000000000000000e+00 7.646023774968286638e-27
4.466835921509576030e+06 -5.938513407049917925e-01 -3.854123424975932188e+00 1.000000000000000000e+00 8.639567277000886420e-27
5.011872336272660643e+06 -5.911315879272147633e-01 -3.416751313258927780e+00 1.000000000000000000e+00 9.764666133323107357e-27
5.623413251903420314e+06 -5.877236456432008982e-01 -3.024929806627143947e+00 1.000000000000000000e+00 1.104283260858747064e-26
6.309573444801853038e+06 -5.834736578439241317e-01 -2.673541995809947114e+00 1.000000000000000000e+00 1.250003386814014935e-26
7.079457843841289170e+06 -5.781979206780044622e-01 -2.358037593088336159e+00 1.000000000000000000e+00 1.416782765106224011e-26
7.943282347242713906e+06 -5.716807970518311688e-01 -2.074382244252353846e+00 1.000000000000000000e+00 1.608475672259535046e-26
8.912509381337340921e+06 -5.636744860641526023e-01 -1.819015888356648958e+00 1.000000000000000000e+00 1.829800919616263008e-26
9.999999999999871477e+06 -5.539019358006891380e-01 -1.588819469636109982e+00 1.000000000000000000e+00 2.086530578117417984e-26
1.122018454301949032e+07 -5.420645389194064245e-01 -1.381088867190837899e+00 1.000000000000000000e+00 2.385689475201374136e-26
1.258925411794150993e+07 -5.278564667669423116e-01 -1.193514153919003062e+00 1.000000000000000000e+00 2.735741235550310976e-26
1.412537544622736052e+07 -5.109873426734247159e-01 -1.024161186729692918e+00 1.000000000000000000e+00 3.146720110604248799e-26
1.584893192461092956e+07 -4.912141353867974791e-01 -8.714512133440953656e-01 1.000000000000000000e+00 3.630249350017834112e-26
1.778279410038898885e+07 -4.683813633771732876e-01 -7.341330184038755702e-01 1.000000000000000000e+00 4.199372264436784239e-26
1.995262314968853071e+07 -4.424658507589319112e-01 -6.112418084680727448e-01 1.000000000000000000e+00 4.868121572030470138e-26
2.238721138568310067e+07 -4.136187672908260837e-01 -5.020404241242043542e-01 1.000000000000000000e+00 5.650778832905759743e-26
2.511886431509545818e+07 -3.821946675781581204e-01 -4.059422446149559827e-01 1.000000000000000000e+00 6.560837893182808446e-26
2.818382931264415011e+07 -3.487564787312282810e-01 -3.224211220902544195e-01 1.000000000000000000e+00 7.609779798145409667e-26
3.162277660168335959e+07 -3.140485262106350040e-01 -2.509202368582171827e-01 1.000000000000000000e+00 8.805864660635931796e-26
3.548133892335704714e+07 -2.789370018380902816e-01 -1.907760235988336106e-01 1.000000000000000000e+00 1.015320115121871951e-25
3.981071705534917116e+07 -2.443267352082739985e-01 -1.411724796443925012e-01 1.000000000000000000e+00 1.165131918659555952e-25
4.466835921509567648e+07 -2.110708313486037990e-01 -1.011344404540461955e-01 1.000000000000000000e+00 1.329533077156195043e-25
5.011872336272651702e+07 -1.798919926696740945e-01 -6.955810055675630543e-02 1.000000000000000000e+00 1.507655768738923896e-25
5.623413251903410256e+07 -1.513300612270923884e-01 -4.526755859718255975e-02 1.000000000000000000e+00 1.698331978438126114e-25
6.309573444801841676e+07 -1.257217347902624127e-01 -2.708133434904613085e-02 1.000000000000000000e+00 1.900150750625304892e-25
7.079457843841277063e+07 -1.032095517361436010e-01 -1.387379513337748914e-02 1.000000000000000000e+00 2.111465796348968103e-25
7.943282347242699564e+07 -8.377141292144232865e-02 -4.621526841961775406e-03 1.000000000000000000e+00 2.330349615976467923e-25
8.912509381337325275e+07 -6.726020594592847790e-02 1.569069092112917964e-03 1.000000000000000000e+00 2.554520929263709118e-25
9.999999999999853969e+07 -5.344461363362838779e-02 5.451659418868098385e-03 1.000000000000000000e+00 2.781297993785228976e-25
1.122018454301947057e+08 -4.204521567381819258e-02 7.643252764665814727e-03 1.000000000000000000e+00 3.007640933344237981e-25
1.258925411794148982e+08 -3.276307786915857306e-02 8.636002397070796643e-03 1.000000000000000000e+00 3.230334612689822848e-25
1.412537544622732997e+08 -2.530038346925840911e-02 8.813228510225762022e-03 1.000000000000000000e+00 3.446328324677194154e-25
1.584893192461090088e+08 -1.937408511151322843e-02 8.466508390657358218e-03 1.000000000000000000e+00 3.653195431555287106e-25
1.778279410038895905e+08 -1.472415240491451068e-02 7.811931752140212348e-03 1.000000000000000000e+00 3.849620240796331022e-25
1.995262314968850017e+08 -1.111799227022233945e-02 7.004652163578991599e-03 1.000000000000000000e+00 4.035783073278033841e-25
2.238721138568305969e+08 -8.352288767604658035e-03 6.151543973150952818e-03 1.000000000000000000e+00 4.213518252576988811e-25
2.511886431509541869e+08 -6.253088216069193316e-03 5.322089719014715288e-03 1.000000000000000000e+00 4.386168823719550635e-25
2.818382931264411211e+08 -4.674621174038334423e-03 4.557672034854626589e-03 1.000000000000000000e+00 4.558138969728268628e-25
3.162277660168331265e+08 -3.497180440246527074e-03 3.879374211807738119e-03 1.000000000000000000e+00 4.734217929202093305e-25
3.548133892335699797e+08 -2.624336634131984019e-03 3.294333960164051982e-03 1.000000000000000000e+00 4.918789381102891665e-25
3.981071705534911156e+08 -1.979788083245759799e-03 2.800703914011114064e-03 1.000000000000000000e+00 5.115039758336897869e-25
4.466835921509562135e+08 -1.504136454339793103e-03 2.391335625529819858e-03 1.000000000000000000e+00 5.324251725015764877e-25
5.011872336272644997e+08 -1.151827383840014042e-03 2.056373111874856829e-03 1.000000000000000000e+00 5.545238945024137444e-25
5.623413251903402805e+08 -8.884124500140125899e-04 1.784979625575867923e-03 1.000000000000000000e+00 5.773964119967012316e-25
6.309573444801833630e+08 -6.882056640312970725e-04 1.566418713948883063e-03 1.000000000000000000e+00 6.003389203396879730e-25
7.079457843841267824e+08 -5.323446731634313804e-04 1.390681030567031927e-03 1.000000000000000000e+00 6.223625074288021325e-25
7.943282347242689133e+08 -4.072278554524339021e-04 1.248809343132041040e-03 1.000000000000000000e+00 6.422457296060956796e-25
8.912509381337313652e+08 -3.032774331866563760e-04 1.133036419403011044e-03 1.000000000000000000e+00 6.586300687944042410e-25
9.999999999999840260e+08 -2.139689747744554979e-04 1.036816713698739080e-03 1.000000000000000000e+00 6.701561450002410228e-25
