# freq_hz re(vout/vdiff) im(vout/vdiff) re(vdiff) im(vdiff)
1.000000000000000056e-01 6.861991633270973398e+04 2.496002599822078594e+01 1.000000000000173861e+00 6.322448444630060228e-17
1.122018454301963036e-01 6.861992160383483861e+04 1.616478947366988805e+01 1.000000000000138112e+00 3.252447657765441024e-17
1.258925411794167004e-01 6.861992457359527180e+04 7.584048295169991682e+00 1.000000000000109690e+00 1.212108099237474973e-17
1.412537544622753938e-01 6.861992540014101542e+04 -8.960578806371017890e-01 1.000000000000087041e+00 -1.137565277602630990e-18
1.584893192461112876e-01 6.861992412748848437e+04 -9.388054117355721928e+00 1.000000000000069278e+00 -9.467075655417975021e-18
1.778279410038922093e-01 6.861992068786453456e+04 -1.800462324250418789e+01 1.000000000000055067e+00 -1.442196048376487049e-17
1.995262314968878903e-01 6.861991489809735504e+04 -2.686010098341322205e+01 1.000000000000043743e+00 -1.709022987995718963e-17
2.238721138568338098e-01 6.861990644986201369e+04 -3.607199302324087142e+01 1.000000000000034639e+00 -1.823099624546460004e-17
2.511886431509577911e-01 6.861989489326129842e+04 -4.576253409430903218e+01 1.000000000000027534e+00 -1.837174161605678151e-17
2.818382931264450941e-01 6.861987961286764767e+04 -5.606030978063515846e+01 1.000000000000021982e+00 -1.787704595764738032e-17
3.162277660168377191e-01 6.861985979495001084e+04 -6.710196252853445742e+01 1.000000000000017319e+00 -1.699712567282629039e-17
3.548133892335750827e-01 6.861983438414087868e+04 -7.903400447386559335e+01 1.000000000000013767e+00 -1.590209159275756072e-17
3.981071705534969252e-01 6.861980202723621915e+04 -9.201476110067321201e+01 1.000000000000010880e+00 -1.470610851516738122e-17
4.466835921509625940e-01 6.861976100113532448e+04 -1.062164714659676577e+02 1.000000000000008660e+00 -1.348441572489953076e-17
5.011872336272716888e-01 6.861970912108437915e+04 -1.218275727800494224e+02 1.000000000000006883e+00 -1.228530251561951060e-17
5.623413251903484067e-01 6.861964362433797214e+04 -1.390551995456504528e+02 1.000000000000005551e+00 -1.113852018180033027e-17
6.309573444801924724e-01 6.861956102304508386e+04 -1.581279302603531960e+02 1.000000000000004441e+00 -1.006117840497704991e-17
7.079457843841370224e-01 6.861945691852750315e+04 -1.792988179068916565e+02 1.000000000000003553e+00 -9.061867126937489731e-18
7.943282347242804908e-01 6.861932576706499094e+04 -2.028487441299832028e+02 1.000000000000002665e+00 -8.143527867417189247e-18
8.912509381337443415e-01 6.861916058472027362e+04 -2.290901411639522678e+02 1.000000000000002220e+00 -7.305444799626773243e-18
9.999999999999985567e-01 6.861895257549615053e+04 -2.583711302723306176e+02 1.000000000000001776e+00 -6.544617192577348956e-18
1.122018454301962009e+00 6.861869066303817090e+04 -2.910801307290892055e+02 1.000000000000001332e+00 -5.856697932477182747e-18
1.258925411794165061e+00 6.861836090097179112e+04 -3.276509992500506314e+02 1.000000000000001110e+00 -5.236628450356593695e-18
1.412537544622751939e+00 6.861794573051328189e+04 -3.685687663063758350e+02 1.000000000000000888e+00 -4.679061929111843629e-18
1.584893192461110933e+00 6.861742304588583647e+04 -4.143760429444269562e+02 1.000000000000000666e+00 -4.178639482393648640e-18
1.778279410038920094e+00 6.861676501787557208e+04 -4.656801796056506646e+02 1.000000000000000444e+00 -3.730164793187376886e-18
1.995262314968875961e+00 6.861593661304321722e+04 -5.231612669672846323e+02 1.000000000000000444e+00 -3.328709137936733968e-18
2.238721138568334990e+00 6.861489372999769694e+04 -5.875810779484693285e+02 1.000000000000000444e+00 -2.969669151034871915e-18
2.511886431509574802e+00 6.861358085389787448e+04 -6.597930596217936454e+02 1.000000000000000222e+00 -2.648792935590306026e-18
2.818382931264447944e+00 6.861192810493588331e+04 -7.407534936178095677e+02 1.000000000000000222e+00 -2.362185372440570885e-18
3.162277660168371973e+00 6.860984752467037470e+04 -8.315339533511059926e+02 1.000000000000000222e+00 -2.106300135188436965e-18
3.548133892335747053e+00 6.860722840410075150e+04 -9.333351954710810787e+02 1.000000000000000222e+00 -1.877923570535027870e-18
3.981071705534962923e+00 6.860393140731081076e+04 -1.047502630498121789e+03 1.000000000000000000e+00 -1.674153957516182949e-18
4.466835921509620277e+00 6.859978118190445821e+04 -1.175543522380783088e+03 1.000000000000000000e+00 -1.492378509306363073e-18
5.011872336272709560e+00 6.859455706930004817e+04 -1.319146066844459938e+03 1.000000000000000000e+00 -1.330249680617688928e-18
5.623413251903476073e+00 6.858798143060243456e+04 -1.480200491202125932e+03 1.000000000000000000e+00 -1.185661788912246996e-18
6.309573444801915620e+00 6.857970498287606461e+04 -1.660822299887581039e+03 1.000000000000000000e+00 -1.056728575566743022e-18
7.079457843841360010e+00 6.856928839105219231e+04 -1.863377754818239964e+03 1.000000000000000000e+00 -9.417620721735661255e-19
7.943282347242792696e+00 6.855617917651052994e+04 -2.090511619952374076e+03 1.000000000000000000e+00 -8.392529609254064782e-19
8.912509381337429204e+00 6.853968277799352654e+04 -2.345177104018964201e+03 1.000000000000000000e+00 -7.478525008527547522e-19
9.999999999999969802e+00 6.851892632702553237e+04 -2.630667788888275936e+03 1.000000000000000000e+00 -6.663560155029157796e-19
1.122018454301960055e+01 6.849281337182634161e+04 -2.950651111898408089e+03 1.000000000000000000e+00 -5.936878897723861254e-19
1.258925411794163018e+01 6.845996739585489559e+04 -3.309202648981618950e+03 1.000000000000000000e+00 -5.288879951305162044e-19
1.412537544622749941e+01 6.841866152844048338e+04 -3.710839981118893775e+03 1.000000000000000000e+00 -4.710994471781393667e-19
1.584893192461107958e+01 6.836673134190194833e+04 -4.160554264831441287e+03 1.000000000000000000e+00 -4.195575930378719127e-19
1.778279410038917163e+01 6.830146709226041276e+04 -4.663836695549121032e+03 1.000000000000000000e+00 -3.735801254749843075e-19
1.995262314968872985e+01 6.821948123261847650e+04 -5.226695756580276793e+03 1.000000000000000000e+00 -3.325582238428900946e-19
2.238721138568331881e+01 6.811654659127618652e+04 -5.855659367467181255e+03 1.000000000000000000e+00 -2.959486275441427192e-19
2.511886431509570983e+01 6.798740040293120546e+04 -6.557753641242707999e+03 1.000000000000000000e+00 -2.632665547730072164e-19
2.818382931264443059e+01 6.782550964572037628e+04 -7.340446771798224290e+03 1.000000000000000000e+00 -2.340793872630633163e-19
3.162277660168367888e+01 6.762279424087534426e+04 -8.211542447441393961e+03 1.000000000000000000e+00 -2.080010502273622924e-19
3.548133892335741280e+01 6.736930717990845733e+04 -9.179002026373209446e+03 1.000000000000000000e+00 -1.846870254085728116e-19
3.981071705534957061e+01 6.705287537780149432e+04 -1.025066856354937954e+04 1.000000000000000000e+00 -1.638299439622818932e-19
4.466835921509613172e+01 6.665871314227127004e+04 -1.143385900757724085e+04 1.000000000000000000e+00 -1.451557145444316944e-19
5.011872336272701745e+01 6.616903304870805005e+04 -1.273478443171354957e+04 1.000000000000000000e+00 -1.284201500623867028e-19
5.623413251903466659e+01 6.556269836313153792e+04 -1.415775394246570067e+04 1.000000000000000000e+00 -1.134060633445506004e-19
6.309573444801905850e+01 6.481498841386399727e+04 -1.570411933971646067e+04 1.000000000000000000e+00 -9.992080621312915785e-20
7.079457843841348108e+01 6.389758387099288666e+04 -1.737093014720224164e+04 1.000000000000000000e+00 -8.779422608466952609e-20
7.943282347242779906e+01 6.277892049412270717e+04 -1.914930007552645839e+04 1.000000000000000000e+00 -7.687700639063721903e-20
8.912509381337414993e+01 6.142510000439338182e+04 -2.102254566055105170e+04 1.000000000000000000e+00 -6.703933789955324525e-20
9.999999999999954525e+01 5.980157120116596343e+04 -2.296425536959393139e+04 1.000000000000000000e+00 -5.816983794438193041e-20
1.122018454301958030e+02 5.787577115903983213e+04 -2.493658003733785154e+04 1.000000000000000000e+00 -5.017457815316750171e-20
1.258925411794160993e+02 5.562082392536743282e+04 -2.688919795847229034e+04 1.000000000000000000e+00 -4.297603942761392751e-20
1.412537544622747134e+02 5.302017822792220250e+04 -2.875954208427328922e+04 1.000000000000000000e+00 -3.651175016978332280e-20
1.584893192461105969e+02 5.007273380853998242e+04 -3.047491339424176113e+04 1.000000000000000000e+00 -3.073235651007964030e-20
1.778279410038913966e+02 4.679760235700770136e+04 -3.195694348480696135e+04 1.000000000000000000e+00 -2.559894185689771920e-20
1.995262314968869930e+02 4.323730005679876194e+04 -3.312842106710450025e+04 1.000000000000000000e+00 -2.107957221339107079e-20
2.238721138568328115e+02 3.945809484594451351e+04 -3.392180379912409990e+04 1.000000000000000000e+00 -1.714531138717904068e-20
2.511886431509566933e+02 3.554661141423512163e+04 -3.428797492617635726e+04 1.000000000000000000e+00 -1.376623099190346106e-20
2.818382931264438866e+02 3.160266644311150958e+04 -3.420332691948329739e+04 1.000000000000000000e+00 -1.090812484629043016e-20
3.162277660168363127e+02 2.772941624159691128e+04 -3.367337065431089286e+04 1.000000000000000000e+00 -8.530590214367921385e-21
3.548133892335736164e+02 2.402279572717642077e+04 -3.273188096854143078e+04 1.000000000000000000e+00 -6.586837876452268370e-21
3.981071705534951093e+02 2.056247570677669864e+04 -3.143581771445464983e+04 1.000000000000000000e+00 -5.025135709942677831e-21
4.466835921509606919e+02 1.740603935164094946e+04 -2.985738453991540882e+04 1.000000000000000000e+00 -3.791370471150939111e-21
5.011872336272695065e+02 1.458704370407200076e+04 -2.807515429685953131e+04 1.000000000000000000e+00 -2.832002217208257044e-21
5.623413251903459695e+02 1.211656611243953012e+04 -2.616605703576636006e+04 1.000000000000000000e+00 -2.096735646961876852e-21
6.309573444801897040e+02 9.987136392482319934e+03 -2.419939800268020917e+04 1.000000000000000000e+00 -1.540468080699598041e-21
7.079457843841338445e+02 8.177759493850258878e+03 -2.223330488823272026e+04 1.000000000000000000e+00 -1.124361519569752062e-21
7.943282347242768537e+02 6.658937751440013926e+03 -2.031338655994686997e+04 1.000000000000000000e+00 -8.161162303827976228e-22
8.912509381337401919e+02 5.396989809855910607e+03 -1.847305214105355117e+04 1.000000000000000000e+00 -5.896490343813691371e-22
9.999999999999939746e+02 4.357354096991041843e+03 -1.673486045191648009e+04 1.000000000000000000e+00 -4.244087558732135196e-22
1.122018454301957036e+03 3.506853344871622994e+03 -1.511235616722644954e+04 1.000000000000000000e+00 -3.045295709141902842e-22
1.258925411794158890e+03 2.815062842130420904e+03 -1.361200122087394084e+04 1.000000000000000000e+00 -2.179662374960560024e-22
1.412537544622744917e+03 2.254989266156991107e+03 -1.223496334298946022e+04 1.000000000000000000e+00 -1.556982710741009056e-22
1.584893192461102899e+03 1.803266638600282931e+03 -1.097864507333850088e+04 1.000000000000000000e+00 -1.110449870060555071e-22
1.778279410038911010e+03 1.440044432619421968e+03 -9.837918481129212523e+03 1.000000000000000000e+00 -7.910281963358437102e-23
1.995262314968865894e+03 1.148700329009611096e+03 -8.806079144224924676e+03 1.000000000000000000e+00 -5.629854079898779222e-23
2.238721138568324022e+03 9.154704194254486538e+02 -7.875556184029974247e+03 1.000000000000000000e+00 -4.004342845619834007e-23
2.511886431509562954e+03 7.290570701877668398e+02 -7.038422777899387256e+03 1.000000000000000000e+00 -2.847072576768177155e-23
2.818382931264433864e+03 5.802505394683778377e+02 -6.286750358968857654e+03 1.000000000000000000e+00 -2.023929504930637139e-23
3.162277660168357215e+03 4.615836256036491818e+02 -5.612844368631109319e+03 1.000000000000000000e+00 -1.438847735908548893e-23
3.548133892335728888e+03 3.670277525188606091e+02 -5.009392681224094304e+03 1.000000000000000000e+00 -1.023177609829722073e-23
3.981071705534944158e+03 2.917321819876369773e+02 -4.469551217190653006e+03 1.000000000000000000e+00 -7.279533948764653854e-24
4.466835921509598847e+03 2.318042889352132931e+02 -3.986985455566391920e+03 1.000000000000000000e+00 -5.183011737328603253e-24
5.011872336272685970e+03 1.841269057263943978e+02 -3.555881793843292144e+03 1.000000000000000000e+00 -3.694124397838427817e-24
5.623413251903449236e+03 1.462080135187526935e+02 -3.170938941423486085e+03 1.000000000000000000e+00 -2.636551599996127101e-24
6.309573444801885671e+03 1.160580079537098044e+02 -2.827346655503627062e+03 1.000000000000000000e+00 -1.885066972062755066e-24
7.079457843841326394e+03 9.209007957356926966e+01 -2.520756976442763062e+03 1.000000000000000000e+00 -1.350780188286924980e-24
7.943282347242755350e+03 7.303972168389660169e+01 -2.247251537297644063e+03 1.000000000000000000e+00 -9.706187800979590199e-25
8.912509381337387822e+03 5.789993487214041323e+01 -2.003307372308317099e+03 1.000000000000000000e+00 -6.998419210686228126e-25
9.999999999999923602e+03 4.586920776457893112e+01 -1.785762830719592102e+03 1.000000000000000000e+00 -5.067179473212019226e-25
1.122018454301954989e+04 3.630985234159052766e+01 -1.591784619170631004e+03 1.000000000000000000e+00 -3.687434578720015064e-25
1.258925411794156935e+04 2.871468682551346063e+01 -1.418836592700612073e+03 1.000000000000000000e+00 -2.699592945508271896e-25
1.412537544622743007e+04 2.268043358654686159e+01 -1.264650633315729920e+03 1.000000000000000000e+00 -1.990461840369172094e-25
1.584893192461100989e+04 1.788649913695856952e+01 -1.127199767682106085e+03 1.000000000000000000e+00 -1.479741083545269913e-25
1.778279410038908100e+04 1.407806413127340939e+01 -1.004673548975191011e+03 1.000000000000000000e+00 -1.110446926022382013e-25
1.995262314968862847e+04 1.105261538744547067e+01 -8.954556484233589799e+02 1.000000000000000000e+00 -8.421240022436141121e-26
2.238721138568321112e+04 8.649225832683139714e+00 -7.981035520389873454e+02 1.000000000000000000e+00 -6.460343808172790553e-26
2.511886431509559043e+04 6.740025700747096948e+00 -7.113302299663980648e+02 1.000000000000000000e+00 -5.017482074091974112e-26
2.818382931264429862e+04 5.223418442585684218e+00 -6.339876327565017391e+02 1.000000000000000000e+00 -3.947277070058592122e-26
3.162277660168351940e+04 4.018686750358874349e+00 -5.650518641571720764e+02 1.000000000000000000e+00 -3.146151140487820832e-26
3.548133892335723795e+04 3.061704261701598817e+00 -5.036098827081174818e+02 1.000000000000000000e+00 -2.540193583073249950e-26
3.981071705534937792e+04 2.301527088734636184e+00 -4.488475902213206155e+02 1.000000000000000000e+00 -2.076561125199262008e-26
4.466835921509592299e+04 1.697684986946174979e+00 -4.000391736311918862e+02 1.000000000000000000e+00 -1.717381818363795857e-26
5.011872336272677785e+04 1.218028709751387995e+00 -3.565375761699837085e+02 1.000000000000000000e+00 -1.435432525384302123e-26
5.623413251903439959e+04 8.370195526651831308e-01 -3.177659837688328253e+02 1.000000000000000000e+00 -1.211072928422465063e-26
6.309573444801875303e+04 5.343703904493745105e-01 -2.832102223312571141e+02 1.000000000000000000e+00 -1.030069905444673054e-26
7.079457843841314025e+04 2.939659484477036844e-01 -2.524119712566566989e+02 1.000000000000000000e+00 -8.820528156221009868e-27
7.943282347242740798e+04 1.030050085616212030e-01 -2.249627075151279882e+02 1.000000000000000000e+00 -7.594159404701868801e-27
8.912509381337370723e+04 -4.868104436287858799e-02 -2.004983029976164914e+02 1.000000000000000000e+00 -6.565379306422884937e-27
9.999999999999903957e+04 -1.691695686937984000e-01 -1.786942056261312928e+02 1.000000000000000000e+00 -5.692260642155162244e-27
1.122018454301953025e+05 -2.648767173870797964e-01 -1.592611418704148036e+02 1.000000000000000000e+00 -4.943199611110132728e-27
1.258925411794154934e+05 -3.408990542622293840e-01 -1.419412847286826036e+02 1.000000000000000000e+00 -4.294084763972134742e-27
1.412537544622741116e+05 -4.012849312622978060e-01 -1.265048370897492021e+02 1.000000000000000000e+00 -3.726269678375437177e-27
1.584893192461098079e+05 -4.492500362764316746e-01 -1.127469856825575931e+02 1.000000000000000000e+00 -3.225116871974440033e-27
1.778279410038905044e+05 -4.873486402073984869e-01 -1.004851856452943935e+02 1.000000000000000000e+00 -2.778947705286998995e-27
1.995262314968859137e+05 -5.176096040307830437e-01 -8.955673988075278658e+01 1.000000000000000000e+00 -2.378281575727913878e-27
2.238721138568317110e+05 -5.416444140439881094e-01 -7.981664130144038438e+01 1.000000000000000000e+00 -2.015281261388883079e-27
2.511886431509554095e+05 -5.607329997646555153e-01 -7.113564950075371485e+01 1.000000000000000000e+00 -1.683345154292919163e-27
2.818382931264425279e+05 -5.758918910137525993e-01 -6.339857638546901342e+01 1.000000000000000000e+00 -1.376804647484592976e-27
3.162277660168345901e+05 -5.879283495276861338e-01 -5.650275810226366957e+01 1.000000000000000000e+00 -1.090696647932240956e-27
3.548133892335718265e+05 -5.974833575584744816e-01 -5.035669304612377317e+01 1.000000000000000000e+00 -8.205898001650929433e-28
3.981071705534930807e+05 -6.050657529721495953e-01 -4.487882789450846133e+01 1.000000000000000000e+00 -5.624492134423544671e-28
4.466835921509583713e+05 -6.110793257278430701e-01 -3.999647559318452039e+01 1.000000000000000000e+00 -3.125285958973785901e-28
5.011872336272670073e+05 -6.158443212304767211e-01 -3.564485094794603981e+01 1.000000000000000000e+00 -6.728189782266067340e-29
5.623413251903430792e+05 -6.196144945290139594e-01 -3.176621104433088050e+01 1.000000000000000000e+00 1.767114317484694049e-28
6.309573444801864680e+05 -6.225906244321350869e-01 -2.830908909590639055e+01 1.000000000000000000e+00 4.228118650788547627e-28
7.079457843841302674e+05 -6.249312062062210016e-01 -2.522761155885250162e+01 1.000000000000000000e+00 6.743791828083558914e-28
7.943282347242728574e+05 -6.267608932046361270e-01 -2.248088946168194013e+01 1.000000000000000000e+00 9.348283902557401177e-28
8.912509381337357918e+05 -6.281771369744215683e-01 -2.003247587761267923e+01 1.000000000000000000e+00 1.207684288499574953e-27
9.999999999999889405e+05 -6.292553802556771769e-01 -1.784988234558040077e+01 1.000000000000000000e+00 1.496636513162286929e-27
1.122018454301950987e+06 -6.300530790362502964e-01 -1.590414782646112002e+01 1.000000000000000000e+00 1.805596769473336080e-27
1.258925411794153042e+06 -6.306127700933942259e-01 -1.416945448603213009e+01 1.000000000000000000e+00 2.138760009144817119e-27
1.412537544622737914e+06 -6.309643484585355511e-01 -1.262278521432540934e+01 1.000000000000000000e+00 2.500671457606705123e-27
1.584893192461095983e+06 -6.311266784145045383e-01 -1.124361834537580940e+01 1.000000000000000000e+00 2.896301700810978043e-27
1.778279410038901959e+06 -6.311086283741157432e-01 -1.001365554882021058e+01 1.000000000000000000e+00 3.331132549680850713e-27
1.995262314968856983e+06 -6.309095909860683582e-01 -8.916579303481922736e+00 1.000000000000000000e+00 3.811257103693684146e-27
2.238721138568312861e+06 -6.305195260910096966e-01 -7.937836765527046090e+00 1.000000000000000000e+00 4.343498400396460116e-27
2.511886431509550195e+06 -6.299185443922997729e-01 -7.064447207631657122e+00 1.000000000000000000e+00 4.935552412632633752e-27
2.818382931264420040e+06 -6.290760345753246829e-01 -6.284830534938905089e+00 1.000000000000000000e+00 5.596162952502538271e-27
3.162277660168340895e+06 -6.279493250847669739e-01 -5.588654683027442616e+00 1.000000000000000000e+00 6.335338393460738327e-27
3.548133892335711978e+06 -6.264818684314867880e-01 -4.966699982373686595e+00 1.000000000000000000e+00 7.164623195329611655e-27
3.981071705534923822e+06 -6.246009413106433650e-01 -4.410738833027417982e+00 1.000000000000000000e+00 8.097440988945815874e-27
4.466835921509576030e+06 -6.222148759677670338e-01 -3.913429281560369954e+00 1.000000000000000000e+00 9.149530543589915751e-27
5.011872336272660643e+06 -6.192098816341421452e-01 -3.468221322063389067e+00 1.000000000000000000e+00 1.033950093133326071e-26
5.623413251903420314e+06 -6.154465952695786779e-01 -3.069274968470824927e+00 1.000000000000000000e+00 1.168953710603375027e-26
6.309573444801853038e+06 -6.107566248141029774e-01 -2.711389334723297129e+00 1.000000000000000000e+00 1.322629042188312905e-26
7.079457843841289170e+06 -6.049395383963921402e-01 -2.389942121794403018e+00 1.000000000000000000e+00 1.498198793128942984e-26
7.943282347242713906e+06 -5.977610164681904648e-01 -2.100838992209696166e+00 1.000000000000000000e+00 1.699578526958409110e-26
8.912509381337340921e+06 -5.889532228584904994e-01 -1.840472270677778965e+00 1.000000000000000000e+00 1.931536422366976101e-26
9.999999999999871477e+06 -5.782188389289624197e-01 -1.605688169734688975e+00 1.000000000000000000e+00 2.199872899628047117e-26
1.122018454301949032e+07 -5.652405595978718944e-01 -1.393761208759844994e+00 1.000000000000000000e+00 2.511607499581707984e-26
1.258925411794150993e+07 -5.496980151260817404e-01 -1.202373612250491997e+00 1.000000000000000000e+00 2.875148380657489764e-26
1.412537544622736052e+07 -5.312937971909290624e-01 -1.029596238048531065e+00 1.000000000000000000e+00 3.300404087559335900e-26
1.584893192461092956e+07 -5.097892004976807279e-01 -8.738661826538075550e-01 1.000000000000000000e+00 3.798780385093923910e-26
1.778279410038898885e+07 -4.850481526507929853e-01 -7.339551046908804333e-01 1.000000000000000000e+00 4.382992923385560173e-26
1.995262314968853071e+07 -4.570845801449214818e-01 -6.089222780936514035e-01 1.000000000000000000e+00 5.066629115570689089e-26
2.238721138568310067e+07 -4.261047309365498803e-01 -4.980483629000034829e-01 1.000000000000000000e+00 5.863421266188825776e-26
2.511886431509545818e+07 -3.925331242381275842e-01 -4.007504425972875928e-01 1.000000000000000000e+00 6.786254355615233463e-26
2.818382931264415011e+07 -3.570107695549603055e-01 -3.164855374195723048e-01 1.000000000000000000e+00 7.846018785757966296e-26
3.162277660168335959e+07 -3.203586301134888070e-01 -2.446565017625824956e-01 1.000000000000000000e+00 9.050502908844103646e-26
3.548133892335704714e+07 -2.835078303469603100e-01 -1.845377677118441861e-01 1.000000000000000000e+00 1.040355868030985983e-25
3.981071705534917116e+07 -2.474081242788657986e-01 -1.352361099511701914e-01 1.000000000000000000e+00 1.190472743495706982e-25
4.466835921509567648e+07 -2.129333373501531013e-01 -9.569331459831995068e-02 1.000000000000000000e+00 1.354937601489199902e-25
5.011872336272651702e+07 -1.808033469042920061e-01 -6.472642916638338129e-02 1.000000000000000000e+00 1.532920966407384013e-25
5.623413251903410256e+07 -1.515362879796411100e-01 -4.109196144803155260e-02 1.000000000000000000e+00 1.723287669217146999e-25
6.309573444801841676e+07 -1.254350593211263909e-01 -2.355662491482232029e-02 1.000000000000000000e+00 1.924633938394497939e-25
7.079457843841277063e+07 -1.026032119419355987e-01 -1.095951016842628030e-02 1.000000000000000000e+00 2.135279339708854104e-25
7.943282347242699564e+07 -8.298004373464787364e-02 -2.256596161248033191e-03 1.000000000000000000e+00 2.353215128789913974e-25
8.912509381337325275e+07 -6.638383898965173613e-02 3.454890592729486978e-03 1.000000000000000000e+00 2.576038830501822147e-25
9.999999999999853969e+07 -5.255439550346435729e-02 6.929881981556087860e-03 1.000000000000000000e+00 2.800927736588349179e-25
1.122018454301947057e+08 -4.118940140202700245e-02 8.781824061439440915e-03 1.000000000000000000e+00 3.024711678884495109e-25
1.258925411794148982e+08 -3.197242418789020268e-02 9.496788318505288914e-03 1.000000000000000000e+00 3.244091126867139020e-25
1.412537544622732997e+08 -2.459256911313954103e-02 9.450995318869063327e-03 1.000000000000000000e+00 3.456009045707212010e-25
1.584893192461090088e+08 -1.875714019846252967e-02 8.928744232083132837e-03 1.000000000000000000e+00 3.658130765471171095e-25
1.778279410038895905e+08 -1.419907162134067050e-02 8.139062103633264156e-03 1.000000000000000000e+00 3.849331859196260980e-25
1.995262314968850017e+08 -1.068076218662722919e-02 7.230413307340572034e-03 1.000000000000000000e+00 4.030062800960608146e-25
2.238721138568305969e+08 -7.995523271403532500e-03 6.303432790776829740e-03 1.000000000000000000e+00 4.202470233991312916e-25
2.511886431509541869e+08 -5.967389197513862931e-03 5.421889366632364274e-03 1.000000000000000000e+00 4.370209997188793924e-25
2.818382931264411211e+08 -4.449708350136402646e-03 4.622070509909912729e-03 1.000000000000000000e+00 4.537965943906348144e-25
3.162277660168331265e+08 -3.322790286380349067e-03 3.920672562908966013e-03 1.000000000000000000e+00 4.710757583091318894e-25
3.548133892335699797e+08 -2.490880182211148951e-03 3.321211490733738062e-03 1.000000000000000000e+00 4.893152459947251034e-25
3.981071705534911156e+08 -1.878770281243332969e-03 2.818988520072506030e-03 1.000000000000000000e+00 5.088491627277649143e-25
4.466835921509562135e+08 -1.428360898822514076e-03 2.404724892873862964e-03 1.000000000000000000e+00 5.298205130311633554e-25
5.011872336272644997e+08 -1.095427937812347907e-03 2.067063075864408999e-03 1.000000000000000000e+00 5.521263495173232156e-25
5.623413251903402805e+08 -8.467619983944133866e-04 1.794176382366118993e-03 1.000000000000000000e+00 5.753798581713752249e-25
6.309573444801833630e+08 -6.577515568798234348e-04 1.574726804930221035e-03 1.000000000000000000e+00 5.988936944746934777e-25
7.079457843841267824e+08 -5.104128038677560163e-04 1.398377286753867089e-03 1.000000000000000000e+00 6.216911192323390140e-25
7.943282347242689133e+08 -3.918264294398597159e-04 1.256019863980072961e-03 1.000000000000000000e+00 6.425529746201639629e-25
8.912509381337313652e+08 -2.929204997449585848e-04 1.139837954717689986e-03 1.000000000000000000e+00 6.601068810165760860e-25
9.999999999999840260e+08 -2.075306285715942023e-04 1.043283556594849955e-03 1.000000000000000000e+00 6.729583763254631800e-25
