# freq_hz re(vout/vdiff) im(vout/vdiff) re(vdiff) im(vdiff)
1.000000000000000056e-01 7.314156062773121812e+04 2.656961007321002555e+01 1.000000000000185185e+00 6.730160853751500052e-17
1.122018454301963036e-01 7.314156641651215614e+04 1.680909648910193255e+01 1.000000000000147216e+00 3.382085896892329152e-17
1.258925411794167004e-01 7.314156955660997482e+04 7.271627612125971751e+00 1.000000000000116795e+00 1.162175975177708951e-17
1.412537544622753938e-01 7.314157021524563606e+04 -2.169351925606934017e+00 1.000000000000092815e+00 -2.754040199182218100e-18
1.584893192461112876e-01 7.314156842749372299e+04 -1.163911722637802448e+01 1.000000000000073719e+00 -1.173708651064528981e-17
1.778279410038922093e-01 7.314156409815030929e+04 -2.126332533566989724e+01 1.000000000000058620e+00 -1.703222742350563928e-17
1.995262314968878903e-01 7.314155699666313012e+04 -3.116968251595077888e+01 1.000000000000046629e+00 -1.983227984908512117e-17
2.238721138568338098e-01 7.314154674485369469e+04 -4.148963869482287947e+01 1.000000000000036859e+00 -2.096910605345733850e-17
2.511886431509577911e-01 7.314153279677875980e+04 -5.236013155540364750e+01 1.000000000000029310e+00 -2.102040079176272954e-17
2.818382931264450941e-01 7.314151440965727670e+04 -6.392540339144147765e+01 1.000000000000023315e+00 -2.038514197922049989e-17
3.162277660168377191e-01 7.314149060431547696e+04 -7.633891480865248980e+01 1.000000000000018430e+00 -1.933687301860337086e-17
3.548133892335750827e-01 7.314146011304414424e+04 -8.976538062903389914e+01 1.000000000000014655e+00 -1.806130556211771873e-17
3.981071705534969252e-01 7.314142131209094077e+04 -1.043829549622008557e+02 1.000000000000011768e+00 -1.668283484538874010e-17
4.466835921509625940e-01 7.314137213519393117e+04 -1.203855943667184505e+02 1.000000000000009326e+00 -1.528321718176089099e-17
5.011872336272716888e-01 7.314130996355200477e+04 -1.379856303584892601e+02 1.000000000000007327e+00 -1.391470890401826044e-17
5.623413251903484067e-01 7.314123148637458507e+04 -1.574165852599827815e+02 1.000000000000005773e+00 -1.260929341398355955e-17
6.309573444801924724e-01 7.314113252458628267e+04 -1.789362685548118463e+02 1.000000000000004663e+00 -1.138514693776094973e-17
7.079457843841370224e-01 7.314100780830201984e+04 -2.028301945519205844e+02 1.000000000000003775e+00 -1.025115666530889059e-17
7.943282347242804908e-01 7.314085069622768788e+04 -2.294153663108404544e+02 1.000000000000002887e+00 -9.210066528448805028e-18
8.912509381337443415e-01 7.314065282205214316e+04 -2.590444754750881771e+02 1.000000000000002442e+00 -8.260657165206207923e-18
9.999999999999985567e-01 7.314040364901450812e+04 -2.921105729473613337e+02 1.000000000000001776e+00 -7.399247259721597015e-18
1.122018454301962009e+00 7.314008990894701856e+04 -3.290522712598786939e+02 1.000000000000001554e+00 -6.620719015422070952e-18
1.258925411794165061e+00 7.313969489595726191e+04 -3.703595460851325356e+02 1.000000000000001110e+00 -5.919210806721708153e-18
1.412537544622751939e+00 7.313919757719032350e+04 -4.165802116281246299e+02 1.000000000000000888e+00 -5.288577835313237103e-18
1.584893192461110933e+00 7.313857147340606025e+04 -4.683271526589966811e+02 1.000000000000000666e+00 -4.722691776293298744e-18
1.778279410038920094e+00 7.313778324989865359e+04 -5.262864046800793858e+02 1.000000000000000666e+00 -4.215629316539358191e-18
1.995262314968875961e+00 7.313679094294257811e+04 -5.912261831328831931e+02 1.000000000000000444e+00 -3.761784600457975907e-18
2.238721138568334990e+00 7.313554172767173441e+04 -6.640069725420173654e+02 1.000000000000000444e+00 -3.355930092868690110e-18
2.511886431509574802e+00 7.313396910908406426e+04 -7.455927968849243825e+02 1.000000000000000222e+00 -2.993242961907856110e-18
2.818382931264447944e+00 7.313198938746987551e+04 -8.370638029662495683e+02 1.000000000000000222e+00 -2.669308868209505957e-18
3.162277660168371973e+00 7.312949721144585055e+04 -9.396302986825545531e+02 1.000000000000000222e+00 -2.380111377633383125e-18
3.548133892335747053e+00 7.312635998400616518e+04 -1.054648397046633590e+03 1.000000000000000222e+00 -2.122012638846772003e-18
3.981071705534962923e+00 7.312241082722818828e+04 -1.183637423589877471e+03 1.000000000000000222e+00 -1.891729162570312920e-18
4.466835921509620277e+00 7.311743973657459719e+04 -1.328299247634381800e+03 1.000000000000000000e+00 -1.686305278876288076e-18
5.011872336272709560e+00 7.311118246259051375e+04 -1.490539694530268889e+03 1.000000000000000000e+00 -1.503085971828172020e-18
5.623413251903476073e+00 7.310330654193891678e+04 -1.672492182831028003e+03 1.000000000000000000e+00 -1.339690183369522913e-18
6.309573444801915620e+00 7.309339375608903356e+04 -1.876543702578250077e+03 1.000000000000000000e+00 -1.193985260465828068e-18
7.079457843841360010e+00 7.308091811866351054e+04 -2.105363201341559034e+03 1.000000000000000000e+00 -1.064062934427876031e-18
7.943282347242792696e+00 7.306521827477643092e+04 -2.361932363451127912e+03 1.000000000000000000e+00 -9.482170291427168887e-19
8.912509381337429204e+00 7.304546293038853037e+04 -2.649578640980907949e+03 1.000000000000000000e+00 -8.449229674503232829e-19
9.999999999999969802e+00 7.302060760945609945e+04 -2.972010202974448930e+03 1.000000000000000000e+00 -7.528190623145695277e-19
1.122018454301960055e+01 7.298934065507735068e+04 -3.333352185125941105e+03 1.000000000000000000e+00 -6.706895278235926530e-19
1.258925411794163018e+01 7.295001594432481215e+04 -3.738183208542314787e+03 1.000000000000000000e+00 -5.974491146585519835e-19
1.412537544622749941e+01 7.290056927724060370e+04 -4.191570542959248087e+03 1.000000000000000000e+00 -5.321292586731075480e-19
1.584893192461107958e+01 7.283841484181815758e+04 -4.699101449455995862e+03 1.000000000000000000e+00 -4.738656248868149887e-19
1.778279410038917163e+01 7.276031758119371079e+04 -5.266907061755491668e+03 1.000000000000000000e+00 -4.218869292378772181e-19
1.995262314968872985e+01 7.266223676136047288e+04 -5.901673540251164013e+03 1.000000000000000000e+00 -3.755049246233345065e-19
2.238721138568331881e+01 7.253913567376768333e+04 -6.610633019237065128e+03 1.000000000000000000e+00 -3.341054445667650186e-19
2.511886431509570983e+01 7.238475240381270123e+04 -7.401523903019675345e+03 1.000000000000000000e+00 -2.971404062971330021e-19
2.818382931264443059e+01 7.219132727088888350e+04 -8.282506180350303111e+03 1.000000000000000000e+00 -2.641206844546069212e-19
3.162277660168367888e+01 7.194928439036477357e+04 -9.262012476573790991e+03 1.000000000000000000e+00 -2.346097766498494778e-19
3.548133892335741280e+01 7.164686855458388163e+04 -1.034850950753970938e+04 1.000000000000000000e+00 -2.082181924092607000e-19
3.981071705534957061e+01 7.126974531694811594e+04 -1.155013763188115081e+04 1.000000000000000000e+00 -1.845985073743939898e-19
4.466835921509613172e+01 7.080058317419937521e+04 -1.287418897314629066e+04 1.000000000000000000e+00 -1.634410346095684884e-19
5.011872336272701745e+01 7.021865375787336961e+04 -1.432637856897934944e+04 1.000000000000000000e+00 -1.444700738393651015e-19
5.623413251903466659e+01 6.949951069356006337e+04 -1.590986097978401085e+04 1.000000000000000000e+00 -1.274407062044281116e-19
6.309573444801905850e+01 6.861484140022889187e+04 -1.762395143645210919e+04 1.000000000000000000e+00 -1.121361047307780901e-19
7.079457843841348108e+01 6.753262783976756327e+04 -1.946253300651579048e+04 1.000000000000000000e+00 -9.836532620310988118e-20
7.943282347242779906e+01 6.621779729835514445e+04 -2.141217880156206957e+04 1.000000000000000000e+00 -8.596153460335075401e-20
8.912509381337414993e+01 6.463358061848375655e+04 -2.345010090745843991e+04 1.000000000000000000e+00 -7.478057505649315763e-20
9.999999999999954525e+01 6.274380228028473357e+04 -2.554216316694386842e+04 1.000000000000000000e+00 -6.469977181862702051e-20
1.122018454301958030e+02 6.051626462273963261e+04 -2.764135227574082091e+04 1.000000000000000000e+00 -5.561674982197489624e-20
1.258925411794160993e+02 5.792723279563605320e+04 -2.968727203712390838e+04 1.000000000000000000e+00 -4.744802938807858060e-20
1.412537544622747134e+02 5.496672908046026714e+04 -3.160732682562540867e+04 1.000000000000000000e+00 -4.012708660060610053e-20
1.584893192461105969e+02 5.164393998938235018e+04 -3.332020379793811298e+04 1.000000000000000000e+00 -3.360160300720871926e-20
1.778279410038913966e+02 4.799161841739944794e+04 -3.474194685176030907e+04 1.000000000000000000e+00 -2.782977068614877258e-20
1.995262314968869930e+02 4.406810668089750834e+04 -3.579428671310826030e+04 1.000000000000000000e+00 -2.277577310480481881e-20
2.238721138568328115e+02 3.995575665679920348e+04 -3.641408215043354721e+04 1.000000000000000000e+00 -1.840491184393295038e-20
2.511886431509566933e+02 3.575520429997143947e+04 -3.656201464011349890e+04 1.000000000000000000e+00 -1.467914413357358063e-20
2.818382931264438866e+02 3.157606469055435082e+04 -3.622846268868289189e+04 1.000000000000000000e+00 -1.155389406156739059e-20
3.162277660168363127e+02 2.752574741811208150e+04 -3.543499129573818936e+04 1.000000000000000000e+00 -8.976782432738307608e-21
3.548133892335736164e+02 2.369874076166895975e+04 -3.423104180310617812e+04 1.000000000000000000e+00 -6.888440965598228577e-21
3.981071705534951093e+02 2.016854820815276980e+04 -3.268673460886031171e+04 1.000000000000000000e+00 -5.225020999087273272e-21
4.466835921509606919e+02 1.698356846886697167e+04 -3.088363583747404118e+04 1.000000000000000000e+00 -3.921612375434024920e-21
5.011872336272695065e+02 1.416702482113892074e+04 -2.890555882208822004e+04 1.000000000000000000e+00 -2.915697464358012020e-21
5.623413251903459695e+02 1.172007419015482083e+04 -2.683101807351570096e+04 1.000000000000000000e+00 -2.149955745386069836e-21
6.309573444801897040e+02 9.626754206833382341e+03 -2.472815990707445962e+04 1.000000000000000000e+00 -1.574068197003702993e-21
7.079457843841338445e+02 7.859457740588730303e+03 -2.265222940187349013e+04 1.000000000000000000e+00 -1.145492527281565969e-21
7.943282347242768537e+02 6.383971869732790765e+03 -2.064512194688745876e+04 1.000000000000000000e+00 -8.293945031556654354e-22
8.912509381337401919e+02 5.163551767692267276e+03 -1.873636104246413015e+04 1.000000000000000000e+00 -5.980086685880231584e-22
9.999999999999939746e+02 4.161869613961634968e+03 -1.694486247759748949e+04 1.000000000000000000e+00 -4.296938402350051575e-22
1.122018454301957036e+03 3.344918616226167160e+03 -1.528098431571456968e+04 1.000000000000000000e+00 -3.078908748820787815e-22
1.258925411794158890e+03 2.682070133601817815e+03 -1.374853101036609951e+04 1.000000000000000000e+00 -2.201194175357690144e-22
1.412537544622744917e+03 2.146510544565373948e+03 -1.234652861757219944e+04 1.000000000000000000e+00 -1.570883411098022062e-22
1.584893192461102899e+03 1.715263201289762947e+03 -1.107069622091424026e+04 1.000000000000000000e+00 -1.119494428566349045e-22
1.778279410038911010e+03 1.368959570840535889e+03 -9.914606454751197816e+03 1.000000000000000000e+00 -7.969560809897375973e-23
1.995262314968865894e+03 1.091478484187231970e+03 -8.870564822955553609e+03 1.000000000000000000e+00 -5.668948716797647632e-23
2.238721138568324022e+03 8.695337067178613779e+02 -7.930252719121119299e+03 1.000000000000000000e+00 -4.030247422570823818e-23
2.511886431509562954e+03 6.922598694128886336e+02 -7.085181658025941033e+03 1.000000000000000000e+00 -2.864283869641162111e-23
2.818382931264433864e+03 5.508252893581345688e+02 -6.327002208342082668e+03 1.000000000000000000e+00 -2.035367364430167113e-23
3.162277660168357215e+03 4.380856659464956806e+02 -5.647704403762115362e+03 1.000000000000000000e+00 -1.446426696703741094e-23
3.548133892335728888e+03 3.482835329949588186e+02 -5.039739154116299687e+03 1.000000000000000000e+00 -1.028164679496011997e-23
3.981071705534944158e+03 2.767929125999058897e+02 -4.496083523371975389e+03 1.000000000000000000e+00 -7.311941139898021227e-24
4.466835921509598847e+03 2.199057447434001915e+02 -4.010267102143844113e+03 1.000000000000000000e+00 -5.203639326236379656e-24
5.011872336272685970e+03 1.746553205013591139e+02 -3.576372182686894121e+03 1.000000000000000000e+00 -3.706816148029970740e-24
5.623413251903449236e+03 1.386715902322418117e+02 -3.189016932269002154e+03 1.000000000000000000e+00 -2.643918771994760106e-24
6.309573444801885671e+03 1.100633947971820987e+02 -2.843328106509929967e+03 1.000000000000000000e+00 -1.888888943267118987e-24
7.079457843841326394e+03 8.732311400467889939e+01 -2.534907877798830214e+03 1.000000000000000000e+00 -1.352271191156190994e-24
7.943282347242755350e+03 6.924977214313645391e+01 -2.259797918728695095e+03 1.000000000000000000e+00 -9.706070876439429940e-25
8.912509381337387822e+03 5.488723247475883227e+01 -2.014442844341745968e+03 1.000000000000000000e+00 -6.988911644297923336e-25
9.999999999999923602e+03 4.347463735657881756e+01 -1.795654384333063035e+03 1.000000000000000000e+00 -5.052098064195680570e-25
1.122018454301954989e+04 3.440675059566135729e+01 -1.600577137227809999e+03 1.000000000000000000e+00 -3.669343379000502032e-25
1.258925411794156935e+04 2.720226861834122900e+01 -1.426656402386098989e+03 1.000000000000000000e+00 -2.680193449988071946e-25
1.412537544622743007e+04 2.147853327129744017e+01 -1.271608339023179042e+03 1.000000000000000000e+00 -1.970862514963804898e-25
1.584893192461100989e+04 1.693136994668942918e+01 -1.133392538998798955e+03 1.000000000000000000e+00 -1.460643973369726108e-25
1.778279410038908100e+04 1.331902668792685063e+01 -1.010186991671372994e+03 1.000000000000000000e+00 -1.092277017368046963e-25
1.995262314968862847e+04 1.044938615732248977e+01 -9.003653526172345209e+02 1.000000000000000000e+00 -8.251189195934802074e-26
2.238721138568321112e+04 8.169789130041932523e+00 -8.024763873379737333e+02 1.000000000000000000e+00 -6.303065257218699536e-26
2.511886431509559043e+04 6.358939616793939820e+00 -7.152254397347620625e+02 1.000000000000000000e+00 -4.873277143330359053e-26
2.818382931264429862e+04 4.920466844691426367e+00 -6.374577668327598303e+02 1.000000000000000000e+00 -3.815920322904525909e-26
3.162277660168351940e+04 3.777807034617985948e+00 -5.681435799874236636e+02 1.000000000000000000e+00 -3.027093079171102054e-26
3.548133892335723795e+04 2.870134697923762968e+00 -5.063646379944466958e+02 1.000000000000000000e+00 -2.432698465755287874e-26
3.981071705534937792e+04 2.149128938889515172e+00 -4.513022451125754060e+02 1.000000000000000000e+00 -1.979799637443484883e-26
4.466835921509592299e+04 1.576403669478950942e+00 -4.022265167077225101e+02 1.000000000000000000e+00 -1.630492420926920121e-26
5.011872336272677785e+04 1.121465551698108021e+00 -3.584867856369774017e+02 1.000000000000000000e+00 -1.357561149786001920e-26
5.623413251903439959e+04 7.600914714834356989e-01 -3.195030331198183262e+02 1.000000000000000000e+00 -1.141397788105725018e-26
6.309573444801875303e+04 4.730394747827886825e-01 -2.847582380894639869e+02 1.000000000000000000e+00 -9.678161493099965580e-27
7.079457843841314025e+04 2.450245973699720081e-01 -2.537915491169852942e+02 1.000000000000000000e+00 -8.265003231838816421e-27
7.943282347242740798e+04 6.390522422593668261e-02 -2.261921921975836938e+02 1.000000000000000000e+00 -7.099025546863547495e-27
8.912509381337370723e+04 -7.996327805438124825e-02 -2.015940363157731952e+02 1.000000000000000000e+00 -6.124597199915804670e-27
9.999999999999903957e+04 -1.942420290069800937e-01 -1.796707466217330875e+02 1.000000000000000000e+00 -5.300357114213090874e-27
1.122018454301953025e+05 -2.850165353390832768e-01 -1.601314623312773904e+02 1.000000000000000000e+00 -4.595240317001062179e-27
1.258925411794154934e+05 -3.571207092652892157e-01 -1.427169429648155017e+02 1.000000000000000000e+00 -3.985640781435863781e-27
1.412537544622741116e+05 -4.143942647908346877e-01 -1.271961324720901985e+02 1.000000000000000000e+00 -3.453381438177182293e-27
1.584893192461098079e+05 -4.598871592165171829e-01 -1.133630961354698030e+02 1.000000000000000000e+00 -2.984257680821567128e-27
1.778279410038905044e+05 -4.960220165953204141e-01 -1.010342900169690949e+02 1.000000000000000000e+00 -2.566988324436798159e-27
1.995262314968859137e+05 -5.247231258911257967e-01 -9.004612688563274503e+01 1.000000000000000000e+00 -2.192456751726553838e-27
2.238721138568317110e+05 -5.475189084477373180e-01 -8.025280653013217602e+01 1.000000000000000000e+00 -1.853158732798786857e-27
2.511886431509554095e+05 -5.656233129059410336e-01 -7.152438181941590756e+01 1.000000000000000000e+00 -1.542797417803691996e-27
2.818382931264425279e+05 -5.800004590257268333e-01 -6.374503489960451219e+01 1.000000000000000000e+00 -1.255983591163025047e-27
3.162277660168345901e+05 -5.914159785021552151e-01 -5.681154071719348764e+01 1.000000000000000000e+00 -9.880110599500174814e-28
3.548133892335718265e+05 -6.004777867798373192e-01 -5.063189755105347700e+01 1.000000000000000000e+00 -7.346857020818814686e-28
3.981071705534930807e+05 -6.076684573303482439e-01 -4.512410639154285263e+01 1.000000000000000000e+00 -4.921929291936663578e-28
4.466835921509583713e+05 -6.133709195102990952e-01 -4.021508299470514203e+01 1.000000000000000000e+00 -2.569924584344089888e-28
5.011872336272670073e+05 -6.178888510510809340e-01 -3.583968819330777933e+01 1.000000000000000000e+00 -2.573249228825101005e-29
5.623413251903430792e+05 -6.214628499945531459e-01 -3.193986361187372935e+01 1.000000000000000000e+00 2.048225764158606033e-28
6.309573444801864680e+05 -6.242832481517861520e-01 -2.846386132351598164e+01 1.000000000000000000e+00 4.378552090131346064e-28
7.079457843841302674e+05 -6.265002474678638134e-01 -2.536555723001468010e+01 1.000000000000000000e+00 6.765517831191787947e-28
7.943282347242728574e+05 -6.282319199934822684e-01 -2.260383906408516097e+01 1.000000000000000000e+00 9.241562082740683368e-28
8.912509381337357918e+05 -6.295704974758898897e-01 -2.014206089596997984e+01 1.000000000000000000e+00 1.184022189544206927e-27
9.999999999999889405e+05 -6.305872863916794913e-01 -1.794755691355537053e+01 1.000000000000000000e+00 1.459665918253061038e-27
1.122018454301950987e+06 -6.313364696445379343e-01 -1.599120802265172969e+01 1.000000000000000000e+00 1.754820877189952073e-27
1.258925411794153042e+06 -6.318579996903087581e-01 -1.424705553115894041e+01 1.000000000000000000e+00 2.073496458797948856e-27
1.412537544622737914e+06 -6.321797382840385060e-01 -1.269195679914023955e+01 1.000000000000000000e+00 2.420042248794981168e-27
1.584893192461095983e+06 -6.323189589387777643e-01 -1.130527829054978994e+01 1.000000000000000000e+00 2.799220115258183088e-27
1.778279410038901959e+06 -6.322832967265631376e-01 -1.006862197855467933e+01 1.000000000000000000e+00 3.216286735202163975e-27
1.995262314968856983e+06 -6.320712022236497640e-01 -8.965581494454093914e+00 1.000000000000000000e+00 3.677089874914232318e-27
2.238721138568312861e+06 -6.316719331370878043e-01 -7.981524811472693770e+00 1.000000000000000000e+00 4.188182659304696001e-27
2.511886431509550195e+06 -6.310650995598112711e-01 -7.103400631244202401e+00 1.000000000000000000e+00 4.756961442807522731e-27
2.818382931264420040e+06 -6.302197620094508457e-01 -6.319565955669203206e+00 1.000000000000000000e+00 5.391834572567224747e-27
3.162277660168340895e+06 -6.290930723572153438e-01 -5.619632641684678909e+00 1.000000000000000000e+00 6.102431681565870718e-27
3.548133892335711978e+06 -6.276284434874606077e-01 -4.994331010404152948e+00 1.000000000000000000e+00 6.899866106012604080e-27
3.981071705534923822e+06 -6.257532391195197441e-01 -4.435388842553926736e+00 1.000000000000000000e+00 7.797066697485896631e-27
4.466835921509576030e+06 -6.233759972350242373e-01 -3.935424342598758063e+00 1.000000000000000000e+00 8.809199756271674108e-27
5.011872336272660643e+06 -6.203832436786854698e-01 -3.487851885055392120e+00 1.000000000000000000e+00 9.954206693548839478e-27
5.623413251903420314e+06 -6.166360312774437080e-01 -3.086799580394401055e+00 1.000000000000000000e+00 1.125348784488263929e-26
6.309573444801853038e+06 -6.119664632588327491e-01 -2.727037890997722869e+00 1.000000000000000000e+00 1.273276617994772946e-26
7.079457843841289170e+06 -6.061746475493998698e-01 -2.403918689941400011e+00 1.000000000000000000e+00 1.442316413486074930e-26
7.943282347242713906e+06 -5.990267921027400133e-01 -2.113324244340358149e+00 1.000000000000000000e+00 1.636251829034975861e-26
8.912509381337340921e+06 -5.902554856465400679e-01 -1.851625559713292901e+00 1.000000000000000000e+00 1.859693392380285123e-26
9.999999999999871477e+06 -5.795636007416221647e-01 -1.615649298242296972e+00 1.000000000000000000e+00 2.118253616532395951e-26
1.122018454301949032e+07 -5.666336110667321568e-01 -1.402651955442965948e+00 1.000000000000000000e+00 2.418729712091011123e-26
1.258925411794150993e+07 -5.511442906563436273e-01 -1.210299109417932950e+00 1.000000000000000000e+00 2.769270180503366243e-26
1.412537544622736052e+07 -5.327964959713747950e-01 -1.036646329293892110e+00 1.000000000000000000e+00 3.179486295705829148e-26
1.584893192461092956e+07 -5.113486898208203790e-01 -8.801169208069088423e-01 1.000000000000000000e+00 3.660452959620812926e-26
1.778279410038898885e+07 -4.866607596617277265e-01 -7.394705614321348541e-01 1.000000000000000000e+00 4.224531446364233099e-26
1.995262314968853071e+07 -4.587414796322670241e-01 -6.137568000177723304e-01 1.000000000000000000e+00 4.884948617957344029e-26
2.238721138568310067e+07 -4.277912282422328127e-01 -5.022493021957536996e-01 1.000000000000000000e+00 5.655094526763868368e-26
2.511886431509545818e+07 -3.942286665115122268e-01 -4.043612157534253182e-01 1.000000000000000000e+00 6.547559687812912614e-26
2.818382931264415011e+07 -3.586899339755139082e-01 -3.195486599564750785e-01 1.000000000000000000e+00 7.573018133759193159e-26
3.162277660168335959e+07 -3.219931215722808271e-01 -2.472161006917258930e-01 1.000000000000000000e+00 8.739145857674486442e-26
3.548133892335704714e+07 -2.850692188887852807e-01 -1.866410787355566869e-01 1.000000000000000000e+00 1.004980373402102004e-25
3.981071705534917116e+07 -2.488707878913095084e-01 -1.369336673388084902e-01 1.000000000000000000e+00 1.150467084762692947e-25
4.466835921509567648e+07 -2.142769765343560950e-01 -9.703787991760728926e-02 1.000000000000000000e+00 1.309938162058499040e-25
5.011872336272651702e+07 -1.820145631814487908e-01 -6.577104018266739793e-02 1.000000000000000000e+00 1.482603968351855089e-25
5.623413251903410256e+07 -1.526090114409159870e-01 -4.188767072546301790e-02 1.000000000000000000e+00 1.667383073603397914e-25
6.309573444801841676e+07 -1.263699338817033113e-01 -2.415047779195874864e-02 1.000000000000000000e+00 1.862941324061905992e-25
7.079457843841277063e+07 -1.034062728579684953e-01 -1.139312923840024930e-02 1.000000000000000000e+00 2.067686777275067901e-25
7.943282347242699564e+07 -8.366109331220106249e-02 -2.565499588240472990e-03 1.000000000000000000e+00 2.279721164954172021e-25
8.912509381337325275e+07 -6.695486688348993576e-02 3.241309173109099915e-03 1.000000000000000000e+00 2.496776091405836195e-25
9.999999999999853969e+07 -5.302826407985986729e-02 6.787896031282076616e-03 1.000000000000000000e+00 2.716184646756815111e-25
1.122018454301947057e+08 -4.157888637352116085e-02 8.692649292371783243e-03 1.000000000000000000e+00 2.934946986310995196e-25
1.258925411794148982e+08 -3.228960244910399763e-02 9.445769682080272164e-03 1.000000000000000000e+00 3.149935130069257009e-25
1.412537544622732997e+08 -2.484848961751533886e-02 9.426829442108573126e-03 1.000000000000000000e+00 3.358246436413151969e-25
1.584893192461090088e+08 -1.896169402197571061e-02 8.922803863055902771e-03 1.000000000000000000e+00 3.557663199470073133e-25
1.778279410038895905e+08 -1.436098258674036073e-02 8.144843291746299563e-03 1.000000000000000000e+00 3.747123259675249103e-25
1.995262314968850017e+08 -1.080763816900467966e-02 7.243096184662821575e-03 1.000000000000000000e+00 3.927075530322930862e-25
2.238721138568305969e+08 -8.093931094753599453e-03 6.319532840058426568e-03 1.000000000000000000e+00 4.099603707658381802e-25
2.511886431509541869e+08 -6.042935819500615084e-03 5.438974707789987276e-03 1.000000000000000000e+00 4.268253628873105854e-25
2.818382931264411211e+08 -4.507123881122451943e-03 4.638526762687588886e-03 1.000000000000000000e+00 4.437575361089679682e-25
3.162277660168331265e+08 -3.366013740394255185e-03 3.935504839312824361e-03 1.000000000000000000e+00 4.612458085590369677e-25
3.548133892335699797e+08 -2.523148878919224958e-03 3.333879141600405976e-03 1.000000000000000000e+00 4.797368505366015117e-25
3.981071705534911156e+08 -1.902711624752344982e-03 2.829271038061147072e-03 1.000000000000000000e+00 4.995597053879433618e-25
4.466835921509562135e+08 -1.446083254897945983e-03 2.412617481953894909e-03 1.000000000000000000e+00 5.208586229224863179e-25
5.011872336272644997e+08 -1.108606555828653981e-03 2.072699221213615030e-03 1.000000000000000000e+00 5.435385416212557666e-25
5.623413251903402805e+08 -8.567163280143489604e-04 1.797773438290002071e-03 1.000000000000000000e+00 5.672264218706548824e-25
6.309573444801833630e+08 -6.655114461992395897e-04 1.576549725415055938e-03 1.000000000000000000e+00 5.912526113850947313e-25
7.079457843841267824e+08 -5.167725214659601258e-04 1.398715298821703954e-03 1.000000000000000000e+00 6.146587209650274993e-25
7.943282347242689133e+08 -3.973869676000548823e-04 1.255171122144014976e-03 1.000000000000000000e+00 6.362401956009467829e-25
8.912509381337313652e+08 -2.981219976244992736e-04 1.138098004264669928e-03 1.000000000000000000e+00 6.546305114842971362e-25
9.999999999999840260e+08 -2.126777747177147949e-04 1.040934740467747968e-03 1.000000000000000000e+00 6.684277819236799155e-25
