# freq_hz re(vout/vdiff) im(vout/vdiff) re(vdiff) im(vdiff)
1.000000000000000056e-01 6.404679842210618517e+04 2.249217144632196863e+01 1.000000000000162315e+00 5.697333583998865226e-17
1.122018454301963036e-01 6.404680305004934780e+04 1.447391452447422111e+01 1.000000000000128786e+00 2.912233992932223830e-17
1.258925411794167004e-01 6.404680563103334134e+04 6.647716297163586141e+00 1.000000000000102363e+00 1.062460370978627054e-17
1.412537544622753938e-01 6.404680630250452668e+04 -1.090271368511448902e+00 1.000000000000081268e+00 -1.384123591190577005e-18
1.584893192461112876e-01 6.404680510022106319e+04 -8.842726176545898653e+00 1.000000000000064615e+00 -8.917157556457940443e-18
1.778279410038922093e-01 6.404680196015715774e+04 -1.671251778952267841e+01 1.000000000000051292e+00 -1.338696555310348031e-17
1.995262314968878903e-01 6.404679671509358741e+04 -2.480407276188335430e+01 1.000000000000040856e+00 -1.578204436835784913e-17
2.238721138568338098e-01 6.404678908571272768e+04 -3.322476012061082429e+01 1.000000000000032419e+00 -1.679198808404485043e-17
2.511886431509577911e-01 6.404677866572407947e+04 -4.208631596754191406e+01 1.000000000000025757e+00 -1.689589394093076046e-17
2.818382931264450941e-01 6.404676490022832877e+04 -5.150632599252647026e+01 1.000000000000020428e+00 -1.642482819803758995e-17
3.162277660168377191e-01 6.404674705616747815e+04 -6.160978555056240680e+01 1.000000000000016209e+00 -1.560594099212140994e-17
3.548133892335750827e-01 6.404672418328798813e+04 -7.253075797845806960e+01 1.000000000000012879e+00 -1.459360137879874872e-17
3.981071705534969252e-01 6.404669506353786710e+04 -8.441415312024159334e+01 1.000000000000010214e+00 -1.349135379093324006e-17
4.466835921509625940e-01 6.404665814620375750e+04 -9.741764961143852020e+01 1.000000000000008216e+00 -1.236738585048875962e-17
5.011872336272716888e-01 6.404661146533394640e+04 -1.117137863597250487e+02 1.000000000000006439e+00 -1.126541085296411052e-17
5.623413251903484067e-01 6.404655253505085420e+04 -1.274922508759607922e+02 1.000000000000005107e+00 -1.021231147080446025e-17
6.309573444801924724e-01 6.404647821717962506e+04 -1.449623946811588269e+02 1.000000000000003997e+00 -9.223497155030145407e-18
7.079457843841370224e-01 6.404638455414567579e+04 -1.643560089708207101e+02 1.000000000000003331e+00 -8.306648823333102021e-18
7.943282347242804908e-01 6.404626655824598129e+04 -1.859303970905501444e+02 1.000000000000002665e+00 -7.464327060937292746e-18
8.912509381337443415e-01 6.404611794607766933e+04 -2.099717842009843594e+02 1.000000000000001998e+00 -6.695780408271936220e-18
9.999999999999985567e-01 6.404593080399074097e+04 -2.367991088228040439e+02 1.000000000000001554e+00 -5.998191505076139362e-18
1.122018454301962009e+00 6.404569516676308558e+04 -2.667682457916704379e+02 1.000000000000001332e+00 -5.367528967451267635e-18
1.258925411794165061e+00 6.404539848708353384e+04 -3.002767155551455858e+02 1.000000000000001110e+00 -4.799123442942094624e-18
1.412537544622751939e+00 6.404502496762751252e+04 -3.377689407418641281e+02 1.000000000000000888e+00 -4.288051337706558316e-18
1.584893192461110933e+00 6.404455472021269816e+04 -3.797421175522441672e+02 1.000000000000000666e+00 -3.829385005403778302e-18
1.778279410038920094e+00 6.404396270734784775e+04 -4.267527767703999189e+02 1.000000000000000444e+00 -3.418350732790609944e-18
1.995262314968875961e+00 6.404321740995238360e+04 -4.794241170656558211e+02 1.000000000000000444e+00 -3.050423531056094947e-18
2.238721138568334990e+00 6.404227915052543540e+04 -5.384542016895904908e+02 1.000000000000000222e+00 -2.721379043420652067e-18
2.511886431509574802e+00 6.404109798282946576e+04 -6.046251185754664448e+02 1.000000000000000222e+00 -2.427316746065248941e-18
2.818382931264447944e+00 6.403961103627816192e+04 -6.788132130227814969e+02 1.000000000000000222e+00 -2.164664299228105830e-18
3.162277660168371973e+00 6.403773917451551824e+04 -7.620005112900855693e+02 1.000000000000000222e+00 -1.930169866365461924e-18
3.548133892335747053e+00 6.403538279168081499e+04 -8.552874620362492806e+02 1.000000000000000222e+00 -1.720887085287637081e-18
3.981071705534962923e+00 6.403241652477275056e+04 -9.599071299004447155e+02 1.000000000000000000e+00 -1.534155879961833078e-18
4.466835921509620277e+00 6.402868260413435928e+04 -1.077240980484293914e+03 1.000000000000000000e+00 -1.367581256976798949e-18
5.011872336272709560e+00 6.402398249366170057e+04 -1.208836396964039068e+03 1.000000000000000000e+00 -1.219011503410143035e-18
5.623413251903476073e+00 6.401806638459306851e+04 -1.356426063144632053e+03 1.000000000000000000e+00 -1.086516698976650046e-18
6.309573444801915620e+00 6.401061999770851253e+04 -1.521949332556182981e+03 1.000000000000000000e+00 -9.683681084293901867e-19
7.079457843841360010e+00 6.400124801377417316e+04 -1.707575673304952943e+03 1.000000000000000000e+00 -8.630187833324350367e-19
7.943282347242792696e+00 6.398945328570302809e+04 -1.915730226897766897e+03 1.000000000000000000e+00 -7.690855424376393202e-19
8.912509381337429204e+00 6.397461078210896085e+04 -2.149121436386582900e+03 1.000000000000000000e+00 -6.853323936591821887e-19
9.999999999999969802e+00 6.395593496426731144e+04 -2.410770571231497797e+03 1.000000000000000000e+00 -6.106553916345051597e-19
1.122018454301960055e+01 6.393243900070604286e+04 -2.704042784189789018e+03 1.000000000000000000e+00 -5.440688815540387252e-19
1.258925411794163018e+01 6.390288387072944170e+04 -3.032679052976260209e+03 1.000000000000000000e+00 -4.846930542462674932e-19
1.412537544622749941e+01 6.386571499829945242e+04 -3.400827950390550086e+03 1.000000000000000000e+00 -4.317427237647389176e-19
1.584893192461107958e+01 6.381898359542703110e+04 -3.813075602384459216e+03 1.000000000000000000e+00 -3.845172330025995039e-19
1.778279410038917163e+01 6.376024939581746730e+04 -4.274471369344397317e+03 1.000000000000000000e+00 -3.423913924338727829e-19
1.995262314968872985e+01 6.368646096130648220e+04 -4.790545637210554560e+03 1.000000000000000000e+00 -3.048073600802661103e-19
2.238721138568331881e+01 6.359380931504555338e+04 -5.367314524983798947e+03 1.000000000000000000e+00 -2.712673759630044948e-19
2.511886431509570983e+01 6.347755041846239328e+04 -6.011264173995792589e+03 1.000000000000000000e+00 -2.413272707815630941e-19
2.818382931264443059e+01 6.333179216669184825e+04 -6.729304435389723039e+03 1.000000000000000000e+00 -2.145906758235344963e-19
3.162277660168367888e+01 6.314924245255081769e+04 -7.528678069862330631e+03 1.000000000000000000e+00 -1.907038688126206087e-19
3.548133892335741280e+01 6.292091693644470797e+04 -8.416806913413465736e+03 1.000000000000000000e+00 -1.693511983311973898e-19
3.981071705534957061e+01 6.263580918319348712e+04 -9.401050860418505181e+03 1.000000000000000000e+00 -1.502510374492925119e-19
4.466835921509613172e+01 6.228053279523680249e+04 -1.048834924769541976e+04 1.000000000000000000e+00 -1.331522250645022031e-19
5.011872336272701745e+01 6.183895639431595919e+04 -1.168470806059208007e+04 1.000000000000000000e+00 -1.178309608853081916e-19
5.623413251903466659e+01 6.129186930295024649e+04 -1.299449193875950004e+04 1.000000000000000000e+00 -1.040881263770238013e-19
6.309573444801905850e+01 6.061673997700073232e+04 -1.441948016537001058e+04 1.000000000000000000e+00 -9.174700828408455910e-20
7.079457843841348108e+01 5.978766124651092105e+04 -1.595765544467194013e+04 1.000000000000000000e+00 -8.065140184461078140e-20
7.943282347242779906e+01 5.877561465592092281e+04 -1.760172023652468124e+04 1.000000000000000000e+00 -7.066406505177947121e-20
8.912509381337414993e+01 5.754922456355806207e+04 -1.933738629530381877e+04 1.000000000000000000e+00 -6.166547983175749023e-20
9.999999999999954525e+01 5.607619937361263146e+04 -2.114156822600707164e+04 1.000000000000000000e+00 -5.355285110682507791e-20
1.122018454301958030e+02 5.432564405889558839e+04 -2.298073037697322070e+04 1.000000000000000000e+00 -4.623922593518757300e-20
1.258925411794160993e+02 5.227135582957733277e+04 -2.480978637068803073e+04 1.000000000000000000e+00 -3.965257783982155014e-20
1.412537544622747134e+02 4.989603167692726856e+04 -2.657208311625037823e+04 1.000000000000000000e+00 -3.373464241660159114e-20
1.584893192461105969e+02 4.719602372523034865e+04 -2.820105648847355042e+04 1.000000000000000000e+00 -2.843927626504325065e-20
1.778279410038913966e+02 4.418590622603073280e+04 -2.962403162622972013e+04 1.000000000000000000e+00 -2.373015986260866922e-20
1.995262314968869930e+02 4.090177144045779278e+04 -3.076826588393788916e+04 1.000000000000000000e+00 -1.957779268967517026e-20
2.238721138568328115e+02 3.740204888331825350e+04 -3.156871536209966871e+04 1.000000000000000000e+00 -1.595595885589678889e-20
2.511886431509566933e+02 3.376492134930304746e+04 -3.197628532785310017e+04 1.000000000000000000e+00 -1.283809757496379952e-20
2.818382931264438866e+02 3.008215850984336066e+04 -3.196481484577387891e+04 1.000000000000000000e+00 -1.019420219268492979e-20
3.162277660168363127e+02 2.645021374763109998e+04 -3.153505130554866992e+04 1.000000000000000000e+00 -7.988866282576680194e-21
3.548133892335736164e+02 2.296033019120466997e+04 -3.071453420275916142e+04 1.000000000000000000e+00 -6.180859016489933053e-21
3.981071705534951093e+02 1.968974752128357068e+04 -2.955342143587956161e+04 1.000000000000000000e+00 -4.724212306554625923e-21
4.466835921509606919e+02 1.669571746530008022e+04 -2.811738869749433070e+04 1.000000000000000000e+00 -3.570406728431153067e-21
5.011872336272695065e+02 1.401311762009133054e+04 -2.647936265529405136e+04 1.000000000000000000e+00 -2.671017643106248943e-21
5.623413251903459695e+02 1.165543315381741922e+04 -2.471182275379478961e+04 1.000000000000000000e+00 -1.980192428566223157e-21
6.309573444801897040e+02 9.618153173652437545e+03 -2.288087250054358083e+04 1.000000000000000000e+00 -1.456522585879741085e-21
7.079457843841338445e+02 7.883372526201442270e+03 -2.104256325383741932e+04 1.000000000000000000e+00 -1.064133675146317985e-21
7.943282347242768537e+02 6.424533575120732166e+03 -1.924134245608427955e+04 1.000000000000000000e+00 -7.730356215615641584e-22
8.912509381337401919e+02 5.210590204416408596e+03 -1.751014398772234927e+04 1.000000000000000000e+00 -5.589045877392606696e-22
9.999999999999939746e+02 4.209249477144179764e+03 -1.587153143505612934e+04 1.000000000000000000e+00 -4.025059367135611873e-22
1.122018454301957036e+03 3.389233798613232011e+03 -1.433936781036883076e+04 1.000000000000000000e+00 -2.889457033423006232e-22
1.258925411794158890e+03 2.721679240925268914e+03 -1.292062238131265076e+04 1.000000000000000000e+00 -2.068887003221575056e-22
1.412537544622744917e+03 2.180858419012657123e+03 -1.161707110014110913e+04 1.000000000000000000e+00 -1.478292116513982889e-22
1.584893192461102899e+03 1.744423391443089031e+03 -1.042676613096591063e+04 1.000000000000000000e+00 -1.054575851662947047e-22
1.778279410038911010e+03 1.393337770041953945e+03 -9.345232114032560276e+03 1.000000000000000000e+00 -7.513652991203333643e-23
1.995262314968865894e+03 1.111628036761336034e+03 -8.366396440733647978e+03 1.000000000000000000e+00 -5.348329446112719511e-23
2.238721138568324022e+03 8.860462272655722700e+02 -7.483285589604263805e+03 1.000000000000000000e+00 -3.804508237486774820e-23
2.511886431509562954e+03 7.057045017924998547e+02 -6.688528543284191073e+03 1.000000000000000000e+00 -2.705195789558424976e-23
2.818382931264433864e+03 5.617183922464911348e+02 -5.974708145009757573e+03 1.000000000000000000e+00 -1.923165531261040105e-23
3.162277660168357215e+03 4.468788089558369165e+02 -5.334596671541549767e+03 1.000000000000000000e+00 -1.367245574500948020e-23
3.548133892335728888e+03 3.553619771553927080e+02 -4.761305688892171929e+03 1.000000000000000000e+00 -9.722611837299831734e-24
3.981071705534944158e+03 2.824796665654058074e+02 -4.248374017170565821e+03 1.000000000000000000e+00 -6.917124868564488446e-24
4.466835921509598847e+03 2.244682129741723031e+02 -3.789812069683011032e+03 1.000000000000000000e+00 -4.924745988895913713e-24
5.011872336272685970e+03 1.783127998894462110e+02 -3.380116229930355985e+03 1.000000000000000000e+00 -3.509791918536139700e-24
5.623413251903449236e+03 1.416026505261031900e+02 -3.014263274986531997e+03 1.000000000000000000e+00 -2.504733932990432071e-24
6.309573444801885671e+03 1.124126546340462056e+02 -2.687692046338523141e+03 1.000000000000000000e+00 -1.790577028320126036e-24
7.079457843841326394e+03 8.920720661819203201e+01 -2.396277463075930882e+03 1.000000000000000000e+00 -1.282847181703935990e-24
7.943282347242755350e+03 7.076245589009518255e+01 -2.136300419493908066e+03 1.000000000000000000e+00 -9.216017559807977088e-25
8.912509381337387822e+03 5.610368652248362054e+01 -1.904415978467252899e+03 1.000000000000000000e+00 -6.643180947911596183e-25
9.999999999999923602e+03 4.445502394328521234e+01 -1.697621465372131979e+03 1.000000000000000000e+00 -4.808367281348350304e-25
1.122018454301954989e+04 3.519913970329741204e+01 -1.513225491752851894e+03 1.000000000000000000e+00 -3.497687599395823215e-25
1.258925411794156935e+04 2.784502139676277110e+01 -1.348818538916099897e+03 1.000000000000000000e+00 -2.559452612522378014e-25
1.412537544622743007e+04 2.200223335892286869e+01 -1.202245453014040095e+03 1.000000000000000000e+00 -1.886074317245828059e-25
1.584893192461100989e+04 1.736038171397713015e+01 -1.071580016691686069e+03 1.000000000000000000e+00 -1.401229288409355955e-25
1.778279410038908100e+04 1.367274821398500073e+01 -9.551016361349683166e+02 1.000000000000000000e+00 -1.050756875692303954e-25
1.995262314968862847e+04 1.074325414748624929e+01 -8.512741024472330764e+02 1.000000000000000000e+00 -7.962071474835944423e-26
2.238721138568321112e+04 8.416083240170598501e+00 -7.587263356425859229e+02 1.000000000000000000e+00 -6.102679495595123558e-26
2.511886431509559043e+04 6.567425181406975732e+00 -6.762349906643441955e+02 1.000000000000000000e+00 -4.735241543261814011e-26
2.818382931264429862e+04 5.098907851731783403e+00 -6.027087907711255639e+02 1.000000000000000000e+00 -3.721611158071330805e-26
3.162277660168351940e+04 3.932375122118629829e+00 -5.371744480537557820e+02 1.000000000000000000e+00 -2.963372381634258231e-26
3.548133892335723795e+04 3.005735001012736163e+00 -4.787640325971718198e+02 1.000000000000000000e+00 -2.390306425425763088e-26
3.981071705534937792e+04 2.269659529116211161e+00 -4.267036567522811197e+02 1.000000000000000000e+00 -1.952217310320865965e-26
4.466835921509592299e+04 1.684962018358411084e+00 -3.803033485663377178e+02 1.000000000000000000e+00 -1.613137216707035857e-26
5.011872336272677785e+04 1.220512775255405025e+00 -3.389479971403960121e+02 1.000000000000000000e+00 -1.347217792034499127e-26
5.623413251903439959e+04 8.515829478597837232e-01 -3.020892619329131890e+02 1.000000000000000000e+00 -1.135815895515292000e-26
6.309573444801875303e+04 5.585286927987190841e-01 -2.692383471566420212e+02 1.000000000000000000e+00 -9.654257133573697350e-27
7.079457843841314025e+04 3.257457076265021789e-01 -2.399595515576768037e+02 1.000000000000000000e+00 -8.262106029668376257e-27
7.943282347242740798e+04 1.408386500658287133e-01 -2.138645122809269878e+02 1.000000000000000000e+00 -7.109599888011173795e-27
8.912509381337370723e+04 -6.038700173316357070e-03 -1.906070694828069918e+02 1.000000000000000000e+00 -6.143475876868955988e-27
9.999999999999903957e+04 -1.227076184253057950e-01 -1.698786856935134892e+02 1.000000000000000000e+00 -5.324033226467534691e-27
1.122018454301953025e+05 -2.153808483210261082e-01 -1.514043607126843085e+02 1.000000000000000000e+00 -4.621367995014353654e-27
1.258925411794154934e+05 -2.889933857015369867e-01 -1.349389888962045916e+02 1.000000000000000000e+00 -4.012683548884487696e-27
1.412537544622741116e+05 -3.474652510310720088e-01 -1.202641112636792968e+02 1.000000000000000000e+00 -3.480364922873396342e-27
1.584893192461098079e+05 -3.939102035343771124e-01 -1.071850198560807002e+02 1.000000000000000000e+00 -3.010596045407857858e-27
1.778279410038905044e+05 -4.308015617733810809e-01 -9.552817635948217401e+01 1.000000000000000000e+00 -2.592362768555818030e-27
1.995262314968859137e+05 -4.601038945948425218e-01 -8.513891094830238160e+01 1.000000000000000000e+00 -2.216730761270495879e-27
2.238721138568317110e+05 -4.833776382406757000e-01 -7.587937103811351847e+01 1.000000000000000000e+00 -1.876319250900883980e-27
2.511886431509554095e+05 -5.018621925852374543e-01 -6.762669287655437245e+01 1.000000000000000000e+00 -1.564914291076660920e-27
2.818382931264425279e+05 -5.165419204886417814e-01 -6.027137178419003760e+01 1.000000000000000000e+00 -1.277181884078607988e-27
3.162277660168345901e+05 -5.281985664082621268e-01 -5.371580948925834775e+01 1.000000000000000000e+00 -1.008452422537374072e-27
3.548133892335718265e+05 -5.374528860148943821e-01 -4.787301934975634765e+01 1.000000000000000000e+00 -7.545561006725816173e-28
3.981071705534930807e+05 -5.447977046057146389e-01 -4.266547229552693921e+01 1.000000000000000000e+00 -5.116948396178230204e-28
4.466835921509583713e+05 -5.506241597415509892e-01 -3.802406820899184936e+01 1.000000000000000000e+00 -2.763401800445390886e-28
5.011872336272670073e+05 -5.552425319094047573e-01 -3.388721911378163298e+01 1.000000000000000000e+00 -4.514963277252303773e-29
5.623413251903430792e+05 -5.588987673722856098e-01 -3.020003201558155936e+01 1.000000000000000000e+00 1.851041247184061014e-28
6.309573444801864680e+05 -5.617875766289603945e-01 -2.691358056444494906e+01 1.000000000000000000e+00 4.175952949104630307e-28
7.079457843841302674e+05 -5.640628033266424923e-01 -2.398425587621242983e+01 1.000000000000000000e+00 6.555013996579914553e-28
7.943282347242728574e+05 -5.658456183633167047e-01 -2.137318791057899148e+01 1.000000000000000000e+00 9.020565760581477366e-28
8.912509381337357918e+05 -5.672309739381556914e-01 -1.904572972602204928e+01 1.000000000000000000e+00 1.160603794937391077e-27
9.999999999999889405e+05 -5.682926625460411607e-01 -1.697099777951165933e+01 1.000000000000000000e+00 1.434647791312904031e-27
1.122018454301950987e+06 -5.690872503167337948e-01 -1.512146216741617089e+01 1.000000000000000000e+00 1.727910440556641830e-27
1.258925411794153042e+06 -5.696570951647641490e-01 -1.347258138500369995e+01 1.000000000000000000e+00 2.044390374721755034e-27
1.412537544622737914e+06 -5.700326120178412781e-01 -1.200247676098232041e+01 1.000000000000000000e+00 2.388428837246284939e-27
1.584893192461095983e+06 -5.702339069923162418e-01 -1.069164225569904936e+01 1.000000000000000000e+00 2.764784142464223924e-27
1.778279410038901959e+06 -5.702718714501603392e-01 -9.522685789100965081e+00 1.000000000000000000e+00 3.178717692445803928e-27
1.995262314968856983e+06 -5.701487985944790893e-01 -8.480098682713389735e+00 1.000000000000000000e+00 3.636095316364010756e-27
2.238721138568312861e+06 -5.698585636162786239e-01 -7.550050183612752264e+00 1.000000000000000000e+00 4.143508841052339722e-27
2.511886431509550195e+06 -5.693863882264821319e-01 -6.720204374014882021e+00 1.000000000000000000e+00 4.708424352892147917e-27
2.818382931264420040e+06 -5.687081970936941344e-01 -5.979557093252005906e+00 1.000000000000000000e+00 5.339365739943927096e-27
3.162277660168340895e+06 -5.677895604111455885e-01 -5.318290767473463632e+00 1.000000000000000000e+00 6.046144846533489353e-27
3.548133892335711978e+06 -5.665842119774554542e-01 -4.727645311431117214e+00 1.000000000000000000e+00 6.840153170664931985e-27
3.981071705534923822e+06 -5.650321341895200300e-01 -4.199803508242563765e+00 1.000000000000000000e+00 7.734734578058488556e-27
4.466835921509576030e+06 -5.630572146196572980e-01 -3.727789498672235968e+00 1.000000000000000000e+00 8.745663959623260851e-27
5.011872336272660643e+06 -5.605645108559622614e-01 -3.305379229024989929e+00 1.000000000000000000e+00 9.891762996087916544e-27
5.623413251903420314e+06 -5.574372196138623892e-01 -2.927021912843994045e+00 1.000000000000000000e+00 1.119569049204589991e-26
6.309573444801853038e+06 -5.535335418845268585e-01 -2.587771744395519047e+00 1.000000000000000000e+00 1.268494971769215011e-26
7.079457843841289170e+06 -5.486837851671823030e-01 -2.283229263144792132e+00 1.000000000000000000e+00 1.439315603526779125e-26
7.943282347242713906e+06 -5.426882557292955767e-01 -2.009491870119661794e+00 1.000000000000000000e+00 1.636160013752823922e-26
8.912509381337340921e+06 -5.353167749985204837e-01 -1.763113005999420002e+00 1.000000000000000000e+00 1.864111804877471931e-26
9.999999999999871477e+06 -5.263109906951340955e-01 -1.541069356429596082e+00 1.000000000000000000e+00 2.129422840416490900e-26
1.122018454301949032e+07 -5.153909917716904543e-01 -1.340735075249900099e+00 1.000000000000000000e+00 2.439740810418050115e-26
1.258925411794150993e+07 -5.022679591005613231e-01 -1.159861338426890098e+00 1.000000000000000000e+00 2.804323878793565007e-26
1.412537544622736052e+07 -4.866644957100825786e-01 -9.965585433657452308e-01 1.000000000000000000e+00 3.234196808807041782e-26
1.584893192461092956e+07 -4.683435950712003804e-01 -8.492772380683664135e-01 1.000000000000000000e+00 3.742181482484386776e-26
1.778279410038898885e+07 -4.471456410897651224e-01 -7.167827325750517620e-01 1.000000000000000000e+00 4.342717034337869853e-26
1.995262314968853071e+07 -4.230302669565930151e-01 -5.981179141880812455e-01 1.000000000000000000e+00 5.051382449344417875e-26
2.238721138568310067e+07 -3.961166423421422778e-01 -4.925498668425237758e-01 1.000000000000000000e+00 5.884062267202077074e-26
2.511886431509545818e+07 -3.667128052301942276e-01 -3.994991672932888260e-01 1.000000000000000000e+00 6.855765599459793232e-26
2.818382931264415011e+07 -3.353236133227222027e-01 -3.184561351702092091e-01 1.000000000000000000e+00 7.979216574143662938e-26
3.162277660168335959e+07 -3.026293640281568220e-01 -2.488944970474205043e-01 1.000000000000000000e+00 9.263451245072269463e-26
3.548133892335704714e+07 -2.694335756938890936e-01 -1.901972915960830901e-01 1.000000000000000000e+00 1.071272727153580916e-25
3.981071705534917116e+07 -2.365871777067649062e-01 -1.416096825246135893e-01 1.000000000000000000e+00 1.232602046166067087e-25
4.466835921509567648e+07 -2.049039105149368101e-01 -1.022276480626655021e-01 1.000000000000000000e+00 1.409722375525777928e-25
5.011872336272651702e+07 -1.750845169665065926e-01 -7.102212435485025233e-02 1.000000000000000000e+00 1.601592142428321911e-25
5.623413251903410256e+07 -1.476639727434838067e-01 -4.688906854886989301e-02 1.000000000000000000e+00 1.806838532750218905e-25
6.309573444801841676e+07 -1.229883392708198964e-01 -2.871082741824535975e-02 1.000000000000000000e+00 2.023834408985972896e-25
7.079457843841277063e+07 -1.012194890074430975e-01 -1.541452015260923007e-02 1.000000000000000000e+00 2.250717510239995857e-25
7.943282347242699564e+07 -8.236015975026599045e-02 -6.017514241782821911e-03 1.000000000000000000e+00 2.485344354158462168e-25
8.912509381337325275e+07 -6.628977480226920516e-02 3.441968019492365190e-04 1.000000000000000000e+00 2.725206596825963057e-25
9.999999999999853969e+07 -5.280253915430511286e-02 4.404105095868438360e-03 1.000000000000000000e+00 2.967367720388769976e-25
1.122018454301947057e+08 -4.164196070142049677e-02 6.766342676524838597e-03 1.000000000000000000e+00 3.208490980390551950e-25
1.258925411794148982e+08 -3.252878479979515874e-02 7.915481174200135472e-03 1.000000000000000000e+00 3.445018027516425186e-25
1.412537544622732997e+08 -2.518159202784163095e-02 8.230915871884510876e-03 1.000000000000000000e+00 3.673519943084992797e-25
1.584893192461090088e+08 -1.933074492937645120e-02 8.002749800957718526e-03 1.000000000000000000e+00 3.891184764471676114e-25
1.778279410038895905e+08 -1.472703890859252025e-02 7.447223687323570665e-03 1.000000000000000000e+00 4.096343836126070817e-25
1.995262314968850017e+08 -1.114650626965858933e-02 6.720717104078616569e-03 1.000000000000000000e+00 4.288897446004733981e-25
2.238721138568305969e+08 -8.392573039677475241e-03 5.932021870195352403e-03 1.000000000000000000e+00 4.470501034468019447e-25
2.511886431509541869e+08 -6.296401147574354727e-03 5.152933034140534316e-03 1.000000000000000000e+00 4.644424014393196721e-25
2.818382931264411211e+08 -4.715936811240876991e-03 4.427290809715470413e-03 1.000000000000000000e+00 4.815076786243341752e-25
3.162277660168331265e+08 -3.534010982080415010e-03 3.778569362906031900e-03 1.000000000000000000e+00 4.987283255526745094e-25
3.548133892335699797e+08 -2.655784608914395044e-03 3.216065709261401069e-03 1.000000000000000000e+00 5.165424307306142336e-25
3.981071705534911156e+08 -2.005830375692043126e-03 2.739752726002216924e-03 1.000000000000000000e+00 5.352581781591491016e-25
4.466835921509562135e+08 -1.525127672420558073e-03 2.343915842378160950e-03 1.000000000000000000e+00 5.549786198146524146e-25
5.011872336272644997e+08 -1.168194229128822039e-03 2.019752355295102893e-03 1.000000000000000000e+00 5.755439907825578125e-25
5.623413251903402805e+08 -9.004999543484332051e-04 1.757142843177825035e-03 1.000000000000000000e+00 5.964970452522065974e-25
6.309573444801833630e+08 -6.962326664840412125e-04 1.545799356497867079e-03 1.000000000000000000e+00 6.170771287834378617e-25
7.079457843841267824e+08 -5.364286141719631050e-04 1.375967449102776094e-03 1.000000000000000000e+00 6.362496795568660109e-25
7.943282347242689133e+08 -4.074450515910594812e-04 1.238824031372205096e-03 1.000000000000000000e+00 6.527772955624123289e-25
8.912509381337313652e+08 -2.997319117592283050e-04 1.126678900593768929e-03 1.000000000000000000e+00 6.653340652435410604e-25
9.999999999999840260e+08 -2.068496028181086063e-04 1.033056290620457899e-03 1.000000000000000000e+00 6.726555220001109707e-25
