# freq_hz re(vout/vdiff) im(vout/vdiff) re(vdiff) im(vdiff)
1.000000000000000056e-01 6.226557978736265795e+04 2.738379866232435234e+01 1.000000000000157652e+00 6.936397232651987926e-17
1.122018454301963036e-01 6.226558652679886291e+04 1.817248965689873685e+01 1.000000000000125233e+00 3.656408363182466211e-17
1.258925411794167004e-01 6.226559047053509130e+04 9.202316167168328676e+00 1.000000000000099476e+00 1.470745111852733147e-17
1.412537544622753938e-01 6.226559182858869463e+04 3.542506786964798593e-01 1.000000000000079048e+00 4.497290621525833938e-19
1.584893192461112876e-01 6.226559067328058882e+04 -8.489114161711011519e+00 1.000000000000062839e+00 -8.560569103268738247e-18
1.778279410038922093e-01 6.226558694308673876e+04 -1.744512333771088919e+01 1.000000000000049960e+00 -1.397379306534090879e-17
1.995262314968878903e-01 6.226558043936164904e+04 -2.663261642814847363e+01 1.000000000000039524e+00 -1.694548867633541851e-17
2.238721138568338098e-01 6.226557081576019846e+04 -3.617350438888849595e+01 1.000000000000031530e+00 -1.828230068325560913e-17
2.511886431509577911e-01 6.226555755979363312e+04 -4.619438705695416303e+01 1.000000000000025091e+00 -1.854511250114115133e-17
2.818382931264450941e-01 6.226553996553862089e+04 -5.682823281856529718e+01 1.000000000000019762e+00 -1.812192857577161970e-17
3.162277660168377191e-01 6.226551709604519419e+04 -6.821614270094954691e+01 1.000000000000015765e+00 -1.727935080732926110e-17
3.548133892335750827e-01 6.226548773344264191e+04 -8.050922225805514643e+01 1.000000000000012434e+00 -1.619891380823802146e-17
3.981071705534969252e-01 6.226545031408620707e+04 -9.387058603603787788e+01 1.000000000000009992e+00 -1.500271269622729085e-17
4.466835921509625940e-01 6.226540284529200289e+04 -1.084775211426594836e+02 1.000000000000007994e+00 -1.377146097658442051e-17
5.011872336272716888e-01 6.226534279922631686e+04 -1.245238385260537513e+02 1.000000000000006217e+00 -1.255719860249943037e-17
5.623413251903484067e-01 6.226526697830055491e+04 -1.422224430167138109e+02 1.000000000000004885e+00 -1.139222090919338062e-17
6.309573444801924724e-01 6.226517134490639000e+04 -1.618081560294018004e+02 1.000000000000003997e+00 -1.029533949155469030e-17
7.079457843841370224e-01 6.226505080642649409e+04 -1.835408280894828579e+02 1.000000000000003109e+00 -9.276260802208066555e-18
7.943282347242804908e-01 6.226489894407961401e+04 -2.077087820740888731e+02 1.000000000000002442e+00 -8.338638044206774048e-18
8.912509381337443415e-01 6.226470767116874777e+04 -2.346326322775082929e+02 1.000000000000001998e+00 -7.482189039000638469e-18
9.999999999999985567e-01 6.226446680254879902e+04 -2.646695291578968181e+02 1.000000000000001554e+00 -6.704157499647427775e-18
1.122018454301962009e+00 6.226416351241045049e+04 -2.982178849329720265e+02 1.000000000000001332e+00 -6.000313609602949728e-18
1.258925411794165061e+00 6.226378165154482122e+04 -3.357226410956298537e+02 1.000000000000000888e+00 -5.365632143778384808e-18
1.412537544622751939e+00 6.226330088779169455e+04 -3.776811454372789854e+02 1.000000000000000888e+00 -4.794745594760808182e-18
1.584893192461110933e+00 6.226269562399507413e+04 -4.246497133025692392e+02 1.000000000000000666e+00 -4.282240945081982297e-18
1.778279410038920094e+00 6.226193363599792065e+04 -4.772509555343382317e+02 1.000000000000000444e+00 -3.822848360879662762e-18
1.995262314968875961e+00 6.226097435838972160e+04 -5.361819638432290276e+02 1.000000000000000444e+00 -3.411555699249174123e-18
2.238721138568334990e+00 6.225976672710508865e+04 -6.022234530344826453e+02 1.000000000000000222e+00 -3.043672570050285021e-18
2.511886431509574802e+00 6.225824646459978248e+04 -6.762499684390865013e+02 1.000000000000000222e+00 -2.714860533725611876e-18
2.818382931264447944e+00 6.225633266400564753e+04 -7.592412756929919624e+02 1.000000000000000222e+00 -2.421140972887199069e-18
3.162277660168371973e+00 6.225392349190350797e+04 -8.522950581649828337e+02 1.000000000000000222e+00 -2.158888626556428819e-18
3.548133892335747053e+00 6.225089078332062491e+04 -9.566410540602679475e+02 1.000000000000000222e+00 -1.924816283021097071e-18
3.981071705534962923e+00 6.224707324499371316e+04 -1.073656769347277077e+03 1.000000000000000000e+00 -1.715954379789124952e-18
4.466835921509620277e+00 6.224226791108983889e+04 -1.204884902446196065e+03 1.000000000000000000e+00 -1.529628037475831985e-18
5.011872336272709560e+00 6.223621940609680314e+04 -1.352052609580124908e+03 1.000000000000000000e+00 -1.363433203404395037e-18
5.623413251903476073e+00 6.222860645848795684e+04 -1.517092722230961044e+03 1.000000000000000000e+00 -1.215212990498809904e-18
6.309573444801915620e+00 6.221902497132912686e+04 -1.702166995135999059e+03 1.000000000000000000e+00 -1.083034890187583920e-18
7.079457843841360010e+00 6.220696678681692720e+04 -1.909691407441141109e+03 1.000000000000000000e+00 -9.651692597833748152e-19
7.943282347242792696e+00 6.219179307481917203e+04 -2.142363450756641214e+03 1.000000000000000000e+00 -8.600692965441420795e-19
8.912509381337429204e+00 6.217270102455036249e+04 -2.403191201616989019e+03 1.000000000000000000e+00 -7.663525851371297816e-19
9.999999999999969802e+00 6.214868221762109897e+04 -2.695523772320871103e+03 1.000000000000000000e+00 -6.827842233564423125e-19
1.122018454301960055e+01 6.211847070547790645e+04 -3.023082435883425205e+03 1.000000000000000000e+00 -6.082614792212583381e-19
1.258925411794163018e+01 6.208047840394629020e+04 -3.389991290427666172e+03 1.000000000000000000e+00 -5.417999015610903932e-19
1.412537544622749941e+01 6.203271495861183939e+04 -3.800805715313390010e+03 1.000000000000000000e+00 -4.825207892756503774e-19
1.584893192461107958e+01 6.197268874636550754e+04 -4.260536008752224006e+03 1.000000000000000000e+00 -4.296399170463953955e-19
1.778279410038917163e+01 6.189728520169771946e+04 -4.774662397855641757e+03 1.000000000000000000e+00 -3.824574141992505965e-19
1.995262314968872985e+01 6.180261826805576129e+04 -5.349135968071423122e+03 1.000000000000000000e+00 -3.403486964997855991e-19
2.238721138568331881e+01 6.168385060791982687e+04 -5.990357839321071879e+03 1.000000000000000000e+00 -3.027563564357016075e-19
2.511886431509570983e+01 6.153497847941704822e+04 -6.705125976428173999e+03 1.000000000000000000e+00 -2.691829250338346187e-19
2.818382931264443059e+01 6.134857824819866801e+04 -7.500535224377223130e+03 1.000000000000000000e+00 -2.391844268343594214e-19
3.162277660168367888e+01 6.111551387535323011e+04 -8.383811420348385582e+03 1.000000000000000000e+00 -2.123646588797761037e-19
3.548133892335741280e+01 6.082460916609848209e+04 -9.362054810902920508e+03 1.000000000000000000e+00 -1.883701341443775985e-19
3.981071705534957061e+01 6.046229612523500691e+04 -1.044186184533890992e+04 1.000000000000000000e+00 -1.668856393777368891e-19
4.466835921509613172e+01 6.001226277467965701e+04 -1.162878861993704959e+04 1.000000000000000000e+00 -1.476303663281524959e-19
5.011872336272701745e+01 5.945514174145618745e+04 -1.292661561918456027e+04 1.000000000000000000e+00 -1.303545828314354956e-19
5.623413251903466659e+01 5.876830610962121864e+04 -1.433637513636943913e+04 1.000000000000000000e+00 -1.148368147513027073e-19
6.309573444801905850e+01 5.792587171012628096e+04 -1.585511493706610963e+04 1.000000000000000000e+00 -1.008815088196121046e-19
7.079457843841348108e+01 5.689904294559972186e+04 -1.747440153683695826e+04 1.000000000000000000e+00 -8.831713663976507326e-20
7.943282347242779906e+01 5.565697534852506215e+04 -1.917862252599939893e+04 1.000000000000000000e+00 -7.699467739640752870e-20
8.912509381337414993e+01 5.416834767159257899e+04 -2.094323722746770000e+04 1.000000000000000000e+00 -6.678637759451274281e-20
9.999999999999954525e+01 5.240381508276818931e+04 -2.273324944858321032e+04 1.000000000000000000e+00 -5.758463006571019882e-20
1.122018454301958030e+02 5.033942067557803239e+04 -2.450232006210670079e+04 1.000000000000000000e+00 -4.930074876819163273e-20
1.258925411794160993e+02 4.796084448957635323e+04 -2.619305859356955989e+04 1.000000000000000000e+00 -4.186336034922402004e-20
1.412537544622747134e+02 4.526806175921084650e+04 -2.773905928250758006e+04 1.000000000000000000e+00 -3.521612527945445227e-20
1.584893192461105969e+02 4.227961036367090128e+04 -2.906908096545225999e+04 1.000000000000000000e+00 -2.931457640441362181e-20
1.778279410038913966e+02 3.903536661175939662e+04 -3.011335684214876892e+04 1.000000000000000000e+00 -2.412207226231973138e-20
1.995262314968869930e+02 3.559667601377661776e+04 -3.081137319648941047e+04 1.000000000000000000e+00 -1.960516168867139862e-20
2.238721138568328115e+02 3.204306163775136156e+04 -3.111977638166267934e+04 1.000000000000000000e+00 -1.572898831513515889e-20
2.511886431509566933e+02 2.846554118283715070e+04 -3.101865505970620870e+04 1.000000000000000000e+00 -1.245355992061015021e-20
2.818382931264438866e+02 2.495759334947602110e+04 -3.051458961903482123e+04 1.000000000000000000e+00 -9.731637586458319507e-21
3.162277660168363127e+02 2.160560158494679126e+04 -2.963963358961358972e+04 1.000000000000000000e+00 -7.508636777551718514e-21
3.548133892335736164e+02 1.848078643222547180e+04 -2.844650826752169087e+04 1.000000000000000000e+00 -5.724395867045597261e-21
3.981071705534951093e+02 1.563412317287328005e+04 -2.700129672481786110e+04 1.000000000000000000e+00 -4.316194043632883149e-21
4.466835921509606919e+02 1.309478860114623058e+04 -2.537539547273781136e+04 1.000000000000000000e+00 -3.222173005544344003e-21
5.011872336272695065e+02 1.087172395590035921e+04 -2.363833109085215983e+04 1.000000000000000000e+00 -2.384391918717982942e-21
5.623413251903459695e+02 8.957293572720114753e+03 -2.185245927285304060e+04 1.000000000000000000e+00 -1.751025060371459929e-21
6.309573444801897040e+02 7.331867256608505159e+03 -2.006986911959408098e+04 1.000000000000000000e+00 -1.277544019366054972e-21
7.079457843841338445e+02 5.968353434516599918e+03 -1.833127115806928850e+04 1.000000000000000000e+00 -9.269864230959131978e-22
7.943282347242768537e+02 4.836068606656329393e+03 -1.666635764338104127e+04 1.000000000000000000e+00 -6.695511278642977964e-22
8.912509381337401919e+02 3.903677515669007789e+03 -1.509506585162976990e+04 1.000000000000000000e+00 -4.817884950153848986e-22
9.999999999999939746e+02 3.141195475870402788e+03 -1.362925762157794088e+04 1.000000000000000000e+00 -3.456147334285501073e-22
1.122018454301957036e+03 2.521187440353106012e+03 -1.227446904287524922e+04 1.000000000000000000e+00 -2.473129759268566034e-22
1.258925411794158890e+03 2.019352923173254112e+03 -1.103152153375738089e+04 1.000000000000000000e+00 -1.766183564427617098e-22
1.412537544622744917e+03 1.614683308956517976e+03 -9.897893732774011369e+03 1.000000000000000000e+00 -1.259330768685840914e-22
1.584893192461102899e+03 1.289347903887412940e+03 -8.868826186158548808e+03 1.000000000000000000e+00 -8.968308837360555555e-23
1.778279410038911010e+03 1.028426876215034099e+03 -7.938172826502997850e+03 1.000000000000000000e+00 -6.380815657797332444e-23
1.995262314968865894e+03 8.195731814172854683e+02 -7.099033422544723180e+03 1.000000000000000000e+00 -4.536765922996217094e-23
2.238721138568324022e+03 6.526567929290617940e+02 -6.344207354296153426e+03 1.000000000000000000e+00 -3.224162242474769258e-23
2.511886431509562954e+03 5.194227356409223830e+02 -5.666507763589460410e+03 1.000000000000000000e+00 -2.290730827986287926e-23
2.818382931264433864e+03 4.131798190253413168e+02 -5.058970057767230173e+03 1.000000000000000000e+00 -1.627416666323710103e-23
3.162277660168357215e+03 3.285271621160430868e+02 -4.514982658990901655e+03 1.000000000000000000e+00 -1.156299352164884005e-23
3.548133892335728888e+03 2.611198573570454187e+02 -4.028361891114413083e+03 1.000000000000000000e+00 -8.218076530071093157e-24
3.981071705534944158e+03 2.074716807241834999e+02 -3.593387717794355922e+03 1.000000000000000000e+00 -5.843676384523217990e-24
4.466835921509598847e+03 1.647912161176182053e+02 -3.204812748688898864e+03 1.000000000000000000e+00 -4.158303137380830948e-24
5.011872336272685970e+03 1.308470574705430920e+02 -2.857853589111200108e+03 1.000000000000000000e+00 -2.961915705890607040e-24
5.623413251903449236e+03 1.038577978848958026e+02 -2.548171026991818962e+03 1.000000000000000000e+00 -2.112456162715752122e-24
6.309573444801885671e+03 8.240275224605505855e+01 -2.271843643634309956e+03 1.000000000000000000e+00 -1.509098427189895952e-24
7.079457843841326394e+03 6.534984663595356835e+01 -2.025338016652413899e+03 1.000000000000000000e+00 -1.080310549668296909e-24
7.943282347242755350e+03 5.179757514348624170e+01 -1.805477666302178932e+03 1.000000000000000000e+00 -7.753588752506267877e-25
8.912509381337387822e+03 4.102841399574737835e+01 -1.609412164162835097e+03 1.000000000000000000e+00 -5.582681911229513098e-25
9.999999999999923602e+03 3.247150791608557796e+01 -1.434587309199351921e+03 1.000000000000000000e+00 -4.035315032713775213e-25
1.122018454301954989e+04 2.567283863866367000e+01 -1.278716913860384921e+03 1.000000000000000000e+00 -2.930646395219684938e-25
1.258925411794156935e+04 2.027140488370094928e+01 -1.139756497468818907e+03 1.000000000000000000e+00 -2.140456116829154013e-25
1.412537544622743007e+04 1.598022541376212935e+01 -1.015879014744296001e+03 1.000000000000000000e+00 -1.573823196176029943e-25
1.584893192461100989e+04 1.257119875110558027e+01 -9.054526380861866528e+02 1.000000000000000000e+00 -1.166262059967511073e-25
1.778279410038908100e+04 9.863046557638982748e+00 -8.070205401605804809e+02 1.000000000000000000e+00 -8.720225577342461689e-26
1.995262314968862847e+04 7.711716856968305223e+00 -7.192825801079153507e+02 1.000000000000000000e+00 -6.586331606465375554e-26
2.238721138568321112e+04 6.002749052076961966e+00 -6.410787722159200257e+02 1.000000000000000000e+00 -5.030343033610084781e-26
2.511886431509559043e+04 4.645200819398679570e+00 -5.713744043096324958e+02 1.000000000000000000e+00 -3.888386779201402254e-26
2.818382931264429862e+04 3.566819801365622045e+00 -5.092466692745799151e+02 1.000000000000000000e+00 -3.043900767113853924e-26
3.162277660168351940e+04 2.710204743345753009e+00 -4.538726761421395963e+02 1.000000000000000000e+00 -2.413879925899363906e-26
3.548133892335723795e+04 2.029754476936136864e+00 -4.045187121452734118e+02 1.000000000000000000e+00 -1.939130257683388030e-26
3.981071705534937792e+04 1.489243124499747051e+00 -3.605306352020476766e+02 1.000000000000000000e+00 -1.577362147009431068e-26
4.466835921509592299e+04 1.059893121874531996e+00 -3.213252848359538802e+02 1.000000000000000000e+00 -1.298294909522839860e-26
5.011872336272677785e+04 7.188442199615242556e-01 -2.863828083166304168e+02 1.000000000000000000e+00 -1.080186158893724957e-26
5.623413251903439959e+04 4.479369674193655060e-01 -2.552398081507697896e+02 1.000000000000000000e+00 -9.073704430704658036e-27
6.309573444801875303e+04 2.327462384101630088e-01 -2.274832253354942964e+02 1.000000000000000000e+00 -7.685130026212093406e-27
7.079457843841314025e+04 6.181339520187970754e-02 -2.027448811746506010e+02 1.000000000000000000e+00 -6.553701915131270947e-27
7.943282347242740798e+04 -7.396368806053167655e-02 -1.806966079390111020e+02 1.000000000000000000e+00 -5.619089758196878213e-27
8.912509381337370723e+04 -1.818152180249424932e-01 -1.610459057474897975e+02 1.000000000000000000e+00 -4.836809407677978753e-27
9.999999999999903957e+04 -2.674844207079344893e-01 -1.435320693762994892e+02 1.000000000000000000e+00 -4.173767594918780271e-27
1.122018454301953025e+05 -3.355333234658695041e-01 -1.279227345895623955e+02 1.000000000000000000e+00 -3.605086491936512985e-27
1.258925411794154934e+05 -3.895856732598120820e-01 -1.140107988827145959e+02 1.000000000000000000e+00 -3.111836367306937005e-27
1.412537544622741116e+05 -4.325198890124781204e-01 -1.016116762298140941e+02 1.000000000000000000e+00 -2.679412913500289099e-27
1.584893192461098079e+05 -4.666223313280553064e-01 -9.056084977815692127e+01 1.000000000000000000e+00 -2.296372475074937880e-27
1.778279410038905044e+05 -4.937090539839215086e-01 -8.071169025257199792e+01 1.000000000000000000e+00 -1.953592814893604007e-27
1.995262314968859137e+05 -5.152225065267309612e-01 -7.193351129217526818e+01 1.000000000000000000e+00 -1.643665366363124935e-27
2.238721138568317110e+05 -5.323083491270814704e-01 -6.410983605303961497e+01 1.000000000000000000e+00 -1.360452317460718988e-27
2.511886431509554095e+05 -5.458764578020754987e-01 -5.713685213123319784e+01 1.000000000000000000e+00 -1.098761205219607921e-27
2.818382931264425279e+05 -5.566493802586128803e-01 -5.092203440983872298e+01 1.000000000000000000e+00 -8.541031649400612597e-28
3.162277660168345901e+05 -5.652008115197875160e-01 -4.538291755911132697e+01 1.000000000000000000e+00 -6.225109187394989446e-28
3.548133892335718265e+05 -5.719861455019173979e-01 -4.044600195854714997e+01 1.000000000000000000e+00 -4.003992742883494955e-28
3.981071705534930807e+05 -5.773667255958734312e-01 -3.604577852917898895e+01 1.000000000000000000e+00 -1.844558800129435900e-28
4.466835921509583713e+05 -5.816290884094914571e-01 -3.212385956990321745e+01 1.000000000000000000e+00 2.844674630716497271e-29
5.011872336272670073e+05 -5.850002219423637850e-01 -2.862820405176725913e+01 1.000000000000000000e+00 2.413242533160236849e-28
5.623413251903430792e+05 -5.876596549383863444e-01 -2.551242712657634826e+01 1.000000000000000000e+00 4.571434575566224584e-28
6.309573444801864680e+05 -5.897490175111954613e-01 -2.273518466779583846e+01 1.000000000000000000e+00 6.788787981298817223e-28
7.079457843841302674e+05 -5.913795849275548244e-01 -2.025962470354281919e+01 1.000000000000000000e+00 9.095651412609525699e-28
7.943282347242728574e+05 -5.926382055013694750e-01 -1.805289845520107050e+01 1.000000000000000000e+00 1.152349188921733038e-27
8.912509381337357918e+05 -5.935919284902351212e-01 -1.608572449927817161e+01 1.000000000000000000e+00 1.410541508333451075e-27
9.999999999999889405e+05 -5.942915797568829595e-01 -1.433200028124475978e+01 1.000000000000000000e+00 1.687671134555442968e-27
1.122018454301950987e+06 -5.947744764886977453e-01 -1.276845582943214019e+01 1.000000000000000000e+00 1.987544716282954177e-27
1.258925411794153042e+06 -5.950664266087893894e-01 -1.137434507914321991e+01 1.000000000000000000e+00 2.314312423273155066e-27
1.412537544622737914e+06 -5.951831231413383660e-01 -1.013117073206601049e+01 1.000000000000000000e+00 2.672543329138323024e-27
1.584893192461095983e+06 -5.951310109773904067e-01 -9.022439010293782147e+00 1.000000000000000000e+00 3.067313586566430955e-27
1.778279410038901959e+06 -5.949076790346200516e-01 -8.033441074266871595e+00 1.000000000000000000e+00 3.504311701656290236e-27
1.995262314968856983e+06 -5.945018095537569769e-01 -7.151058241315836561e+00 1.000000000000000000e+00 3.989966581102994736e-27
2.238721138568312861e+06 -5.938926969316334903e-01 -6.363588456241121349e+00 1.000000000000000000e+00 4.531605792333675230e-27
2.511886431509550195e+06 -5.930493365175596443e-01 -5.660591778242459071e+00 1.000000000000000000e+00 5.137653969699019289e-27
2.818382931264420040e+06 -5.919290734703572809e-01 -5.032752911283549402e+00 1.000000000000000000e+00 5.817884455013234301e-27
3.162277660168340895e+06 -5.904757997432444894e-01 -4.471759062488093406e+00 1.000000000000000000e+00 6.583741352085753851e-27
3.548133892335711978e+06 -5.886176961648148520e-01 -3.970191653604068893e+00 1.000000000000000000e+00 7.448754236061411037e-27
3.981071705534923822e+06 -5.862645385579667856e-01 -3.521430629519691990e+00 1.000000000000000000e+00 8.429073658566208531e-27
4.466835921509576030e+06 -5.833046362149332253e-01 -3.119570329866713898e+00 1.000000000000000000e+00 9.544162015324672594e-27
5.011872336272660643e+06 -5.796015505451915795e-01 -2.759346083527108195e+00 1.000000000000000000e+00 1.081768015778959068e-26
5.623413251903420314e+06 -5.749908715274929527e-01 -2.436070865073337810e+00 1.000000000000000000e+00 1.227861333671369037e-26
6.309573444801853038e+06 -5.692775204513073062e-01 -2.145581489340552928e+00 1.000000000000000000e+00 1.396267690687774946e-26
7.079457843841289170e+06 -5.622343081842607893e-01 -1.884193873547939102e+00 1.000000000000000000e+00 1.591402659709075939e-26
7.943282347242713906e+06 -5.536028106484423006e-01 -1.648666830879607081e+00 1.000000000000000000e+00 1.818726113785041141e-26
8.912509381337340921e+06 -5.430979874754623404e-01 -1.436173581071306993e+00 1.000000000000000000e+00 2.084963501534437922e-26
9.999999999999871477e+06 -5.304182837768101066e-01 -1.244279608331190889e+00 1.000000000000000000e+00 2.398328417630135027e-26
1.122018454301949032e+07 -5.152630481981966826e-01 -1.070924597296919023e+00 1.000000000000000000e+00 2.768710132569692254e-26
1.258925411794150993e+07 -4.973587154006832156e-01 -9.144049695073943607e-01 1.000000000000000000e+00 3.207769083859143831e-26
1.412537544622736052e+07 -4.764940229217710099e-01 -7.733522398115174612e-01 1.000000000000000000e+00 3.728863062180770869e-26
1.584893192461092956e+07 -4.525623209959174775e-01 -6.467015090236178931e-01 1.000000000000000000e+00 4.346716241832666913e-26
1.778279410038898885e+07 -4.256058644213828179e-01 -5.336446836226841350e-01 1.000000000000000000e+00 5.076756310327806097e-26
1.995262314968853071e+07 -3.958535357433318191e-01 -4.335653105275903973e-01 1.000000000000000000e+00 5.934096103592281512e-26
2.238721138568310067e+07 -3.637411654274603223e-01 -3.459566282153170858e-01 1.000000000000000000e+00 6.932230395239092823e-26
2.511886431509545818e+07 -3.299043080202131994e-01 -2.703308332746929832e-01 1.000000000000000000e+00 8.081638701195220978e-26
2.818382931264415011e+07 -2.951382088771604129e-01 -2.061334513467613927e-01 1.000000000000000000e+00 9.388585550981963237e-26
3.162277660168335959e+07 -2.603281324124961937e-01 -1.526790740345695119e-01 1.000000000000000000e+00 1.085442862159071950e-25
3.548133892335704714e+07 -2.263622989364866001e-01 -1.091214341882380950e-01 1.000000000000000000e+00 1.247563742927919055e-25
3.981071705534917116e+07 -1.940453537716425036e-01 -7.446231794874649812e-02 1.000000000000000000e+00 1.424450197387589968e-25
4.466835921509567648e+07 -1.640298003293615137e-01 -4.759350474219738864e-02 1.000000000000000000e+00 1.615025211057654968e-25
5.011872336272651702e+07 -1.367765132669070127e-01 -2.735818874194448011e-02 1.000000000000000000e+00 1.818013295290700084e-25
5.623413251903410256e+07 -1.125465010588815040e-01 -1.261598113813917031e-02 1.000000000000000000e+00 2.031998441543477030e-25
6.309573444801841676e+07 -9.141839265599403797e-02 -2.298471278062395873e-03 1.000000000000000000e+00 2.255407303706161013e-25
7.079457843841277063e+07 -7.332206527840783028e-02 4.551956904307673246e-03 1.000000000000000000e+00 2.486425374870578122e-25
7.943282347242699564e+07 -5.807856472398997827e-02 8.761583857572285625e-03 1.000000000000000000e+00 2.722887882247085991e-25
8.912509381337325275e+07 -4.543867557115433692e-02 1.102055277160285916e-02 1.000000000000000000e+00 2.962210117840999923e-25
9.999999999999853969e+07 -3.511556952538803789e-02 1.188934404836188008e-02 1.000000000000000000e+00 3.201425613446767018e-25
1.122018454301947057e+08 -2.680975713443197947e-02 1.181185183484603080e-02 1.000000000000000000e+00 3.437381134795934075e-25
1.258925411794148982e+08 -2.022656746995503060e-02 1.113120582484749058e-02 1.000000000000000000e+00 3.667095839623720076e-25
1.412537544622732997e+08 -1.508749082744816061e-02 1.010572053196675917e-02 1.000000000000000000e+00 3.888235435211829788e-25
1.584893192461090088e+08 -1.113706792220413994e-02 8.923587102787039482e-03 1.000000000000000000e+00 4.099596671954651101e-25
1.778279410038895905e+08 -8.146815689167702032e-03 7.715881288054830811e-03 1.000000000000000000e+00 4.301465463209897881e-25
1.995262314968850017e+08 -5.917205912652622780e-03 6.568014544383874408e-03 1.000000000000000000e+00 4.495722614843334985e-25
2.238721138568305969e+08 -4.278217028014359886e-03 5.529909279273341818e-03 1.000000000000000000e+00 4.685627304564516325e-25
2.511886431509541869e+08 -3.088652869249954892e-03 4.625062736803918322e-03 1.000000000000000000e+00 4.875290014042199605e-25
2.818382931264411211e+08 -2.234330894661483002e-03 3.858467174299948146e-03 1.000000000000000000e+00 5.068920276193441065e-25
3.162277660168331265e+08 -1.625324997825517998e-03 3.223235685006885058e-03 1.000000000000000000e+00 5.269973574776278250e-25
3.548133892335699797e+08 -1.192578573803721028e-03 2.705804423874507130e-03 1.000000000000000000e+00 5.480321087025408095e-25
3.981071705534911156e+08 -8.842757080203738967e-04 2.289707107022912001e-03 1.000000000000000000e+00 5.699541762205546576e-25
4.466835921509562135e+08 -6.623331149305382607e-04 1.958066536883493018e-03 1.000000000000000000e+00 5.924411788564695446e-25
5.011872336272644997e+08 -4.992752363578774766e-04 1.695054166076194989e-03 1.000000000000000000e+00 6.148657041349620419e-25
5.623413251903402805e+08 -3.756280885963199801e-04 1.486606457782372898e-03 1.000000000000000000e+00 6.363038477358183165e-25
6.309573444801833630e+08 -2.778554952696623876e-04 1.320665260995322957e-03 1.000000000000000000e+00 6.555842098346631930e-25
7.079457843841267824e+08 -1.967848784241351128e-04 1.187153506068935925e-03 1.000000000000000000e+00 6.713819580300980647e-25
7.943282347242689133e+08 -1.264309444154009118e-04 1.077831167348696981e-03 1.000000000000000000e+00 6.823553652232735325e-25
8.912509381337313652e+08 -6.311693716415549336e-05 9.861153848698546009e-04 1.000000000000000000e+00 6.873105519230848165e-25
9.999999999999840260e+08 -4.804956661376205414e-06 9.069008810946429730e-04 1.000000000000000000e+00 6.853674128274096171e-25
