# freq_hz re(vout/vdiff) im(vout/vdiff) re(vdiff) im(vdiff)
1.000000000000000056e-01 7.120377877397635893e+04 2.633407074616258470e+01 1.000000000000180300e+00 6.670498045222290283e-17
1.122018454301963036e-01 7.120378467413118051e+04 1.653396526590524118e+01 1.000000000000143219e+00 3.326727928637495863e-17
1.258925411794167004e-01 7.120378783445215959e+04 6.953253585768352174e+00 1.000000000000113909e+00 1.111292367773206032e-17
1.412537544622753938e-01 7.120378842323725985e+04 -2.535193398653791785e+00 1.000000000000090372e+00 -3.218484031942581935e-18
1.584893192461112876e-01 7.120378647184127476e+04 -1.205728058625429000e+01 1.000000000000071720e+00 -1.215876965334785988e-17
1.778279410038922093e-01 7.120378187634570349e+04 -2.173935922810064980e+01 1.000000000000057065e+00 -1.741353737335162956e-17
1.995262314968878903e-01 7.120377439202475944e+04 -3.170990340398181928e+01 1.000000000000045297e+00 -2.017600525683479150e-17
2.238721138568338098e-01 7.120376362031296594e+04 -4.210121464824458570e+01 1.000000000000035971e+00 -2.127820011721326868e-17
2.511886431509577911e-01 7.120374898758080963e+04 -5.305117732654040452e+01 1.000000000000028644e+00 -2.129782673865569915e-17
2.818382931264450941e-01 7.120372971458715620e+04 -6.470508803406799814e+01 1.000000000000022649e+00 -2.063377525015619030e-17
3.162277660168377191e-01 7.120370477498343098e+04 -7.721758326097715042e+01 1.000000000000017986e+00 -1.955944233771994048e-17
3.548133892335750827e-01 7.120367284065826971e+04 -9.075469086386576123e+01 1.000000000000014433e+00 -1.826036041295120857e-17
3.981071705534969252e-01 7.120363221101397357e+04 -1.054960325096358105e+02 1.000000000000011324e+00 -1.686073064174897055e-17
4.466835921509625940e-01 7.120358072240774345e+04 -1.216372062391024969e+02 1.000000000000009104e+00 -1.544211207429960928e-17
5.011872336272716888e-01 7.120351563293772051e+04 -1.393923806562791015e+02 1.000000000000007105e+00 -1.405656802987727152e-17
5.623413251903484067e-01 7.120343347643778543e+04 -1.589971350127032679e+02 1.000000000000005773e+00 -1.273589770772202987e-17
6.309573444801924724e-01 7.120332987791042251e+04 -1.807115826557908917e+02 1.000000000000004441e+00 -1.149810454037068002e-17
7.079457843841370224e-01 7.120319932057120604e+04 -2.048238189808625123e+02 1.000000000000003553e+00 -1.035191561008984004e-17
7.943282347242804908e-01 7.120303485210661893e+04 -2.316537392061032676e+02 1.000000000000002887e+00 -9.299927829536521013e-18
8.912509381337443415e-01 7.120282771451122244e+04 -2.615572760185491461e+02 1.000000000000002220e+00 -8.340787744359628113e-18
9.999999999999985567e-01 7.120256687780872744e+04 -2.949311124585059929e+02 1.000000000000001776e+00 -7.470692360387057693e-18
1.122018454301962009e+00 7.120223845285018615e+04 -3.322179313598063004e+02 1.000000000000001332e+00 -6.684413898886948187e-18
1.258925411794165061e+00 7.120182495195895899e+04 -3.739122692801369112e+02 1.000000000000001110e+00 -5.975991623679095617e-18
1.412537544622751939e+00 7.120130435811227653e+04 -4.205670501665595111e+02 1.000000000000000888e+00 -5.339191631700082738e-18
1.584893192461110933e+00 7.120064895318984054e+04 -4.728008820179368286e+02 1.000000000000000666e+00 -4.767805634922710696e-18
1.778279410038920094e+00 7.119982384304836160e+04 -5.313062085140093131e+02 1.000000000000000666e+00 -4.255838662912989383e-18
1.995262314968875961e+00 7.119878510112821823e+04 -5.968584169257532039e+02 1.000000000000000444e+00 -3.797620717191364315e-18
2.238721138568334990e+00 7.119747743213082140e+04 -6.703260134872550680e+02 1.000000000000000444e+00 -3.387866895873609001e-18
2.511886431509574802e+00 7.119583123198110843e+04 -7.526819875879198207e+02 1.000000000000000222e+00 -3.021703095281473157e-18
2.818382931264447944e+00 7.119375888850688352e+04 -8.450164962928652130e+02 1.000000000000000222e+00 -2.694669175369844864e-18
3.162277660168371973e+00 7.119115012741838291e+04 -9.485510102806199484e+02 1.000000000000000222e+00 -2.402707804782007994e-18
3.548133892335747053e+00 7.118786615825536137e+04 -1.064654070479822622e+03 1.000000000000000222e+00 -2.142144624135394123e-18
3.981071705534962923e+00 7.118373231252892583e+04 -1.194858810265200646e+03 1.000000000000000222e+00 -1.909663560943356827e-18
4.466835921509620277e+00 7.117852878831222188e+04 -1.340882399235799767e+03 1.000000000000000000e+00 -1.702279868823880080e-18
5.011872336272709560e+00 7.117197901836948586e+04 -1.504647558725999033e+03 1.000000000000000000e+00 -1.517312586455298991e-18
5.623413251903476073e+00 7.116373505817429395e+04 -1.688306282520205968e+03 1.000000000000000000e+00 -1.352357504424092934e-18
6.309573444801915620e+00 7.115335924066747248e+04 -1.894265863363370954e+03 1.000000000000000000e+00 -1.205261310367899029e-18
7.079457843841360010e+00 7.114030116033864033e+04 -2.125217269127083910e+03 1.000000000000000000e+00 -1.074097297961940043e-18
7.943282347242792696e+00 7.112386882346977654e+04 -2.384165821106418207e+03 1.000000000000000000e+00 -9.571428333449243954e-19
8.912509381337429204e+00 7.110319252699083881e+04 -2.674463985749770927e+03 1.000000000000000000e+00 -8.528586453565950241e-19
9.999999999999969802e+00 7.107717969839685247e+04 -2.999845879091525148e+03 1.000000000000000000e+00 -7.598699236363166874e-19
1.122018454301960055e+01 7.104445853796821029e+04 -3.364462771163152865e+03 1.000000000000000000e+00 -6.769491572828140844e-19
1.258925411794163018e+01 7.100330784998553281e+04 -3.772918425884869066e+03 1.000000000000000000e+00 -6.030006166386552373e-19
1.412537544622749941e+01 7.095156993665295886e+04 -4.230302466550332610e+03 1.000000000000000000e+00 -5.370463650222311242e-19
1.584893192461107958e+01 7.088654287479292543e+04 -4.742219046328691547e+03 1.000000000000000000e+00 -4.782136811459226685e-19
1.778279410038917163e+01 7.080484794094289828e+04 -5.314806833730990547e+03 1.000000000000000000e+00 -4.257237732608046048e-19
1.995262314968872985e+01 7.070226747161468666e+04 -5.954744576276719272e+03 1.000000000000000000e+00 -3.788816705208574988e-19
2.238721138568331881e+01 7.057354817651568737e+04 -6.669234137902365546e+03 1.000000000000000000e+00 -3.370671841593224170e-19
2.511886431509570983e+01 7.041216508712251380e+04 -7.465949754159863915e+03 1.000000000000000000e+00 -2.997268398250651032e-19
2.818382931264443059e+01 7.021004227747286495e+04 -8.352938151641928926e+03 1.000000000000000000e+00 -2.663666921975600155e-19
3.162277660168367888e+01 6.995722878380904149e+04 -9.338449016776921781e+03 1.000000000000000000e+00 -2.365459433696137090e-19
3.548133892335741280e+01 6.964153257484122878e+04 -1.043066908813534974e+04 1.000000000000000000e+00 -2.098712971514492001e-19
3.981071705534957061e+01 6.924812310006108601e+04 -1.163732618631984042e+04 1.000000000000000000e+00 -1.859919920891433927e-19
4.466835921509613172e+01 6.875912531962526555e+04 -1.296512262963768080e+04 1.000000000000000000e+00 -1.645954661200264038e-19
5.011872336272701745e+01 6.815324688614427578e+04 -1.441895248538968917e+04 1.000000000000000000e+00 -1.454036145562477978e-19
5.623413251903466659e+01 6.740550689695945766e+04 -1.600085720152951944e+04 1.000000000000000000e+00 -1.281696090237150019e-19
6.309573444801905850e+01 6.648717006545979530e+04 -1.770868460815876824e+04 1.000000000000000000e+00 -1.126752457216515991e-19
7.079457843841348108e+01 6.536603258036188345e+04 -1.953444473113142158e+04 1.000000000000000000e+00 -9.872878347276984242e-20
7.943282347242779906e+01 6.400724883968476206e+04 -2.146241195405515828e+04 1.000000000000000000e+00 -8.616321118710786096e-20
8.912509381337414993e+01 6.237491705394740711e+04 -2.346711599847711113e+04 1.000000000000000000e+00 -7.483484591799105284e-20
9.999999999999954525e+01 6.043463277929613105e+04 -2.551149883789251908e+04 1.000000000000000000e+00 -6.462210930701763971e-20
1.122018454301958030e+02 5.815713129330345691e+04 -2.754567402448888970e+04 1.000000000000000000e+00 -5.542425000808539428e-20
1.258925411794160993e+02 5.552294964488081314e+04 -2.950688111658885100e+04 1.000000000000000000e+00 -4.715973137299313823e-20
1.412537544622747134e+02 5.252770929280271230e+04 -3.132128841473910143e+04 1.000000000000000000e+00 -3.976396122721041823e-20
1.584893192461105969e+02 4.918720587948458706e+04 -3.290817048358266038e+04 1.000000000000000000e+00 -3.318610542814259272e-20
1.778279410038913966e+02 4.554111183384877950e+04 -3.418658468137274758e+04 1.000000000000000000e+00 -2.738491815188851711e-20
1.995262314968869930e+02 4.165394781410135329e+04 -3.508397990583695355e+04 1.000000000000000000e+00 -2.232382399840969961e-20
2.238721138568328115e+02 3.761228409856536746e+04 -3.554537687110356637e+04 1.000000000000000000e+00 -1.796585546179577934e-20
2.511886431509566933e+02 3.351795225049745932e+04 -3.554117595501000324e+04 1.000000000000000000e+00 -1.426930821436770107e-20
2.818382931264438866e+02 2.947818759295798009e+04 -3.507165090210788912e+04 1.000000000000000000e+00 -1.118498293199173958e-20
3.162277660168363127e+02 2.559462879828596851e+04 -3.416690653057135933e+04 1.000000000000000000e+00 -8.655553301215824021e-21
3.548133892335736164e+02 2.195350047918128985e+04 -3.288231207198803168e+04 1.000000000000000000e+00 -6.617046490957492343e-21
3.981071705534951093e+02 1.861889177089442819e+04 -3.129064996867260925e+04 1.000000000000000000e+00 -5.001869604829833691e-21
4.466835921509606919e+02 1.563003004084335953e+04 -2.947293033318424932e+04 1.000000000000000000e+00 -3.742494476704919746e-21
5.011872336272695065e+02 1.300231201208843049e+04 -2.750980689841782078e+04 1.000000000000000000e+00 -2.774921211433096017e-21
5.623413251903459695e+02 1.073104256475978036e+04 -2.547494310354266054e+04 1.000000000000000000e+00 -2.041306136438596008e-21
6.309573444801897040e+02 8.796538384101562770e+03 -2.343087862503978977e+04 1.000000000000000000e+00 -1.491500927716411057e-21
7.079457843841338445e+02 7.169404842497737263e+03 -2.142726581534809884e+04 1.000000000000000000e+00 -1.083557859674279006e-21
7.943282347242768537e+02 5.815181730186766799e+03 -1.950094260600455891e+04 1.000000000000000000e+00 -7.834375616588996438e-22
8.912509381337401919e+02 4.697967017116022362e+03 -1.767718796224827020e+04 1.000000000000000000e+00 -5.642113440080863896e-22
9.999999999999939746e+02 3.782951017030631192e+03 -1.597157180267795957e+04 1.000000000000000000e+00 -4.050203030318267167e-22
1.122018454301957036e+03 3.037986551226592837e+03 -1.439196392863541951e+04 1.000000000000000000e+00 -2.899851036561978889e-22
1.258925411794158890e+03 2.434404164428375225e+03 -1.294042822562223046e+04 1.000000000000000000e+00 -2.071874597335491055e-22
1.412537544622744917e+03 1.947290254180340071e+03 -1.161486161180193994e+04 1.000000000000000000e+00 -1.477846005416442092e-22
1.584893192461102899e+03 1.555416335257735000e+03 -1.041032960536541032e+04 1.000000000000000000e+00 -1.052765596944373981e-22
1.778279410038911010e+03 1.240965208784604101e+03 -9.320105649197570528e+03 1.000000000000000000e+00 -7.492127457630638583e-23
1.995262314968865894e+03 9.891570454211367860e+02 -8.336449589593115888e+03 1.000000000000000000e+00 -5.328001588621849431e-23
2.238721138568324022e+03 7.878432733483723496e+02 -7.451170825588255866e+03 1.000000000000000000e+00 -3.787122843848277190e-23
2.511886431509562954e+03 6.271095215068546622e+02 -6.656021625375959957e+03 1.000000000000000000e+00 -2.691102959238072230e-23
2.818382931264433864e+03 4.989102827359506023e+02 -5.942961040568103272e+03 1.000000000000000000e+00 -1.912102580357074065e-23
3.162277660168357215e+03 3.967456238749421118e+02 -5.304322983619781553e+03 1.000000000000000000e+00 -1.358733127504993019e-23
3.548133892335728888e+03 3.153827056481292743e+02 -4.732915072576657622e+03 1.000000000000000000e+00 -9.657915755133595151e-24
3.981071705534944158e+03 2.506204675112360860e+02 -4.222068658525100545e+03 1.000000000000000000e+00 -6.868298028788126114e-24
4.466835921509598847e+03 1.990936039446185077e+02 -3.765655303963061215e+03 1.000000000000000000e+00 -4.888006106545979279e-24
5.011872336272685970e+03 1.581109973935000994e+02 -3.358080906048620818e+03 1.000000000000000000e+00 -3.482140994219153640e-24
5.623413251903449236e+03 1.255236264291789041e+02 -2.994265520567546901e+03 1.000000000000000000e+00 -2.483862860884862980e-24
6.309573444801885671e+03 9.961724546268847291e+01 -2.669614586572919052e+03 1.000000000000000000e+00 -1.774740718281923871e-24
7.079457843841326394e+03 7.902561405184388832e+01 -2.379985515539794960e+03 1.000000000000000000e+00 -1.270743535834813030e-24
7.943282347242755350e+03 6.266059834942829099e+01 -2.121652347436982836e+03 1.000000000000000000e+00 -9.122674540082783048e-25
8.912509381337387822e+03 4.965603670731505304e+01 -1.891270268877894978e+03 1.000000000000000000e+00 -6.570442785564671729e-25
9.999999999999923602e+03 3.932275736531953925e+01 -1.685841149686737936e+03 1.000000000000000000e+00 -4.751033113127284569e-25
1.122018454301954989e+04 3.111260281638615055e+01 -1.502680803085233947e+03 1.000000000000000000e+00 -3.451944954487222070e-25
1.258925411794156935e+04 2.458969504318656973e+01 -1.339388366850527063e+03 1.000000000000000000e+00 -2.522504218330975101e-25
1.412537544622743007e+04 1.940751320266296887e+01 -1.193817990479873060e+03 1.000000000000000000e+00 -1.855862467257024997e-25
1.584893192461100989e+04 1.529062203276138021e+01 -1.064052874829251095e+03 1.000000000000000000e+00 -1.376233976736316013e-25
1.778279410038908100e+04 1.202011978157666050e+01 -9.483816188741659516e+02 1.000000000000000000e+00 -1.029848834413219973e-25
1.995262314968862847e+04 9.422053404017534106e+00 -8.452767729992572185e+02 1.000000000000000000e+00 -7.785412900495283250e-26
2.238721138568321112e+04 7.358200761606721763e+00 -7.533754651632011701e+02 1.000000000000000000e+00 -5.952063106099409655e-26
2.511886431509559043e+04 5.718739109320167380e+00 -6.714619499053561640e+02 1.000000000000000000e+00 -4.605802355964177278e-26
2.818382931264429862e+04 4.416414655042318671e+00 -5.984519249902756428e+02 1.000000000000000000e+00 -3.609597010139244993e-26
3.162277660168351940e+04 3.381907671524539971e+00 -5.333784611556374102e+02 1.000000000000000000e+00 -2.865853539933233858e-26
3.548133892335723795e+04 2.560148201332710816e+00 -4.753793966289667878e+02 1.000000000000000000e+00 -2.304965357430173139e-26
3.981071705534937792e+04 1.907387997865211071e+00 -4.236860561331076838e+02 1.000000000000000000e+00 -1.877196048921947076e-26
4.466835921509592299e+04 1.388873703342804911e+00 -3.776131638725407242e+02 1.000000000000000000e+00 -1.546926096570711969e-26
5.011872336272677785e+04 9.769979058027521424e-01 -3.365498302375370940e+02 1.000000000000000000e+00 -1.288573921119699942e-26
5.623413251903439959e+04 6.498300833568252388e-01 -2.999515022749176865e+02 1.000000000000000000e+00 -1.083703023958622950e-26
6.309573444801875303e+04 3.899494895886744250e-01 -2.673327778286496823e+02 1.000000000000000000e+00 -9.189695320206182421e-27
7.079457843841314025e+04 1.835178837621974091e-01 -2.382609929055986129e+02 1.000000000000000000e+00 -7.846651979986446410e-27
7.943282347242740798e+04 1.954287938611950007e-02 -2.123505005730941093e+02 1.000000000000000000e+00 -6.736823903698718245e-27
8.912509381337370723e+04 -1.107072571691016943e-01 -1.892575678784330080e+02 1.000000000000000000e+00 -5.807782166967373840e-27
9.999999999999903957e+04 -2.141684813432163104e-01 -1.686758247716155950e+02 1.000000000000000000e+00 -5.020507571896600193e-27
1.122018454301953025e+05 -2.963502671508815856e-01 -1.503322058909550094e+02 1.000000000000000000e+00 -4.345657226231378858e-27
1.258925411794154934e+05 -3.616289584549233216e-01 -1.339833321997257087e+02 1.000000000000000000e+00 -3.760898601430466340e-27
1.412537544622741116e+05 -4.134808030494975806e-01 -1.194122850683963009e+02 1.000000000000000000e+00 -3.249001479006107813e-27
1.584893192461098079e+05 -4.546670427352518806e-01 -1.064257304028967042e+02 1.000000000000000000e+00 -2.796468377187785900e-27
1.778279410038905044e+05 -4.873809627297375213e-01 -9.485135503384384492e+01 1.000000000000000000e+00 -2.392547534623243082e-27
1.995262314968859137e+05 -5.133646785246830380e-01 -8.453558148512007620e+01 1.000000000000000000e+00 -2.028518341540177138e-27
2.238721138568317110e+05 -5.340019029808126261e-01 -7.534153098168987128e+01 1.000000000000000000e+00 -1.697170783407641081e-27
2.511886431509554095e+05 -5.503916352495704656e-01 -6.714720779743146295e+01 1.000000000000000000e+00 -1.392422995984959020e-27
2.818382931264425279e+05 -5.634066835214922575e-01 -5.984388089611191219e+01 1.000000000000000000e+00 -1.109037562970101023e-27
3.162277660168345901e+05 -5.737401434698276015e-01 -5.333464145005446966e+01 1.000000000000000000e+00 -8.424082328596649390e-28
3.548133892335718265e+05 -5.819423073920954037e-01 -4.753311715009272120e+01 1.000000000000000000e+00 -5.883968537676310799e-28
3.981071705534930807e+05 -5.884499698388676592e-01 -4.236232625837467225e+01 1.000000000000000000e+00 -3.432061749570239120e-28
4.466835921509583713e+05 -5.936096877364112068e-01 -3.775365622579806058e+01 1.000000000000000000e+00 -1.032780346841279032e-28
5.011872336272670073e+05 -5.976962359287589788e-01 -3.364595332656080728e+01 1.000000000000000000e+00 1.347905380435552933e-28
5.623413251903430792e+05 -6.009272399835533518e-01 -2.998471124962772905e+01 1.000000000000000000e+00 3.743189039335213128e-28
6.309573444801864680e+05 -6.034747663344498525e-01 -2.672134788462471988e+01 1.000000000000000000e+00 6.186061740410937298e-28
7.079457843841302674e+05 -6.054744860124142702e-01 -2.381256070613937936e+01 1.000000000000000000e+00 8.709895260294295391e-28
7.943282347242728574e+05 -6.070329009439979773e-01 -2.121975221602009043e+01 1.000000000000000000e+00 1.134899993492896004e-27
8.912509381337357918e+05 -6.082330175386192472e-01 -1.890851781710781054e+01 1.000000000000000000e+00 1.413917869924218954e-27
9.999999999999889405e+05 -6.091387706359643328e-01 -1.684818933582010914e+01 1.000000000000000000e+00 1.711829626870254131e-27
1.122018454301950987e+06 -6.097984331799154445e-01 -1.501142813111492025e+01 1.000000000000000000e+00 2.032688231358021930e-27
1.258925411794153042e+06 -6.102471952391491650e-01 -1.337386240837749973e+01 1.000000000000000000e+00 2.380878862619338851e-27
1.412537544622737914e+06 -6.105090511099455775e-01 -1.191376392949906915e+01 1.000000000000000000e+00 2.761192304176923024e-27
1.584893192461095983e+06 -6.105980975573973568e-01 -1.061175984177947029e+01 1.000000000000000000e+00 3.178908752448856057e-27
1.778279410038901959e+06 -6.105193170504464861e-01 -9.450575821515379005e+00 1.000000000000000000e+00 3.639895499447846353e-27
1.995262314968856983e+06 -6.102688942588009313e-01 -8.414807146038125296e+00 1.000000000000000000e+00 4.150722932305878291e-27
2.238721138568312861e+06 -6.098340939798946314e-01 -7.490714693052408890e+00 1.000000000000000000e+00 4.718804667121031201e-27
2.511886431509550195e+06 -6.091927096689017107e-01 -6.666043198468528885e+00 1.000000000000000000e+00 5.352569484112148761e-27
2.818382931264420040e+06 -6.083120806559461080e-01 -5.929859431084348209e+00 1.000000000000000000e+00 6.061675246087689901e-27
3.162277660168340895e+06 -6.071476659180715663e-01 -5.272408218145593573e+00 1.000000000000000000e+00 6.857278210081858875e-27
3.548133892335711978e+06 -6.056411608522341838e-01 -4.684984520848874290e+00 1.000000000000000000e+00 7.752375292344643302e-27
3.981071705534923822e+06 -6.037181535598162840e-01 -4.159820014741391958e+00 1.000000000000000000e+00 8.762242027566826048e-27
4.466835921509576030e+06 -6.012853418025269070e-01 -3.689982859487879185e+00 1.000000000000000000e+00 9.904994998582523890e-27
5.011872336272660643e+06 -5.982273812509419919e-01 -3.269289565756260174e+00 1.000000000000000000e+00 1.120231409559384971e-26
5.623413251903420314e+06 -5.944035224640301651e-01 -2.892228079843595978e+00 1.000000000000000000e+00 1.268036604715869012e-26
6.309573444801853038e+06 -5.896443263194639517e-01 -2.553891382351388017e+00 1.000000000000000000e+00 1.437097416664079086e-26
7.079457843841289170e+06 -5.837489482536815100e-01 -2.249921043896491835e+00 1.000000000000000000e+00 1.631307653270879115e-26
7.943282347242713906e+06 -5.764837513753368059e-01 -1.976460232076725942e+00 1.000000000000000000e+00 1.855449967347323122e-26
8.912509381337340921e+06 -5.675833512386091462e-01 -1.730115590678902970e+00 1.000000000000000000e+00 2.115403845990122010e-26
9.999999999999871477e+06 -5.567555680834428422e-01 -1.507927118095470087e+00 1.000000000000000000e+00 2.418376335127935968e-26
1.122018454301949032e+07 -5.436920786004890704e-01 -1.307344591575483994e+00 1.000000000000000000e+00 2.773136141211544790e-26
1.258925411794150993e+07 -5.280866380163951046e-01 -1.126208146003828903e+00 1.000000000000000000e+00 3.190215050461565068e-26
1.412537544622736052e+07 -5.096623184051698452e-01 -9.627293682879369818e-01 1.000000000000000000e+00 3.682019607317031146e-26
1.584893192461092956e+07 -4.882079568436442085e-01 -8.154679394633046474e-01 1.000000000000000000e+00 4.262774918866966240e-26
1.778279410038898885e+07 -4.636216871384957194e-01 -6.832979668902916526e-01 1.000000000000000000e+00 4.948210215198170722e-26
1.995262314968853071e+07 -4.359561394334616757e-01 -5.653585085122507792e-01 1.000000000000000000e+00 5.754905969335307811e-26
2.238721138568310067e+07 -4.054563735154663173e-01 -4.609852656207029109e-01 1.000000000000000000e+00 6.699269172207608878e-26
2.511886431509545818e+07 -3.725793640051239253e-01 -3.696253785731685726e-01 1.000000000000000000e+00 7.796192263258799535e-26
2.818382931264415011e+07 -3.379847510401001731e-01 -2.907438860655964796e-01 1.000000000000000000e+00 9.057567208026915426e-26
3.162277660168335959e+07 -3.024918073510142191e-01 -2.237363834854075861e-01 1.000000000000000000e+00 1.049092741826663003e-25
3.548133892335704714e+07 -2.670064032224713224e-01 -1.678646194593360896e-01 1.000000000000000000e+00 1.209851901966759951e-25
3.981071705534917116e+07 -2.324310669600953005e-01 -1.222280616886576021e-01 1.000000000000000000e+00 1.387701606049432055e-25
4.466835921509567648e+07 -1.995768420310402025e-01 -8.577547216006457809e-02 1.000000000000000000e+00 1.581789761772504090e-25
5.011872336272651702e+07 -1.690947567667372975e-01 -5.734984836437567041e-02 1.000000000000000000e+00 1.790826591908132051e-25
5.623413251903410256e+07 -1.414378638643412067e-01 -3.575229754005475324e-02 1.000000000000000000e+00 2.013170804442552904e-25
6.309573444801841676e+07 -1.168554154560465935e-01 -1.980834566754639120e-02 1.000000000000000000e+00 2.246878123715488869e-25
7.079457843841277063e+07 -9.541288874038743317e-02 -8.423531141754597371e-03 1.000000000000000000e+00 2.489686714533133103e-25
7.943282347242699564e+07 -7.702767357885331734e-02 -6.212705238882523795e-04 1.000000000000000000e+00 2.738945171841079948e-25
8.912509381337325275e+07 -6.151030038512116799e-02 4.438042969456111424e-03 1.000000000000000000e+00 2.991524264653642059e-25
9.999999999999853969e+07 -4.860361484114045227e-02 7.453725965525326812e-03 1.000000000000000000e+00 3.243780646127056191e-25
1.122018454301947057e+08 -3.801555464679705343e-02 8.992559548632072727e-03 1.000000000000000000e+00 3.491647646927181939e-25
1.258925411794148982e+08 -2.944398992192866910e-02 9.502888555723518552e-03 1.000000000000000000e+00 3.730907605921996064e-25
1.412537544622732997e+08 -2.259399095722283007e-02 9.331279812641497112e-03 1.000000000000000000e+00 3.957651471081411872e-25
1.584893192461090088e+08 -1.718888223807962107e-02 8.739206495676750744e-03 1.000000000000000000e+00 4.168864106249242712e-25
1.778279410038895905e+08 -1.297672274786717053e-02 7.918399400156893309e-03 1.000000000000000000e+00 4.363009008461041404e-25
1.995262314968850017e+08 -9.733663488020551091e-03 7.004388625151090897e-03 1.000000000000000000e+00 4.540452213282467862e-25
2.238721138568305969e+08 -7.265218960823923398e-03 6.088270754736816240e-03 1.000000000000000000e+00 4.703584055930040177e-25
2.511886431509541869e+08 -5.406067317481954432e-03 5.226907803398924031e-03 1.000000000000000000e+00 4.856569087534242376e-25
2.818382931264411211e+08 -4.018711030703701198e-03 4.451714806003191985e-03 1.000000000000000000e+00 5.004751475296952330e-25
3.162277660168331265e+08 -2.991227678400573946e-03 3.776078305217990191e-03 1.000000000000000000e+00 5.153824828906021995e-25
3.548133892335699797e+08 -2.234363151884750064e-03 3.201387150889203025e-03 1.000000000000000000e+00 5.308911570203814605e-25
3.981071705534911156e+08 -1.678270726819872018e-03 2.721688114060297117e-03 1.000000000000000000e+00 5.473684874921699401e-25
4.466835921509562135e+08 -1.269206138779599945e-03 2.327068188829130996e-03 1.000000000000000000e+00 5.649627164247053329e-25
5.011872336272644997e+08 -9.664330374721937997e-04 2.005954078419646975e-03 1.000000000000000000e+00 5.835481785210605054e-25
5.623413251903402805e+08 -7.395000913295043206e-04 1.746566483990548988e-03 1.000000000000000000e+00 6.026937972187356910e-25
6.309573444801833630e+08 -5.659571584903082958e-04 1.537765286373558946e-03 1.000000000000000000e+00 6.216595370724339559e-25
7.079457843841267824e+08 -4.295071662324123087e-04 1.369487455508967963e-03 1.000000000000000000e+00 6.394269099538298263e-25
7.943282347242689133e+08 -3.185479338362234890e-04 1.232933031776961997e-03 1.000000000000000000e+00 6.547695749867338150e-25
8.912509381337313652e+08 -2.250382226991578030e-04 1.120609181786553967e-03 1.000000000000000000e+00 6.663661045372152743e-25
9.999999999999840260e+08 -1.436171268756620124e-04 1.026303006633284961e-03 1.000000000000000000e+00 6.729480439413362260e-25
