# freq_hz re(vout/vdiff) im(vout/vdiff) re(vdiff) im(vdiff)
1.000000000000000056e-01 4.893414192656637169e+04 2.627800925945815891e+01 1.000000000000123901e+00 6.656297504755950953e-17
1.122018454301963036e-01 4.893414893184680113e+04 1.864773201926292856e+01 1.000000000000098366e+00 3.752029831737348093e-17
1.258925411794167004e-01 4.893415344488933624e+04 1.126489613029634818e+01 1.000000000000078160e+00 1.800393576831141147e-17
1.412537544622753938e-01 4.893415570602855587e+04 4.031537035286393511e+00 1.000000000000062172e+00 5.118125335721748359e-18
1.584893192461112876e-01 4.893415583567781141e+04 -3.148326541565485748e+00 1.000000000000049294e+00 -3.174826773670201991e-18
1.778279410038922093e-01 4.893415384074133181e+04 -1.036996608675515574e+01 1.000000000000039302e+00 -8.306491011598855527e-18
1.995262314968878903e-01 4.893414961498200137e+04 -1.772920737885080911e+01 1.000000000000031086e+00 -1.128053203873243023e-17
2.238721138568338098e-01 4.893414293336400442e+04 -2.532370191900558964e+01 1.000000000000024647e+00 -1.279874705913957057e-17
2.511886431509577911e-01 4.893413344006901025e+04 -3.325422256733895665e+01 1.000000000000019540e+00 -1.335017819189537022e-17
2.818382931264450941e-01 4.893412062954800786e+04 -4.162600056066190035e+01 1.000000000000015543e+00 -1.327409584420281981e-17
3.162277660168377191e-01 4.893410381959993538e+04 -5.055012163164524708e+01 1.000000000000012434e+00 -1.280449539489873021e-17
3.548133892335750827e-01 4.893408211504312203e+04 -6.014499972672280848e+01 1.000000000000009770e+00 -1.210151631456632072e-17
3.981071705534969252e-01 4.893405436004556395e+04 -7.053794783924158196e+01 1.000000000000007772e+00 -1.127361200540034932e-17
4.466835921509625940e-01 4.893401907657590345e+04 -8.186686674789011420e+01 1.000000000000006217e+00 -1.039317960915402045e-17
5.011872336272716888e-01 4.893397438569807855e+04 -9.428207399332153216e+01 1.000000000000004885e+00 -9.507566919940430442e-18
5.623413251903484067e-01 4.893391790751894587e+04 -1.079482972560080469e+02 1.000000000000003997e+00 -8.646812860089716693e-18
6.309573444801924724e-01 4.893384663446315972e+04 -1.230468584363022302e+02 1.000000000000003109e+00 -7.829081130756689703e-18
7.079457843841370224e-01 4.893375677112912672e+04 -1.397780772065525241e+02 1.000000000000002442e+00 -7.064465777729507568e-18
7.943282347242804908e-01 4.893364353220188787e+04 -1.583639256302697618e+02 1.000000000000001998e+00 -6.357648637804541694e-18
8.912509381337443415e-01 4.893350088766858971e+04 -1.790509686517668229e+02 1.000000000000001554e+00 -5.709747968442627329e-18
9.999999999999985567e-01 4.893332124177869264e+04 -2.021136288791426807e+02 1.000000000000001332e+00 -5.119598034793813695e-18
1.122018454301962009e+00 4.893309502867027913e+04 -2.278578181410653656e+02 1.000000000000000888e+00 -4.584629014467835293e-18
1.258925411794165061e+00 4.893281020315499336e+04 -2.566249828177964218e+02 1.000000000000000888e+00 -4.101466773378368008e-18
1.412537544622751939e+00 4.893245159958845034e+04 -2.887966149475445832e+02 1.000000000000000666e+00 -3.666336842770816352e-18
1.584893192461110933e+00 4.893200012475204130e+04 -3.247992865979813359e+02 1.000000000000000444e+00 -3.275332024813902106e-18
1.778279410038920094e+00 4.893143174187423574e+04 -3.651102709592472593e+02 1.000000000000000444e+00 -2.924585454120828871e-18
1.995262314968875961e+00 4.893071619186029420e+04 -4.102638200208476746e+02 1.000000000000000222e+00 -2.610378509241529859e-18
2.238721138568334990e+00 4.892981538390610513e+04 -4.608581754598790781e+02 1.000000000000000222e+00 -2.329204189694170072e-18
2.511886431509574802e+00 4.892868137022685551e+04 -5.175633963482241597e+02 1.000000000000000222e+00 -2.077800380496212174e-18
2.818382931264447944e+00 4.892725379773827444e+04 -5.811300942450112643e+02 1.000000000000000222e+00 -1.853163060199891059e-18
3.162277660168371973e+00 4.892545670207692456e+04 -6.523991728059113484e+02 1.000000000000000222e+00 -1.652546434317953920e-18
3.548133892335747053e+00 4.892319447496425710e+04 -7.323126746461374523e+02 1.000000000000000000e+00 -1.473454814636466931e-18
3.981071705534962923e+00 4.892034679290733038e+04 -8.219258419936101063e+02 1.000000000000000000e+00 -1.313629548063567906e-18
4.466835921509620277e+00 4.891676224152117356e+04 -9.224204984193347627e+02 1.000000000000000000e+00 -1.171033236669947940e-18
5.011872336272709560e+00 4.891225030283146771e+04 -1.035119854826667961e+03 1.000000000000000000e+00 -1.043832749308645058e-18
5.623413251903476073e+00 4.890657128975589148e+04 -1.161504831317670096e+03 1.000000000000000000e+00 -9.303820098424867441e-19
6.309573444801915620e+00 4.889942370899420348e+04 -1.303231963814107075e+03 1.000000000000000000e+00 -8.292051905582944723e-19
7.079457843841360010e+00 4.889042840665423864e+04 -1.462152925113344054e+03 1.000000000000000000e+00 -7.389806944889839362e-19
7.943282347242792696e+00 4.887910869547916809e+04 -1.640335626958205921e+03 1.000000000000000000e+00 -6.585261436993799526e-19
8.912509381337429204e+00 4.886486547360104305e+04 -1.840086772256541053e+03 1.000000000000000000e+00 -5.867844785656568577e-19
9.999999999999969802e+00 4.884694611754007929e+04 -2.063975580271172021e+03 1.000000000000000000e+00 -5.228111990991273031e-19
1.122018454301960055e+01 4.882440566286703688e+04 -2.314858192347956901e+03 1.000000000000000000e+00 -4.657627317608437331e-19
1.258925411794163018e+01 4.879605847312055994e+04 -2.595901954107912843e+03 1.000000000000000000e+00 -4.148858757895689871e-19
1.412537544622749941e+01 4.876041824465933314e+04 -2.910608324887411982e+03 1.000000000000000000e+00 -3.695082660846901775e-19
1.584893192461107958e+01 4.871562381445940264e+04 -3.262832537164748828e+03 1.000000000000000000e+00 -3.290297811460060846e-19
1.778279410038917163e+01 4.865934785704890965e+04 -3.656797253344152978e+03 1.000000000000000000e+00 -2.929148216986884113e-19
1.995262314968872985e+01 4.858868522859959194e+04 -4.097096262996298719e+03 1.000000000000000000e+00 -2.606853865151790986e-19
2.238721138568331881e+01 4.850001753350452782e+04 -4.588682631520409814e+03 1.000000000000000000e+00 -2.319148752887271873e-19
2.511886431509570983e+01 4.838885060602916201e+04 -5.136833539215187557e+03 1.000000000000000000e+00 -2.062225533473900003e-19
2.818382931264443059e+01 4.824962226284045755e+04 -5.747081226496822637e+03 1.000000000000000000e+00 -1.832686189504967927e-19
3.162277660168367888e+01 4.807547926778579858e+04 -6.425095906246840059e+03 1.000000000000000000e+00 -1.627498205021784021e-19
3.548133892335741280e+01 4.785802551009148010e+04 -7.176502228999272120e+03 1.000000000000000000e+00 -1.443955779715496971e-19
3.981071705534957061e+01 4.758704869993942702e+04 -8.006606100293517557e+03 1.000000000000000000e+00 -1.279645698587865944e-19
4.466835921509613172e+01 4.725024142981979094e+04 -8.920003936599852750e+03 1.000000000000000000e+00 -1.132417538215207978e-19
5.011872336272701745e+01 4.683294539866905689e+04 -9.920043033751991970e+03 1.000000000000000000e+00 -1.000357949631187994e-19
5.623413251903466659e+01 4.631796603894742293e+04 -1.100810183903749021e+04 1.000000000000000000e+00 -8.817687974769151884e-20
6.309573444801905850e+01 4.568552919511352229e+04 -1.218266619365802944e+04 1.000000000000000000e+00 -7.751489389758627330e-20
7.079457843841348108e+01 4.491348068869685812e+04 -1.343819732617476075e+04 1.000000000000000000e+00 -6.791793706525660494e-20
7.943282347242779906e+01 4.397785906351215090e+04 -1.476382615890230954e+04 1.000000000000000000e+00 -5.927113256811776616e-20
8.912509381337414993e+01 4.285399154219608317e+04 -1.614197274218980965e+04 1.000000000000000000e+00 -5.147566415402814785e-20
9.999999999999954525e+01 4.151825588245969266e+04 -1.754708174289482122e+04 1.000000000000000000e+00 -4.444793256794905844e-20
1.122018454301958030e+02 3.995059204265673907e+04 -1.894477659656809919e+04 1.000000000000000000e+00 -3.811867638811835125e-20
1.258925411794160993e+02 3.813771187154010840e+04 -2.029183856018519145e+04 1.000000000000000000e+00 -3.243185646076032959e-20
1.412537544622747134e+02 3.607673174014362303e+04 -2.153746102339749996e+04 1.000000000000000000e+00 -2.734308689761322780e-20
1.584893192461105969e+02 3.377866512680176675e+04 -2.262613824466881852e+04 1.000000000000000000e+00 -2.281743290504740139e-20
1.778279410038913966e+02 3.127095262749159883e+04 -2.350227037780364117e+04 1.000000000000000000e+00 -1.882653205764058871e-20
1.995262314968869930e+02 2.859810592399418965e+04 -2.411608954750035991e+04 1.000000000000000000e+00 -1.534520306717226080e-20
2.238721138568328115e+02 2.581975574434560986e+04 -2.442996597448075045e+04 1.000000000000000000e+00 -1.234795999228240013e-20
2.511886431509566933e+02 2.300596052286184931e+04 -2.442375783383587986e+04 1.000000000000000000e+00 -9.806028358609578255e-21
2.818382931264438866e+02 2.023041598766235984e+04 -2.409786948237094111e+04 1.000000000000000000e+00 -7.685458230101426539e-21
3.162277660168363127e+02 1.756289549716002148e+04 -2.347318947268501870e+04 1.000000000000000000e+00 -5.946704931217444685e-21
3.548133892335736164e+02 1.506251924353250070e+04 -2.258792297032667921e+04 1.000000000000000000e+00 -4.545662198882963330e-21
3.981071705534951093e+02 1.277316136783291040e+04 -2.149217981537713058e+04 1.000000000000000000e+00 -3.435755043291398878e-21
4.466835921509606919e+02 1.072160487247292986e+04 -2.024165962489742014e+04 1.000000000000000000e+00 -2.570479310106670969e-21
5.011872336272695065e+02 8.918273779166278473e+03 -1.889176223930271954e+04 1.000000000000000000e+00 -1.905783369497367818e-21
5.623413251903459695e+02 7.359817041286015410e+03 -1.749304524997722910e+04 1.000000000000000000e+00 -1.401871175819121092e-21
6.309573444801897040e+02 6.032620776271150135e+03 -1.608840142056287004e+04 1.000000000000000000e+00 -1.024254728300940920e-21
7.079457843841338445e+02 4.916432756492100452e+03 -1.471186159189009049e+04 1.000000000000000000e+00 -7.440954844713872945e-22
7.943282347242768537e+02 3.987548879266602853e+03 -1.338865542787225058e+04 1.000000000000000000e+00 -5.379984459460715806e-22
8.912509381337401919e+02 3.221295815590442089e+03 -1.213608033872771011e+04 1.000000000000000000e+00 -3.874601032691896113e-22
9.999999999999939746e+02 2.593765098596703865e+03 -1.096477533502317965e+04 1.000000000000000000e+00 -2.781504676888662978e-22
1.122018454301957036e+03 2.082886216571886962e+03 -9.880101542574702762e+03 1.000000000000000000e+00 -1.991622247727425956e-22
1.258925411794158890e+03 1.668982322384739973e+03 -8.883442555367173554e+03 1.000000000000000000e+00 -1.423099040793082989e-22
1.412537544622744917e+03 1.334958244125801912e+03 -7.973328762650988210e+03 1.000000000000000000e+00 -1.015209208118275961e-22
1.584893192461102899e+03 1.066250031344924992e+03 -7.146353023339399442e+03 1.000000000000000000e+00 -7.233192381038721597e-23
1.778279410038911010e+03 8.506357357536330710e+02 -6.397882956700039358e+03 1.000000000000000000e+00 -5.148687301557989719e-23
1.995262314968865894e+03 6.779779959217829628e+02 -5.722594269150815308e+03 1.000000000000000000e+00 -3.662474918540525770e-23
2.238721138568324022e+03 5.399449092902702887e+02 -5.114856413691390117e+03 1.000000000000000000e+00 -2.604178535657637107e-23
2.511886431509562954e+03 4.297372983608308914e+02 -4.569001854292459939e+03 1.000000000000000000e+00 -1.851324646366078884e-23
2.818382931264433864e+03 3.418379250444652939e+02 -4.079506648860477071e+03 1.000000000000000000e+00 -1.316145596313658954e-23
3.162277660168357215e+03 2.717896070396474784e+02 -3.641105390545599221e+03 1.000000000000000000e+00 -9.358991423565952045e-24
3.548133892335728888e+03 2.160041637208069858e+02 -3.248858725179728935e+03 1.000000000000000000e+00 -6.658203312531618144e-24
3.981071705534944158e+03 1.716009792469581896e+02 -2.898187450051661926e+03 1.000000000000000000e+00 -4.740198597565478274e-24
4.466835921509598847e+03 1.362725521567373050e+02 -2.584883644841518162e+03 1.000000000000000000e+00 -3.378083498420450690e-24
5.011872336272685970e+03 1.081736834288971068e+02 -2.305106507175867137e+03 1.000000000000000000e+00 -2.410576232420937083e-24
5.623413251903449236e+03 8.583088710702466528e+01 -2.055368408597386860e+03 1.000000000000000000e+00 -1.723118608672194010e-24
6.309573444801885671e+03 6.806879565728773684e+01 -1.832515073992954058e+03 1.000000000000000000e+00 -1.234386160408095078e-24
7.079457843841326394e+03 5.395065686696511165e+01 -1.633702598477374977e+03 1.000000000000000000e+00 -8.866711839567070815e-25
7.943282347242755350e+03 4.273040567731455042e+01 -1.456373150881840957e+03 1.000000000000000000e+00 -6.390365378243901868e-25
8.912509381337387822e+03 3.381417170929457683e+01 -1.298230593088590012e+03 1.000000000000000000e+00 -4.624473952186937235e-25
9.999999999999923602e+03 2.672943743211656908e+01 -1.157216805156200053e+03 1.000000000000000000e+00 -3.363125640237380801e-25
1.122018454301954989e+04 2.110036985089658046e+01 -1.031489199113196037e+03 1.000000000000000000e+00 -2.460289583269242117e-25
1.258925411794156935e+04 1.662811908357459956e+01 -9.193996920860936370e+02 1.000000000000000000e+00 -1.812392171102137932e-25
1.412537544622743007e+04 1.307510117831821006e+01 -8.194752650575437656e+02 1.000000000000000000e+00 -1.345958793061754987e-25
1.584893192461100989e+04 1.025247088239308013e+01 -7.304001382765095514e+02 1.000000000000000000e+00 -1.008851250286973992e-25
1.778279410038908100e+04 8.010143901892590179e+00 -6.509995316318390906e+02 1.000000000000000000e+00 -7.640561844022723221e-26
1.995262314968862847e+04 6.228853793226099889e+00 -5.802249407809548529e+02 1.000000000000000000e+00 -5.852825667402795284e-26
2.238721138568321112e+04 4.813832388314422062e+00 -5.171408365078939369e+02 1.000000000000000000e+00 -4.538417459173077929e-26
2.511886431509559043e+04 3.689782676498127856e+00 -4.609126847945844929e+02 1.000000000000000000e+00 -3.564365063426696124e-26
2.818382931264429862e+04 2.796881548134027895e+00 -4.107961803590783916e+02 1.000000000000000000e+00 -2.835943060015055798e-26
3.162277660168351940e+04 2.087601842314315004e+00 -3.661275878475141212e+02 1.000000000000000000e+00 -2.285569431762668004e-26
3.548133892335723795e+04 1.524186437494069013e+00 -3.263150885447270753e+02 1.000000000000000000e+00 -1.864936045088691918e-26
3.981071705534937792e+04 1.076640590643213935e+00 -2.908310365010627834e+02 1.000000000000000000e+00 -1.539430086790613030e-26
4.466835921509592299e+04 7.211366746870768729e-01 -2.592050342178097821e+02 1.000000000000000000e+00 -1.284178655663859053e-26
5.011872336272677785e+04 4.387464698108587968e-01 -2.310177455130524891e+02 1.000000000000000000e+00 -1.081243244308526955e-26
5.623413251903439959e+04 2.144339805778482932e-01 -2.058953699059829887e+02 1.000000000000000000e+00 -9.176290281397288042e-27
6.309573444801875303e+04 3.625520443221048189e-02 -1.835047099537812869e+02 1.000000000000000000e+00 -7.838714949157472744e-27
7.079457843841314025e+04 -1.052776091311680012e-01 -1.635487693418531023e+02 1.000000000000000000e+00 -6.730322802457875380e-27
7.943282347242740798e+04 -2.177010135195409923e-01 -1.457628256605945012e+02 1.000000000000000000e+00 -5.799850882772016007e-27
8.912509381337370723e+04 -3.070015999477760937e-01 -1.299109274500989102e+02 1.000000000000000000e+00 -5.009072807947475749e-27
9.999999999999903957e+04 -3.779347201115771937e-01 -1.157827701517779957e+02 1.000000000000000000e+00 -4.329173809857127995e-27
1.122018454301953025e+05 -4.342776745702275898e-01 -1.031909103743906968e+02 1.000000000000000000e+00 -3.738161047065782149e-27
1.258925411794154934e+05 -4.790308403493753753e-01 -9.196828209336865712e+01 1.000000000000000000e+00 -3.219009138049389019e-27
1.412537544622741116e+05 -5.145774277098694727e-01 -8.196598222110701215e+01 1.000000000000000000e+00 -2.758327863232625927e-27
1.584893192461098079e+05 -5.428103858621554645e-01 -7.305129649340912579e+01 1.000000000000000000e+00 -2.345401228972821154e-27
1.778279410038905044e+05 -5.652331991626142749e-01 -6.510593965817110984e+01 1.000000000000000000e+00 -1.971490642382115855e-27
1.995262314968859137e+05 -5.830399505238904601e-01 -5.802448676625415658e+01 1.000000000000000000e+00 -1.629326364129652064e-27
2.238721138568317110e+05 -5.971789050771423302e-01 -5.171297486788343178e+01 1.000000000000000000e+00 -1.312732868325510992e-27
2.511886431509554095e+05 -6.084030087865537340e-01 -4.608765661473447039e+01 1.000000000000000000e+00 -1.016349912158471953e-27
2.818382931264425279e+05 -6.173099827727828171e-01 -4.107388929191063198e+01 1.000000000000000000e+00 -7.354217695882019104e-28
3.162277660168345901e+05 -6.243741546133511067e-01 -3.660514457958810652e+01 1.000000000000000000e+00 -4.656349528807953568e-28
3.548133892335718265e+05 -6.299717180280861584e-01 -3.262212592580368664e+01 1.000000000000000000e+00 -2.029903990701379071e-28
3.981071705534930807e+05 -6.344007656120644878e-01 -2.907198182762006056e+01 1.000000000000000000e+00 5.630007531525762770e-29
4.466835921509583713e+05 -6.378971643929762791e-01 -2.590760461639134959e+01 1.000000000000000000e+00 3.159005564893165977e-28
5.011872336272670073e+05 -6.406471175270406215e-01 -2.308700543716502906e+01 1.000000000000000000e+00 5.794265648592598594e-28
5.623413251903430792e+05 -6.427970815078710709e-01 -2.057275714348881834e+01 1.000000000000000000e+00 8.505136055110097850e-28
6.309573444801864680e+05 -6.444615684556401769e-01 -1.833149772112540887e+01 1.000000000000000000e+00 1.132882085111814950e-27
7.079457843841302674e+05 -6.457292478619079956e-01 -1.633348765765186172e+01 1.000000000000000000e+00 1.430401487608551074e-27
7.943282347242728574e+05 -6.466676753630654639e-01 -1.455221539547705945e+01 1.000000000000000000e+00 1.747156435381438968e-27
8.912509381337357918e+05 -6.473268998403630681e-01 -1.296404563447972080e+01 1.000000000000000000e+00 2.087517213752301940e-27
9.999999999999889405e+05 -6.477421452936350521e-01 -1.154790584088681982e+01 1.000000000000000000e+00 2.456217697221883933e-27
1.122018454301950987e+06 -6.479357113046713135e-01 -1.028500680455690919e+01 1.000000000000000000e+00 2.858443948958167882e-27
1.258925411794153042e+06 -6.479182006307817598e-01 -9.158593567475808328e+00 1.000000000000000000e+00 3.299937723347406172e-27
1.412537544622737914e+06 -6.476891466545597886e-01 -8.153723443416879491e+00 1.000000000000000000e+00 3.787120118847065732e-27
1.584893192461095983e+06 -6.472370872440194045e-01 -7.257068219427779354e+00 1.000000000000000000e+00 4.327242366321836357e-27
1.778279410038901959e+06 -6.465391101161960252e-01 -6.456737974277399594e+00 1.000000000000000000e+00 4.928572898550533233e-27
1.995262314968856983e+06 -6.455598765551187057e-01 -5.742124241816734198e+00 1.000000000000000000e+00 5.600632827285272255e-27
2.238721138568312861e+06 -6.442501221241567766e-01 -5.103760543691795881e+00 1.000000000000000000e+00 6.354495856794124223e-27
2.511886431509550195e+06 -6.425446297672404716e-01 -4.533198564669561392e+00 1.000000000000000000e+00 7.203173539855678747e-27
2.818382931264420040e+06 -6.403596846256779385e-01 -4.022898504003170395e+00 1.000000000000000000e+00 8.162112867564328916e-27
3.162277660168340895e+06 -6.375900518661288263e-01 -3.566132366559128908e+00 1.000000000000000000e+00 9.249840107787207622e-27
3.548133892335711978e+06 -6.341055796362898844e-01 -3.156899179111118059e+00 1.000000000000000000e+00 1.048879211903355070e-26
3.981071705534923822e+06 -6.297476353812838656e-01 -2.789851330336206026e+00 1.000000000000000000e+00 1.190638257955439960e-26
4.466835921509576030e+06 -6.243257446620148476e-01 -2.460231405041021890e+00 1.000000000000000000e+00 1.353635291059564071e-26
5.011872336272660643e+06 -6.176150354897960160e-01 -2.163819003811911834e+00 1.000000000000000000e+00 1.542045138179892959e-26
5.623413251903420314e+06 -6.093554055911811762e-01 -1.896887059516827900e+00 1.000000000000000000e+00 1.761046124390489858e-26
6.309573444801853038e+06 -5.992537114636975470e-01 -1.656167014860570053e+00 1.000000000000000000e+00 2.017054878786622904e-26
7.079457843841289170e+06 -5.869906746512866258e-01 -1.438821827092934047e+00 1.000000000000000000e+00 2.317981170234789997e-26
7.943282347242713906e+06 -5.722344840094711893e-01 -1.242425022585128991e+00 1.000000000000000000e+00 2.673476409773883913e-26
8.912509381337340921e+06 -5.546630378496036906e-01 -1.064942918143827910e+00 1.000000000000000000e+00 3.095129432174779216e-26
9.999999999999871477e+06 -5.339960861279378079e-01 -9.047157150504152590e-01 1.000000000000000000e+00 3.596539482805821067e-26
1.122018454301949032e+07 -5.100368731801847577e-01 -7.604318139228799511e-01 1.000000000000000000e+00 4.193175296642009234e-26
1.258925411794150993e+07 -4.827200611152361875e-01 -6.310890392753009115e-01 1.000000000000000000e+00 4.901922569222190278e-26
1.412537544622736052e+07 -4.521590016524217881e-01 -5.159374221295098817e-01 1.000000000000000000e+00 5.740246190073627320e-26
1.584893192461092956e+07 -4.186818660620112986e-01 -4.144016183741143222e-01 1.000000000000000000e+00 6.724962523098772587e-26
1.778279410038898885e+07 -3.828445261812806755e-01 -3.259870255324062160e-01 1.000000000000000000e+00 7.870730999223097441e-26
1.995262314968853071e+07 -3.454103427170380769e-01 -2.501808562830076799e-01 1.000000000000000000e+00 9.188506521742935534e-26
2.238721138568310067e+07 -3.072939396931637090e-01 -1.863649615373174084e-01 1.000000000000000000e+00 1.068428878376030026e-25
2.511886431509545818e+07 -2.694760663937101897e-01 -1.337578218495560911e-01 1.000000000000000000e+00 1.235849597163454897e-25
2.818382931264415011e+07 -2.329058711539291060e-01 -9.139728074211660169e-02 1.000000000000000000e+00 1.420614245691928986e-25
3.162277660168335959e+07 -1.984110283832734023e-01 -5.816497322514750656e-02 1.000000000000000000e+00 1.621774181955881977e-25
3.548133892335704714e+07 -1.666331211424806058e-01 -3.284244735565045731e-02 1.000000000000000000e+00 1.838058361381742975e-25
3.981071705534917116e+07 -1.379971289497791131e-01 -1.418229146478736970e-02 1.000000000000000000e+00 2.067986654683646108e-25
4.466835921509567648e+07 -1.127139511126462046e-01 -9.772304766706987281e-04 1.000000000000000000e+00 2.309919938916680098e-25
5.011872336272651702e+07 -9.080761093120803817e-02 7.885093853910854489e-03 1.000000000000000000e+00 2.562021321788653131e-25
5.623413251903410256e+07 -7.215592902922614293e-02 1.338719387634467080e-02 1.000000000000000000e+00 2.822139207120655787e-25
6.309573444801841676e+07 -5.653444239622795048e-02 1.636631042753851004e-02 1.000000000000000000e+00 3.087660331203489935e-25
7.079457843841277063e+07 -4.365639722160458841e-02 1.751454520493735123e-02 1.000000000000000000e+00 3.355407223023873823e-25
7.943282347242699564e+07 -3.320506147864898949e-02 1.738930971629830055e-02 1.000000000000000000e+00 3.621660681228830014e-25
8.912509381337325275e+07 -2.485738899620952916e-02 1.642916039524124072e-02 1.000000000000000000e+00 3.882368757374986192e-25
9.999999999999853969e+07 -1.829988952447716977e-02 1.497123127996883955e-02 1.000000000000000000e+00 4.133558789205695190e-25
1.122018454301947057e+08 -1.323846522168168997e-02 1.326787265280925977e-02 1.000000000000000000e+00 4.371904465191616282e-25
1.258925411794148982e+08 -9.404147744691837563e-03 1.150139528388203006e-02 1.000000000000000000e+00 4.595332217221678433e-25
1.412537544622732997e+08 -6.556335279116772170e-03 9.796786556730437828e-03 1.000000000000000000e+00 4.803506351401393928e-25
1.584893192461090088e+08 -4.484534505561965645e-03 8.232792691111216060e-03 1.000000000000000000e+00 4.998035482882010795e-25
1.778279410038895905e+08 -3.009017619451478075e-03 6.851853912407481796e-03 1.000000000000000000e+00 5.182302107120333148e-25
1.995262314968850017e+08 -1.980417282307883175e-03 5.669168488021890731e-03 1.000000000000000000e+00 5.360913226718246796e-25
2.238721138568305969e+08 -1.278185669919035001e-03 4.680859207296427307e-03 1.000000000000000000e+00 5.538863852535551451e-25
2.511886431509541869e+08 -8.079735083968537200e-04 3.871014179407186034e-03 1.000000000000000000e+00 5.720561232906528105e-25
2.818382931264411211e+08 -4.981902723643649201e-04 3.217357850121270804e-03 1.000000000000000000e+00 5.908864139926671555e-25
3.162277660168331265e+08 -2.961484518826630000e-04 2.695442890348385880e-03 1.000000000000000000e+00 6.104263738234129821e-25
3.548133892335699797e+08 -1.642118761997516871e-04 2.281440747734935198e-03 1.000000000000000000e+00 6.304297927340353984e-25
3.981071705534911156e+08 -7.627921297119272996e-05 1.953758468173105202e-03 1.000000000000000000e+00 6.503270304780057793e-25
4.466835921509562135e+08 -1.479675096314837946e-05 1.693780191779928074e-03 1.000000000000000000e+00 6.692340469864329160e-25
5.011872336272644997e+08 3.163625627667097972e-05 1.486027984759062063e-03 1.000000000000000000e+00 6.860048540391676329e-25
5.623413251903402805e+08 7.010110968632753765e-05 1.317986247853142031e-03 1.000000000000000000e+00 6.993308079195294432e-25
6.309573444801833630e+08 1.047160349602466032e-04 1.179766233434091996e-03 1.000000000000000000e+00 7.078827938681004337e-25
7.079457843841267824e+08 1.376174493642098038e-04 1.063722299071630977e-03 1.000000000000000000e+00 7.104806597714918994e-25
7.943282347242689133e+08 1.696631355182322070e-04 9.640793033141374343e-04 1.000000000000000000e+00 7.062617630074155155e-25
8.912509381337313652e+08 2.009364197941328070e-04 8.765942628438365023e-04 1.000000000000000000e+00 6.948133531447329008e-25
9.999999999999840260e+08 2.311078461212494892e-04 7.982548663111795626e-04 1.000000000000000000e+00 6.762373911901618192e-25
