# freq_hz re(vout/vdiff) im(vout/vdiff) re(vdiff) im(vdiff)
1.000000000000000056e-01 6.094427323228746536e+04 2.715703669670321574e+01 1.000000000000154321e+00 6.878957755739541835e-17
1.122018454301963036e-01 6.094427994863253844e+04 1.811584349096582969e+01 1.000000000000122569e+00 3.645010832137702921e-17
1.258925411794167004e-01 6.094428390989502077e+04 9.315034134432705670e+00 1.000000000000097478e+00 1.488760076376867044e-17
1.412537544622753938e-01 6.094428532702560915e+04 6.378284587062801325e-01 1.000000000000077272e+00 8.097373189719989831e-19
1.584893192461112876e-01 6.094428427549124171e+04 -8.030913698946241297e+00 1.000000000000061506e+00 -8.098511855796481525e-18
1.778279410038922093e-01 6.094428069929419144e+04 -1.680622020491895796e+01 1.000000000000048850e+00 -1.346202252693324000e-17
1.995262314968878903e-01 6.094427440798986208e+04 -2.580453284962159799e+01 1.000000000000038858e+00 -1.641860537384781019e-17
2.238721138568338098e-01 6.094426506654516561e+04 -3.514525231527206017e+01 1.000000000000030864e+00 -1.776261607161795104e-17
2.511886431509577911e-01 6.094425217749722651e+04 -4.495232237455860513e+01 1.000000000000024425e+00 -1.804647552975295125e-17
2.818382931264450941e-01 6.094423505446219497e+04 -5.535587432033882749e+01 1.000000000000019540e+00 -1.765240886340936942e-17
3.162277660168377191e-01 6.094421278558412450e+04 -6.649395341938627269e+01 1.000000000000015543e+00 -1.684311516641816104e-17
3.548133892335750827e-01 6.094418418497684615e+04 -7.851435026189362532e+01 1.000000000000012212e+00 -1.579753420736644989e-17
3.981071705534969252e-01 6.094414772957401146e+04 -9.157656125614524001e+01 1.000000000000009770e+00 -1.463607394272916883e-17
4.466835921509625940e-01 6.094410147802480060e+04 -1.058539042110480466e+02 1.000000000000007772e+00 -1.343838701099648940e-17
5.011872336272716888e-01 6.094404296731657814e+04 -1.215358169780664923e+02 1.000000000000006217e+00 -1.225588135762304060e-17
5.623413251903484067e-01 6.094396908162186446e+04 -1.388303695119733447e+02 1.000000000000004885e+00 -1.112051097502910060e-17
6.309573444801924724e-01 6.094387588638630405e+04 -1.579670224834152918e+02 1.000000000000003775e+00 -1.005094035395907007e-17
7.079457843841370224e-01 6.094375841882731766e+04 -1.791996687653874005e+02 1.000000000000003109e+00 -9.056856071567168309e-18
7.943282347242804908e-01 6.094361042369146162e+04 -2.028099977526743203e+02 1.000000000000002442e+00 -8.141972362835353169e-18
8.912509381337443415e-01 6.094342402020931331e+04 -2.291112265924101905e+02 1.000000000000001998e+00 -7.306117192157095781e-18
9.999999999999985567e-01 6.094318928252567275e+04 -2.584522470398999872e+02 1.000000000000001554e+00 -6.546671904627241748e-18
1.122018454301962009e+00 6.094289371128687344e+04 -2.912222418403208621e+02 1.000000000000001332e+00 -5.859557289293460284e-18
1.258925411794165061e+00 6.094252156828133593e+04 -3.278558303030558818e+02 1.000000000000000888e+00 -5.239902129526584085e-18
1.412537544622751939e+00 6.094205303876174730e+04 -3.688388091019970147e+02 1.000000000000000666e+00 -4.682490182521671776e-18
1.584893192461110933e+00 6.094146317693350284e+04 -4.147145613077149733e+02 1.000000000000000666e+00 -4.182053160454700340e-18
1.778279410038920094e+00 6.094072057860306086e+04 -4.660912142172828680e+02 1.000000000000000444e+00 -3.733457239734713165e-18
1.995262314968875961e+00 6.093978571053803898e+04 -5.236496346380072282e+02 1.000000000000000444e+00 -3.331816467093476900e-18
2.238721138568334990e+00 6.093860880794857803e+04 -5.881523587881814592e+02 1.000000000000000222e+00 -2.972556438535677170e-18
2.511886431509574802e+00 6.093712722872036829e+04 -6.604535627016756507e+02 1.000000000000000222e+00 -2.651444579753303886e-18
2.818382931264447944e+00 6.093526212444937846e+04 -7.415101876389542213e+02 1.000000000000000222e+00 -2.364598391376589017e-18
3.162277660168371973e+00 6.093291425249926397e+04 -8.323943430085305408e+02 1.000000000000000222e+00 -2.108479528674189085e-18
3.548133892335747053e+00 6.092995870843313605e+04 -9.343071159218610546e+02 1.000000000000000222e+00 -1.879879130955388973e-18
3.981071705534962923e+00 6.092623830206711136e+04 -1.048593920599025068e+03 1.000000000000000000e+00 -1.675898095337092993e-18
4.466835921509620277e+00 6.092155523035585065e+04 -1.176761520737122055e+03 1.000000000000000000e+00 -1.493924786573765030e-18
5.011872336272709560e+00 6.091566061309866200e+04 -1.320496851218947995e+03 1.000000000000000000e+00 -1.331611836492571011e-18
5.623413251903476073e+00 6.090824134914403112e+04 -1.481687748683524887e+03 1.000000000000000000e+00 -1.186853105221740033e-18
6.309573444801915620e+00 6.089890361677951296e+04 -1.662445668518005050e+03 1.000000000000000000e+00 -1.057761475545668028e-18
7.079457843841360010e+00 6.088715217704179668e+04 -1.865130411696122110e+03 1.000000000000000000e+00 -9.426478774910652212e-19
7.943282347242792696e+00 6.087236443690689339e+04 -2.092376798626824893e+03 1.000000000000000000e+00 -8.400017546337254998e-19
8.912509381337429204e+00 6.085375798456941266e+04 -2.347123094854453029e+03 1.000000000000000000e+00 -7.484730598212890986e-19
9.999999999999969802e+00 6.083035001547991851e+04 -2.632640795703578988e+03 1.000000000000000000e+00 -6.668557871704649944e-19
1.122018454301960055e+01 6.080090672114388144e+04 -2.952565087091638816e+03 1.000000000000000000e+00 -5.940729960590089105e-19
1.258925411794163018e+01 6.076388031207366294e+04 -3.310924881301429195e+03 1.000000000000000000e+00 -5.291632520951169916e-19
1.412537544622749941e+01 6.071733089781869057e+04 -3.712170730392362202e+03 1.000000000000000000e+00 -4.712683932096173387e-19
1.584893192461107958e+01 6.065882996920819278e+04 -4.161198080989308437e+03 1.000000000000000000e+00 -4.196225215553068984e-19
1.778279410038917163e+01 6.058534176054601267e+04 -4.663362167922629851e+03 1.000000000000000000e+00 -3.735421206850375163e-19
1.995262314968872985e+01 6.049307838684569288e+04 -5.224479244391945031e+03 1.000000000000000000e+00 -3.324172003736206827e-19
2.238721138568331881e+01 6.037732448233818286e+04 -5.850806685653412387e+03 1.000000000000000000e+00 -2.957033770015579229e-19
2.511886431509570983e+01 6.023222732405951683e+04 -6.548991640443222423e+03 1.000000000000000000e+00 -2.629148046709581832e-19
2.818382931264443059e+01 6.005054944415170030e+04 -7.325974204664622448e+03 1.000000000000000000e+00 -2.336178805484372795e-19
3.162277660168367888e+01 5.982338302605166973e+04 -8.188826471247026348e+03 1.000000000000000000e+00 -2.074256569084445061e-19
3.548133892335741280e+01 5.953982968279122724e+04 -9.144503320167999846e+03 1.000000000000000000e+00 -1.839929016632217011e-19
3.981071705534957061e+01 5.918665654787179665e+04 -1.019947478982137000e+04 1.000000000000000000e+00 -1.630117584686810116e-19
4.466835921509613172e+01 5.874795126851258101e+04 -1.135920417813316089e+04 1.000000000000000000e+00 -1.442079662716258923e-19
5.011872336272701745e+01 5.820481594068514096e+04 -1.262743240652552049e+04 1.000000000000000000e+00 -1.273376055273016095e-19
5.623413251903466659e+01 5.753516453570237354e+04 -1.400523074117060969e+04 1.000000000000000000e+00 -1.121843427744947011e-19
6.309573444801905850e+01 5.671372022693986946e+04 -1.548979563793443049e+04 1.000000000000000000e+00 -9.855714446705525858e-20
7.079457843841348108e+01 5.571234609194794029e+04 -1.707298825273668990e+04 1.000000000000000000e+00 -8.628842162157881442e-20
7.943282347242779906e+01 5.450087813908240787e+04 -1.873967547041727084e+04 1.000000000000000000e+00 -7.523254497187278191e-20
8.912509381337414993e+01 5.304864928467522986e+04 -2.046601659018053033e+04 1.000000000000000000e+00 -6.526463241943544687e-20
9.999999999999954525e+01 5.132687315739817132e+04 -2.221796107321367890e+04 1.000000000000000000e+00 -5.627945618616920081e-20
1.122018454301958030e+02 4.931196589766385296e+04 -2.395036359994556915e+04 1.000000000000000000e+00 -4.819025307885711920e-20
1.258925411794160993e+02 4.698969238224095170e+04 -2.560724252514492036e+04 1.000000000000000000e+00 -4.092716665401489175e-20
1.412537544622747134e+02 4.435972420371165936e+04 -2.712373620844282050e+04 1.000000000000000000e+00 -3.443504100490713915e-20
1.584893192461105969e+02 4.143983297727484023e+04 -2.843015315720498984e+04 1.000000000000000000e+00 -2.867035666446571190e-20
1.778279410038913966e+02 3.826864551965374267e+04 -2.945811254002217174e+04 1.000000000000000000e+00 -2.359730159519296870e-20
1.995262314968869930e+02 3.490582937044503342e+04 -3.014814101746282904e+04 1.000000000000000000e+00 -1.918325978144437058e-20
2.238721138568328115e+02 3.142893667199130141e+04 -3.045742485331451826e+04 1.000000000000000000e+00 -1.539432481588373867e-20
2.511886431509566933e+02 2.792691908297259943e+04 -3.036600472399461069e+04 1.000000000000000000e+00 -1.219164090796259940e-20
2.818382931264438866e+02 2.449131424389531094e+04 -2.987983052715798112e+04 1.000000000000000000e+00 -9.529311053914201149e-21
3.162277660168363127e+02 2.120688321466584966e+04 -2.902984031504738959e+04 1.000000000000000000e+00 -7.354263424524739945e-21
3.548133892335736164e+02 1.814367063720351871e+04 -2.786731734304385100e+04 1.000000000000000000e+00 -5.607945049435574005e-21
3.981071705534951093e+02 1.535196720940066007e+04 -2.645676970978371173e+04 1.000000000000000000e+00 -4.229247410704373238e-21
4.466835921509606919e+02 1.286072568174453045e+04 -2.486805062964091849e+04 1.000000000000000000e+00 -3.157841193488048168e-21
5.011872336272695065e+02 1.067904135650606077e+04 -2.316930024105912162e+04 1.000000000000000000e+00 -2.337165636162713827e-21
5.623413251903459695e+02 8.799705308444883485e+03 -2.142171758426088854e+04 1.000000000000000000e+00 -1.716588313900783127e-21
6.309573444801897040e+02 7.203682288422234706e+03 -1.967649071587845174e+04 1.000000000000000000e+00 -1.252575541995150971e-21
7.079457843841338445e+02 5.864555292406209446e+03 -1.797367596671812862e+04 1.000000000000000000e+00 -9.089690697983249286e-22
7.943282347242768537e+02 4.752328470262506016e+03 -1.634252874505012915e+04 1.000000000000000000e+00 -6.566014504200903468e-22
8.912509381337401919e+02 3.836322681885505972e+03 -1.480272819642033937e+04 1.000000000000000000e+00 -4.725121010030755685e-22
9.999999999999939746e+02 3.087151660340699891e+03 -1.336601702186731927e+04 1.000000000000000000e+00 -3.389882795603915799e-22
1.122018454301957036e+03 2.477908762347331958e+03 -1.203791501839677039e+04 1.000000000000000000e+00 -2.425907730251691804e-22
1.258925411794158890e+03 1.984749026136333896e+03 -1.081929970390910057e+04 1.000000000000000000e+00 -1.732601792983558975e-22
1.412537544622744917e+03 1.587049483585165945e+03 -9.707753921077024643e+03 1.000000000000000000e+00 -1.235493867637312055e-22
1.584893192461102899e+03 1.267301435416201912e+03 -8.698651961919586029e+03 1.000000000000000000e+00 -8.799406765044419182e-23
1.778279410038911010e+03 1.010851033726206992e+03 -7.785997363317157578e+03 1.000000000000000000e+00 -6.261342118565685564e-23
1.995262314968865894e+03 8.055691264140147041e+02 -6.963045606212492203e+03 1.000000000000000000e+00 -4.452406735816186202e-23
2.238721138568324022e+03 6.415030260594808169e+02 -6.222751183272155686e+03 1.000000000000000000e+00 -3.164713081936034255e-23
2.511886431509562954e+03 5.105413552171839910e+02 -5.558077327217749371e+03 1.000000000000000000e+00 -2.248929436299863921e-23
2.818382931264433864e+03 4.061087333581236862e+02 -4.962201762370916185e+03 1.000000000000000000e+00 -1.598101889737517874e-23
3.162277660168357215e+03 3.228973841041832884e+02 -4.428645894872097415e+03 1.000000000000000000e+00 -1.135807688105089063e-23
3.548133892335728888e+03 2.566370636032776815e+02 -3.951348972490295182e+03 1.000000000000000000e+00 -8.075414538826446689e-24
3.981071705534944158e+03 2.039013050677301919e+02 -3.524703660858741841e+03 1.000000000000000000e+00 -5.744868402935803233e-24
4.466835921509598847e+03 1.619464444376021106e+02 -3.143565259289044207e+03 1.000000000000000000e+00 -4.090327501550218667e-24
5.011872336272685970e+03 1.285791871098940078e+02 -2.803243493423778091e+03 1.000000000000000000e+00 -2.915566433542309914e-24
5.623413251903449236e+03 1.020485135774496968e+02 -2.499483281460129092e+03 1.000000000000000000e+00 -2.081231816661088952e-24
6.309573444801885671e+03 8.095794863022277355e+01 -2.228438993623030001e+03 1.000000000000000000e+00 -1.488413118490569012e-24
7.079457843841326394e+03 6.419469472756125583e+01 -1.986645328009037030e+03 1.000000000000000000e+00 -1.066934136345557070e-24
7.943282347242755350e+03 5.087258661170373841e+01 -1.770986924316513978e+03 1.000000000000000000e+00 -7.670200500099143653e-25
8.912509381337387822e+03 4.028630428188561297e+01 -1.578668115545385945e+03 1.000000000000000000e+00 -5.533732315795321550e-25
9.999999999999923602e+03 3.187469782333479884e+01 -1.407183711492524026e+03 1.000000000000000000e+00 -4.009650906418513100e-25
1.122018454301954989e+04 2.519146547407576975e+01 -1.254291350611069902e+03 1.000000000000000000e+00 -2.920488743728585788e-25
1.258925411794156935e+04 1.988173999242579981e+01 -1.117985714981846968e+03 1.000000000000000000e+00 -2.140402771054903061e-25
1.412537544622743007e+04 1.566341549789130916e+01 -9.964747359824815476e+02 1.000000000000000000e+00 -1.580143658086380071e-25
1.584893192461100989e+04 1.231226496035541018e+01 -8.881578105685259743e+02 1.000000000000000000e+00 -1.176399277132384019e-25
1.778279410038908100e+04 9.650088796543544234e+00 -7.916059768469690425e+02 1.000000000000000000e+00 -8.842411726831229010e-26
1.995262314968862847e+04 7.535281293605478936e+00 -7.055439549212173915e+02 1.000000000000000000e+00 -6.717714020905579816e-26
2.238721138568321112e+04 5.855325456606227164e+00 -6.288339347407195419e+02 1.000000000000000000e+00 -5.163291781221434226e-26
2.511886431509559043e+04 4.520823106208214703e+00 -5.604609811693135271e+02 1.000000000000000000e+00 -4.018029790370093282e-26
2.818382931264429862e+04 3.460748629841322810e+00 -4.995199225611440284e+02 1.000000000000000000e+00 -3.167260000073941823e-26
3.162277660168351940e+04 2.618675326287009053e+00 -4.452035920579193089e+02 1.000000000000000000e+00 -2.529265985234838884e-26
3.548133892335723795e+04 1.949776215495840015e+00 -3.967922955989000116e+02 1.000000000000000000e+00 -2.045719330792090941e-26
3.981071705534937792e+04 1.418440427215537092e+00 -3.536443885163473055e+02 1.000000000000000000e+00 -1.674901410984295133e-26
4.466835921509592299e+04 9.963789452322514562e-01 -3.151878509413410825e+02 1.000000000000000000e+00 -1.386898341809875139e-26
5.011872336272677785e+04 6.611196068121407698e-01 -2.809127608151820255e+02 1.000000000000000000e+00 -1.160193864598299953e-26
5.623413251903439959e+04 3.948112424708886126e-01 -2.503645724787772906e+02 1.000000000000000000e+00 -9.792525015348925544e-27
6.309573444801875303e+04 1.832736126827695933e-01 -2.231381169045995989e+02 1.000000000000000000e+00 -8.328044372397674122e-27
7.079457843841314025e+04 1.524260712060662021e-02 -1.988722478693318862e+02 1.000000000000000000e+00 -7.126276133426952263e-27
7.943282347242740798e+04 -1.182293749663080040e-01 -1.772450656898988939e+02 1.000000000000000000e+00 -6.126822488979263849e-27
8.912509381337370723e+04 -2.242497905670312874e-01 -1.579696571086167864e+02 1.000000000000000000e+00 -5.284951889977562275e-27
9.999999999999903957e+04 -3.084643556576429080e-01 -1.407902961128739889e+02 1.000000000000000000e+00 -4.567214306811489286e-27
1.122018454301953025e+05 -3.753576348387195893e-01 -1.254790562517970045e+02 1.000000000000000000e+00 -3.948313341815318721e-27
1.258925411794154934e+05 -4.284918352868408165e-01 -1.118327902037294024e+02 1.000000000000000000e+00 -3.408870342322446301e-27
1.412537544622741116e+05 -4.706964820362539159e-01 -9.967043696799126451e+01 1.000000000000000000e+00 -2.933821970791795160e-27
1.584893192461098079e+05 -5.042190844137101058e-01 -8.883062130190521088e+01 1.000000000000000000e+00 -2.511267884250708847e-27
1.778279410038905044e+05 -5.308448165658016249e-01 -7.916951378840552422e+01 1.000000000000000000e+00 -2.131638566107100869e-27
1.995262314968859137e+05 -5.519915802838614161e-01 -7.055892331660665207e+01 1.000000000000000000e+00 -1.787090925791114014e-27
2.238721138568317110e+05 -5.687855079284588333e-01 -6.288459677938080716e+01 1.000000000000000000e+00 -1.471066172241148004e-27
2.511886431509554095e+05 -5.821209300970878742e-01 -5.604470349738438983e+01 1.000000000000000000e+00 -1.177963456276818958e-27
2.818382931264425279e+05 -5.927080034124638797e-01 -4.994848435800375341e+01 1.000000000000000000e+00 -9.028959510314684200e-28
3.162277660168345901e+05 -6.011105254588066105e-01 -4.451504774507289852e+01 1.000000000000000000e+00 -6.415058312890723411e-28
3.548133892335718265e+05 -6.077759610358230979e-01 -3.967229634547604178e+01 1.000000000000000000e+00 -3.898211523697131960e-28
3.981071705534930807e+05 -6.130592684159348327e-01 -3.535597058040689689e+01 1.000000000000000000e+00 -1.441425169194262028e-28
4.466835921509583713e+05 -6.172418050001717837e-01 -3.150879602965629900e+01 1.000000000000000000e+00 9.904938727403732130e-29
5.011872336272670073e+05 -6.205463086011897555e-01 -2.807972349525918077e+01 1.000000000000000000e+00 3.431716890503732825e-28
5.623413251903430792e+05 -6.231487611597407161e-01 -2.502325167344579882e+01 1.000000000000000000e+00 5.916076109295833994e-28
6.309573444801864680e+05 -6.251877607937664783e-01 -2.229882342526823891e+01 1.000000000000000000e+00 8.477686618898851709e-28
7.079457843841302674e+05 -6.267719044143494900e-01 -1.987028765507032091e+01 1.000000000000000000e+00 1.115153752711464060e-27
7.943282347242728574e+05 -6.279855740665023500e-01 -1.770541965877839985e+01 1.000000000000000000e+00 1.397407626226976058e-27
8.912509381337357918e+05 -6.288934346095521599e-01 -1.577549357770985061e+01 1.000000000000000000e+00 1.698380813985929827e-27
9.999999999999889405e+05 -6.295438844455658600e-01 -1.405490129955506085e+01 1.000000000000000000e+00 2.022193333976129017e-27
1.122018454301950987e+06 -6.299716440965802411e-01 -1.252081275511408975e+01 1.000000000000000000e+00 2.373304444089498078e-27
1.258925411794153042e+06 -6.301996224866870389e-01 -1.115287311132392922e+01 1.000000000000000000e+00 2.756591122650591927e-27
1.412537544622737914e+06 -6.302401647319656464e-01 -9.932932864922776162e+00 1.000000000000000000e+00 3.177438610849720966e-27
1.584893192461095983e+06 -6.300957532661585203e-01 -8.844807273093191924e+00 1.000000000000000000e+00 3.641847146855269658e-27
1.778279410038901959e+06 -6.297592085285912411e-01 -7.874061956563502385e+00 1.000000000000000000e+00 4.156560293771521209e-27
1.995262314968856983e+06 -6.292134154853333827e-01 -7.007821879745172566e+00 1.000000000000000000e+00 4.729222004531849338e-27
2.238721138568312861e+06 -6.284305821011467730e-01 -6.234601218151285096e+00 1.000000000000000000e+00 5.368571787193848892e-27
2.511886431509550195e+06 -6.273710267491223735e-01 -5.544151942226690721e+00 1.000000000000000000e+00 6.084690473396075723e-27
2.818382931264420040e+06 -6.259814831718673034e-01 -4.927329205975832238e+00 1.000000000000000000e+00 6.889312970672904197e-27
3.162277660168340895e+06 -6.241929160486611172e-01 -4.375971893015177194e+00 1.000000000000000000e+00 7.796229372171439680e-27
3.548133892335711978e+06 -6.219178572498961222e-01 -3.882796911885947999e+00 1.000000000000000000e+00 8.821801795146469967e-27
3.981071705534923822e+06 -6.190473121853917737e-01 -3.441306065156453986e+00 1.000000000000000000e+00 9.985631092168348134e-27
4.466835921509576030e+06 -6.154473561154564232e-01 -3.045704533534201008e+00 1.000000000000000000e+00 1.131141441834077951e-26
5.011872336272660643e+06 -6.109556557034044877e-01 -2.690830214497418993e+00 1.000000000000000000e+00 1.282803988802442032e-26
5.623413251903420314e+06 -6.053783253264078956e-01 -2.372093315051536866e+00 1.000000000000000000e+00 1.457096511657603114e-26
6.309573444801853038e+06 -5.984877774335756184e-01 -2.085425702585764984e+00 1.000000000000000000e+00 1.658391723143076135e-26
7.079457843841289170e+06 -5.900225492331931942e-01 -1.827239495890919052e+00 1.000000000000000000e+00 1.892092463055753961e-26
7.943282347242713906e+06 -5.796904706741580204e-01 -1.594394185456712965e+00 1.000000000000000000e+00 2.164863436358737870e-26
8.912509381337340921e+06 -5.671769086943316829e-01 -1.384171103560492000e+00 1.000000000000000000e+00 2.484877039571225881e-26
9.999999999999871477e+06 -5.521600416811092149e-01 -1.194253254456439040e+00 1.000000000000000000e+00 2.862043642149804245e-26
1.122018454301949032e+07 -5.343349433386042069e-01 -1.022707339931000936e+00 1.000000000000000000e+00 3.308176331256508834e-26
1.258925411794150993e+07 -5.134473727938141385e-01 -8.679634272749838786e-01 1.000000000000000000e+00 3.837017345467831223e-26
1.412537544622736052e+07 -4.893362542062211773e-01 -7.287864886774954032e-01 1.000000000000000000e+00 4.464035390937519124e-26
1.584893192461092956e+07 -4.619808096090068927e-01 -6.042337364956185120e-01 1.000000000000000000e+00 5.205902324691747736e-26
1.778279410038898885e+07 -4.315446097727417274e-01 -4.935931893458039843e-01 1.000000000000000000e+00 6.079589863824680399e-26
1.995262314968853071e+07 -3.984056676370518191e-01 -3.963029426868746041e-01 1.000000000000000000e+00 7.101103399259225553e-26
2.238721138568310067e+07 -3.631609795559613829e-01 -3.118569425743095147e-01 1.000000000000000000e+00 8.283985229418082414e-26
2.511886431509545818e+07 -3.265973379063661919e-01 -2.397099354040690966e-01 1.000000000000000000e+00 9.637841009539350091e-26
2.818382931264415011e+07 -2.896280343017414993e-01 -1.791986413010238088e-01 1.000000000000000000e+00 1.116721342345753032e-25
3.162277660168335959e+07 -2.532050350416277240e-01 -1.294951466803302975e-01 1.000000000000000000e+00 1.287108806539791040e-25
3.548133892335704714e+07 -2.182242038760822123e-01 -8.960127847797892675e-02 1.000000000000000000e+00 1.474314804733192958e-25
3.981071705534917116e+07 -1.854433226490531939e-01 -5.838182260567246346e-02 1.000000000000000000e+00 1.677264065463425976e-25
4.466835921509567648e+07 -1.554279585079446913e-01 -3.462454093673249245e-02 1.000000000000000000e+00 1.894548221379872907e-25
5.011872336272651702e+07 -1.285310995228713116e-01 -1.711005023304492875e-02 1.000000000000000000e+00 2.124511719784811935e-25
5.623413251903410256e+07 -1.049032035697339965e-01 -4.675871638735699595e-03 1.000000000000000000e+00 2.365273115281086000e-25
6.309573444801841676e+07 -8.452332485367730630e-02 3.735552578720025951e-03 1.000000000000000000e+00 2.614668332032084224e-25
7.079457843841277063e+07 -6.724036672296881956e-02 9.048499982414016235e-03 1.000000000000000000e+00 2.870139039173409135e-25
7.943282347242699564e+07 -5.281522936021251780e-02 1.204370416399114067e-02 1.000000000000000000e+00 3.128623456630721102e-25
8.912509381337325275e+07 -4.095784768595642222e-02 1.336179584710775990e-02 1.000000000000000000e+00 3.386526658717563030e-25
9.999999999999853969e+07 -3.135634006318366307e-02 1.351533652687495965e-02 1.000000000000000000e+00 3.639843889740413990e-25
1.122018454301947057e+08 -2.369793335768579853e-02 1.290495611633404004e-02 1.000000000000000000e+00 3.884479398689707168e-25
1.258925411794148982e+08 -1.768280627707741887e-02 1.183634500775489033e-02 1.000000000000000000e+00 4.116747291295909050e-25
1.412537544622732997e+08 -1.303261295623842075e-02 1.053619623392191076e-02 1.000000000000000000e+00 4.333971947481480818e-25
1.584893192461090088e+08 -9.495426535715299765e-03 9.166335985038754838e-03 1.000000000000000000e+00 4.535046564738615848e-25
1.778279410038895905e+08 -6.848422813733161425e-03 7.836048850594990248e-03 1.000000000000000000e+00 4.720786972462370447e-25
1.995262314968850017e+08 -4.899064275587406911e-03 6.612942268220500623e-03 1.000000000000000000e+00 4.893951661978831027e-25
2.238721138568305969e+08 -3.485077374276510011e-03 5.532670761771144377e-03 1.000000000000000000e+00 5.058881071870408688e-25
2.511886431509541869e+08 -2.473282636362906205e-03 4.607624225768591590e-03 1.000000000000000000e+00 5.220807203628655043e-25
2.818382931264411211e+08 -1.757344460483156907e-03 3.834471227969969177e-03 1.000000000000000000e+00 5.384958386583903815e-25
3.162277660168331265e+08 -1.254649918412373971e-03 3.200367302681016071e-03 1.000000000000000000e+00 5.555609521953107550e-25
3.548133892335699797e+08 -9.026670199529364478e-04 2.687707698568222916e-03 1.000000000000000000e+00 5.735209557831176255e-25
3.981071705534911156e+08 -6.551838505129204456e-04 2.277457671353109048e-03 1.000000000000000000e+00 5.923680018349775179e-25
4.466835921509562135e+08 -4.787773158550591760e-04 1.951244289364290107e-03 1.000000000000000000e+00 6.117947888375384098e-25
5.011872336272644997e+08 -3.497431489223884883e-04 1.692485263069786958e-03 1.000000000000000000e+00 6.311766513708466222e-25
5.623413251903402805e+08 -2.515891629040800160e-04 1.486849993422012994e-03 1.000000000000000000e+00 6.495884272434096157e-25
6.309573444801833630e+08 -1.730881286544862956e-04 1.322313416667809938e-03 1.000000000000000000e+00 6.658622442923380442e-25
7.079457843841267824e+08 -1.068194732656566938e-04 1.189001101602476943e-03 1.000000000000000000e+00 6.786895291988202683e-25
7.943282347242689133e+08 -4.809845714946139222e-05 1.078956604394794034e-03 1.000000000000000000e+00 6.867629385046093445e-25
8.912509381337313652e+08 5.811156101226186009e-06 9.859026929959651721e-04 1.000000000000000000e+00 6.889421397455341453e-25
9.999999999999840260e+08 5.628928917031336178e-05 9.050231280589365272e-04 1.000000000000000000e+00 6.844152865323901883e-25
