# freq_hz Ad_dB Acm_dB CMRR_dB(Acm clamped at the numerical floor)
1.00000000e-01 9.74089300e+01 -3.46032362e+00 1.00869254e+02
1.12201845e-01 9.74089298e+01 -3.46032380e+00 1.00869254e+02
1.25892541e-01 9.74089296e+01 -3.46032403e+00 1.00869254e+02
1.41253754e-01 9.74089293e+01 -3.46032433e+00 1.00869254e+02
1.58489319e-01 9.74089289e+01 -3.46032471e+00 1.00869254e+02
1.77827941e-01 9.74089285e+01 -3.46032517e+00 1.00869254e+02
1.99526231e-01 9.74089279e+01 -3.46032575e+00 1.00869254e+02
2.23872114e-01 9.74089272e+01 -3.46032649e+00 1.00869254e+02
2.51188643e-01 9.74089262e+01 -3.46032741e+00 1.00869254e+02
2.81838293e-01 9.74089251e+01 -3.46032858e+00 1.00869254e+02
3.16227766e-01 9.74089236e+01 -3.46033006e+00 1.00869254e+02
3.54813389e-01 9.74089217e+01 -3.46033189e+00 1.00869254e+02
3.98107171e-01 9.74089194e+01 -3.46033423e+00 1.00869254e+02
4.46683592e-01 9.74089165e+01 -3.46033715e+00 1.00869254e+02
5.01187234e-01 9.74089128e+01 -3.46034085e+00 1.00869254e+02
5.62341325e-01 9.74089081e+01 -3.46034550e+00 1.00869254e+02
6.30957344e-01 9.74089023e+01 -3.46035135e+00 1.00869254e+02
7.07945784e-01 9.74088949e+01 -3.46035871e+00 1.00869254e+02
7.94328235e-01 9.74088857e+01 -3.46036799e+00 1.00869254e+02
8.91250938e-01 9.74088740e+01 -3.46037964e+00 1.00869254e+02
1.00000000e+00 9.74088593e+01 -3.46039433e+00 1.00869254e+02
1.12201845e+00 9.74088408e+01 -3.46041283e+00 1.00869254e+02
1.25892541e+00 9.74088175e+01 -3.46043612e+00 1.00869254e+02
1.41253754e+00 9.74087882e+01 -3.46046544e+00 1.00869254e+02
1.58489319e+00 9.74087513e+01 -3.46050235e+00 1.00869254e+02
1.77827941e+00 9.74087048e+01 -3.46054881e+00 1.00869254e+02
1.99526231e+00 9.74086464e+01 -3.46060729e+00 1.00869254e+02
2.23872114e+00 9.74085727e+01 -3.46068092e+00 1.00869254e+02
2.51188643e+00 9.74084800e+01 -3.46077361e+00 1.00869254e+02
2.81838293e+00 9.74083633e+01 -3.46089031e+00 1.00869254e+02
3.16227766e+00 9.74082164e+01 -3.46103720e+00 1.00869254e+02
3.54813389e+00 9.74080315e+01 -3.46122214e+00 1.00869254e+02
3.98107171e+00 9.74077987e+01 -3.46145494e+00 1.00869254e+02
4.46683592e+00 9.74075056e+01 -3.46174801e+00 1.00869254e+02
5.01187234e+00 9.74071367e+01 -3.46211693e+00 1.00869254e+02
5.62341325e+00 9.74066723e+01 -3.46258132e+00 1.00869254e+02
6.30957344e+00 9.74060878e+01 -3.46316589e+00 1.00869254e+02
7.07945784e+00 9.74053519e+01 -3.46390170e+00 1.00869254e+02
7.94328235e+00 9.74044258e+01 -3.46482787e+00 1.00869254e+02
8.91250938e+00 9.74032601e+01 -3.46599356e+00 1.00869254e+02
1.00000000e+01 9.74017930e+01 -3.46746063e+00 1.00869254e+02
1.12201845e+01 9.73999468e+01 -3.46930686e+00 1.00869254e+02
1.25892541e+01 9.73976236e+01 -3.47163000e+00 1.00869254e+02
1.41253754e+01 9.73947007e+01 -3.47455291e+00 1.00869254e+02
1.58489319e+01 9.73910238e+01 -3.47822983e+00 1.00869254e+02
1.77827941e+01 9.73863993e+01 -3.48285438e+00 1.00869254e+02
1.99526231e+01 9.73805843e+01 -3.48866934e+00 1.00869254e+02
2.23872114e+01 9.73732747e+01 -3.49597891e+00 1.00869254e+02
2.51188643e+01 9.73640900e+01 -3.50516364e+00 1.00869254e+02
2.81838293e+01 9.73525547e+01 -3.51669897e+00 1.00869254e+02
3.16227766e+01 9.73380760e+01 -3.53117766e+00 1.00869254e+02
3.54813389e+01 9.73199167e+01 -3.54933690e+00 1.00869254e+02
3.98107171e+01 9.72971630e+01 -3.57209059e+00 1.00869254e+02
4.46683592e+01 9.72686863e+01 -3.60056730e+00 1.00869254e+02
5.01187234e+01 9.72330997e+01 -3.63615389e+00 1.00869254e+02
5.62341325e+01 9.71887096e+01 -3.68054406e+00 1.00869254e+02
6.30957344e+01 9.71334632e+01 -3.73579045e+00 1.00869254e+02
7.07945784e+01 9.70648967e+01 -3.80435690e+00 1.00869254e+02
7.94328235e+01 9.69800880e+01 -3.88916562e+00 1.00869254e+02
8.91250938e+01 9.68756224e+01 -3.99363122e+00 1.00869254e+02
1.00000000e+02 9.67475832e+01 -4.12167036e+00 1.00869254e+02
1.12201845e+02 9.65915802e+01 -4.27767340e+00 1.00869254e+02
1.25892541e+02 9.64028312e+01 -4.46642236e+00 1.00869254e+02
1.41253754e+02 9.61763114e+01 -4.69294213e+00 1.00869254e+02
1.58489319e+02 9.59069762e+01 -4.96227725e+00 1.00869253e+02
1.77827941e+02 9.55900535e+01 -5.27919994e+00 1.00869253e+02
1.99526231e+02 9.52213820e+01 -5.64787145e+00 1.00869253e+02
2.23872114e+02 9.47977556e+01 -6.07149773e+00 1.00869253e+02
2.51188643e+02 9.43172201e+01 -6.55203320e+00 1.00869253e+02
2.81838293e+02 9.37792663e+01 -7.08998688e+00 1.00869253e+02
3.16227766e+02 9.31848827e+01 -7.68437033e+00 1.00869253e+02
3.54813389e+02 9.25364547e+01 -8.33279825e+00 1.00869253e+02
3.98107171e+02 9.18375322e+01 -9.03172056e+00 1.00869253e+02
4.46683592e+02 9.10925119e+01 -9.77674056e+00 1.00869252e+02
5.01187234e+02 9.03062895e+01 -1.05629627e+01 1.00869252e+02
5.62341325e+02 8.94839319e+01 -1.13853199e+01 1.00869252e+02
6.30957344e+02 8.86304065e+01 -1.22388448e+01 1.00869251e+02
7.07945784e+02 8.77503817e+01 -1.31188690e+01 1.00869251e+02
7.94328235e+02 8.68481012e+01 -1.40211488e+01 1.00869250e+02
8.91250938e+02 8.59273205e+01 -1.49419286e+01 1.00869249e+02
1.00000000e+03 8.49912929e+01 -1.58779550e+01 1.00869248e+02
1.12201845e+03 8.40427881e+01 -1.68264582e+01 1.00869246e+02
1.25892541e+03 8.30841319e+01 -1.77851126e+01 1.00869244e+02
1.41253754e+03 8.21172553e+01 -1.87519869e+01 1.00869242e+02
1.58489319e+03 8.11437473e+01 -1.97254918e+01 1.00869239e+02
1.77827941e+03 8.01649064e+01 -2.07043289e+01 1.00869235e+02
1.99526231e+03 7.91817875e+01 -2.16874431e+01 1.00869231e+02
2.23872114e+03 7.81952436e+01 -2.26739811e+01 1.00869225e+02
2.51188643e+03 7.72059619e+01 -2.36632553e+01 1.00869217e+02
2.81838293e+03 7.62144946e+01 -2.46547132e+01 1.00869208e+02
3.16227766e+03 7.52212844e+01 -2.56479115e+01 1.00869196e+02
3.54813389e+03 7.42266852e+01 -2.66424957e+01 1.00869181e+02
3.98107171e+03 7.32309801e+01 -2.76381820e+01 1.00869162e+02
4.46683592e+03 7.22343946e+01 -2.86347438e+01 1.00869138e+02
5.01187234e+03 7.12371088e+01 -2.96319998e+01 1.00869109e+02
5.62341325e+03 7.02392659e+01 -3.06298051e+01 1.00869071e+02
6.30957344e+03 6.92409802e+01 -3.16280435e+01 1.00869024e+02
7.07945784e+03 6.82423423e+01 -3.26266219e+01 1.00868964e+02
7.94328235e+03 6.72434246e+01 -3.36254647e+01 1.00868889e+02
8.91250938e+03 6.62442844e+01 -3.46245105e+01 1.00868795e+02
1.00000000e+04 6.52449675e+01 -3.56237086e+01 1.00868676e+02
1.12201845e+04 6.42455102e+01 -3.66230165e+01 1.00868527e+02
1.25892541e+04 6.32459412e+01 -3.76223972e+01 1.00868338e+02
1.41253754e+04 6.22462836e+01 -3.86218179e+01 1.00868101e+02
1.58489319e+04 6.12465555e+01 -3.96212477e+01 1.00867803e+02
1.77827941e+04 6.02467714e+01 -4.06206563e+01 1.00867428e+02
1.99526231e+04 5.92469428e+01 -4.16200123e+01 1.00866955e+02
2.23872114e+04 5.82470788e+01 -4.26192813e+01 1.00866360e+02
2.51188643e+04 5.72471867e+01 -4.36184245e+01 1.00865611e+02
2.81838293e+04 5.62472722e+01 -4.46173964e+01 1.00864669e+02
3.16227766e+04 5.52473398e+01 -4.56161423e+01 1.00863482e+02
3.54813389e+04 5.42473932e+01 -4.66145958e+01 1.00861989e+02
3.98107171e+04 5.32474351e+01 -4.76126747e+01 1.00860110e+02
4.46683592e+04 5.22474679e+01 -4.86102774e+01 1.00857745e+02
5.01187234e+04 5.12474933e+01 -4.96072770e+01 1.00854770e+02
5.62341325e+04 5.02475126e+01 -5.06035153e+01 1.00851028e+02
6.30957344e+04 4.92475269e+01 -5.15987940e+01 1.00846321e+02
7.07945784e+04 4.82475368e+01 -5.25928652e+01 1.00840402e+02
7.94328235e+04 4.72475430e+01 -5.35854188e+01 1.00832962e+02
8.91250938e+04 4.62475458e+01 -5.45760668e+01 1.00823613e+02
1.00000000e+05 4.52475453e+01 -5.55643251e+01 1.00811870e+02
1.12201845e+05 4.42475415e+01 -5.65495899e+01 1.00797131e+02
1.25892541e+05 4.32475342e+01 -5.75311106e+01 1.00778645e+02
1.41253754e+05 4.22475229e+01 -5.85079565e+01 1.00755479e+02
1.58489319e+05 4.12475072e+01 -5.94789779e+01 1.00726485e+02
1.77827941e+05 4.02474862e+01 -6.04427619e+01 1.00690248e+02
1.99526231e+05 3.92474587e+01 -6.13975821e+01 1.00645041e+02
2.23872114e+05 3.82474232e+01 -6.23413452e+01 1.00588768e+02
2.51188643e+05 3.72473780e+01 -6.32715363e+01 1.00518914e+02
2.81838293e+05 3.62473205e+01 -6.41851702e+01 1.00432491e+02
3.16227766e+05 3.52472478e+01 -6.50787536e+01 1.00326001e+02
3.54813389e+05 3.42471559e+01 -6.59482724e+01 1.00195428e+02
3.98107171e+05 3.32470400e+01 -6.67892153e+01 1.00036255e+02
4.46683592e+05 3.22468939e+01 -6.75966506e+01 9.98435445e+01
5.01187234e+05 3.12467098e+01 -6.83653677e+01 9.96120775e+01
5.62341325e+05 3.02464779e+01 -6.90900923e+01 9.93365702e+01
6.30957344e+05 2.92461859e+01 -6.97657668e+01 9.90119527e+01
7.07945784e+05 2.82458183e+01 -7.03878751e+01 9.86336934e+01
7.94328235e+05 2.72453554e+01 -7.09527695e+01 9.81981249e+01
8.91250938e+05 2.62447727e+01 -7.14579452e+01 9.77027178e+01
1.00000000e+06 2.52440391e+01 -7.19022070e+01 9.71462462e+01
1.12201845e+06 2.42431158e+01 -7.22856906e+01 9.65288064e+01
1.25892541e+06 2.32419537e+01 -7.26097248e+01 9.58516786e+01
1.41253754e+06 2.22404911e+01 -7.28765588e+01 9.51170500e+01
1.58489319e+06 2.12386505e+01 -7.30889991e+01 9.43276497e+01
1.77827941e+06 2.02363344e+01 -7.32500153e+01 9.34863497e+01
1.99526231e+06 1.92334204e+01 -7.33623684e+01 9.25957888e+01
2.23872114e+06 1.82297547e+01 -7.34283023e+01 9.16580569e+01
2.51188643e+06 1.72251441e+01 -7.34493234e+01 9.06744675e+01
2.81838293e+06 1.62193468e+01 -7.34260806e+01 8.96454275e+01
3.16227766e+06 1.52120595e+01 -7.33583510e+01 8.85704105e+01
3.54813389e+06 1.42029027e+01 -7.32451312e+01 8.74480339e+01
3.98107171e+06 1.31914024e+01 -7.30848352e+01 8.62762376e+01
4.46683592e+06 1.21769678e+01 -7.28755928e+01 8.50525607e+01
5.01187234e+06 1.11588640e+01 -7.26156334e+01 8.37744974e+01
5.62341325e+06 1.01361798e+01 -7.23037265e+01 8.24399064e+01
6.30957344e+06 9.10779021e+00 -7.19396341e+01 8.10474243e+01
7.07945784e+06 8.07231266e+00 -7.15245181e+01 7.95968308e+01
7.94328235e+06 7.02805864e+00 -7.10612490e+01 7.80893077e+01
8.91250938e+06 5.97298172e+00 -7.05545746e+01 7.65275563e+01
1.00000000e+07 4.90462526e+00 -7.00111373e+01 7.49157626e+01
1.12201845e+07 3.82007504e+00 -6.94393588e+01 7.32594338e+01
1.25892541e+07 2.71592465e+00 -6.88492279e+01 7.15651526e+01
1.41253754e+07 1.58826439e+00 -6.82520402e+01 6.98403046e+01
1.58489319e+07 4.32707256e-01 -6.76601193e+01 6.80928266e+01
1.77827941e+07 -7.55533801e-01 -6.70865390e+01 6.63310052e+01
1.99526231e+07 -1.98150461e+00 -6.65448395e+01 6.45633349e+01
2.23872114e+07 -3.25029880e+00 -6.60487215e+01 6.27984227e+01
2.51188643e+07 -4.56678363e+00 -6.56117007e+01 6.10449171e+01
2.81838293e+07 -5.93528590e+00 -6.52467119e+01 5.93114260e+01
3.16227766e+07 -7.35927833e+00 -6.49656717e+01 5.76063934e+01
3.54813389e+07 -8.84111798e+00 -6.47790206e+01 5.59379026e+01
3.98107171e+07 -1.03818858e+01 -6.46952743e+01 5.43133885e+01
4.46683592e+07 -1.19813594e+01 -6.47206055e+01 5.27392461e+01
5.01187234e+07 -1.36381205e+01 -6.48584519e+01 5.12203313e+01
5.62341325e+07 -1.53497698e+01 -6.51091085e+01 4.97593386e+01
6.30957344e+07 -1.71131963e+01 -6.54692002e+01 4.83560039e+01
7.07945784e+07 -1.89248454e+01 -6.59308671e+01 4.70060217e+01
7.94328235e+07 -2.07809346e+01 -6.64804251e+01 4.56994905e+01
8.91250938e+07 -2.26775823e+01 -6.70962781e+01 4.44186957e+01
1.00000000e+08 -2.46108329e+01 -6.77461066e+01 4.31352737e+01
1.12201845e+08 -2.65765763e+01 -6.83841980e+01 4.18076217e+01
1.25892541e+08 -2.85703781e+01 -6.89514618e+01 4.03810838e+01
1.41253754e+08 -3.05872484e+01 -6.93824027e+01 3.87951543e+01
1.58489319e+08 -3.26213946e+01 -6.96217119e+01 3.70003173e+01
1.77827941e+08 -3.46660107e+01 -6.96448230e+01 3.49788123e+01
1.99526231e+08 -3.67131572e+01 -6.94680482e+01 3.27548910e+01
2.23872114e+08 -3.87537709e+01 -6.91394341e+01 3.03856632e+01
2.51188643e+08 -4.07778231e+01 -6.87183608e+01 2.79405377e+01
2.81838293e+08 -4.27746196e+01 -6.82584631e+01 2.54838436e+01
3.16227766e+08 -4.47332208e+01 -6.78001872e+01 2.30669663e+01
3.54813389e+08 -4.66429495e+01 -6.73706287e+01 2.07276792e+01
3.98107171e+08 -4.84939474e+01 -6.69863554e+01 1.84924080e+01
4.46683592e+08 -5.02777306e+01 -6.66565495e+01 1.63788189e+01
5.01187234e+08 -5.19876734e+01 -6.63855140e+01 1.43978406e+01
5.62341325e+08 -5.36193416e+01 -6.61744343e+01 1.25550927e+01
6.30957344e+08 -5.51706052e+01 -6.60225461e+01 1.08519409e+01
7.07945784e+08 -5.66415009e+01 -6.59278697e+01 9.28636884e+00
7.94328235e+08 -5.80338630e+01 -6.58876238e+01 7.85376080e+00
8.91250938e+08 -5.93507909e+01 -6.58983971e+01 6.54760622e+00
1.00000000e+09 -6.05960450e+01 -6.59561461e+01 5.36010107e+00
