# freq_hz rev(vout) imv(vout) rev(vinp) imv(vinp) rev(vinn) imv(vinn)
1.000000000000e-01 5.120285039557e+04 -2.080688523204e+01 5.000000000000e-01 0.000000000000e+00 -5.000000000000e-01 -8.149186740849e-14
1.122018454302e-01 5.120284820635e+04 -2.334570820971e+01 5.000000000000e-01 0.000000000000e+00 -5.000000000000e-01 -7.262970017275e-14
1.258925411794e-01 5.120284545028e+04 -2.619431403097e+01 5.000000000000e-01 0.000000000000e+00 -5.000000000000e-01 -6.473128493109e-14
1.412537544623e-01 5.120284198061e+04 -2.939050174972e+01 5.000000000000e-01 0.000000000000e+00 -5.000000000000e-01 -5.769181451204e-14
1.584893192461e-01 5.120283761254e+04 -3.297668253189e+01 5.000000000000e-01 0.000000000000e+00 -5.000000000000e-01 -5.141787942009e-14
1.778279410039e-01 5.120283211348e+04 -3.700044238933e+01 5.000000000000e-01 0.000000000000e+00 -5.000000000000e-01 -4.582622834837e-14
1.995262314969e-01 5.120282519057e+04 -4.151517356569e+01 5.000000000000e-01 0.000000000000e+00 -5.000000000000e-01 -4.084266348446e-14
2.238721138568e-01 5.120281647514e+04 -4.658078294615e+01 5.000000000000e-01 0.000000000000e+00 -5.000000000000e-01 -3.640105595044e-14
2.511886431510e-01 5.120280550307e+04 -5.226448688241e+01 5.000000000000e-01 0.000000000000e+00 -5.000000000000e-01 -3.244246831291e-14
2.818382931264e-01 5.120279169007e+04 -5.864170296747e+01 5.000000000000e-01 0.000000000000e+00 -5.000000000000e-01 -2.891437251901e-14
3.162277660168e-01 5.120277430053e+04 -6.579705057576e+01 5.000000000000e-01 0.000000000000e+00 -5.000000000000e-01 -2.576995288110e-14
3.548133892336e-01 5.120275240842e+04 -7.382547342072e+01 5.000000000000e-01 0.000000000000e+00 -5.000000000000e-01 -2.296748486102e-14
3.981071705535e-01 5.120272484791e+04 -8.283349899029e+01 5.000000000000e-01 0.000000000000e+00 -5.000000000000e-01 -2.046978141084e-14
4.466835921510e-01 5.120269015133e+04 -9.294065152298e+01 5.000000000000e-01 0.000000000000e+00 -5.000000000000e-01 -1.824369952329e-14
5.011872336273e-01 5.120264647098e+04 -1.042810372041e+02 5.000000000000e-01 0.000000000000e+00 -5.000000000000e-01 -1.625970044421e-14
5.623413251903e-01 5.120259148080e+04 -1.170051225182e+02 5.000000000000e-01 0.000000000000e+00 -5.000000000000e-01 -1.449145771125e-14
6.309573444802e-01 5.120252225242e+04 -1.312817292162e+02 5.000000000000e-01 0.000000000000e+00 -5.000000000000e-01 -1.291550781766e-14
7.079457843841e-01 5.120243509932e+04 -1.473002721727e+02 5.000000000000e-01 0.000000000000e+00 -5.000000000000e-01 -1.151093886587e-14
7.943282347243e-01 5.120232538049e+04 -1.652732695505e+02 5.000000000000e-01 0.000000000000e+00 -5.000000000000e-01 -1.025911307928e-14
8.912509381337e-01 5.120218725334e+04 -1.854391581893e+02 5.000000000000e-01 0.000000000000e+00 -5.000000000000e-01 -9.143419490307e-15
1.000000000000e+00 5.120201336262e+04 -2.080654510220e+02 5.000000000000e-01 0.000000000000e+00 -5.000000000000e-01 -8.149053522919e-15
1.122018454302e+00 5.120179444885e+04 -2.334522776346e+02 5.000000000000e-01 0.000000000000e+00 -5.000000000000e-01 -7.262820544944e-15
1.258925411794e+00 5.120151885541e+04 -2.619363538438e+02 5.000000000000e-01 0.000000000000e+00 -5.000000000000e-01 -6.472960783306e-15
1.412537544623e+00 5.120117190804e+04 -2.938954314078e+02 5.000000000000e-01 0.000000000000e+00 -5.000000000000e-01 -5.768993278999e-15
1.584893192461e+00 5.120073513386e+04 -3.297532847091e+02 5.000000000000e-01 0.000000000000e+00 -5.000000000000e-01 -5.141576811141e-15
1.778279410039e+00 5.120018527834e+04 -3.699852974675e+02 5.000000000000e-01 0.000000000000e+00 -5.000000000000e-01 -4.582385944676e-15
1.995262314969e+00 5.119949306806e+04 -4.151247192192e+02 5.000000000000e-01 0.000000000000e+00 -5.000000000000e-01 -4.084000556943e-15
2.238721138568e+00 5.119862165355e+04 -4.657696683741e+02 5.000000000000e-01 0.000000000000e+00 -5.000000000000e-01 -3.639807377200e-15
2.511886431510e+00 5.119752464985e+04 -5.225909660123e+02 5.000000000000e-01 0.000000000000e+00 -5.000000000000e-01 -3.243912232607e-15
2.818382931264e+00 5.119614367087e+04 -5.863408919949e+02 5.000000000000e-01 0.000000000000e+00 -5.000000000000e-01 -2.891061836230e-15
3.162277660168e+00 5.119440522726e+04 -6.578629621070e+02 5.000000000000e-01 0.000000000000e+00 -5.000000000000e-01 -2.576574079246e-15
3.548133892336e+00 5.119221682428e+04 -7.381028313149e+02 5.000000000000e-01 0.000000000000e+00 -5.000000000000e-01 -2.296275902388e-15
3.981071705535e+00 5.118946205418e+04 -8.281204330201e+02 5.000000000000e-01 0.000000000000e+00 -5.000000000000e-01 -2.046447922255e-15
4.466835921510e+00 5.118599442564e+04 -9.291034663074e+02 5.000000000000e-01 0.000000000000e+00 -5.000000000000e-01 -1.823775077720e-15
5.011872336273e+00 5.118162960789e+04 -1.042382340923e+03 5.000000000000e-01 0.000000000000e+00 -5.000000000000e-01 -1.625302641617e-15
5.623413251903e+00 5.117613568626e+04 -1.169446680702e+03 5.000000000000e-01 0.000000000000e+00 -5.000000000000e-01 -1.448397014047e-15
6.309573444802e+00 5.116922092554e+04 -1.311963466917e+03 5.000000000000e-01 0.000000000000e+00 -5.000000000000e-01 -1.290710777156e-15
7.079457843841e+00 5.116051841405e+04 -1.471796868677e+03 5.000000000000e-01 0.000000000000e+00 -5.000000000000e-01 -1.150151547809e-15
7.943282347243e+00 5.114956680928e+04 -1.651029751057e+03 5.000000000000e-01 0.000000000000e+00 -5.000000000000e-01 -1.024854215025e-15
8.912509381337e+00 5.113578622071e+04 -1.851986763476e+03 5.000000000000e-01 0.000000000000e+00 -5.000000000000e-01 -9.131561940298e-16
1.000000000000e+01 5.111844804221e+04 -2.077258777192e+03 5.000000000000e-01 0.000000000000e+00 -5.000000000000e-01 -8.135753689104e-16
1.122018454302e+01 5.109663727934e+04 -2.329728242993e+03 5.000000000000e-01 0.000000000000e+00 -5.000000000000e-01 -7.247904316725e-16
1.258925411794e+01 5.106920560580e+04 -2.612594752306e+03 5.000000000000e-01 0.000000000000e+00 -5.000000000000e-01 -6.456233574915e-16
1.412537544623e+01 5.103471302681e+04 -2.929399671888e+03 5.000000000000e-01 0.000000000000e+00 -5.000000000000e-01 -5.750237845651e-16
1.584893192461e+01 5.099135563673e+04 -3.284048137156e+03 5.000000000000e-01 0.000000000000e+00 -5.000000000000e-01 -5.120550926173e-16
1.778279410039e+01 5.093687655537e+04 -3.680825870177e+03 5.000000000000e-01 0.000000000000e+00 -5.000000000000e-01 -4.558819971531e-16
1.995262314969e+01 5.086845675649e+04 -4.124407156379e+03 5.000000000000e-01 0.000000000000e+00 -5.000000000000e-01 -4.057594973610e-16
2.238721138568e+01 5.078258224492e+04 -4.619848771591e+03 5.000000000000e-01 0.000000000000e+00 -5.000000000000e-01 -3.610230344463e-16
2.511886431510e+01 5.067488403068e+04 -5.172562584621e+03 5.000000000000e-01 0.000000000000e+00 -5.000000000000e-01 -3.210797344545e-16
2.818382931264e+01 5.053994781150e+04 -5.788256850835e+03 5.000000000000e-01 0.000000000000e+00 -5.000000000000e-01 -2.854006256062e-16
3.162277660168e+01 5.037109155011e+04 -6.472832759006e+03 5.000000000000e-01 0.000000000000e+00 -5.000000000000e-01 -2.535137350560e-16
3.548133892336e+01 5.016011173009e+04 -7.232218566179e+03 5.000000000000e-01 0.000000000000e+00 -5.000000000000e-01 -2.249979840143e-16
3.981071705535e+01 4.989700371665e+04 -8.072118785238e+03 5.000000000000e-01 0.000000000000e+00 -5.000000000000e-01 -1.994778133722e-16
4.466835921510e+01 4.956966930143e+04 -8.997650828696e+03 5.000000000000e-01 0.000000000000e+00 -5.000000000000e-01 -1.766184842108e-16
5.011872336273e+01 4.916363634751e+04 -1.001283727680e+04 5.000000000000e-01 0.000000000000e+00 -5.000000000000e-01 -1.561220083051e-16
5.623413251903e+01 4.866183268385e+04 -1.111992045622e+04 5.000000000000e-01 0.000000000000e+00 -5.000000000000e-01 -1.377236718095e-16
6.309573444802e+01 4.804447983196e+04 -1.231847054137e+04 5.000000000000e-01 0.000000000000e+00 -5.000000000000e-01 -1.211891187325e-16
7.079457843841e+01 4.728920129425e+04 -1.360427385385e+04 5.000000000000e-01 0.000000000000e+00 -5.000000000000e-01 -1.063119564642e-16
7.943282347243e+01 4.637147169726e+04 -1.496802098956e+04 5.000000000000e-01 0.000000000000e+00 -5.000000000000e-01 -9.291182934755e-17
8.912509381337e+01 4.526555883128e+04 -1.639387193843e+04 5.000000000000e-01 0.000000000000e+00 -5.000000000000e-01 -8.083287356646e-17
1.000000000000e+02 4.394611515986e+04 -1.785806203694e+04 5.000000000000e-01 0.000000000000e+00 -5.000000000000e-01 -6.994241457378e-17
1.122018454302e+02 4.239053537834e+04 -1.932782450706e+04 5.000000000000e-01 0.000000000000e+00 -5.000000000000e-01 -6.012969947069e-17
1.258925411794e+02 4.058208464613e+04 -2.076102154950e+04 5.000000000000e-01 0.000000000000e+00 -5.000000000000e-01 -5.130438477051e-17
1.412537544623e+02 3.851359882464e+04 -2.210695057402e+04 5.000000000000e-01 0.000000000000e+00 -5.000000000000e-01 -4.339445455828e-17
1.584893192461e+02 3.619127429612e+04 -2.330875516740e+04 5.000000000000e-01 0.000000000000e+00 -5.000000000000e-01 -3.634327050189e-17
1.778279410039e+02 3.363776745191e+04 -2.430764903903e+04 5.000000000000e-01 0.000000000000e+00 -5.000000000000e-01 -3.010560058405e-17
1.995262314969e+02 3.089364416045e+04 -2.504872782807e+04 5.000000000000e-01 0.000000000000e+00 -5.000000000000e-01 -2.464275569869e-17
2.238721138568e+02 2.801631744197e+04 -2.548757494175e+04 5.000000000000e-01 0.000000000000e+00 -5.000000000000e-01 -1.991733285269e-17
2.511886431510e+02 2.507608371187e+04 -2.559636831627e+04 5.000000000000e-01 0.000000000000e+00 -5.000000000000e-01 -1.588838820923e-17
2.818382931264e+02 2.214964027458e+04 -2.536803304184e+04 5.000000000000e-01 0.000000000000e+00 -5.000000000000e-01 -1.250796936890e-17
3.162277660168e+02 1.931226389881e+04 -2.481733623646e+04 5.000000000000e-01 0.000000000000e+00 -5.000000000000e-01 -9.719710259811e-18
3.548133892336e+02 1.663029133732e+04 -2.397861952016e+04 5.000000000000e-01 0.000000000000e+00 -5.000000000000e-01 -7.459676415004e-18
3.981071705535e+02 1.415543665357e+04 -2.290079387728e+04 5.000000000000e-01 0.000000000000e+00 -5.000000000000e-01 -5.659048320851e-18
4.466835921510e+02 1.192186146546e+04 -2.164088661372e+04 5.000000000000e-01 0.000000000000e+00 -5.000000000000e-01 -4.247801388782e-18
5.011872336273e+02 9.946084816443e+03 -2.025759151442e+04 5.000000000000e-01 0.000000000000e+00 -5.000000000000e-01 -3.158437519431e-18
5.623413251903e+02 8.229131998041e+03 -1.880596234044e+04 5.000000000000e-01 0.000000000000e+00 -5.000000000000e-01 -2.329025053246e-18
6.309573444802e+02 6.759985080981e+03 -1.733383573025e+04 5.000000000000e-01 0.000000000000e+00 -5.000000000000e-01 -1.705162877139e-18
7.079457843841e+02 5.519415758023e+03 -1.588003193405e+04 5.000000000000e-01 0.000000000000e+00 -5.000000000000e-01 -1.240832730762e-18
7.943282347243e+02 4.483521127817e+03 -1.447402173524e+04 5.000000000000e-01 0.000000000000e+00 -5.000000000000e-01 -8.983371341405e-19
8.912509381337e+02 3.626587560394e+03 -1.313659904243e+04 5.000000000000e-01 0.000000000000e+00 -5.000000000000e-01 -6.476170875073e-19
1.000000000000e+03 2.923167150069e+03 -1.188111037634e+04 5.000000000000e-01 0.000000000000e+00 -5.000000000000e-01 -4.652365014173e-19
1.122018454302e+03 2.349421120302e+03 -1.071488888699e+04 5.000000000000e-01 0.000000000000e+00 -5.000000000000e-01 -3.332583196533e-19
1.258925411794e+03 1.883867843110e+03 -9.640659069093e+03 5.000000000000e-01 0.000000000000e+00 -5.000000000000e-01 -2.381609558072e-19
1.412537544623e+03 1.507694174500e+03 -8.657782583157e+03 5.000000000000e-01 0.000000000000e+00 -5.000000000000e-01 -1.698765328086e-19
1.584893192461e+03 1.204774434764e+03 -7.763291728758e+03 5.000000000000e-01 0.000000000000e+00 -5.000000000000e-01 -1.209834249497e-19
1.778279410039e+03 9.615121885398e+02 -6.952705145264e+03 5.000000000000e-01 0.000000000000e+00 -5.000000000000e-01 -8.605476551397e-20
1.995262314969e+03 7.665886395988e+02 -6.220646211247e+03 5.000000000000e-01 0.000000000000e+00 -5.000000000000e-01 -6.114803572188e-20
2.238721138568e+03 6.106741519182e+02 -5.561295503659e+03 5.000000000000e-01 0.000000000000e+00 -5.000000000000e-01 -4.341398677210e-20
2.511886431510e+03 4.861382204853e+02 -4.968710589804e+03 5.000000000000e-01 0.000000000000e+00 -5.000000000000e-01 -3.080206964995e-20
2.818382931264e+03 3.867780320060e+02 -4.437043666781e+03 5.000000000000e-01 0.000000000000e+00 -5.000000000000e-01 -2.184147334638e-20
3.162277660168e+03 3.075755523331e+02 -3.960682868076e+03 5.000000000000e-01 0.000000000000e+00 -5.000000000000e-01 -1.548003521153e-20
3.548133892336e+03 2.444866228231e+02 -3.534337982958e+03 5.000000000000e-01 0.000000000000e+00 -5.000000000000e-01 -1.096668156357e-20
3.981071705535e+03 1.942617319721e+02 -3.153086662273e+03 5.000000000000e-01 0.000000000000e+00 -5.000000000000e-01 -7.766178854292e-21
4.466835921510e+03 1.542960733652e+02 -2.812393228509e+03 5.000000000000e-01 0.000000000000e+00 -5.000000000000e-01 -5.497623643950e-21
5.011872336273e+03 1.225055639502e+02 -2.508109028290e+03 5.000000000000e-01 0.000000000000e+00 -5.000000000000e-01 -3.890235973854e-21
5.623413251903e+03 9.722523360044e+01 -2.236460798197e+03 5.000000000000e-01 0.000000000000e+00 -5.000000000000e-01 -2.751687601038e-21
6.309573444802e+03 7.712651385934e+01 -1.994031648789e+03 5.000000000000e-01 0.000000000000e+00 -5.000000000000e-01 -1.945466842021e-21
7.079457843841e+03 6.115026376713e+01 -1.777737887828e+03 5.000000000000e-01 0.000000000000e+00 -5.000000000000e-01 -1.374733343229e-21
7.943282347243e+03 4.845275986429e+01 -1.584803893465e+03 5.000000000000e-01 0.000000000000e+00 -5.000000000000e-01 -9.708198578040e-22
8.912509381337e+03 3.836227984575e+01 -1.412736520600e+03 5.000000000000e-01 0.000000000000e+00 -5.000000000000e-01 -6.850535808143e-22
1.000000000000e+04 3.034428933951e+01 -1.259300006035e+03 5.000000000000e-01 0.000000000000e+00 -5.000000000000e-01 -4.829443642994e-22
1.122018454302e+04 2.397358201219e+01 -1.122491974358e+03 5.000000000000e-01 0.000000000000e+00 -5.000000000000e-01 -3.400580504028e-22
1.258925411794e+04 1.891201878780e+01 -1.000520894181e+03 5.000000000000e-01 0.000000000000e+00 -5.000000000000e-01 -2.390881338740e-22
1.412537544623e+04 1.489076269101e+01 -8.917851619685e+02 5.000000000000e-01 0.000000000000e+00 -5.000000000000e-01 -1.677787962313e-22
1.584893192461e+04 1.169611513951e+01 -7.948538751587e+02 5.000000000000e-01 0.000000000000e+00 -5.000000000000e-01 -1.174523651360e-22
1.778279410039e+04 9.158232232611e+00 -7.084492806760e+02 5.000000000000e-01 0.000000000000e+00 -5.000000000000e-01 -8.196563046139e-23
1.995262314969e+04 7.142140883175e+00 -6.314308373766e+02 5.000000000000e-01 0.000000000000e+00 -5.000000000000e-01 -5.697030497134e-23
2.238721138568e+04 5.540589478727e+00 -5.627808026423e+02 5.000000000000e-01 0.000000000000e+00 -5.000000000000e-01 -3.938910425201e-23
2.511886431510e+04 4.268360625273e+00 -5.015912382269e+02 5.000000000000e-01 0.000000000000e+00 -5.000000000000e-01 -2.704464198259e-23
2.818382931264e+04 3.257748337131e+00 -4.470523241810e+02 5.000000000000e-01 0.000000000000e+00 -5.000000000000e-01 -1.839660414673e-23
3.162277660168e+04 2.454962119442e+00 -3.984418692096e+02 5.000000000000e-01 0.000000000000e+00 -5.000000000000e-01 -1.235563092179e-23
3.548133892336e+04 1.817268532787e+00 -3.551159090507e+02 5.000000000000e-01 0.000000000000e+00 -5.000000000000e-01 -8.151532007944e-24
3.981071705535e+04 1.310719334108e+00 -3.165002899272e+02 5.000000000000e-01 0.000000000000e+00 -5.000000000000e-01 -5.239982508715e-24
4.466835921510e+04 9.083460399943e-01 -2.820831408409e+02 5.000000000000e-01 0.000000000000e+00 -5.000000000000e-01 -3.236469054233e-24
5.011872336273e+04 5.887252906347e-01 -2.514081457654e+02 5.000000000000e-01 0.000000000000e+00 -5.000000000000e-01 -1.869531660844e-24
5.623413251903e+04 3.348389457763e-01 -2.240685342131e+02 5.000000000000e-01 0.000000000000e+00 -5.000000000000e-01 -9.476677415082e-25
6.309573444802e+04 1.331684175005e-01 -1.997017159266e+02 5.000000000000e-01 0.000000000000e+00 -5.000000000000e-01 -3.359087915268e-25
7.079457843841e+04 -2.702485846952e-02 -1.779844923872e+02 5.000000000000e-01 0.000000000000e+00 -5.000000000000e-01 6.075521468815e-26
7.943282347243e+04 -1.542710472878e-01 -1.586287843515e+02 5.000000000000e-01 0.000000000000e+00 -5.000000000000e-01 3.091039532334e-25
8.912509381337e+04 -2.553460239403e-01 -1.413778206738e+02 5.000000000000e-01 0.000000000000e+00 -5.000000000000e-01 4.559836087698e-25
1.000000000000e+05 -3.356321164766e-01 -1.260027392211e+02 5.000000000000e-01 0.000000000000e+00 -5.000000000000e-01 5.341751039765e-25
1.122018454302e+05 -3.994046735111e-01 -1.122995557545e+02 5.000000000000e-01 0.000000000000e+00 -5.000000000000e-01 5.665435166380e-25
1.258925411794e+05 -4.500597036030e-01 -1.000864612537e+02 5.000000000000e-01 0.000000000000e+00 -5.000000000000e-01 5.689711705224e-25
1.412537544623e+05 -4.902947007506e-01 -8.920141229167e+01 5.000000000000e-01 0.000000000000e+00 -5.000000000000e-01 5.524300964125e-25
1.584893192461e+05 -5.222522804616e-01 -7.949998286192e+01 5.000000000000e-01 0.000000000000e+00 -5.000000000000e-01 5.244456369164e-25
1.778279410039e+05 -5.476342714657e-01 -7.085344937303e+01 5.000000000000e-01 0.000000000000e+00 -5.000000000000e-01 4.901293959670e-25
1.995262314969e+05 -5.677923411835e-01 -6.314708359186e+01 5.000000000000e-01 0.000000000000e+00 -5.000000000000e-01 4.529076556557e-25
2.238721138568e+05 -5.837999684011e-01 -5.627863098761e+01 5.000000000000e-01 0.000000000000e+00 -5.000000000000e-01 4.150344995954e-25
2.511886431510e+05 -5.965096108448e-01 -5.015695439225e+01 5.000000000000e-01 0.000000000000e+00 -5.000000000000e-01 3.779528086018e-25
2.818382931264e+05 -6.065980993504e-01 -4.470082503159e+01 5.000000000000e-01 0.000000000000e+00 -5.000000000000e-01 3.425477954426e-25
3.162277660168e+05 -6.146026806990e-01 -3.983784492685e+01 5.000000000000e-01 0.000000000000e+00 -5.000000000000e-01 3.093246867689e-25
3.548133892336e+05 -6.209496275352e-01 -3.550348640372e+01 5.000000000000e-01 0.000000000000e+00 -5.000000000000e-01 2.785329010463e-25
3.981071705535e+05 -6.259769386709e-01 -3.164023598321e+01 5.000000000000e-01 0.000000000000e+00 -5.000000000000e-01 2.502525234914e-25
4.466835921510e+05 -6.299523396223e-01 -2.819683131508e+01 5.000000000000e-01 0.000000000000e+00 -5.000000000000e-01 2.244542457456e-25
5.011872336273e+05 -6.330875393479e-01 -2.512758102925e+01 5.000000000000e-01 0.000000000000e+00 -5.000000000000e-01 2.010406581346e-25
5.623413251903e+05 -6.355495067075e-01 -2.239175850617e+01 5.000000000000e-01 0.000000000000e+00 -5.000000000000e-01 1.798744659889e-25
6.309573444802e+05 -6.374693629070e-01 -1.995306151234e+01 5.000000000000e-01 0.000000000000e+00 -5.000000000000e-01 1.607975579710e-25
7.079457843841e+05 -6.389493675691e-01 -1.777913054919e+01 5.000000000000e-01 0.000000000000e+00 -5.000000000000e-01 1.436436976915e-25
7.943282347243e+05 -6.400683684511e-01 -1.584111952615e+01 5.000000000000e-01 0.000000000000e+00 -5.000000000000e-01 1.282467880436e-25
8.912509381337e+05 -6.408860072883e-01 -1.411331306758e+01 5.000000000000e-01 0.000000000000e+00 -5.000000000000e-01 1.144460798347e-25
1.000000000000e+06 -6.414459069962e-01 -1.257278538811e+01 5.000000000000e-01 0.000000000000e+00 -5.000000000000e-01 1.020892868245e-25
1.122018454302e+06 -6.417780119482e-01 -1.119909621907e+01 5.000000000000e-01 0.000000000000e+00 -5.000000000000e-01 9.103428074433e-26
1.258925411794e+06 -6.419002099234e-01 -9.974019767434e+00 5.000000000000e-01 0.000000000000e+00 -5.000000000000e-01 8.114983653832e-26
1.412537544623e+06 -6.418193278146e-01 -8.881303134621e+00 5.000000000000e-01 0.000000000000e+00 -5.000000000000e-01 7.231575470859e-26
1.584893192461e+06 -6.415315632441e-01 -7.906451017601e+00 5.000000000000e-01 0.000000000000e+00 -5.000000000000e-01 6.442258691340e-26
1.778279410039e+06 -6.410223891870e-01 -7.036533877256e+00 5.000000000000e-01 0.000000000000e+00 -5.000000000000e-01 5.737112025014e-26
1.995262314969e+06 -6.402659486306e-01 -6.260017084498e+00 5.000000000000e-01 0.000000000000e+00 -5.000000000000e-01 5.107172618532e-26
2.238721138568e+06 -6.392239420783e-01 -5.566608855984e+00 5.000000000000e-01 0.000000000000e+00 -5.000000000000e-01 4.544364564740e-26
2.511886431510e+06 -6.378440012959e-01 -4.947125060978e+00 5.000000000000e-01 0.000000000000e+00 -5.000000000000e-01 4.041425776831e-26
2.818382931264e+06 -6.360575458904e-01 -4.393369247479e+00 5.000000000000e-01 0.000000000000e+00 -5.000000000000e-01 3.591836346878e-26
3.162277660168e+06 -6.337771332967e-01 -3.898026470865e+00 5.000000000000e-01 0.000000000000e+00 -5.000000000000e-01 3.189750376866e-26
3.548133892336e+06 -6.308933516468e-01 -3.454569748140e+00 5.000000000000e-01 0.000000000000e+00 -5.000000000000e-01 2.829932537081e-26
3.981071705535e+06 -6.272713718913e-01 -3.057178172963e+00 5.000000000000e-01 0.000000000000e+00 -5.000000000000e-01 2.507700108936e-26
4.466835921510e+06 -6.227473913175e-01 -2.700665935564e+00 5.000000000000e-01 0.000000000000e+00 -5.000000000000e-01 2.218870971922e-26
5.011872336273e+06 -6.171253724417e-01 -2.380421652352e+00 5.000000000000e-01 0.000000000000e+00 -5.000000000000e-01 1.959717784922e-26
5.623413251903e+06 -6.101747309090e-01 -2.092357518624e+00 5.000000000000e-01 0.000000000000e+00 -5.000000000000e-01 1.726928472509e-26
6.309573444802e+06 -6.016299533951e-01 -1.832867791528e+00 5.000000000000e-01 0.000000000000e+00 -5.000000000000e-01 1.517572968009e-26
7.079457843841e+06 -5.911935157619e-01 -1.598795922157e+00 5.000000000000e-01 0.000000000000e+00 -5.000000000000e-01 1.329075932548e-26
7.943282347243e+06 -5.785438588937e-01 -1.387409200870e+00 5.000000000000e-01 0.000000000000e+00 -5.000000000000e-01 1.159194787660e-26
8.912509381337e+06 -5.633504289040e-01 -1.196378977428e+00 5.000000000000e-01 0.000000000000e+00 -5.000000000000e-01 1.006001807311e-26
1.000000000000e+07 -5.452976571016e-01 -1.023763333501e+00 5.000000000000e-01 0.000000000000e+00 -5.000000000000e-01 8.678681758416e-27
1.122018454302e+07 -5.241189259531e-01 -8.679876584036e-01 5.000000000000e-01 0.000000000000e+00 -5.000000000000e-01 7.434469327454e-27
1.258925411794e+07 -4.996397014201e-01 -7.278172794880e-01 5.000000000000e-01 0.000000000000e+00 -5.000000000000e-01 6.316508309467e-27
1.412537544623e+07 -4.718259924598e-01 -6.023158550921e-01 5.000000000000e-01 0.000000000000e+00 -5.000000000000e-01 5.316208356025e-27
1.584893192461e+07 -4.408305039691e-01 -4.907845817208e-01 5.000000000000e-01 0.000000000000e+00 -5.000000000000e-01 4.426819050401e-27
1.778279410039e+07 -4.070254794267e-01 -3.926811818037e-01 5.000000000000e-01 0.000000000000e+00 -5.000000000000e-01 3.642853684826e-27
1.995262314969e+07 -3.710101580551e-01 -3.075239942225e-01 5.000000000000e-01 0.000000000000e+00 -5.000000000000e-01 2.959415418654e-27
2.238721138568e+07 -3.335838496318e-01 -2.347936593525e-01 5.000000000000e-01 0.000000000000e+00 -5.000000000000e-01 2.371511024302e-27
2.511886431510e+07 -2.956832981515e-01 -1.738498107314e-01 5.000000000000e-01 0.000000000000e+00 -5.000000000000e-01 1.873470786744e-27
2.818382931264e+07 -2.582932527353e-01 -1.238797403426e-01 5.000000000000e-01 0.000000000000e+00 -5.000000000000e-01 1.458589870244e-27
3.162277660168e+07 -2.223478376147e-01 -8.388911237445e-02 5.000000000000e-01 0.000000000000e+00 -5.000000000000e-01 1.119059148028e-27
3.548133892336e+07 -1.886433057134e-01 -5.273372146028e-02 5.000000000000e-01 0.000000000000e+00 -5.000000000000e-01 8.461776104428e-28
3.981071705535e+07 -1.577786011010e-01 -2.918069841457e-02 5.000000000000e-01 0.000000000000e+00 -5.000000000000e-01 6.307659378361e-28
4.466835921510e+07 -1.301310215687e-01 -1.198179783812e-02 5.000000000000e-01 0.000000000000e+00 -5.000000000000e-01 4.636614305111e-28
5.011872336273e+07 -1.058644606912e-01 5.801175102946e-05 5.000000000000e-01 0.000000000000e+00 -5.000000000000e-01 3.361787987857e-28
5.623413251903e+07 -8.496095718389e-02 8.028122664917e-03 5.000000000000e-01 0.000000000000e+00 -5.000000000000e-01 2.404581648176e-28
6.309573444802e+07 -6.726401473871e-02 1.288062120626e-02 5.000000000000e-01 0.000000000000e+00 -5.000000000000e-01 1.696691627655e-28
7.079457843841e+07 -5.252357476376e-02 1.541823885848e-02 5.000000000000e-01 0.000000000000e+00 -5.000000000000e-01 1.180794735543e-28
7.943282347243e+07 -4.043581696672e-02 1.629742771329e-02 5.000000000000e-01 0.000000000000e+00 -5.000000000000e-01 8.101890209715e-29
8.912509381337e+07 -3.067448221018e-02 1.604102086166e-02 5.000000000000e-01 0.000000000000e+00 -5.000000000000e-01 5.477689011759e-29
1.000000000000e+08 -2.291319905923e-02 1.505548046128e-02 5.000000000000e-01 0.000000000000e+00 -5.000000000000e-01 3.646748892325e-29
1.122018454302e+08 -1.684003167192e-02 1.364906901869e-02 5.000000000000e-01 0.000000000000e+00 -5.000000000000e-01 2.388707843560e-29
1.258925411794e+08 -1.216621730849e-02 1.204879293452e-02 5.000000000000e-01 0.000000000000e+00 -5.000000000000e-01 1.538068582330e-29
1.412537544623e+08 -8.631057300138e-03 1.041527091922e-02 5.000000000000e-01 0.000000000000e+00 -5.000000000000e-01 9.724877322062e-30
1.584893192461e+08 -6.004454489498e-03 8.855558933827e-03 5.000000000000e-01 0.000000000000e+00 -5.000000000000e-01 6.029672012723e-30
1.778279410039e+08 -4.087954470454e-03 7.434352613831e-03 5.000000000000e-01 0.000000000000e+00 -5.000000000000e-01 3.658694789100e-30
1.995262314969e+08 -2.714612462584e-03 6.183966436644e-03 5.000000000000e-01 0.000000000000e+00 -5.000000000000e-01 2.165349331553e-30
2.238721138568e+08 -1.747731904262e-03 5.113246127576e-03 5.000000000000e-01 0.000000000000e+00 -5.000000000000e-01 1.242495847163e-30
2.511886431510e+08 -1.078514529491e-03 4.215324023242e-03 5.000000000000e-01 0.000000000000e+00 -5.000000000000e-01 6.833546151276e-31
2.818382931264e+08 -6.228114035815e-04 3.474021383181e-03 5.000000000000e-01 0.000000000000e+00 -5.000000000000e-01 3.517034977555e-31
3.162277660168e+08 -3.173210028759e-04 2.868761191477e-03 5.000000000000e-01 0.000000000000e+00 -5.000000000000e-01 1.597051605895e-31
3.548133892336e+08 -1.156445328163e-04 2.378010821953e-03 5.000000000000e-01 0.000000000000e+00 -5.000000000000e-01 5.187346249539e-32
3.981071705535e+08 1.543774779827e-05 1.981432535368e-03 5.000000000000e-01 0.000000000000e+00 -5.000000000000e-01 -6.171689570135e-33
4.466835921510e+08 9.922244272349e-05 1.661018745382e-03 5.000000000000e-01 0.000000000000e+00 -5.000000000000e-01 -3.535330713415e-32
5.011872336273e+08 1.517570259275e-04 1.401513122928e-03 5.000000000000e-01 0.000000000000e+00 -5.000000000000e-01 -4.819133290864e-32
5.623413251903e+08 1.839263278084e-04 1.190385659226e-03 5.000000000000e-01 0.000000000000e+00 -5.000000000000e-01 -5.205518948042e-32
6.309573444802e+08 2.030145303625e-04 1.017568386480e-03 5.000000000000e-01 0.000000000000e+00 -5.000000000000e-01 -5.120911311887e-32
7.079457843841e+08 2.138366839541e-04 8.750927221653e-04 5.000000000000e-01 0.000000000000e+00 -5.000000000000e-01 -4.807312370013e-32
7.943282347243e+08 2.195377735997e-04 7.567135952174e-04 5.000000000000e-01 0.000000000000e+00 -5.000000000000e-01 -4.398751087566e-32
8.912509381337e+08 2.221462465007e-04 6.575648241428e-04 5.000000000000e-01 0.000000000000e+00 -5.000000000000e-01 -3.966971781699e-32
1.000000000000e+09 2.229519299683e-04 5.738640377593e-04 5.000000000000e-01 0.000000000000e+00 -5.000000000000e-01 -3.548390172633e-32
