# freq_hz rev(vout) imv(vout) rev(vinp) imv(vinp) rev(vinn) imv(vinn)
1.000000000000e-01 5.624515815950e-01 -2.179759111045e-04 1.000000000000e+00 0.000000000000e+00 1.000000000000e+00 -8.951694946070e-19
1.122018454302e-01 5.624515597149e-01 -2.445729853473e-04 1.000000000000e+00 0.000000000000e+00 1.000000000000e+00 -7.978206208209e-19
1.258925411794e-01 5.624515321695e-01 -2.744153895506e-04 1.000000000000e+00 0.000000000000e+00 1.000000000000e+00 -7.110583419459e-19
1.412537544623e-01 5.624514974919e-01 -3.078991122402e-04 1.000000000000e+00 0.000000000000e+00 1.000000000000e+00 -6.337313752548e-19
1.584893192461e-01 5.624514538354e-01 -3.454684591817e-04 1.000000000000e+00 0.000000000000e+00 1.000000000000e+00 -5.648136388808e-19
1.778279410039e-01 5.624513988752e-01 -3.876219486994e-04 1.000000000000e+00 0.000000000000e+00 1.000000000000e+00 -5.033906363341e-19
1.995262314969e-01 5.624513296843e-01 -4.349189262199e-04 1.000000000000e+00 0.000000000000e+00 1.000000000000e+00 -4.486473216895e-19
2.238721138568e-01 5.624512425783e-01 -4.879869857508e-04 1.000000000000e+00 0.000000000000e+00 1.000000000000e+00 -3.998572844216e-19
2.511886431510e-01 5.624511329182e-01 -5.475302966903e-04 1.000000000000e+00 0.000000000000e+00 1.000000000000e+00 -3.563731103789e-19
2.818382931264e-01 5.624509948645e-01 -6.143389463406e-04 1.000000000000e+00 0.000000000000e+00 1.000000000000e+00 -3.176177909915e-19
3.162277660168e-01 5.624508210550e-01 -6.892994219149e-04 1.000000000000e+00 0.000000000000e+00 1.000000000000e+00 -2.830770667122e-19
3.548133892336e-01 5.624506022548e-01 -7.734063709667e-04 1.000000000000e+00 0.000000000000e+00 1.000000000000e+00 -2.522926031265e-19
3.981071705535e-01 5.624503268020e-01 -8.677757957781e-04 1.000000000000e+00 0.000000000000e+00 1.000000000000e+00 -2.248559091004e-19
4.466835921510e-01 5.624499800278e-01 -9.736598565590e-04 1.000000000000e+00 0.000000000000e+00 1.000000000000e+00 -2.004029163738e-19
5.011872336273e-01 5.624495434656e-01 -1.092463479042e-03 1.000000000000e+00 0.000000000000e+00 1.000000000000e+00 -1.786091485900e-19
5.623413251903e-01 5.624489938570e-01 -1.225762985957e-03 1.000000000000e+00 0.000000000000e+00 1.000000000000e+00 -1.591854156888e-19
6.309573444802e-01 5.624483019553e-01 -1.375326998406e-03 1.000000000000e+00 0.000000000000e+00 1.000000000000e+00 -1.418739765421e-19
7.079457843841e-01 5.624474308947e-01 -1.543139882256e-03 1.000000000000e+00 0.000000000000e+00 1.000000000000e+00 -1.264451188647e-19
7.943282347243e-01 5.624463343010e-01 -1.731428048589e-03 1.000000000000e+00 0.000000000000e+00 1.000000000000e+00 -1.126941110925e-19
8.912509381337e-01 5.624449537800e-01 -1.942689452885e-03 1.000000000000e+00 0.000000000000e+00 1.000000000000e+00 -1.004384857071e-19
1.000000000000e+00 5.624432158193e-01 -2.179726679459e-03 1.000000000000e+00 0.000000000000e+00 1.000000000000e+00 -8.951561800614e-20
1.122018454302e+00 5.624410278743e-01 -2.445684042572e-03 1.000000000000e+00 0.000000000000e+00 1.000000000000e+00 -7.978056817218e-20
1.258925411794e+00 5.624382734315e-01 -2.744089185957e-03 1.000000000000e+00 0.000000000000e+00 1.000000000000e+00 -7.110415800816e-20
1.412537544623e+00 5.624348058268e-01 -3.078899718050e-03 1.000000000000e+00 0.000000000000e+00 1.000000000000e+00 -6.337125682431e-20
1.584893192461e+00 5.624304404363e-01 -3.454555480542e-03 1.000000000000e+00 0.000000000000e+00 1.000000000000e+00 -5.647925372296e-20
1.778279410039e+00 5.624249448339e-01 -3.876037114097e-03 1.000000000000e+00 0.000000000000e+00 1.000000000000e+00 -5.033669601255e-20
1.995262314969e+00 5.624180264439e-01 -4.348931656764e-03 1.000000000000e+00 0.000000000000e+00 1.000000000000e+00 -4.486207568850e-20
2.238721138568e+00 5.624093169288e-01 -4.879505985631e-03 1.000000000000e+00 0.000000000000e+00 1.000000000000e+00 -3.998274786801e-20
2.511886431510e+00 5.623983527011e-01 -5.474788994303e-03 1.000000000000e+00 0.000000000000e+00 1.000000000000e+00 -3.563396684512e-20
2.818382931264e+00 5.623845501654e-01 -6.142663475813e-03 1.000000000000e+00 0.000000000000e+00 1.000000000000e+00 -3.175802694674e-20
3.162277660168e+00 5.623671747555e-01 -6.891968766449e-03 1.000000000000e+00 0.000000000000e+00 1.000000000000e+00 -2.830349681887e-20
3.548133892336e+00 5.623453019209e-01 -7.732615275787e-03 1.000000000000e+00 0.000000000000e+00 1.000000000000e+00 -2.522453696535e-20
3.981071705535e+00 5.623177680910e-01 -8.675712091641e-03 1.000000000000e+00 0.000000000000e+00 1.000000000000e+00 -2.248029148926e-20
4.466835921510e+00 5.622831088945e-01 -9.733708882819e-03 1.000000000000e+00 0.000000000000e+00 1.000000000000e+00 -2.003434595990e-20
5.011872336273e+00 5.622394816294e-01 -1.092055332504e-02 1.000000000000e+00 0.000000000000e+00 1.000000000000e+00 -1.785424422229e-20
5.623413251903e+00 5.621845677653e-01 -1.225186520526e-02 1.000000000000e+00 0.000000000000e+00 1.000000000000e+00 -1.591105772985e-20
6.309573444802e+00 5.621154505804e-01 -1.374512820484e-02 1.000000000000e+00 0.000000000000e+00 1.000000000000e+00 -1.417900169177e-20
7.079457843841e+00 5.620284613633e-01 -1.541990005199e-02 1.000000000000e+00 0.000000000000e+00 1.000000000000e+00 -1.263509293471e-20
7.943282347243e+00 5.619189867197e-01 -1.729804123741e-02 1.000000000000e+00 0.000000000000e+00 1.000000000000e+00 -1.125884495150e-20
8.912509381337e+00 5.617812269465e-01 -1.940396166222e-02 1.000000000000e+00 0.000000000000e+00 1.000000000000e+00 -1.003199608317e-20
1.000000000000e+01 5.616078937144e-01 -2.176488335733e-02 1.000000000000e+00 0.000000000000e+00 1.000000000000e+00 -8.938267236408e-21
1.122018454302e+01 5.613898322068e-01 -2.441111555014e-02 1.000000000000e+00 0.000000000000e+00 1.000000000000e+00 -7.963145922838e-21
1.258925411794e+01 5.611155497678e-01 -2.737633563949e-02 1.000000000000e+00 0.000000000000e+00 1.000000000000e+00 -7.093693760936e-21
1.412537544623e+01 5.607706296021e-01 -3.069786572984e-02 1.000000000000e+00 0.000000000000e+00 1.000000000000e+00 -6.318374897835e-21
1.584893192461e+01 5.603370035345e-01 -3.441692878124e-02 1.000000000000e+00 0.000000000000e+00 1.000000000000e+00 -5.626903083061e-21
1.778279410039e+01 5.597920536384e-01 -3.857886058680e-02 1.000000000000e+00 0.000000000000e+00 1.000000000000e+00 -5.010105382605e-21
1.995262314969e+01 5.591075081946e-01 -4.323324287933e-02 1.000000000000e+00 0.000000000000e+00 1.000000000000e+00 -4.459800748071e-21
2.238721138568e+01 5.582480942639e-01 -4.843390793815e-02 1.000000000000e+00 0.000000000000e+00 1.000000000000e+00 -3.968691863541e-21
2.511886431510e+01 5.571699069523e-01 -5.423874483349e-02 1.000000000000e+00 0.000000000000e+00 1.000000000000e+00 -3.530268873670e-21
2.818382931264e+01 5.558184591296e-01 -6.070921080894e-02 1.000000000000e+00 0.000000000000e+00 1.000000000000e+00 -3.138723778479e-21
3.162277660168e+01 5.541263839381e-01 -6.790941672467e-02 1.000000000000e+00 0.000000000000e+00 1.000000000000e+00 -2.788874430991e-21
3.548133892336e+01 5.520107854876e-01 -7.590461260678e-02 1.000000000000e+00 0.000000000000e+00 1.000000000000e+00 -2.476097233539e-21
3.981071705535e+01 5.493702726537e-01 -8.475884829902e-02 1.000000000000e+00 0.000000000000e+00 1.000000000000e+00 -2.196267762749e-21
4.466835921510e+01 5.460817805936e-01 -9.453152862057e-02 1.000000000000e+00 0.000000000000e+00 1.000000000000e+00 -1.945708690471e-21
5.011872336273e+01 5.419973942734e-01 -1.052725303623e-01 1.000000000000e+00 0.000000000000e+00 1.000000000000e+00 -1.721144487605e-21
5.623413251903e+01 5.369415512092e-01 -1.170155163445e-01 1.000000000000e+00 0.000000000000e+00 1.000000000000e+00 -1.519662493192e-21
6.309573444802e+01 5.307092302262e-01 -1.297690991259e-01 1.000000000000e+00 0.000000000000e+00 1.000000000000e+00 -1.338679992775e-21
7.079457843841e+01 5.230660294525e-01 -1.435056198621e-01 1.000000000000e+00 0.000000000000e+00 1.000000000000e+00 -1.175916941482e-21
7.943282347243e+01 5.137513796454e-01 -1.581475815965e-01 1.000000000000e+00 0.000000000000e+00 1.000000000000e+00 -1.029373853483e-21
8.912509381337e+01 5.024864633511e-01 -1.735522890012e-01 1.000000000000e+00 0.000000000000e+00 1.000000000000e+00 -8.973141127521e-22
1.000000000000e+02 4.889885818332e-01 -1.894960656705e-01 1.000000000000e+00 0.000000000000e+00 1.000000000000e+00 -7.782494991425e-22
1.122018454302e+02 4.729935076529e-01 -2.056605504332e-01 1.000000000000e+00 0.000000000000e+00 1.000000000000e+00 -6.709270645657e-22
1.258925411794e+02 4.542864896750e-01 -2.216248749558e-01 1.000000000000e+00 0.000000000000e+00 1.000000000000e+00 -5.743147269432e-22
1.412537544623e+02 4.327407661510e-01 -2.368686111669e-01 1.000000000000e+00 0.000000000000e+00 1.000000000000e+00 -4.875823108029e-22
1.584893192461e+02 4.083596384170e-01 -2.507905753782e-01 1.000000000000e+00 0.000000000000e+00 1.000000000000e+00 -4.100746682643e-22
1.778279410039e+02 3.813148164266e-01 -2.627470525651e-01 1.000000000000e+00 0.000000000000e+00 1.000000000000e+00 -3.412744789478e-22
1.995262314969e+02 3.519710337916e-01 -2.721091737136e-01 1.000000000000e+00 0.000000000000e+00 1.000000000000e+00 -2.807547129660e-22
2.238721138568e+02 3.208865626298e-01 -2.783333465592e-01 1.000000000000e+00 0.000000000000e+00 1.000000000000e+00 -2.281243596375e-22
2.511886431510e+02 2.887827329781e-01 -2.810324995342e-01 1.000000000000e+00 0.000000000000e+00 1.000000000000e+00 -1.829748306154e-22
2.818382931264e+02 2.564829445049e-01 -2.800322700975e-01 1.000000000000e+00 0.000000000000e+00 1.000000000000e+00 -1.448367004494e-22
3.162277660168e+02 2.248307743658e-01 -2.753977352683e-01 1.000000000000e+00 0.000000000000e+00 1.000000000000e+00 -1.131555573067e-22
3.548133892336e+02 1.946037982631e-01 -2.674233337450e-01 1.000000000000e+00 0.000000000000e+00 1.000000000000e+00 -8.729139704942e-23
3.981071705535e+02 1.664412464908e-01 -2.565887864945e-01 1.000000000000e+00 0.000000000000e+00 1.000000000000e+00 -6.653973872551e-23
4.466835921510e+02 1.407988403115e-01 -2.434927757495e-01 1.000000000000e+00 0.000000000000e+00 1.000000000000e+00 -5.016712458425e-23
5.011872336273e+02 1.179354976948e-01 -2.287803049434e-01 1.000000000000e+00 0.000000000000e+00 1.000000000000e+00 -3.745110841767e-23
5.623413251903e+02 9.792801065840e-02 -2.130781493049e-01 1.000000000000e+00 0.000000000000e+00 1.000000000000e+00 -2.771577734958e-23
6.309573444802e+02 8.070439831148e-02 -1.969474456086e-01 1.000000000000e+00 0.000000000000e+00 1.000000000000e+00 -2.035716682419e-23
7.079457843841e+02 6.608536372138e-02 -1.808561981992e-01 1.000000000000e+00 0.000000000000e+00 1.000000000000e+00 -1.485680476427e-23
7.943282347243e+02 5.382513858022e-02 -1.651696055829e-01 1.000000000000e+00 0.000000000000e+00 1.000000000000e+00 -1.078463095375e-23
8.912509381337e+02 4.364624292454e-02 -1.501535670670e-01 1.000000000000e+00 0.000000000000e+00 1.000000000000e+00 -7.794118369598e-24
1.000000000000e+03 3.526583057178e-02 -1.359862217419e-01 1.000000000000e+00 0.000000000000e+00 1.000000000000e+00 -5.612731257740e-24
1.122018454302e+03 2.841358203537e-02 -1.227731614932e-01 1.000000000000e+00 0.000000000000e+00 1.000000000000e+00 -4.030381153302e-24
1.258925411794e+03 2.284238153753e-02 -1.105632175175e-01 1.000000000000e+00 0.000000000000e+00 1.000000000000e+00 -2.887762769446e-24
1.412537544623e+03 1.833348990864e-02 -9.936296541033e-02 1.000000000000e+00 0.000000000000e+00 1.000000000000e+00 -2.065690610627e-24
1.584893192461e+03 1.469789272593e-02 -8.914905812974e-02 1.000000000000e+00 0.000000000000e+00 1.000000000000e+00 -1.475962097315e-24
1.778279410039e+03 1.177522782691e-02 -7.987814370764e-02 1.000000000000e+00 0.000000000000e+00 1.000000000000e+00 -1.053875844317e-24
1.995262314969e+03 9.431351312135e-03 -7.149450530345e-02 1.000000000000e+00 0.000000000000e+00 1.000000000000e+00 -7.523051831839e-25
2.238721138568e+03 7.555276600329e-03 -6.393572884401e-02 1.000000000000e+00 0.000000000000e+00 1.000000000000e+00 -5.371189813028e-25
2.511886431510e+03 6.055961845744e-03 -5.713676749116e-02 1.000000000000e+00 0.000000000000e+00 1.000000000000e+00 -3.837101275103e-25
2.818382931264e+03 4.859227402659e-03 -5.103275299944e-02 1.000000000000e+00 0.000000000000e+00 1.000000000000e+00 -2.744020523832e-25
3.162277660168e+03 3.904952437941e-03 -4.556085881021e-02 1.000000000000e+00 0.000000000000e+00 1.000000000000e+00 -1.965331795071e-25
3.548133892336e+03 3.144614006130e-03 -4.066146764335e-02 1.000000000000e+00 0.000000000000e+00 1.000000000000e+00 -1.410546722244e-25
3.981071705535e+03 2.539178897100e-03 -3.627883669270e-02 1.000000000000e+00 0.000000000000e+00 1.000000000000e+00 -1.015110761020e-25
4.466835921510e+03 2.057329796483e-03 -3.236141443340e-02 1.000000000000e+00 0.000000000000e+00 1.000000000000e+00 -7.330338799859e-26
5.011872336273e+03 1.673992030683e-03 -2.886191737591e-02 1.000000000000e+00 0.000000000000e+00 1.000000000000e+00 -5.315859792584e-26
5.623413251903e+03 1.369122061745e-03 -2.573724806706e-02 1.000000000000e+00 0.000000000000e+00 1.000000000000e+00 -3.874916070752e-26
6.309573444802e+03 1.126718892515e-03 -2.294831545604e-02 1.000000000000e+00 0.000000000000e+00 1.000000000000e+00 -2.842076136962e-26
7.079457843841e+03 9.340218875521e-04 -2.045979510871e-02 1.000000000000e+00 0.000000000000e+00 1.000000000000e+00 -2.099796391743e-26
7.943282347243e+03 7.808628921220e-04 -1.823985961707e-02 1.000000000000e+00 0.000000000000e+00 1.000000000000e+00 -1.564569704631e-26
8.912509381337e+03 6.591448040130e-04 -1.625989822582e-02 1.000000000000e+00 0.000000000000e+00 1.000000000000e+00 -1.177066405020e-26
1.000000000000e+04 5.624230683098e-04 -1.449423813865e-02 1.000000000000e+00 0.000000000000e+00 1.000000000000e+00 -8.951241143042e-27
1.122018454302e+04 4.855704967618e-04 -1.291987522741e-02 1.000000000000e+00 0.000000000000e+00 1.000000000000e+00 -6.887671453435e-27
1.258925411794e+04 4.245093116991e-04 -1.151621995487e-02 1.000000000000e+00 0.000000000000e+00 1.000000000000e+00 -5.366700418666e-27
1.412537544623e+04 3.759971871043e-04 -1.026486003355e-02 1.000000000000e+00 0.000000000000e+00 1.000000000000e+00 -4.236475776811e-27
1.584893192461e+04 3.374566121205e-04 -9.149341812774e-03 1.000000000000e+00 0.000000000000e+00 1.000000000000e+00 -3.388738632577e-27
1.778279410039e+04 3.068389104678e-04 -8.154970169922e-03 1.000000000000e+00 0.000000000000e+00 1.000000000000e+00 -2.746189887719e-27
1.995262314969e+04 2.825159406391e-04 -7.268626139473e-03 1.000000000000e+00 0.000000000000e+00 1.000000000000e+00 -2.253528677290e-27
2.238721138568e+04 2.631939090602e-04 -6.478602179786e-03 1.000000000000e+00 0.000000000000e+00 1.000000000000e+00 -1.871095550802e-27
2.511886431510e+04 2.478447885695e-04 -5.774453153475e-03 1.000000000000e+00 0.000000000000e+00 1.000000000000e+00 -1.570362526171e-27
2.818382931264e+04 2.356517772646e-04 -5.146862355673e-03 1.000000000000e+00 0.000000000000e+00 1.000000000000e+00 -1.330732768213e-27
3.162277660168e+04 2.259659280226e-04 -4.587521097534e-03 1.000000000000e+00 0.000000000000e+00 1.000000000000e+00 -1.137268711983e-27
3.548133892336e+04 2.182716699202e-04 -4.089020733473e-03 1.000000000000e+00 0.000000000000e+00 1.000000000000e+00 -9.790784750192e-28
3.981071705535e+04 2.121594055614e-04 -3.644756032934e-03 1.000000000000e+00 0.000000000000e+00 1.000000000000e+00 -8.481690513532e-28
4.466835921510e+04 2.073037288642e-04 -3.248838636493e-03 1.000000000000e+00 0.000000000000e+00 1.000000000000e+00 -7.386305149748e-28
5.011872336273e+04 2.034461171834e-04 -2.896019754901e-03 1.000000000000e+00 0.000000000000e+00 1.000000000000e+00 -6.460550674494e-28
5.623413251903e+04 2.003811747120e-04 -2.581621060653e-03 1.000000000000e+00 0.000000000000e+00 1.000000000000e+00 -5.671227247469e-28
6.309573444802e+04 1.979457080027e-04 -2.301473109137e-03 1.000000000000e+00 0.000000000000e+00 1.000000000000e+00 -4.993053519079e-28
7.079457843841e+04 1.960100320627e-04 -2.051860168451e-03 1.000000000000e+00 0.000000000000e+00 1.000000000000e+00 -4.406547250723e-28
7.943282347243e+04 1.944710756552e-04 -1.829471245591e-03 1.000000000000e+00 0.000000000000e+00 1.000000000000e+00 -3.896504193845e-28
8.912509381337e+04 1.932468903697e-04 -1.631356230679e-03 1.000000000000e+00 0.000000000000e+00 1.000000000000e+00 -3.450902156006e-28
1.000000000000e+05 1.922722868594e-04 -1.454886848414e-03 1.000000000000e+00 0.000000000000e+00 1.000000000000e+00 -3.060108487325e-28
1.122018454302e+05 1.914953658629e-04 -1.297721876581e-03 1.000000000000e+00 0.000000000000e+00 1.000000000000e+00 -2.716304169456e-28
1.258925411794e+05 1.908747559078e-04 -1.157776135543e-03 1.000000000000e+00 0.000000000000e+00 1.000000000000e+00 -2.413062809725e-28
1.412537544623e+05 1.903774083321e-04 -1.033192835429e-03 1.000000000000e+00 0.000000000000e+00 1.000000000000e+00 -2.145040725071e-28
1.584893192461e+05 1.899768376832e-04 -9.223189671430e-04 1.000000000000e+00 0.000000000000e+00 1.000000000000e+00 -1.907747028890e-28
1.778279410039e+05 1.896517133298e-04 -8.236833961143e-04 1.000000000000e+00 0.000000000000e+00 1.000000000000e+00 -1.697371485712e-28
1.995262314969e+05 1.893847208327e-04 -7.359773365065e-04 1.000000000000e+00 0.000000000000e+00 1.000000000000e+00 -1.510654225285e-28
2.238721138568e+05 1.891616433386e-04 -6.580370050200e-04 1.000000000000e+00 0.000000000000e+00 1.000000000000e+00 -1.344786095153e-28
2.511886431510e+05 1.889706021457e-04 -5.888281743544e-04 1.000000000000e+00 0.000000000000e+00 1.000000000000e+00 -1.197331418064e-28
2.818382931264e+05 1.888014246186e-04 -5.274324412928e-04 1.000000000000e+00 0.000000000000e+00 1.000000000000e+00 -1.066167398955e-28
3.162277660168e+05 1.886451035088e-04 -4.730350499526e-04 1.000000000000e+00 0.000000000000e+00 1.000000000000e+00 -9.494359426967e-29
3.548133892336e+05 1.884933169903e-04 -4.249140576053e-04 1.000000000000e+00 0.000000000000e+00 1.000000000000e+00 -8.455048216641e-29
3.981071705535e+05 1.883379878732e-04 -3.824307555255e-04 1.000000000000e+00 0.000000000000e+00 1.000000000000e+00 -7.529359920931e-29
4.466835921510e+05 1.881708529054e-04 -3.450211574746e-04 1.000000000000e+00 0.000000000000e+00 1.000000000000e+00 -6.704594015082e-29
5.011872336273e+05 1.879830227155e-04 -3.121884897790e-04 1.000000000000e+00 0.000000000000e+00 1.000000000000e+00 -5.969511047995e-29
5.623413251903e+05 1.877645159920e-04 -2.834965621717e-04 1.000000000000e+00 0.000000000000e+00 1.000000000000e+00 -5.314148101647e-29
6.309573444802e+05 1.875037288579e-04 -2.585639081964e-04 1.000000000000e+00 0.000000000000e+00 1.000000000000e+00 -4.729661292789e-29
7.079457843841e+05 1.871868233906e-04 -2.370586380680e-04 1.000000000000e+00 0.000000000000e+00 1.000000000000e+00 -4.208190638524e-29
7.943282347243e+05 1.867970055492e-04 -2.186939099616e-04 1.000000000000e+00 0.000000000000e+00 1.000000000000e+00 -3.742743300349e-29
8.912509381337e+05 1.863136447911e-04 -2.032239484007e-04 1.000000000000e+00 0.000000000000e+00 1.000000000000e+00 -3.327091873370e-29
1.000000000000e+06 1.857112037197e-04 -1.904405262077e-04 1.000000000000e+00 0.000000000000e+00 1.000000000000e+00 -2.955685605953e-29
1.122018454302e+06 1.849579204420e-04 -1.801698523022e-04 1.000000000000e+00 0.000000000000e+00 1.000000000000e+00 -2.623572472402e-29
1.258925411794e+06 1.840141919745e-04 -1.722697782491e-04 1.000000000000e+00 0.000000000000e+00 1.000000000000e+00 -2.326330692623e-29
1.412537544623e+06 1.828305666999e-04 -1.666272051765e-04 1.000000000000e+00 0.000000000000e+00 1.000000000000e+00 -2.060008142747e-29
1.584893192461e+06 1.813452865827e-04 -1.631556153345e-04 1.000000000000e+00 0.000000000000e+00 1.000000000000e+00 -1.821069009782e-29
1.778279410039e+06 1.794812719754e-04 -1.617925523793e-04 1.000000000000e+00 0.000000000000e+00 1.000000000000e+00 -1.606346644180e-29
1.995262314969e+06 1.771424422991e-04 -1.624968830699e-04 1.000000000000e+00 0.000000000000e+00 1.000000000000e+00 -1.413001945246e-29
2.238721138568e+06 1.742092717811e-04 -1.652455823824e-04 1.000000000000e+00 0.000000000000e+00 1.000000000000e+00 -1.238486842275e-29
2.511886431510e+06 1.705334835364e-04 -1.700297277645e-04 1.000000000000e+00 0.000000000000e+00 1.000000000000e+00 -1.080512499571e-29
2.818382931264e+06 1.659318076306e-04 -1.768492551033e-04 1.000000000000e+00 0.000000000000e+00 1.000000000000e+00 -9.370219748219e-30
3.162277660168e+06 1.601788022526e-04 -1.857059082431e-04 1.000000000000e+00 0.000000000000e+00 1.000000000000e+00 -8.061672913214e-30
3.548133892336e+06 1.529988662681e-04 -1.965936365708e-04 1.000000000000e+00 0.000000000000e+00 1.000000000000e+00 -6.862910643430e-30
3.981071705535e+06 1.440577737495e-04 -2.094854858222e-04 1.000000000000e+00 0.000000000000e+00 1.000000000000e+00 -5.759129319668e-30
4.466835921510e+06 1.329544287253e-04 -2.243158240012e-04 1.000000000000e+00 0.000000000000e+00 1.000000000000e+00 -4.737213300289e-30
5.011872336273e+06 1.192140712700e-04 -2.409565476966e-04 1.000000000000e+00 0.000000000000e+00 1.000000000000e+00 -3.785712694917e-30
5.623413251903e+06 1.022849780190e-04 -2.591858425895e-04 1.000000000000e+00 0.000000000000e+00 1.000000000000e+00 -2.894889478424e-30
6.309573444802e+06 8.154185264605e-05 -2.786482548172e-04 1.000000000000e+00 0.000000000000e+00 1.000000000000e+00 -2.056840930853e-30
7.079457843841e+06 5.630055341427e-05 -2.988054928306e-04 1.000000000000e+00 0.000000000000e+00 1.000000000000e+00 -1.265705873577e-30
7.943282347243e+06 2.585057098700e-05 -3.188789019467e-04 1.000000000000e+00 0.000000000000e+00 1.000000000000e+00 -5.179529034061e-31
8.912509381337e+06 -1.048660641704e-05 -3.377873783078e-04 1.000000000000e+00 0.000000000000e+00 1.000000000000e+00 1.872643467872e-31
1.000000000000e+07 -5.326413232127e-05 -3.540890747670e-04 1.000000000000e+00 0.000000000000e+00 1.000000000000e+00 8.477249948431e-31
1.122018454302e+07 -1.027732828355e-04 -3.659418815897e-04 1.000000000000e+00 0.000000000000e+00 1.000000000000e+00 1.457808106305e-30
1.258925411794e+07 -1.588603697952e-04 -3.711058946594e-04 1.000000000000e+00 0.000000000000e+00 1.000000000000e+00 2.008332890690e-30
1.412537544623e+07 -2.207044931465e-04 -3.670190300389e-04 1.000000000000e+00 0.000000000000e+00 1.000000000000e+00 2.486745303201e-30
1.584893192461e+07 -2.865818497987e-04 -3.509807194384e-04 1.000000000000e+00 0.000000000000e+00 1.000000000000e+00 2.877854369799e-30
1.778279410039e+07 -3.536673597690e-04 -3.204719120540e-04 1.000000000000e+00 0.000000000000e+00 1.000000000000e+00 3.165301706792e-30
1.995262314969e+07 -4.179500538756e-04 -2.736155946688e-04 1.000000000000e+00 0.000000000000e+00 1.000000000000e+00 3.333838189635e-30
2.238721138568e+07 -4.743526532584e-04 -2.097372815889e-04 1.000000000000e+00 0.000000000000e+00 1.000000000000e+00 3.372263219130e-30
2.511886431510e+07 -5.171313305351e-04 -1.299255756992e-04 1.000000000000e+00 0.000000000000e+00 1.000000000000e+00 3.276581554402e-30
2.818382931264e+07 -5.405759064785e-04 -3.743911587569e-05 1.000000000000e+00 0.000000000000e+00 1.000000000000e+00 3.052648619108e-30
3.162277660168e+07 -5.399369766552e-04 6.221119790429e-05 1.000000000000e+00 0.000000000000e+00 1.000000000000e+00 2.717460262114e-30
3.548133892336e+07 -5.124024519581e-04 1.616296952734e-04 1.000000000000e+00 0.000000000000e+00 1.000000000000e+00 2.298430260980e-30
3.981071705535e+07 -4.578785877981e-04 2.523655792700e-04 1.000000000000e+00 0.000000000000e+00 1.000000000000e+00 1.830503089977e-30
4.466835921510e+07 -3.793428636043e-04 3.260714219886e-04 1.000000000000e+00 0.000000000000e+00 1.000000000000e+00 1.351612034338e-30
5.011872336273e+07 -2.826392567744e-04 3.757383178925e-04 1.000000000000e+00 0.000000000000e+00 1.000000000000e+00 8.975375230910e-31
5.623413251903e+07 -1.757460124809e-04 3.967197565663e-04 1.000000000000e+00 0.000000000000e+00 1.000000000000e+00 4.973998061687e-31
6.309573444802e+07 -6.769575313561e-05 3.873225893767e-04 1.000000000000e+00 0.000000000000e+00 1.000000000000e+00 1.707581951794e-31
7.079457843841e+07 3.259434812416e-05 3.488810004097e-04 1.000000000000e+00 0.000000000000e+00 1.000000000000e+00 -7.327611429074e-32
7.943282347243e+07 1.173423751459e-04 2.853747789757e-04 1.000000000000e+00 0.000000000000e+00 1.000000000000e+00 -2.351121138870e-31
8.912509381337e+07 1.806206848903e-04 2.027480372272e-04 1.000000000000e+00 0.000000000000e+00 1.000000000000e+00 -3.225429965339e-31
1.000000000000e+08 2.187317107160e-04 1.081051808983e-04 1.000000000000e+00 0.000000000000e+00 1.000000000000e+00 -3.481223297140e-31
1.122018454302e+08 2.302786150675e-04 8.924039528923e-06 1.000000000000e+00 0.000000000000e+00 1.000000000000e+00 -3.266432894737e-31
1.258925411794e+08 2.160024823666e-04 -8.763110256043e-05 1.000000000000e+00 0.000000000000e+00 1.000000000000e+00 -2.730730706259e-31
1.412537544623e+08 1.784549882612e-04 -1.752585978213e-04 1.000000000000e+00 0.000000000000e+00 1.000000000000e+00 -2.010707156726e-31
1.584893192461e+08 1.215609133834e-04 -2.489130529071e-04 1.000000000000e+00 0.000000000000e+00 1.000000000000e+00 -1.220714452164e-31
1.778279410039e+08 5.011846874010e-05 -3.050304221460e-04 1.000000000000e+00 0.000000000000e+00 1.000000000000e+00 -4.485572961793e-32
1.995262314969e+08 -3.070866755475e-05 -3.415774051560e-04 1.000000000000e+00 0.000000000000e+00 1.000000000000e+00 2.449520647204e-32
2.238721138568e+08 -1.158460227416e-04 -3.579364464312e-04 1.000000000000e+00 0.000000000000e+00 1.000000000000e+00 8.235714059789e-32
2.511886431510e+08 -2.006533351776e-04 -3.546658815319e-04 1.000000000000e+00 0.000000000000e+00 1.000000000000e+00 1.271354060470e-31
2.818382931264e+08 -2.811278069044e-04 -3.331989160756e-04 1.000000000000e+00 0.000000000000e+00 1.000000000000e+00 1.587537293569e-31
3.162277660168e+08 -3.539698234861e-04 -2.955512095129e-04 1.000000000000e+00 0.000000000000e+00 1.000000000000e+00 1.781502232482e-31
3.548133892336e+08 -4.165485116815e-04 -2.440907509803e-04 1.000000000000e+00 0.000000000000e+00 1.000000000000e+00 1.868468233820e-31
3.981071705535e+08 -4.668214387989e-04 -1.813930741861e-04 1.000000000000e+00 0.000000000000e+00 1.000000000000e+00 1.866254742984e-31
4.466835921510e+08 -5.032595051726e-04 -1.101731009229e-04 1.000000000000e+00 0.000000000000e+00 1.000000000000e+00 1.793131409204e-31
5.011872336273e+08 -5.248100078435e-04 -3.326324062020e-05 1.000000000000e+00 0.000000000000e+00 1.000000000000e+00 1.666564934783e-31
5.623413251903e+08 -5.309076013325e-04 4.639990753710e-05 1.000000000000e+00 0.000000000000e+00 1.000000000000e+00 1.502585090088e-31
6.309573444802e+08 -5.215226398883e-04 1.258130988650e-04 1.000000000000e+00 0.000000000000e+00 1.000000000000e+00 1.315507407889e-31
7.079457843841e+08 -4.972228508302e-04 2.019892717795e-04 1.000000000000e+00 0.000000000000e+00 1.000000000000e+00 1.117818288822e-31
7.943282347243e+08 -4.592175412545e-04 2.720918509393e-04 1.000000000000e+00 0.000000000000e+00 1.000000000000e+00 9.201075632234e-32
8.912509381337e+08 -4.093531029228e-04 3.336105022647e-04 1.000000000000e+00 0.000000000000e+00 1.000000000000e+00 7.310014162407e-32
1.000000000000e+09 -3.500354844146e-04 3.845521046625e-04 1.000000000000e+00 0.000000000000e+00 1.000000000000e+00 5.570987760214e-32
