# freq_hz rev(vout) imv(vout) rev(vinp) imv(vinp) rev(vinn) imv(vinn)
1.000000000000e-01 6.254659129535e-01 -2.545507540352e-04 1.000000000000e+00 0.000000000000e+00 1.000000000000e+00 -9.954599177907e-19
1.122018454302e-01 6.254658866590e-01 -2.856106315831e-04 1.000000000000e+00 0.000000000000e+00 1.000000000000e+00 -8.872045483146e-19
1.258925411794e-01 6.254658526036e-01 -3.204603819395e-04 1.000000000000e+00 0.000000000000e+00 1.000000000000e+00 -7.907218429447e-19
1.412537544623e-01 6.254658104272e-01 -3.595624381811e-04 1.000000000000e+00 0.000000000000e+00 1.000000000000e+00 -7.047315368209e-19
1.584893192461e-01 6.254657569898e-01 -4.034356566514e-04 1.000000000000e+00 0.000000000000e+00 1.000000000000e+00 -6.280925896571e-19
1.778279410039e-01 6.254656886861e-01 -4.526622024482e-04 1.000000000000e+00 0.000000000000e+00 1.000000000000e+00 -5.597880486456e-19
1.995262314969e-01 6.254656043441e-01 -5.078952762272e-04 1.000000000000e+00 0.000000000000e+00 1.000000000000e+00 -4.989115562428e-19
2.238721138568e-01 6.254654979546e-01 -5.698677758152e-04 1.000000000000e+00 0.000000000000e+00 1.000000000000e+00 -4.446553168935e-19
2.511886431510e-01 6.254653628793e-01 -6.394020228644e-04 1.000000000000e+00 0.000000000000e+00 1.000000000000e+00 -3.962993827605e-19
2.818382931264e-01 6.254651941416e-01 -7.174206757718e-04 1.000000000000e+00 0.000000000000e+00 1.000000000000e+00 -3.532021013821e-19
3.162277660168e-01 6.254649808536e-01 -8.049589631764e-04 1.000000000000e+00 0.000000000000e+00 1.000000000000e+00 -3.147915968526e-19
3.548133892336e-01 6.254647125581e-01 -9.031784240946e-04 1.000000000000e+00 0.000000000000e+00 1.000000000000e+00 -2.805581856675e-19
3.981071705535e-01 6.254643745574e-01 -1.013382311614e-03 1.000000000000e+00 0.000000000000e+00 1.000000000000e+00 -2.500476110398e-19
4.466835921510e-01 6.254639489530e-01 -1.137032880957e-03 1.000000000000e+00 0.000000000000e+00 1.000000000000e+00 -2.228550162775e-19
5.011872336273e-01 6.254634143758e-01 -1.275770784939e-03 1.000000000000e+00 0.000000000000e+00 1.000000000000e+00 -1.986195725690e-19
5.623413251903e-01 6.254627399663e-01 -1.431436820283e-03 1.000000000000e+00 0.000000000000e+00 1.000000000000e+00 -1.770196895095e-19
6.309573444802e-01 6.254618912182e-01 -1.606096348452e-03 1.000000000000e+00 0.000000000000e+00 1.000000000000e+00 -1.577687502526e-19
7.079457843841e-01 6.254608236591e-01 -1.802066665764e-03 1.000000000000e+00 0.000000000000e+00 1.000000000000e+00 -1.406113066713e-19
7.943282347243e-01 6.254594789812e-01 -2.021947706834e-03 1.000000000000e+00 0.000000000000e+00 1.000000000000e+00 -1.253196895605e-19
8.912509381337e-01 6.254577863158e-01 -2.268656499380e-03 1.000000000000e+00 0.000000000000e+00 1.000000000000e+00 -1.116909886173e-19
1.000000000000e+00 6.254556551220e-01 -2.545465783196e-03 1.000000000000e+00 0.000000000000e+00 1.000000000000e+00 -9.954435919803e-20
1.122018454302e+00 6.254529718561e-01 -2.856047327440e-03 1.000000000000e+00 0.000000000000e+00 1.000000000000e+00 -8.871862290779e-20
1.258925411794e+00 6.254495940922e-01 -3.204520497150e-03 1.000000000000e+00 0.000000000000e+00 1.000000000000e+00 -7.907012887584e-20
1.412537544623e+00 6.254453423107e-01 -3.595506686457e-03 1.000000000000e+00 0.000000000000e+00 1.000000000000e+00 -7.047084747452e-20
1.584893192461e+00 6.254399884426e-01 -4.034190312501e-03 1.000000000000e+00 0.000000000000e+00 1.000000000000e+00 -6.280667128900e-20
1.778279410039e+00 6.254332498011e-01 -4.526387197245e-03 1.000000000000e+00 0.000000000000e+00 1.000000000000e+00 -5.597590160419e-20
1.995262314969e+00 6.254247660639e-01 -5.078621058566e-03 1.000000000000e+00 0.000000000000e+00 1.000000000000e+00 -4.988789809990e-20
2.238721138568e+00 6.254140869817e-01 -5.698209226608e-03 1.000000000000e+00 0.000000000000e+00 1.000000000000e+00 -4.446187678714e-20
2.511886431510e+00 6.254006419776e-01 -6.393358427277e-03 1.000000000000e+00 0.000000000000e+00 1.000000000000e+00 -3.962583751143e-20
2.818382931264e+00 6.253837162565e-01 -7.173271948879e-03 1.000000000000e+00 0.000000000000e+00 1.000000000000e+00 -3.531560905717e-20
3.162277660168e+00 6.253624105860e-01 -8.048269234231e-03 1.000000000000e+00 0.000000000000e+00 1.000000000000e+00 -3.147399740520e-20
3.548133892336e+00 6.253355894023e-01 -9.029919204633e-03 1.000000000000e+00 0.000000000000e+00 1.000000000000e+00 -2.805002662473e-20
3.981071705535e+00 6.253018277604e-01 -1.013118883727e-02 1.000000000000e+00 0.000000000000e+00 1.000000000000e+00 -2.499826282329e-20
4.466835921510e+00 6.252593288335e-01 -1.136660805045e-02 1.000000000000e+00 0.000000000000e+00 1.000000000000e+00 -2.227821094140e-20
5.011872336273e+00 6.252058354423e-01 -1.275245259718e-02 1.000000000000e+00 0.000000000000e+00 1.000000000000e+00 -1.985377768711e-20
5.623413251903e+00 6.251385023254e-01 -1.430694576319e-02 1.000000000000e+00 0.000000000000e+00 1.000000000000e+00 -1.769279231420e-20
6.309573444802e+00 6.250537566853e-01 -1.605048046035e-02 1.000000000000e+00 0.000000000000e+00 1.000000000000e+00 -1.576658009322e-20
7.079457843841e+00 6.249471006851e-01 -1.800586152706e-02 1.000000000000e+00 0.000000000000e+00 1.000000000000e+00 -1.404958154094e-20
7.943282347243e+00 6.248128803033e-01 -2.019856879848e-02 1.000000000000e+00 0.000000000000e+00 1.000000000000e+00 -1.251901343319e-20
8.912509381337e+00 6.246439890885e-01 -2.265703934460e-02 1.000000000000e+00 0.000000000000e+00 1.000000000000e+00 -1.115456649588e-20
1.000000000000e+01 6.244314978518e-01 -2.541296610170e-02 1.000000000000e+00 0.000000000000e+00 1.000000000000e+00 -9.938135950404e-21
1.122018454302e+01 6.241641917775e-01 -2.850160760720e-02 1.000000000000e+00 0.000000000000e+00 1.000000000000e+00 -8.853581332818e-21
1.258925411794e+01 6.238279994866e-01 -3.196210027718e-02 1.000000000000e+00 0.000000000000e+00 1.000000000000e+00 -7.886512483656e-21
1.412537544623e+01 6.234052728800e-01 -3.583775870710e-02 1.000000000000e+00 0.000000000000e+00 1.000000000000e+00 -7.024098658924e-21
1.584893192461e+01 6.228739052645e-01 -4.017634366740e-02 1.000000000000e+00 0.000000000000e+00 1.000000000000e+00 -6.254898526711e-21
1.778279410039e+01 6.222062410581e-01 -4.503026628798e-02 1.000000000000e+00 0.000000000000e+00 1.000000000000e+00 -5.568708625241e-21
1.995262314969e+01 6.213677338810e-01 -5.045668304492e-02 1.000000000000e+00 0.000000000000e+00 1.000000000000e+00 -4.956428314222e-21
2.238721138568e+01 6.203153249635e-01 -5.651741865650e-02 1.000000000000e+00 0.000000000000e+00 1.000000000000e+00 -4.409939609900e-21
2.511886431510e+01 6.189954798615e-01 -6.327862636438e-02 1.000000000000e+00 0.000000000000e+00 1.000000000000e+00 -3.922000180297e-21
2.818382931264e+01 6.173418608252e-01 -7.081006409242e-02 1.000000000000e+00 0.000000000000e+00 1.000000000000e+00 -3.486148303058e-21
3.162277660168e+01 6.152726021160e-01 -7.918382084484e-02 1.000000000000e+00 0.000000000000e+00 1.000000000000e+00 -3.096618529442e-21
3.548133892336e+01 6.126872058040e-01 -8.847227724525e-02 1.000000000000e+00 0.000000000000e+00 1.000000000000e+00 -2.748267126699e-21
3.981071705535e+01 6.094631244468e-01 -9.874502420247e-02 1.000000000000e+00 0.000000000000e+00 1.000000000000e+00 -2.436506450108e-21
4.466835921510e+01 6.054521905033e-01 -1.100644015388e-01 1.000000000000e+00 0.000000000000e+00 1.000000000000e+00 -2.157247560002e-21
5.011872336273e+01 6.004771924181e-01 -1.224792659841e-01 1.000000000000e+00 0.000000000000e+00 1.000000000000e+00 -1.906850513623e-21
5.623413251903e+01 5.943291346863e-01 -1.360165848565e-01 1.000000000000e+00 0.000000000000e+00 1.000000000000e+00 -1.682081955755e-21
6.309573444802e+01 5.867659698183e-01 -1.506705028762e-01 1.000000000000e+00 0.000000000000e+00 1.000000000000e+00 -1.480079522833e-21
7.079457843841e+01 5.775139704796e-01 -1.663887242940e-01 1.000000000000e+00 0.000000000000e+00 1.000000000000e+00 -1.298322627726e-21
7.943282347243e+01 5.662732942769e-01 -1.830564595580e-01 1.000000000000e+00 0.000000000000e+00 1.000000000000e+00 -1.134608968769e-21
8.912509381337e+01 5.527295989027e-01 -2.004788922507e-01 1.000000000000e+00 0.000000000000e+00 1.000000000000e+00 -9.870356831207e-22
1.000000000000e+02 5.365736107417e-01 -2.183641841439e-01 1.000000000000e+00 0.000000000000e+00 1.000000000000e+00 -8.539834248334e-22
1.122018454302e+02 5.175300685800e-01 -2.363104121651e-01 1.000000000000e+00 0.000000000000e+00 1.000000000000e+00 -7.341008367359e-22
1.258925411794e+02 4.953960600777e-01 -2.538012410271e-01 1.000000000000e+00 0.000000000000e+00 1.000000000000e+00 -6.262859658804e-22
1.412537544623e+02 4.700862826377e-01 -2.702160373815e-01 1.000000000000e+00 0.000000000000e+00 1.000000000000e+00 -5.296606511202e-22
1.584893192461e+02 4.416792728677e-01 -2.848596460354e-01 1.000000000000e+00 0.000000000000e+00 1.000000000000e+00 -4.435342385940e-22
1.778279410039e+02 4.104550403714e-01 -2.970143138151e-01 1.000000000000e+00 0.000000000000e+00 1.000000000000e+00 -3.673548049910e-22
1.995262314969e+02 3.769123610412e-01 -3.060109049412e-01 1.000000000000e+00 0.000000000000e+00 1.000000000000e+00 -3.006495182255e-22
2.238721138568e+02 3.417552732867e-01 -3.113096132214e-01 1.000000000000e+00 0.000000000000e+00 1.000000000000e+00 -2.429603229039e-22
2.511886431510e+02 3.058441283435e-01 -3.125742986460e-01 1.000000000000e+00 0.000000000000e+00 1.000000000000e+00 -1.937850542510e-22
2.818382931264e+02 2.701160411196e-01 -3.097227050098e-01 1.000000000000e+00 0.000000000000e+00 1.000000000000e+00 -1.525353516575e-22
3.162277660168e+02 2.354892732089e-01 -3.029391935788e-01 1.000000000000e+00 0.000000000000e+00 1.000000000000e+00 -1.185198957935e-22
3.548133892336e+02 2.027716192537e-01 -2.926464449611e-01 1.000000000000e+00 0.000000000000e+00 1.000000000000e+00 -9.095515136401e-23
3.981071705535e+02 1.725914713137e-01 -2.794439272333e-01 1.000000000000e+00 0.000000000000e+00 1.000000000000e+00 -6.899847032674e-23
4.466835921510e+02 1.453625981312e-01 -2.640289622957e-01 1.000000000000e+00 0.000000000000e+00 1.000000000000e+00 -5.179320763064e-23
5.011872336273e+02 1.212835395949e-01 -2.471180827105e-01 1.000000000000e+00 0.000000000000e+00 1.000000000000e+00 -3.851429874396e-23
5.623413251903e+02 1.003641870372e-01 -2.293825193640e-01 1.000000000000e+00 0.000000000000e+00 1.000000000000e+00 -2.840526875825e-23
6.309573444802e+02 8.246807589834e-02 -2.114048672521e-01 1.000000000000e+00 0.000000000000e+00 1.000000000000e+00 -2.080204318280e-23
7.079457843841e+02 6.735918870727e-02 -1.936574234419e-01 1.000000000000e+00 0.000000000000e+00 1.000000000000e+00 -1.514317633054e-23
7.943282347243e+02 5.474503444095e-02 -1.764983583512e-01 1.000000000000e+00 0.000000000000e+00 1.000000000000e+00 -1.096894515419e-23
8.912509381337e+02 4.431147648665e-02 -1.601800735254e-01 1.000000000000e+00 0.000000000000e+00 1.000000000000e+00 -7.912912308636e-24
1.000000000000e+03 3.574794232649e-02 -1.448642827553e-01 1.000000000000e+00 0.000000000000e+00 1.000000000000e+00 -5.689461726636e-24
1.122018454302e+03 2.876370296583e-02 -1.306395394367e-01 1.000000000000e+00 0.000000000000e+00 1.000000000000e+00 -4.080044754212e-24
1.258925411794e+03 2.309690963018e-02 -1.175383674058e-01 1.000000000000e+00 0.000000000000e+00 1.000000000000e+00 -2.919940532858e-24
1.412537544623e+03 1.851832859299e-02 -1.055524415545e-01 1.000000000000e+00 0.000000000000e+00 1.000000000000e+00 -2.086516952781e-24
1.584893192461e+03 1.483152880383e-02 -9.464516268842e-02 1.000000000000e+00 0.000000000000e+00 1.000000000000e+00 -1.489381829607e-24
1.778279410039e+03 1.187092587332e-02 -8.476158317559e-02 1.000000000000e+00 0.000000000000e+00 1.000000000000e+00 -1.062440762195e-24
1.995262314969e+03 9.498697446948e-03 -7.583592153808e-02 1.000000000000e+00 0.000000000000e+00 1.000000000000e+00 -7.576771436348e-25
2.238721138568e+03 7.601257441814e-03 -6.779706095581e-02 1.000000000000e+00 0.000000000000e+00 1.000000000000e+00 -5.403878467577e-25
2.511886431510e+03 6.085716138793e-03 -6.057243193513e-02 1.000000000000e+00 0.000000000000e+00 1.000000000000e+00 -3.855953810661e-25
2.818382931264e+03 4.876570160108e-03 -5.409065435542e-02 1.000000000000e+00 0.000000000000e+00 1.000000000000e+00 -2.753814031759e-25
3.162277660168e+03 3.912741795550e-03 -4.828325004692e-02 1.000000000000e+00 0.000000000000e+00 1.000000000000e+00 -1.969252117434e-25
3.548133892336e+03 3.145009544719e-03 -4.308568066671e-02 1.000000000000e+00 0.000000000000e+00 1.000000000000e+00 -1.410724144891e-25
3.981071705535e+03 2.533825232569e-03 -3.843790652811e-02 1.000000000000e+00 0.000000000000e+00 1.000000000000e+00 -1.012970477586e-25
4.466835921510e+03 2.047488080378e-03 -3.428461127732e-02 1.000000000000e+00 0.000000000000e+00 1.000000000000e+00 -7.295272417396e-26
5.011872336273e+03 1.660635230938e-03 -3.057520377734e-02 1.000000000000e+00 0.000000000000e+00 1.000000000000e+00 -5.273444492011e-26
5.623413251903e+03 1.353004769685e-03 -2.726367441277e-02 1.000000000000e+00 0.000000000000e+00 1.000000000000e+00 -3.829300595088e-26
6.309573444802e+03 1.108428886714e-03 -2.430836138282e-02 1.000000000000e+00 0.000000000000e+00 1.000000000000e+00 -2.795940770559e-26
7.079457843841e+03 9.140187012500e-04 -2.167166749320e-02 1.000000000000e+00 0.000000000000e+00 1.000000000000e+00 -2.054826762014e-26
7.943282347243e+03 7.595068881615e-04 -1.931975285905e-02 1.000000000000e+00 0.000000000000e+00 1.000000000000e+00 -1.521779917639e-26
8.912509381337e+03 6.367192826910e-04 -1.722222250967e-02 1.000000000000e+00 0.000000000000e+00 1.000000000000e+00 -1.137020078963e-26
1.000000000000e+04 5.391511964412e-04 -1.535182006250e-02 1.000000000000e+00 0.000000000000e+00 1.000000000000e+00 -8.580857799387e-27
1.122018454302e+04 4.616283694028e-04 -1.368413503326e-02 1.000000000000e+00 0.000000000000e+00 1.000000000000e+00 -6.548059577917e-27
1.258925411794e+04 4.000360580316e-04 -1.219732761242e-02 1.000000000000e+00 0.000000000000e+00 1.000000000000e+00 -5.057306449886e-27
1.412537544623e+04 3.511028533005e-04 -1.087187380293e-02 1.000000000000e+00 0.000000000000e+00 1.000000000000e+00 -3.955983672888e-27
1.584893192461e+04 3.122283177635e-04 -9.690330926808e-03 1.000000000000e+00 0.000000000000e+00 1.000000000000e+00 -3.135396150813e-27
1.778279410039e+04 2.813456658669e-04 -8.637123377178e-03 1.000000000000e+00 0.000000000000e+00 1.000000000000e+00 -2.518026874389e-27
1.995262314969e+04 2.568124492389e-04 -7.698348606071e-03 1.000000000000e+00 0.000000000000e+00 1.000000000000e+00 -2.048501113678e-27
2.238721138568e+04 2.373235478618e-04 -6.861601154599e-03 1.000000000000e+00 0.000000000000e+00 1.000000000000e+00 -1.687178233316e-27
2.511886431510e+04 2.218419706939e-04 -6.115814474532e-03 1.000000000000e+00 0.000000000000e+00 1.000000000000e+00 -1.405606789575e-27
2.818382931264e+04 2.095438096820e-04 -5.451118243473e-03 1.000000000000e+00 0.000000000000e+00 1.000000000000e+00 -1.183300279540e-27
3.162277660168e+04 1.997744862407e-04 -4.858710660185e-03 1.000000000000e+00 0.000000000000e+00 1.000000000000e+00 -1.005449249076e-27
3.548133892336e+04 1.920139647412e-04 -4.330743795596e-03 1.000000000000e+00 0.000000000000e+00 1.000000000000e+00 -8.612970243882e-28
3.981071705535e+04 1.858491053493e-04 -3.860221015858e-03 1.000000000000e+00 0.000000000000e+00 1.000000000000e+00 -7.429859590044e-28
4.466835921510e+04 1.809516933142e-04 -3.440905273648e-03 1.000000000000e+00 0.000000000000e+00 1.000000000000e+00 -6.447372806192e-28
5.011872336273e+04 1.770609787016e-04 -3.067237116822e-03 1.000000000000e+00 0.000000000000e+00 1.000000000000e+00 -5.622675140642e-28
5.623413251903e+04 1.739697997696e-04 -2.734261426796e-03 1.000000000000e+00 0.000000000000e+00 1.000000000000e+00 -4.923727340372e-28
6.309573444802e+04 1.715135627254e-04 -2.437562142027e-03 1.000000000000e+00 0.000000000000e+00 1.000000000000e+00 -4.326319608191e-28
7.079457843841e+04 1.695614766913e-04 -2.173203859662e-03 1.000000000000e+00 0.000000000000e+00 1.000000000000e+00 -3.811951108456e-28
7.943282347243e+04 1.680095952704e-04 -1.937679870895e-03 1.000000000000e+00 0.000000000000e+00 1.000000000000e+00 -3.366310853204e-28
8.912509381337e+04 1.667752807243e-04 -1.727865730902e-03 1.000000000000e+00 0.000000000000e+00 1.000000000000e+00 -2.978185960555e-28
1.000000000000e+05 1.657928038468e-04 -1.540977902187e-03 1.000000000000e+00 0.000000000000e+00 1.000000000000e+00 -2.638674426071e-28
1.122018454302e+05 1.650098472345e-04 -1.374536913532e-03 1.000000000000e+00 0.000000000000e+00 1.000000000000e+00 -2.340615053537e-28
1.258925411794e+05 1.643847166974e-04 -1.226334473232e-03 1.000000000000e+00 0.000000000000e+00 1.000000000000e+00 -2.078172383189e-28
1.412537544623e+05 1.638841227969e-04 -1.094404226722e-03 1.000000000000e+00 0.000000000000e+00 1.000000000000e+00 -1.846532740656e-28
1.584893192461e+05 1.634814072366e-04 -9.769956727844e-04 1.000000000000e+00 0.000000000000e+00 1.000000000000e+00 -1.641679968613e-28
1.778279410039e+05 1.631551248753e-04 -8.725509639207e-04 1.000000000000e+00 0.000000000000e+00 1.000000000000e+00 -1.460228604427e-28
1.995262314969e+05 1.628879002361e-04 -7.796842363415e-04 1.000000000000e+00 0.000000000000e+00 1.000000000000e+00 -1.299298558364e-28
2.238721138568e+05 1.626655033359e-04 -6.971632295481e-04 1.000000000000e+00 0.000000000000e+00 1.000000000000e+00 -1.156419997125e-28
2.511886431510e+05 1.624760912732e-04 -6.238929410638e-04 1.000000000000e+00 0.000000000000e+00 1.000000000000e+00 -1.029460278765e-28
2.818382931264e+05 1.623095779558e-04 -5.589010889511e-04 1.000000000000e+00 0.000000000000e+00 1.000000000000e+00 -9.165671334488e-29
3.162277660168e+05 1.621570973312e-04 -5.013252163301e-04 1.000000000000e+00 0.000000000000e+00 1.000000000000e+00 -8.161238946179e-29
3.548133892336e+05 1.620105317799e-04 -4.504012368592e-04 1.000000000000e+00 0.000000000000e+00 1.000000000000e+00 -7.267137528894e-29
3.981071705535e+05 1.618620796122e-04 -4.054532806981e-04 1.000000000000e+00 0.000000000000e+00 1.000000000000e+00 -6.470908332009e-29
4.466835921510e+05 1.617038403724e-04 -3.658847120976e-04 1.000000000000e+00 0.000000000000e+00 1.000000000000e+00 -5.761565001431e-29
5.011872336273e+05 1.615273970611e-04 -3.311701925206e-04 1.000000000000e+00 0.000000000000e+00 1.000000000000e+00 -5.129397151870e-29
5.623413251903e+05 1.613233662729e-04 -3.008486679552e-04 1.000000000000e+00 0.000000000000e+00 1.000000000000e+00 -4.565805504291e-29
6.309573444802e+05 1.610809053018e-04 -2.745172051164e-04 1.000000000000e+00 0.000000000000e+00 1.000000000000e+00 -4.063162516604e-29
7.079457843841e+05 1.607871375236e-04 -2.518255752709e-04 1.000000000000e+00 0.000000000000e+00 1.000000000000e+00 -3.614693142741e-29
7.943282347243e+05 1.604264740119e-04 -2.324715043736e-04 1.000000000000e+00 0.000000000000e+00 1.000000000000e+00 -3.214372248873e-29
8.912509381337e+05 1.599797957065e-04 -2.161965242757e-04 1.000000000000e+00 0.000000000000e+00 1.000000000000e+00 -2.856835734143e-29
1.000000000000e+06 1.594234555578e-04 -2.027823460757e-04 1.000000000000e+00 0.000000000000e+00 1.000000000000e+00 -2.537303099682e-29
1.122018454302e+06 1.587280481772e-04 -1.920476829923e-04 1.000000000000e+00 0.000000000000e+00 1.000000000000e+00 -2.251509623375e-29
1.258925411794e+06 1.578568891468e-04 -1.838454517823e-04 1.000000000000e+00 0.000000000000e+00 1.000000000000e+00 -1.995646761387e-29
1.412537544623e+06 1.567641390864e-04 -1.780602708377e-04 1.000000000000e+00 0.000000000000e+00 1.000000000000e+00 -1.766309697759e-29
1.584893192461e+06 1.553924813789e-04 -1.746061520261e-04 1.000000000000e+00 0.000000000000e+00 1.000000000000e+00 -1.560450991170e-29
1.778279410039e+06 1.536702579615e-04 -1.734242717311e-04 1.000000000000e+00 0.000000000000e+00 1.000000000000e+00 -1.375339613263e-29
1.995262314969e+06 1.515079407754e-04 -1.744806573126e-04 1.000000000000e+00 0.000000000000e+00 1.000000000000e+00 -1.208524689267e-29
2.238721138568e+06 1.487938416559e-04 -1.777636079203e-04 1.000000000000e+00 0.000000000000e+00 1.000000000000e+00 -1.057803716290e-29
2.511886431510e+06 1.453888857704e-04 -1.832805518203e-04 1.000000000000e+00 0.000000000000e+00 1.000000000000e+00 -9.211945074716e-30
2.818382931264e+06 1.411203610725e-04 -1.910540060948e-04 1.000000000000e+00 0.000000000000e+00 1.000000000000e+00 -7.969109799251e-30
3.162277660168e+06 1.357745188801e-04 -2.011161342285e-04 1.000000000000e+00 0.000000000000e+00 1.000000000000e+00 -6.833424559098e-30
3.548133892336e+06 1.290880004660e-04 -2.135012706373e-04 1.000000000000e+00 0.000000000000e+00 1.000000000000e+00 -5.790365863130e-30
3.981071705535e+06 1.207381885377e-04 -2.282355635413e-04 1.000000000000e+00 0.000000000000e+00 1.000000000000e+00 -4.826860942750e-30
4.466835921510e+06 1.103327981108e-04 -2.453226643861e-04 1.000000000000e+00 0.000000000000e+00 1.000000000000e+00 -3.931196603828e-30
5.011872336273e+06 9.739940562929e-05 -2.647241193759e-04 1.000000000000e+00 0.000000000000e+00 1.000000000000e+00 -3.092975203682e-30
5.623413251903e+06 8.137619715105e-05 -2.863328974473e-04 1.000000000000e+00 0.000000000000e+00 1.000000000000e+00 -2.303125067720e-30
6.309573444802e+06 6.160610455268e-05 -3.099383446341e-04 1.000000000000e+00 0.000000000000e+00 1.000000000000e+00 -1.553974472280e-30
7.079457843841e+06 3.733773315972e-05 -3.351809815123e-04 1.000000000000e+00 0.000000000000e+00 1.000000000000e+00 -8.393982883009e-31
7.943282347243e+06 7.738139109790e-06 -3.614961872891e-04 1.000000000000e+00 0.000000000000e+00 1.000000000000e+00 -1.550446069786e-31
8.912509381337e+06 -2.807550205373e-05 -3.880473332761e-04 1.000000000000e+00 0.000000000000e+00 1.000000000000e+00 5.013576693686e-31
1.000000000000e+07 -7.097625029444e-05 -4.136518333097e-04 1.000000000000e+00 0.000000000000e+00 1.000000000000e+00 1.129622107650e-30
1.122018454302e+07 -1.217293060126e-04 -4.367084103752e-04 1.000000000000e+00 0.000000000000e+00 1.000000000000e+00 1.726693593745e-30
1.258925411794e+07 -1.808455123005e-04 -4.551409874455e-04 1.000000000000e+00 0.000000000000e+00 1.000000000000e+00 2.286271843347e-30
1.412537544623e+07 -2.483809144041e-04 -4.663836411335e-04 1.000000000000e+00 0.000000000000e+00 1.000000000000e+00 2.798584041012e-30
1.584893192461e+07 -3.236874764817e-04 -4.674402952619e-04 1.000000000000e+00 0.000000000000e+00 1.000000000000e+00 3.250468999683e-30
1.778279410039e+07 -4.051389167302e-04 -4.550582350491e-04 1.000000000000e+00 0.000000000000e+00 1.000000000000e+00 3.625969061583e-30
1.995262314969e+07 -4.898820707180e-04 -4.260497466320e-04 1.000000000000e+00 0.000000000000e+00 1.000000000000e+00 3.907614176940e-30
2.238721138568e+07 -5.736927463953e-04 -3.777738218780e-04 1.000000000000e+00 0.000000000000e+00 1.000000000000e+00 4.078490832636e-30
2.511886431510e+07 -6.510335521946e-04 -3.087455181176e-04 1.000000000000e+00 0.000000000000e+00 1.000000000000e+00 4.124995726346e-30
2.818382931264e+07 -7.154024802316e-04 -2.192791190268e-04 1.000000000000e+00 0.000000000000e+00 1.000000000000e+00 4.039899609311e-30
3.162277660168e+07 -7.600109353672e-04 -1.120113269920e-04 1.000000000000e+00 0.000000000000e+00 1.000000000000e+00 3.825075156783e-30
3.548133892336e+07 -7.787387340254e-04 7.877445054524e-06 1.000000000000e+00 0.000000000000e+00 1.000000000000e+00 3.493107155989e-30
3.981071705535e+07 -7.672053110492e-04 1.328934198102e-04 1.000000000000e+00 0.000000000000e+00 1.000000000000e+00 3.067126810353e-30
4.466835921510e+07 -7.237146286816e-04 2.539606370950e-04 1.000000000000e+00 0.000000000000e+00 1.000000000000e+00 2.578620808254e-30
5.011872336273e+07 -6.498202772945e-04 3.615586344460e-04 1.000000000000e+00 0.000000000000e+00 1.000000000000e+00 2.063542371266e-30
5.623413251903e+07 -5.503361540007e-04 4.470388281587e-04 1.000000000000e+00 0.000000000000e+00 1.000000000000e+00 1.557572160320e-30
6.309573444802e+07 -4.327658260075e-04 5.038251349348e-04 1.000000000000e+00 0.000000000000e+00 1.000000000000e+00 1.091624037867e-30
7.079457843841e+07 -3.062850982594e-04 5.282356584126e-04 1.000000000000e+00 0.000000000000e+00 1.000000000000e+00 6.885666735875e-31
7.943282347243e+07 -1.805240067661e-04 5.197792574406e-04 1.000000000000e+00 0.000000000000e+00 1.000000000000e+00 3.617054860646e-31
8.912509381337e+07 -6.441664879065e-05 4.809331715551e-04 1.000000000000e+00 0.000000000000e+00 1.000000000000e+00 1.150318909500e-31
1.000000000000e+08 3.467704757626e-05 4.165339029501e-04 1.000000000000e+00 0.000000000000e+00 1.000000000000e+00 -5.519023533595e-32
1.122018454302e+08 1.114840240590e-04 3.329720985948e-04 1.000000000000e+00 0.000000000000e+00 1.000000000000e+00 -1.581367350664e-31
1.258925411794e+08 1.629769418015e-04 2.373699497335e-04 1.000000000000e+00 0.000000000000e+00 1.000000000000e+00 -2.060375114738e-31
1.412537544623e+08 1.882563584811e-04 1.368642753744e-04 1.000000000000e+00 0.000000000000e+00 1.000000000000e+00 -2.121142205020e-31
1.584893192461e+08 1.882534788797e-04 3.805563455864e-05 1.000000000000e+00 0.000000000000e+00 1.000000000000e+00 -1.890441063187e-31
1.778279410039e+08 1.653410046168e-04 -5.336309387122e-05 1.000000000000e+00 0.000000000000e+00 1.000000000000e+00 -1.479792097462e-31
1.995262314969e+08 1.229201648973e-04 -1.328118448972e-04 1.000000000000e+00 0.000000000000e+00 1.000000000000e+00 -9.804902193712e-32
2.238721138568e+08 6.503415459935e-05 -1.968894696599e-04 1.000000000000e+00 0.000000000000e+00 1.000000000000e+00 -4.623401725196e-32
2.511886431510e+08 -3.957770389706e-06 -2.433375444762e-04 1.000000000000e+00 0.000000000000e+00 1.000000000000e+00 2.507671976099e-33
2.818382931264e+08 -7.962952799175e-05 -2.709445138526e-04 1.000000000000e+00 0.000000000000e+00 1.000000000000e+00 4.496703714521e-32
3.162277660168e+08 -1.576653393639e-04 -2.794305410255e-04 1.000000000000e+00 0.000000000000e+00 1.000000000000e+00 7.935172306373e-32
3.548133892336e+08 -2.339860484383e-04 -2.693403137224e-04 1.000000000000e+00 0.000000000000e+00 1.000000000000e+00 1.049566824520e-31
3.981071705535e+08 -3.048512330850e-04 -2.419513704258e-04 1.000000000000e+00 0.000000000000e+00 1.000000000000e+00 1.218731644187e-31
4.466835921510e+08 -3.669559034722e-04 -1.991889196414e-04 1.000000000000e+00 0.000000000000e+00 1.000000000000e+00 1.307476857458e-31
5.011872336273e+08 -4.175260717667e-04 -1.435324225920e-04 1.000000000000e+00 0.000000000000e+00 1.000000000000e+00 1.325878508726e-31
5.623413251903e+08 -4.544060555659e-04 -7.790451628664e-05 1.000000000000e+00 0.000000000000e+00 1.000000000000e+00 1.286068917125e-31
6.309573444802e+08 -4.761278368064e-04 -5.542186892471e-06 1.000000000000e+00 0.000000000000e+00 1.000000000000e+00 1.201001928804e-31
7.079457843841e+08 -4.819573219330e-04 7.014451153459e-05 1.000000000000e+00 0.000000000000e+00 1.000000000000e+00 1.083499497235e-31
7.943282347243e+08 -4.719171631406e-04 1.457223281994e-04 1.000000000000e+00 0.000000000000e+00 1.000000000000e+00 9.455530593069e-32
8.912509381337e+08 -4.467851606734e-04 2.178940047068e-04 1.000000000000e+00 0.000000000000e+00 1.000000000000e+00 7.978456322321e-32
1.000000000000e+09 -4.080608979387e-04 2.836686189290e-04 1.000000000000e+00 0.000000000000e+00 1.000000000000e+00 6.494490898947e-32
