# freq_hz Ad_dB Acm_dB CMRR_dB(Acm clamped at the numerical floor)
1.00000000e-01 9.60046793e+01 -4.84261521e+00 1.00847295e+02
1.12201845e-01 9.60046792e+01 -4.84261535e+00 1.00847295e+02
1.25892541e-01 9.60046790e+01 -4.84261553e+00 1.00847295e+02
1.41253754e-01 9.60046788e+01 -4.84261575e+00 1.00847295e+02
1.58489319e-01 9.60046785e+01 -4.84261604e+00 1.00847295e+02
1.77827941e-01 9.60046781e+01 -4.84261640e+00 1.00847295e+02
1.99526231e-01 9.60046777e+01 -4.84261684e+00 1.00847295e+02
2.23872114e-01 9.60046771e+01 -4.84261741e+00 1.00847295e+02
2.51188643e-01 9.60046764e+01 -4.84261812e+00 1.00847295e+02
2.81838293e-01 9.60046755e+01 -4.84261902e+00 1.00847295e+02
3.16227766e-01 9.60046744e+01 -4.84262014e+00 1.00847295e+02
3.54813389e-01 9.60046729e+01 -4.84262157e+00 1.00847295e+02
3.98107171e-01 9.60046712e+01 -4.84262335e+00 1.00847295e+02
4.46683592e-01 9.60046689e+01 -4.84262560e+00 1.00847295e+02
5.01187234e-01 9.60046661e+01 -4.84262844e+00 1.00847295e+02
5.62341325e-01 9.60046625e+01 -4.84263202e+00 1.00847295e+02
6.30957344e-01 9.60046580e+01 -4.84263650e+00 1.00847295e+02
7.07945784e-01 9.60046524e+01 -4.84264216e+00 1.00847295e+02
7.94328235e-01 9.60046452e+01 -4.84264928e+00 1.00847295e+02
8.91250938e-01 9.60046363e+01 -4.84265825e+00 1.00847295e+02
1.00000000e+00 9.60046250e+01 -4.84266953e+00 1.00847295e+02
1.12201845e+00 9.60046108e+01 -4.84268372e+00 1.00847295e+02
1.25892541e+00 9.60045929e+01 -4.84270162e+00 1.00847295e+02
1.41253754e+00 9.60045704e+01 -4.84272413e+00 1.00847295e+02
1.58489319e+00 9.60045420e+01 -4.84275248e+00 1.00847295e+02
1.77827941e+00 9.60045064e+01 -4.84278815e+00 1.00847295e+02
1.99526231e+00 9.60044614e+01 -4.84283308e+00 1.00847295e+02
2.23872114e+00 9.60044049e+01 -4.84288962e+00 1.00847295e+02
2.51188643e+00 9.60043337e+01 -4.84296081e+00 1.00847295e+02
2.81838293e+00 9.60042441e+01 -4.84305044e+00 1.00847295e+02
3.16227766e+00 9.60041312e+01 -4.84316327e+00 1.00847295e+02
3.54813389e+00 9.60039892e+01 -4.84330531e+00 1.00847295e+02
3.98107171e+00 9.60038104e+01 -4.84348413e+00 1.00847295e+02
4.46683592e+00 9.60035853e+01 -4.84370921e+00 1.00847295e+02
5.01187234e+00 9.60033019e+01 -4.84399258e+00 1.00847295e+02
5.62341325e+00 9.60029452e+01 -4.84434929e+00 1.00847295e+02
6.30957344e+00 9.60024962e+01 -4.84479832e+00 1.00847295e+02
7.07945784e+00 9.60019310e+01 -4.84536355e+00 1.00847295e+02
7.94328235e+00 9.60012195e+01 -4.84607502e+00 1.00847295e+02
8.91250938e+00 9.60003240e+01 -4.84697055e+00 1.00847295e+02
1.00000000e+01 9.59991968e+01 -4.84809769e+00 1.00847295e+02
1.12201845e+01 9.59977783e+01 -4.84951625e+00 1.00847295e+02
1.25892541e+01 9.59959931e+01 -4.85130147e+00 1.00847295e+02
1.41253754e+01 9.59937466e+01 -4.85354787e+00 1.00847295e+02
1.58489319e+01 9.59909202e+01 -4.85637427e+00 1.00847295e+02
1.77827941e+01 9.59873646e+01 -4.85992989e+00 1.00847295e+02
1.99526231e+01 9.59828925e+01 -4.86440201e+00 1.00847295e+02
2.23872114e+01 9.59772690e+01 -4.87002555e+00 1.00847295e+02
2.51188643e+01 9.59701997e+01 -4.87709481e+00 1.00847295e+02
2.81838293e+01 9.59613163e+01 -4.88597817e+00 1.00847295e+02
3.16227766e+01 9.59501586e+01 -4.89713586e+00 1.00847295e+02
3.54813389e+01 9.59361526e+01 -4.91114194e+00 1.00847295e+02
3.98107171e+01 9.59185839e+01 -4.92871056e+00 1.00847295e+02
4.46683592e+01 9.58965669e+01 -4.95072755e+00 1.00847294e+02
5.01187234e+01 9.58690070e+01 -4.97828753e+00 1.00847294e+02
5.62341325e+01 9.58345578e+01 -5.01273666e+00 1.00847294e+02
6.30957344e+01 9.57915739e+01 -5.05572057e+00 1.00847294e+02
7.07945784e+01 9.57380584e+01 -5.10923610e+00 1.00847294e+02
7.94328235e+01 9.56716106e+01 -5.17568384e+00 1.00847294e+02
8.91250938e+01 9.55893780e+01 -5.25791644e+00 1.00847294e+02
1.00000000e+02 9.54880193e+01 -5.35927513e+00 1.00847294e+02
1.12201845e+02 9.53636905e+01 -5.48360391e+00 1.00847294e+02
1.25892541e+02 9.52120668e+01 -5.63522752e+00 1.00847294e+02
1.41253754e+02 9.50284160e+01 -5.81887832e+00 1.00847294e+02
1.58489319e+02 9.48077365e+01 -6.03955778e+00 1.00847294e+02
1.77827941e+02 9.45449699e+01 -6.30232433e+00 1.00847294e+02
1.99526231e+02 9.42352837e+01 -6.61201040e+00 1.00847294e+02
2.23872114e+02 9.38744056e+01 -6.97288850e+00 1.00847294e+02
2.51188643e+02 9.34589694e+01 -7.38832453e+00 1.00847294e+02
2.81838293e+02 9.29868228e+01 -7.86047098e+00 1.00847294e+02
3.16227766e+02 9.24572385e+01 -8.39005512e+00 1.00847294e+02
3.54813389e+02 9.18709886e+01 -8.97630477e+00 1.00847293e+02
3.98107171e+02 9.12302660e+01 -9.61702708e+00 1.00847293e+02
4.46683592e+02 9.05384688e+01 -1.03088239e+01 1.00847293e+02
5.01187234e+02 8.97998916e+01 -1.10474006e+01 1.00847292e+02
5.62341325e+02 8.90193784e+01 -1.18279133e+01 1.00847292e+02
6.30957344e+02 8.82019896e+01 -1.26453014e+01 1.00847291e+02
7.07945784e+02 8.73527213e+01 -1.34945687e+01 1.00847290e+02
7.94328235e+02 8.64762953e+01 -1.43709935e+01 1.00847289e+02
8.91250938e+02 8.55770226e+01 -1.52702647e+01 1.00847287e+02
1.00000000e+03 8.46587321e+01 -1.61885534e+01 1.00847285e+02
1.12201845e+03 8.37247499e+01 -1.71225332e+01 1.00847283e+02
1.25892541e+03 8.27779143e+01 -1.80693658e+01 1.00847280e+02
1.41253754e+03 8.18206131e+01 -1.90266633e+01 1.00847276e+02
1.58489319e+03 8.08548317e+01 -1.99924400e+01 1.00847272e+02
1.77827941e+03 7.98822060e+01 -2.09650599e+01 1.00847266e+02
1.99526231e+03 7.89040737e+01 -2.19431847e+01 1.00847258e+02
2.23872114e+03 7.79215227e+01 -2.29257263e+01 1.00847249e+02
2.51188643e+03 7.69354331e+01 -2.39118042e+01 1.00847237e+02
2.81838293e+03 7.59465143e+01 -2.49007081e+01 1.00847222e+02
3.16227766e+03 7.49553366e+01 -2.58918671e+01 1.00847204e+02
3.54813389e+03 7.39623572e+01 -2.68848231e+01 1.00847180e+02
3.98107171e+03 7.29679420e+01 -2.78792087e+01 1.00847151e+02
4.46683592e+03 7.19723833e+01 -2.88747302e+01 1.00847113e+02
5.01187234e+03 7.09759143e+01 -2.98711523e+01 1.00847067e+02
5.62341325e+03 6.99787212e+01 -3.08682865e+01 1.00847008e+02
6.30957344e+03 6.89809520e+01 -3.18659813e+01 1.00846933e+02
7.07945784e+03 6.79827248e+01 -3.28641150e+01 1.00846840e+02
7.94328235e+03 6.69841335e+01 -3.38625886e+01 1.00846722e+02
8.91250938e+03 6.59852528e+01 -3.48613211e+01 1.00846574e+02
1.00000000e+04 6.49861420e+01 -3.58602453e+01 1.00846387e+02
1.12201845e+04 6.39868484e+01 -3.68593040e+01 1.00846152e+02
1.25892541e+04 6.29874096e+01 -3.78584472e+01 1.00845857e+02
1.41253754e+04 6.19878554e+01 -3.88576293e+01 1.00845485e+02
1.58489319e+04 6.09882094e+01 -3.98568067e+01 1.00845016e+02
1.77827941e+04 5.99884905e+01 -4.08559359e+01 1.00844426e+02
1.99526231e+04 5.89887137e+01 -4.18549703e+01 1.00843684e+02
2.23872114e+04 5.79888908e+01 -4.28538588e+01 1.00842750e+02
2.51188643e+04 5.69890313e+01 -4.38525423e+01 1.00841574e+02
2.81838293e+04 5.59891427e+01 -4.48509509e+01 1.00840094e+02
3.16227766e+04 5.49892308e+01 -4.58490001e+01 1.00838231e+02
3.54813389e+04 5.39893004e+01 -4.68465867e+01 1.00835887e+02
3.98107171e+04 5.29893552e+01 -4.78435830e+01 1.00832938e+02
4.46683592e+04 5.19893981e+01 -4.88398304e+01 1.00829229e+02
5.01187234e+04 5.09894313e+01 -4.98351312e+01 1.00824563e+02
5.62341325e+04 4.99894567e+01 -5.08292387e+01 1.00818695e+02
6.30957344e+04 4.89894756e+01 -5.18218444e+01 1.00811320e+02
7.07945784e+04 4.79894890e+01 -5.28125632e+01 1.00802052e+02
7.94328235e+04 4.69894977e+01 -5.38009143e+01 1.00790412e+02
8.91250938e+04 4.59895020e+01 -5.47862986e+01 1.00775801e+02
1.00000000e+05 4.49895022e+01 -5.57679711e+01 1.00757473e+02
1.12201845e+05 4.39894983e+01 -5.67450084e+01 1.00734507e+02
1.25892541e+05 4.29894901e+01 -5.77162697e+01 1.00705760e+02
1.41253754e+05 4.19894772e+01 -5.86803523e+01 1.00669830e+02
1.58489319e+05 4.09894589e+01 -5.96355426e+01 1.00625002e+02
1.77827941e+05 3.99894343e+01 -6.05797614e+01 1.00569196e+02
1.99526231e+05 3.89894019e+01 -6.15105107e+01 1.00499913e+02
2.23872114e+05 3.79893601e+01 -6.24248229e+01 1.00414183e+02
2.51188643e+05 3.69893067e+01 -6.33192236e+01 1.00308530e+02
2.81838293e+05 3.59892387e+01 -6.41897169e+01 1.00178956e+02
3.16227766e+05 3.49891527e+01 -6.50318074e+01 1.00020960e+02
3.54813389e+05 3.39890439e+01 -6.58405749e+01 9.98296188e+01
3.98107171e+05 3.29889067e+01 -6.66108126e+01 9.95997193e+01
4.46683592e+05 3.19887337e+01 -6.73372392e+01 9.93259729e+01
5.01187234e+05 3.09885157e+01 -6.80147774e+01 9.90032931e+01
5.62341325e+05 2.99882412e+01 -6.86388767e+01 9.86271178e+01
6.30957344e+05 2.89878954e+01 -6.92058413e+01 9.81937366e+01
7.07945784e+05 2.79874600e+01 -6.97131068e+01 9.77005668e+01
7.94328235e+05 2.69869119e+01 -7.01594122e+01 9.71463240e+01
8.91250938e+05 2.59862218e+01 -7.05448256e+01 9.65310474e+01
1.00000000e+06 2.49853532e+01 -7.08706124e+01 9.58559657e+01
1.12201845e+06 2.39842600e+01 -7.11389656e+01 9.51232256e+01
1.25892541e+06 2.29828840e+01 -7.13526440e+01 9.43355279e+01
1.41253754e+06 2.19811523e+01 -7.15145768e+01 9.34957291e+01
1.58489319e+06 2.09789732e+01 -7.16274881e+01 9.26064613e+01
1.77827941e+06 1.99762314e+01 -7.16935837e+01 9.16698151e+01
1.99526231e+06 1.89727822e+01 -7.17143238e+01 9.06871060e+01
2.23872114e+06 1.79684437e+01 -7.16902967e+01 8.96587404e+01
2.51188643e+06 1.69629881e+01 -7.16211961e+01 8.85841842e+01
2.81838293e+06 1.59561296e+01 -7.15059044e+01 8.74620340e+01
3.16227766e+06 1.49475106e+01 -7.13426815e+01 8.62901921e+01
3.54813389e+06 1.39366843e+01 -7.11294524e+01 8.50661367e+01
3.98107171e+06 1.29230930e+01 -7.08641808e+01 8.37872739e+01
4.46683592e+06 1.19060430e+01 -7.05452979e+01 8.24513409e+01
5.01187234e+06 1.08846731e+01 -7.01721431e+01 8.10568163e+01
5.62341325e+06 9.85791887e+00 -6.97453614e+01 7.96032803e+01
6.30957344e+06 8.82447010e+00 -6.92672010e+01 7.80916711e+01
7.07945784e+06 7.78272383e+00 -6.87416741e+01 7.65243979e+01
7.94328235e+06 6.73073282e+00 -6.81745701e+01 7.49053029e+01
8.91250938e+06 5.66615277e+00 -6.75733399e+01 7.32394927e+01
1.00000000e+07 4.58619288e+00 -6.69468958e+01 7.15330887e+01
1.12201845e+07 3.48757662e+00 -6.63053768e+01 6.97929534e+01
1.25892541e+07 2.36652297e+00 -6.56599194e+01 6.80264423e+01
1.41253754e+07 1.21876081e+00 -6.50224578e+01 6.62412186e+01
1.58489319e+07 3.95911082e-02 -6.44055520e+01 6.44451431e+01
1.77827941e+07 -1.17598979e+00 -6.38222282e+01 6.26462385e+01
1.99526231e+07 -2.43309729e+00 -6.32858083e+01 6.08527111e+01
2.23872114e+07 -3.73669883e+00 -6.28097075e+01 5.90730087e+01
2.51188643e+07 -5.09130602e+00 -6.24071946e+01 5.73158886e+01
2.81838293e+07 -6.50065514e+00 -6.20911275e+01 5.55904724e+01
3.16227766e+07 -7.96742647e+00 -6.18736982e+01 5.39062717e+01
3.54813389e+07 -9.49305498e+00 -6.17662319e+01 5.22731769e+01
3.98107171e+07 -1.10776714e+01 -6.17790939e+01 5.07014224e+01
4.46683592e+07 -1.27201850e+01 -6.19217483e+01 4.92015633e+01
5.01187234e+07 -1.44184852e+01 -6.22030105e+01 4.77845253e+01
5.62341325e+07 -1.61697143e+01 -6.26315279e+01 4.64618136e+01
6.30957344e+07 -1.79705488e+01 -6.32165255e+01 4.52459767e+01
7.07945784e+07 -1.98174337e+01 -6.39688504e+01 4.41514168e+01
7.94328235e+07 -2.17067282e+01 -6.49023201e+01 4.31955919e+01
8.91250938e+07 -2.36347399e+01 -6.60352573e+01 4.24005174e+01
1.00000000e+08 -2.55976433e+01 -6.73916230e+01 4.17939797e+01
1.12201845e+08 -2.75912915e+01 -6.89993917e+01 4.14081002e+01
1.25892541e+08 -2.96109482e+01 -7.08771996e+01 4.12662513e+01
1.41253754e+08 -3.16509820e+01 -7.29769595e+01 4.13259775e+01
1.58489319e+08 -3.37045834e+01 -7.49959087e+01 4.12913253e+01
1.77827941e+08 -3.57635763e+01 -7.61056247e+01 4.03420484e+01
1.99526231e+08 -3.78183892e+01 -7.56083958e+01 3.77900066e+01
2.23872114e+08 -3.98582330e+01 -7.41107127e+01 3.42524798e+01
2.51188643e+08 -4.18714890e+01 -7.24721735e+01 3.06006845e+01
2.81838293e+08 -4.38462734e+01 -7.10247348e+01 2.71784614e+01
3.16227766e+08 -4.57711049e+01 -6.98216437e+01 2.40505388e+01
3.54813389e+08 -4.76355890e+01 -6.88405773e+01 2.12049882e+01
3.98107171e+08 -4.94310308e+01 -6.80476555e+01 1.86166247e+01
4.46683592e+08 -5.11508982e+01 -6.74126852e+01 1.62617870e+01
5.01187234e+08 -5.27910796e+01 -6.69113753e+01 1.41202957e+01
5.62341325e+08 -5.43499000e+01 -6.65245320e+01 1.21746320e+01
6.30957344e+08 -5.58278986e+01 -6.62368253e+01 1.04089267e+01
7.07945784e+08 -5.72274041e+01 -6.60357159e+01 8.80831184e+00
7.94328235e+08 -5.85519764e+01 -6.59106030e+01 7.35862654e+00
8.91250938e+08 -5.98057984e+01 -6.58521405e+01 6.04634213e+00
1.00000000e+09 -6.09930974e+01 -6.58516782e+01 4.85858077e+00
