# freq_hz rev(vout) imv(vout) rev(vinp) imv(vinp) rev(vinn) imv(vinn)
1.000000000000e-01 5.726235590340e-01 -2.034595918009e-04 1.000000000000e+00 0.000000000000e+00 1.000000000000e+00 -9.113586995252e-19
1.122018454302e-01 5.726235407501e-01 -2.282854094225e-04 1.000000000000e+00 0.000000000000e+00 1.000000000000e+00 -8.122492699795e-19
1.258925411794e-01 5.726235172969e-01 -2.561404317404e-04 1.000000000000e+00 0.000000000000e+00 1.000000000000e+00 -7.239178942154e-19
1.412537544623e-01 5.726234875272e-01 -2.873942763608e-04 1.000000000000e+00 0.000000000000e+00 1.000000000000e+00 -6.451924688199e-19
1.584893192461e-01 5.726234501572e-01 -3.224616607048e-04 1.000000000000e+00 0.000000000000e+00 1.000000000000e+00 -5.750283555878e-19
1.778279410039e-01 5.726234027403e-01 -3.618079041621e-04 1.000000000000e+00 0.000000000000e+00 1.000000000000e+00 -5.124945189332e-19
1.995262314969e-01 5.726233442164e-01 -4.059551038743e-04 1.000000000000e+00 0.000000000000e+00 1.000000000000e+00 -4.567611741065e-19
2.238721138568e-01 5.726232688955e-01 -4.554890582366e-04 1.000000000000e+00 0.000000000000e+00 1.000000000000e+00 -4.070887713730e-19
2.511886431510e-01 5.726231758131e-01 -5.110670459910e-04 1.000000000000e+00 0.000000000000e+00 1.000000000000e+00 -3.628181904149e-19
2.818382931264e-01 5.726230568362e-01 -5.734265377854e-04 1.000000000000e+00 0.000000000000e+00 1.000000000000e+00 -3.233619853879e-19
3.162277660168e-01 5.726229086736e-01 -6.433949910809e-04 1.000000000000e+00 0.000000000000e+00 1.000000000000e+00 -2.881965982658e-19
3.548133892336e-01 5.726227209661e-01 -7.219008166535e-04 1.000000000000e+00 0.000000000000e+00 1.000000000000e+00 -2.568554043808e-19
3.981071705535e-01 5.726224855929e-01 -8.099857054305e-04 1.000000000000e+00 0.000000000000e+00 1.000000000000e+00 -2.289225260154e-19
4.466835921510e-01 5.726221891255e-01 -9.088184385086e-04 1.000000000000e+00 0.000000000000e+00 1.000000000000e+00 -2.040273104364e-19
5.011872336273e-01 5.726218151237e-01 -1.019710393390e-03 1.000000000000e+00 0.000000000000e+00 1.000000000000e+00 -1.818394130655e-19
5.623413251903e-01 5.726213444065e-01 -1.144132938604e-03 1.000000000000e+00 0.000000000000e+00 1.000000000000e+00 -1.620644142646e-19
6.309573444802e-01 5.726207525431e-01 -1.283736943941e-03 1.000000000000e+00 0.000000000000e+00 1.000000000000e+00 -1.444399119553e-19
7.079457843841e-01 5.726200069550e-01 -1.440374665514e-03 1.000000000000e+00 0.000000000000e+00 1.000000000000e+00 -1.287320394178e-19
7.943282347243e-01 5.726190689239e-01 -1.616124307486e-03 1.000000000000e+00 0.000000000000e+00 1.000000000000e+00 -1.147323629506e-19
8.912509381337e-01 5.726178871101e-01 -1.813317553759e-03 1.000000000000e+00 0.000000000000e+00 1.000000000000e+00 -1.022551150715e-19
1.000000000000e+00 5.726163997695e-01 -2.034570472268e-03 1.000000000000e+00 0.000000000000e+00 1.000000000000e+00 -9.113473051589e-20
1.122018454302e+00 5.726145282725e-01 -2.282818152968e-03 1.000000000000e+00 0.000000000000e+00 1.000000000000e+00 -8.122364860490e-20
1.258925411794e+00 5.726121701336e-01 -2.561353543720e-03 1.000000000000e+00 0.000000000000e+00 1.000000000000e+00 -7.239035489853e-20
1.412537544623e+00 5.726092028802e-01 -2.873871046528e-03 1.000000000000e+00 0.000000000000e+00 1.000000000000e+00 -6.451763738408e-20
1.584893192461e+00 5.726054671179e-01 -3.224515305415e-03 1.000000000000e+00 0.000000000000e+00 1.000000000000e+00 -5.750102970138e-20
1.778279410039e+00 5.726007646685e-01 -3.617935956717e-03 1.000000000000e+00 0.000000000000e+00 1.000000000000e+00 -5.124742579991e-20
1.995262314969e+00 5.725948434179e-01 -4.059348917731e-03 1.000000000000e+00 0.000000000000e+00 1.000000000000e+00 -4.567384400311e-20
2.238721138568e+00 5.725873903881e-01 -4.554605093651e-03 1.000000000000e+00 0.000000000000e+00 1.000000000000e+00 -4.070632646636e-20
2.511886431510e+00 5.725780076168e-01 -5.110267197522e-03 1.000000000000e+00 0.000000000000e+00 1.000000000000e+00 -3.627895715089e-20
2.818382931264e+00 5.725661950734e-01 -5.733695771215e-03 1.000000000000e+00 0.000000000000e+00 1.000000000000e+00 -3.233298753817e-20
3.162277660168e+00 5.725513252867e-01 -6.433145334309e-03 1.000000000000e+00 0.000000000000e+00 1.000000000000e+00 -2.881605709054e-20
3.548133892336e+00 5.725326061345e-01 -7.217871714162e-03 1.000000000000e+00 0.000000000000e+00 1.000000000000e+00 -2.568149824962e-20
3.981071705535e+00 5.725090415694e-01 -8.098251826571e-03 1.000000000000e+00 0.000000000000e+00 1.000000000000e+00 -2.288771734625e-20
4.466835921510e+00 5.724793793602e-01 -9.085917064796e-03 1.000000000000e+00 0.000000000000e+00 1.000000000000e+00 -2.039764268157e-20
5.011872336273e+00 5.724420406510e-01 -1.019390147890e-02 1.000000000000e+00 0.000000000000e+00 1.000000000000e+00 -1.817823246399e-20
5.623413251903e+00 5.723950402856e-01 -1.143680616802e-02 1.000000000000e+00 0.000000000000e+00 1.000000000000e+00 -1.620003652248e-20
6.309573444802e+00 5.723358820745e-01 -1.283098088655e-02 1.000000000000e+00 0.000000000000e+00 1.000000000000e+00 -1.443680552096e-20
7.079457843841e+00 5.722614232024e-01 -1.439472376528e-02 1.000000000000e+00 0.000000000000e+00 1.000000000000e+00 -1.286514253636e-20
7.943282347243e+00 5.721677130374e-01 -1.614850000247e-02 1.000000000000e+00 0.000000000000e+00 1.000000000000e+00 -1.146419273875e-20
8.912509381337e+00 5.720497824711e-01 -1.811517923041e-02 1.000000000000e+00 0.000000000000e+00 1.000000000000e+00 -1.021536659113e-20
1.000000000000e+01 5.719013857283e-01 -2.032029092176e-02 1.000000000000e+00 0.000000000000e+00 1.000000000000e+00 -9.102093249955e-21
1.122018454302e+01 5.717146753363e-01 -2.279229540205e-02 1.000000000000e+00 0.000000000000e+00 1.000000000000e+00 -8.109600717386e-21
1.258925411794e+01 5.714797931213e-01 -2.556286599768e-02 1.000000000000e+00 0.000000000000e+00 1.000000000000e+00 -7.224719836454e-21
1.412537544623e+01 5.711843691571e-01 -2.866717535852e-02 1.000000000000e+00 0.000000000000e+00 1.000000000000e+00 -6.435709699312e-21
1.584893192461e+01 5.708128870083e-01 -3.214417345960e-02 1.000000000000e+00 0.000000000000e+00 1.000000000000e+00 -5.732101884156e-21
1.778279410039e+01 5.703459046802e-01 -3.603683995534e-02 1.000000000000e+00 0.000000000000e+00 1.000000000000e+00 -5.104561717994e-21
1.995262314969e+01 5.697590941667e-01 -4.039238417269e-02 1.000000000000e+00 0.000000000000e+00 1.000000000000e+00 -4.544764641964e-21
2.238721138568e+01 5.690220586576e-01 -4.526235377069e-02 1.000000000000e+00 0.000000000000e+00 1.000000000000e+00 -4.045286025273e-21
2.511886431510e+01 5.680968952466e-01 -5.070259746180e-02 1.000000000000e+00 0.000000000000e+00 1.000000000000e+00 -3.599503062770e-21
2.818382931264e+01 5.669364522218e-01 -5.677300380583e-02 1.000000000000e+00 0.000000000000e+00 1.000000000000e+00 -3.201507424384e-21
3.162277660168e+01 5.654822682102e-01 -6.353691192690e-02 1.000000000000e+00 0.000000000000e+00 1.000000000000e+00 -2.846027701706e-21
3.548133892336e+01 5.636621350316e-01 -7.106004779627e-02 1.000000000000e+00 0.000000000000e+00 1.000000000000e+00 -2.528360477566e-21
3.981071705535e+01 5.613873222150e-01 -7.940880000639e-02 1.000000000000e+00 0.000000000000e+00 1.000000000000e+00 -2.244309420433e-21
4.466835921510e+01 5.585494881912e-01 -8.864759002989e-02 1.000000000000e+00 0.000000000000e+00 1.000000000000e+00 -1.990131573397e-21
5.011872336273e+01 5.550174180658e-01 -9.883503823753e-02 1.000000000000e+00 0.000000000000e+00 1.000000000000e+00 -1.762490336103e-21
5.623413251903e+01 5.506338422871e-01 -1.100185765314e-01 1.000000000000e+00 0.000000000000e+00 1.000000000000e+00 -1.558414683524e-21
6.309573444802e+01 5.452127707147e-01 -1.222271346244e-01 1.000000000000e+00 0.000000000000e+00 1.000000000000e+00 -1.375264243391e-21
7.079457843841e+01 5.385380182668e-01 -1.354615611930e-01 1.000000000000e+00 0.000000000000e+00 1.000000000000e+00 -1.210699880434e-21
7.943282347243e+01 5.303639385898e-01 -1.496825940917e-01 1.000000000000e+00 0.000000000000e+00 1.000000000000e+00 -1.062659474701e-21
8.912509381337e+01 5.204197157832e-01 -1.647965215613e-01 1.000000000000e+00 0.000000000000e+00 1.000000000000e+00 -9.293383794261e-22
1.000000000000e+02 5.084188745417e-01 -1.806392698628e-01 1.000000000000e+00 0.000000000000e+00 1.000000000000e+00 -8.091737704399e-22
1.122018454302e+02 4.940757772058e-01 -1.969605684341e-01 1.000000000000e+00 0.000000000000e+00 1.000000000000e+00 -7.008316298160e-22
1.258925411794e+02 4.771305380607e-01 -2.134110612882e-01 1.000000000000e+00 0.000000000000e+00 1.000000000000e+00 -6.031944618934e-22
1.412537544623e+02 4.573826678013e-01 -2.295365463796e-01 1.000000000000e+00 0.000000000000e+00 1.000000000000e+00 -5.153470981561e-22
1.584893192461e+02 4.347316760547e-01 -2.447844878023e-01 1.000000000000e+00 0.000000000000e+00 1.000000000000e+00 -4.365574632495e-22
1.778279410039e+02 4.092197877681e-01 -2.585277893934e-01 1.000000000000e+00 0.000000000000e+00 1.000000000000e+00 -3.662492613180e-22
1.995262314969e+02 3.810685604830e-01 -2.701087289065e-01 1.000000000000e+00 0.000000000000e+00 1.000000000000e+00 -3.039647699623e-22
2.238721138568e+02 3.506988323039e-01 -2.789014689595e-01 1.000000000000e+00 0.000000000000e+00 1.000000000000e+00 -2.493184690851e-22
2.511886431510e+02 3.187239125229e-01 -2.843853295281e-01 1.000000000000e+00 0.000000000000e+00 1.000000000000e+00 -2.019457787713e-22
2.818382931264e+02 2.859105156563e-01 -2.862150929474e-01 1.000000000000e+00 0.000000000000e+00 1.000000000000e+00 -1.614545395640e-22
3.162277660168e+02 2.531101942560e-01 -2.842720107565e-01 1.000000000000e+00 0.000000000000e+00 1.000000000000e+00 -1.273883665246e-22
3.548133892336e+02 2.211731530691e-01 -2.786821269804e-01 1.000000000000e+00 0.000000000000e+00 1.000000000000e+00 -9.920933555033e-23
3.981071705535e+02 1.908623509634e-01 -2.697968414630e-01 1.000000000000e+00 0.000000000000e+00 1.000000000000e+00 -7.630278692058e-23
4.466835921510e+02 1.627856903923e-01 -2.581410957190e-01 1.000000000000e+00 0.000000000000e+00 1.000000000000e+00 -5.800111700181e-23
5.011872336273e+02 1.373579355532e-01 -2.443427378565e-01 1.000000000000e+00 0.000000000000e+00 1.000000000000e+00 -4.361881737889e-23
5.623413251903e+02 1.147948252879e-01 -2.290594000604e-01 1.000000000000e+00 0.000000000000e+00 1.000000000000e+00 -3.248945625606e-23
6.309573444802e+02 9.513368249613e-02 -2.129164668442e-01 1.000000000000e+00 0.000000000000e+00 1.000000000000e+00 -2.399686120820e-23
7.079457843841e+02 7.827036350666e-02 -1.964637551177e-01 1.000000000000e+00 0.000000000000e+00 1.000000000000e+00 -1.759614298801e-23
7.943282347243e+02 6.400201750730e-02 -1.801523209111e-01 1.000000000000e+00 0.000000000000e+00 1.000000000000e+00 -1.282371318146e-23
8.912509381337e+02 5.206753029007e-02 -1.643283953144e-01 1.000000000000e+00 0.000000000000e+00 1.000000000000e+00 -9.297947935421e-24
1.000000000000e+03 4.218091943309e-02 -1.492394326339e-01 1.000000000000e+00 0.000000000000e+00 1.000000000000e+00 -6.713301831987e-24
1.122018454302e+03 3.405597942491e-02 -1.350471440798e-01 1.000000000000e+00 0.000000000000e+00 1.000000000000e+00 -4.830738252639e-24
1.258925411794e+03 2.742254581320e-02 -1.218433688601e-01 1.000000000000e+00 0.000000000000e+00 1.000000000000e+00 -3.466792931109e-24
1.412537544623e+03 2.203582196144e-02 -1.096659581241e-01 1.000000000000e+00 0.000000000000e+00 1.000000000000e+00 -2.482843733002e-24
1.584893192461e+03 1.768053819127e-02 -9.851305101013e-02 1.000000000000e+00 0.000000000000e+00 1.000000000000e+00 -1.775479296051e-24
1.778279410039e+03 1.417159984895e-02 -8.835503177131e-02 1.000000000000e+00 0.000000000000e+00 1.000000000000e+00 -1.268349706338e-24
1.995262314969e+03 1.135256827066e-02 -7.914403376390e-02 1.000000000000e+00 0.000000000000e+00 1.000000000000e+00 -9.055537928719e-25
2.238721138568e+03 9.092968014822e-03 -7.082119149660e-02 1.000000000000e+00 0.000000000000e+00 1.000000000000e+00 -6.464363881902e-25
2.511886431510e+03 7.285096554548e-03 -6.332197510699e-02 1.000000000000e+00 0.000000000000e+00 1.000000000000e+00 -4.615889926402e-25
2.818382931264e+03 5.840765603279e-03 -5.657998260793e-02 1.000000000000e+00 0.000000000000e+00 1.000000000000e+00 -3.298298137166e-25
3.162277660168e+03 4.688222781674e-03 -5.052953923345e-02 1.000000000000e+00 0.000000000000e+00 1.000000000000e+00 -2.359545587611e-25
3.548133892336e+03 3.769379651594e-03 -4.510739744332e-02 1.000000000000e+00 0.000000000000e+00 1.000000000000e+00 -1.690791334658e-25
3.981071705535e+03 3.037395106571e-03 -4.025378428192e-02 1.000000000000e+00 0.000000000000e+00 1.000000000000e+00 -1.214287209783e-25
4.466835921510e+03 2.454615265538e-03 -3.591297880581e-02 1.000000000000e+00 0.000000000000e+00 1.000000000000e+00 -8.745880971681e-26
5.011872336273e+03 1.990846217764e-03 -3.203356509134e-02 1.000000000000e+00 0.000000000000e+00 1.000000000000e+00 -6.322048831912e-26
5.623413251903e+03 1.621923364381e-03 -2.856846417740e-02 1.000000000000e+00 0.000000000000e+00 1.000000000000e+00 -4.590399268125e-26
6.309573444802e+03 1.328537391572e-03 -2.547482171740e-02 1.000000000000e+00 0.000000000000e+00 1.000000000000e+00 -3.351150355750e-26
7.079457843841e+03 1.095277676395e-03 -2.271380616061e-02 1.000000000000e+00 0.000000000000e+00 1.000000000000e+00 -2.462319291973e-26
7.943282347243e+03 9.098570966231e-04 -2.025035531835e-02 1.000000000000e+00 0.000000000000e+00 1.000000000000e+00 -1.823027913506e-26
8.912509381337e+03 7.624865150228e-04 -1.805289762254e-02 1.000000000000e+00 0.000000000000e+00 1.000000000000e+00 -1.361608641400e-26
1.000000000000e+04 6.453717267767e-04 -1.609306614408e-02 1.000000000000e+00 0.000000000000e+00 1.000000000000e+00 -1.027141004446e-26
1.122018454302e+04 5.523099248832e-04 -1.434541632788e-02 1.000000000000e+00 0.000000000000e+00 1.000000000000e+00 -7.834350168340e-27
1.258925411794e+04 4.783666923081e-04 -1.278715575631e-02 1.000000000000e+00 0.000000000000e+00 1.000000000000e+00 -6.047572237486e-27
1.412537544623e+04 4.196178266617e-04 -1.139788893281e-02 1.000000000000e+00 0.000000000000e+00 1.000000000000e+00 -4.727962918712e-27
1.584893192461e+04 3.729432908603e-04 -1.015938079227e-02 1.000000000000e+00 0.000000000000e+00 1.000000000000e+00 -3.745095790418e-27
1.778279410039e+04 3.358628943727e-04 -9.055338473486e-03 1.000000000000e+00 0.000000000000e+00 1.000000000000e+00 -3.005952806992e-27
1.995262314969e+04 3.064053779973e-04 -8.071212131563e-03 1.000000000000e+00 0.000000000000e+00 1.000000000000e+00 -2.444086179979e-27
2.238721138568e+04 2.830041713756e-04 -7.194013903001e-03 1.000000000000e+00 0.000000000000e+00 1.000000000000e+00 -2.011930473097e-27
2.511886431510e+04 2.644144321337e-04 -6.412154109328e-03 1.000000000000e+00 0.000000000000e+00 1.000000000000e+00 -1.675348987771e-27
2.818382931264e+04 2.496470445158e-04 -5.715293481352e-03 1.000000000000e+00 0.000000000000e+00 1.000000000000e+00 -1.409764469087e-27
3.162277660168e+04 2.379161324881e-04 -5.094210298833e-03 1.000000000000e+00 0.000000000000e+00 1.000000000000e+00 -1.197413149493e-27
3.548133892336e+04 2.285973230827e-04 -4.540680982838e-03 1.000000000000e+00 0.000000000000e+00 1.000000000000e+00 -1.025395180859e-27
3.981071705535e+04 2.211945707659e-04 -4.047373151479e-03 1.000000000000e+00 0.000000000000e+00 1.000000000000e+00 -8.842897571694e-28
4.466835921510e+04 2.153137875776e-04 -3.607749841552e-03 1.000000000000e+00 0.000000000000e+00 1.000000000000e+00 -7.671706373841e-28
5.011872336273e+04 2.106418868053e-04 -3.215983854489e-03 1.000000000000e+00 0.000000000000e+00 1.000000000000e+00 -6.689056555234e-28
5.623413251903e+04 2.069301252460e-04 -2.866881146721e-03 1.000000000000e+00 0.000000000000e+00 1.000000000000e+00 -5.856576927839e-28
6.309573444802e+04 2.039808737722e-04 -2.555812533714e-03 1.000000000000e+00 0.000000000000e+00 1.000000000000e+00 -5.145286704258e-28
7.079457843841e+04 2.016370944530e-04 -2.278652551370e-03 1.000000000000e+00 0.000000000000e+00 1.000000000000e+00 -4.533050553169e-28
7.943282347243e+04 1.997739860699e-04 -2.031725043145e-03 1.000000000000e+00 0.000000000000e+00 1.000000000000e+00 -4.002755535973e-28
8.912509381337e+04 1.982923407474e-04 -1.811754565708e-03 1.000000000000e+00 0.000000000000e+00 1.000000000000e+00 -3.541001177227e-28
1.000000000000e+05 1.971132606591e-04 -1.615823033093e-03 1.000000000000e+00 0.000000000000e+00 1.000000000000e+00 -3.137154978120e-28
1.122018454302e+05 1.961739578294e-04 -1.441331105332e-03 1.000000000000e+00 0.000000000000e+00 1.000000000000e+00 -2.782668589124e-28
1.258925411794e+05 1.954244141097e-04 -1.285963781229e-03 1.000000000000e+00 0.000000000000e+00 1.000000000000e+00 -2.470580164312e-28
1.412537544623e+05 1.948247151854e-04 -1.147659708616e-03 1.000000000000e+00 0.000000000000e+00 1.000000000000e+00 -2.195149897024e-28
1.584893192461e+05 1.943429251595e-04 -1.024583861854e-03 1.000000000000e+00 0.000000000000e+00 1.000000000000e+00 -1.951591270672e-28
1.778279410039e+05 1.939533882824e-04 -9.151032303394e-04 1.000000000000e+00 0.000000000000e+00 1.000000000000e+00 -1.735871219235e-28
1.995262314969e+05 1.936353603428e-04 -8.177651513881e-04 1.000000000000e+00 0.000000000000e+00 1.000000000000e+00 -1.544560057340e-28
2.238721138568e+05 1.933719060709e-04 -7.312780499304e-04 1.000000000000e+00 0.000000000000e+00 1.000000000000e+00 -1.374717653547e-28
2.511886431510e+05 1.931489966200e-04 -6.544943084872e-04 1.000000000000e+00 0.000000000000e+00 1.000000000000e+00 -1.223806027959e-28
2.818382931264e+05 1.929547613905e-04 -5.863950275452e-04 1.000000000000e+00 0.000000000000e+00 1.000000000000e+00 -1.089621418278e-28
3.162277660168e+05 1.927788589176e-04 -5.260765213707e-04 1.000000000000e+00 0.000000000000e+00 1.000000000000e+00 -9.702408079849e-29
3.548133892336e+05 1.926119237406e-04 -4.727383044124e-04 1.000000000000e+00 0.000000000000e+00 1.000000000000e+00 -8.639792265973e-29
3.981071705535e+05 1.924450704126e-04 -4.256724667285e-04 1.000000000000e+00 0.000000000000e+00 1.000000000000e+00 -7.693552514374e-29
4.466835921510e+05 1.922694196635e-04 -3.842542597809e-04 1.000000000000e+00 0.000000000000e+00 1.000000000000e+00 -6.850627397645e-29
5.011872336273e+05 1.920756250109e-04 -3.479337745458e-04 1.000000000000e+00 0.000000000000e+00 1.000000000000e+00 -6.099474032234e-29
5.623413251903e+05 1.918533827784e-04 -3.162286262443e-04 1.000000000000e+00 0.000000000000e+00 1.000000000000e+00 -5.429872010177e-29
6.309573444802e+05 1.915908809452e-04 -2.887174771004e-04 1.000000000000e+00 0.000000000000e+00 1.000000000000e+00 -4.832757082628e-29
7.079457843841e+05 1.912741784786e-04 -2.650343884186e-04 1.000000000000e+00 0.000000000000e+00 1.000000000000e+00 -4.300079421637e-29
7.943282347243e+05 1.908864697842e-04 -2.448638483918e-04 1.000000000000e+00 0.000000000000e+00 1.000000000000e+00 -3.824681524268e-29
8.912509381337e+05 1.904072013094e-04 -2.279364382487e-04 1.000000000000e+00 0.000000000000e+00 1.000000000000e+00 -3.400192470162e-29
1.000000000000e+06 1.898110023819e-04 -2.140250490700e-04 1.000000000000e+00 0.000000000000e+00 1.000000000000e+00 -3.020935928228e-29
1.122018454302e+06 1.890663581152e-04 -2.029415617772e-04 1.000000000000e+00 0.000000000000e+00 1.000000000000e+00 -2.681849425122e-29
1.258925411794e+06 1.881339909718e-04 -1.945339413329e-04 1.000000000000e+00 0.000000000000e+00 1.000000000000e+00 -2.378413712700e-29
1.412537544623e+06 1.869648428296e-04 -1.886836176806e-04 1.000000000000e+00 0.000000000000e+00 1.000000000000e+00 -2.106590301546e-29
1.584893192461e+06 1.854975956560e-04 -1.853030929459e-04 1.000000000000e+00 0.000000000000e+00 1.000000000000e+00 -1.862766489296e-29
1.778279410039e+06 1.836555998635e-04 -1.843336023342e-04 1.000000000000e+00 0.000000000000e+00 1.000000000000e+00 -1.643706628992e-29
1.995262314969e+06 1.813431171826e-04 -1.857427094214e-04 1.000000000000e+00 0.000000000000e+00 1.000000000000e+00 -1.446509227321e-29
2.238721138568e+06 1.784407173590e-04 -1.895215849486e-04 1.000000000000e+00 0.000000000000e+00 1.000000000000e+00 -1.268568993579e-29
2.511886431510e+06 1.747997055961e-04 -1.956817014228e-04 1.000000000000e+00 0.000000000000e+00 1.000000000000e+00 -1.107543591448e-29
2.818382931264e+06 1.702354408087e-04 -2.042505565173e-04 1.000000000000e+00 0.000000000000e+00 1.000000000000e+00 -9.613247225405e-30
3.162277660168e+06 1.645194328047e-04 -2.152658953967e-04 1.000000000000e+00 0.000000000000e+00 1.000000000000e+00 -8.280133428938e-30
3.548133892336e+06 1.573701919726e-04 -2.287677634941e-04 1.000000000000e+00 0.000000000000e+00 1.000000000000e+00 -7.058990643464e-30
3.981071705535e+06 1.484429433750e-04 -2.447874833471e-04 1.000000000000e+00 0.000000000000e+00 1.000000000000e+00 -5.934439254740e-30
4.466835921510e+06 1.373185244311e-04 -2.633324014537e-04 1.000000000000e+00 0.000000000000e+00 1.000000000000e+00 -4.892707573181e-30
5.011872336273e+06 1.234922463944e-04 -2.843649967919e-04 1.000000000000e+00 0.000000000000e+00 1.000000000000e+00 -3.921568653092e-30
5.623413251903e+06 1.063640836131e-04 -3.077746752820e-04 1.000000000000e+00 0.000000000000e+00 1.000000000000e+00 -3.010337123766e-30
6.309573444802e+06 8.523249761365e-05 -3.333404402629e-04 1.000000000000e+00 0.000000000000e+00 1.000000000000e+00 -2.149935082929e-30
7.079457843841e+06 5.929556253731e-05 -3.606827911031e-04 1.000000000000e+00 0.000000000000e+00 1.000000000000e+00 -1.333037372267e-30
7.943282347243e+06 2.766475462415e-05 -3.892038592157e-04 1.000000000000e+00 0.000000000000e+00 1.000000000000e+00 -5.543026491265e-31
8.912509381337e+06 -1.060106767954e-05 -4.180164689188e-04 1.000000000000e+00 0.000000000000e+00 1.000000000000e+00 1.893083363010e-31
1.000000000000e+07 -5.643190408392e-05 -4.458658921784e-04 1.000000000000e+00 0.000000000000e+00 1.000000000000e+00 8.981416483055e-31
1.122018454302e+07 -1.106420163693e-04 -4.710532661890e-04 1.000000000000e+00 0.000000000000e+00 1.000000000000e+00 1.569423724832e-30
1.258925411794e+07 -1.737741534461e-04 -4.913771606108e-04 1.000000000000e+00 0.000000000000e+00 1.000000000000e+00 2.196874830189e-30
1.412537544623e+07 -2.458870722512e-04 -5.041193196399e-04 1.000000000000e+00 0.000000000000e+00 1.000000000000e+00 2.770485155608e-30
1.584893192461e+07 -3.262923283601e-04 -5.061101758558e-04 1.000000000000e+00 0.000000000000e+00 1.000000000000e+00 3.276626917100e-30
1.778279410039e+07 -4.132663935089e-04 -4.939150574633e-04 1.000000000000e+00 0.000000000000e+00 1.000000000000e+00 3.698709492411e-30
1.995262314969e+07 -5.037919914499e-04 -4.641763795618e-04 1.000000000000e+00 0.000000000000e+00 1.000000000000e+00 4.018568642721e-30
2.238721138568e+07 -5.934121914107e-04 -4.141227701297e-04 1.000000000000e+00 0.000000000000e+00 1.000000000000e+00 4.218680117275e-30
2.511886431510e+07 -6.762990936863e-04 -3.422089725892e-04 1.000000000000e+00 0.000000000000e+00 1.000000000000e+00 4.285080026650e-30
2.818382931264e+07 -7.456282486832e-04 -2.487860192549e-04 1.000000000000e+00 0.000000000000e+00 1.000000000000e+00 4.210585444954e-30
3.162277660168e+07 -7.942958323992e-04 -1.366398368613e-04 1.000000000000e+00 0.000000000000e+00 1.000000000000e+00 3.997628342253e-30
3.548133892336e+07 -8.159197060306e-04 -1.120948200264e-05 1.000000000000e+00 0.000000000000e+00 1.000000000000e+00 3.659885966011e-30
3.981071705535e+07 -8.059536502531e-04 1.196673889625e-04 1.000000000000e+00 0.000000000000e+00 1.000000000000e+00 3.222034588385e-30
4.466835921510e+07 -7.626618431479e-04 2.465278185812e-04 1.000000000000e+00 0.000000000000e+00 1.000000000000e+00 2.717391110340e-30
5.011872336273e+07 -6.876927091768e-04 3.594729193664e-04 1.000000000000e+00 0.000000000000e+00 1.000000000000e+00 2.183808498106e-30
5.623413251903e+07 -5.860755561792e-04 4.495345772504e-04 1.000000000000e+00 0.000000000000e+00 1.000000000000e+00 1.658722516253e-30
6.309573444802e+07 -4.656168352832e-04 5.099149559206e-04 1.000000000000e+00 0.000000000000e+00 1.000000000000e+00 1.174488601653e-30
7.079457843841e+07 -3.358383639962e-04 5.368290533011e-04 1.000000000000e+00 0.000000000000e+00 1.000000000000e+00 7.550060596291e-31
7.943282347243e+07 -2.067130764031e-04 5.298023554587e-04 1.000000000000e+00 0.000000000000e+00 1.000000000000e+00 4.141790065250e-31
8.912509381337e+07 -8.747498097193e-05 4.914324000052e-04 1.000000000000e+00 0.000000000000e+00 1.000000000000e+00 1.562082576620e-31
1.000000000000e+08 1.428716607346e-05 4.267520341901e-04 1.000000000000e+00 0.000000000000e+00 1.000000000000e+00 -2.273873103366e-32
1.122018454302e+08 9.315689086040e-05 3.423915450486e-04 1.000000000000e+00 0.000000000000e+00 1.000000000000e+00 -1.321402478423e-31
1.258925411794e+08 1.460502654225e-04 2.457238876404e-04 1.000000000000e+00 0.000000000000e+00 1.000000000000e+00 -1.846385930740e-31
1.412537544623e+08 1.720891356745e-04 1.441202715523e-04 1.000000000000e+00 0.000000000000e+00 1.000000000000e+00 -1.938981140662e-31
1.584893192461e+08 1.722878170284e-04 4.437892557403e-05 1.000000000000e+00 0.000000000000e+00 1.000000000000e+00 -1.730113918402e-31
1.778279410039e+08 1.491442105748e-04 -4.765839526633e-05 1.000000000000e+00 0.000000000000e+00 1.000000000000e+00 -1.334831759988e-31
1.995262314969e+08 1.062067674003e-04 -1.273154205822e-04 1.000000000000e+00 0.000000000000e+00 1.000000000000e+00 -8.471734214972e-32
2.238721138568e+08 4.767049423933e-05 -1.911444246945e-04 1.000000000000e+00 0.000000000000e+00 1.000000000000e+00 -3.388986089922e-32
2.511886431510e+08 -2.196170514641e-05 -2.368824194053e-04 1.000000000000e+00 0.000000000000e+00 1.000000000000e+00 1.391509539974e-32
2.818382931264e+08 -9.813567761874e-05 -2.633459640120e-04 1.000000000000e+00 0.000000000000e+00 1.000000000000e+00 5.541751624109e-32
3.162277660168e+08 -1.764260325026e-04 -2.703075219660e-04 1.000000000000e+00 0.000000000000e+00 1.000000000000e+00 8.879383210575e-32
3.548133892336e+08 -2.526626072990e-04 -2.583821496645e-04 1.000000000000e+00 0.000000000000e+00 1.000000000000e+00 1.133342317576e-31
3.981071705535e+08 -3.230320146591e-04 -2.289323664644e-04 1.000000000000e+00 0.000000000000e+00 1.000000000000e+00 1.291414616784e-31
4.466835921510e+08 -3.841746696469e-04 -1.839814443084e-04 1.000000000000e+00 0.000000000000e+00 1.000000000000e+00 1.368827930092e-31
5.011872336273e+08 -4.332824530009e-04 -1.261190904583e-04 1.000000000000e+00 0.000000000000e+00 1.000000000000e+00 1.375913820689e-31
5.623413251903e+08 -4.681899861954e-04 -5.838862355804e-05 1.000000000000e+00 0.000000000000e+00 1.000000000000e+00 1.325080467524e-31
6.309573444802e+08 -4.874492277488e-04 1.584585544574e-05 1.000000000000e+00 0.000000000000e+00 1.000000000000e+00 1.229559411286e-31
7.079457843841e+08 -4.903808857103e-04 9.304810865701e-05 1.000000000000e+00 0.000000000000e+00 1.000000000000e+00 1.102436707445e-31
7.943282347243e+08 -4.771002325152e-04 1.696707699506e-04 1.000000000000e+00 0.000000000000e+00 1.000000000000e+00 9.559380749124e-32
8.912509381337e+08 -4.485138485855e-04 2.423286193546e-04 1.000000000000e+00 0.000000000000e+00 1.000000000000e+00 8.009326329241e-32
1.000000000000e+09 -4.062778285712e-04 3.079834822418e-04 1.000000000000e+00 0.000000000000e+00 1.000000000000e+00 6.466112468575e-32
