# freq_hz rev(vout) imv(vout) rev(vinp) imv(vinp) rev(vinn) imv(vinn)
1.000000000000e-01 6.861961964460e+04 -2.635046819917e+01 5.000000000000e-01 0.000000000000e+00 -5.000000000000e-01 -1.092115165952e-13
1.122018454302e-01 6.861961702461e+04 -2.956571047185e+01 5.000000000000e-01 0.000000000000e+00 -5.000000000000e-01 -9.733486290414e-14
1.258925411794e-01 6.861961372624e+04 -3.317327117097e+01 5.000000000000e-01 0.000000000000e+00 -5.000000000000e-01 -8.674978370660e-14
1.412537544623e-01 6.861960957385e+04 -3.722102019242e+01 5.000000000000e-01 0.000000000000e+00 -5.000000000000e-01 -7.731582143277e-14
1.584893192461e-01 6.861960434629e+04 -4.176266836354e+01 5.000000000000e-01 0.000000000000e+00 -5.000000000000e-01 -6.890779313503e-14
1.778279410039e-01 6.861959776519e+04 -4.685848011186e+01 5.000000000000e-01 0.000000000000e+00 -5.000000000000e-01 -6.141412938627e-14
1.995262314969e-01 6.861958948007e+04 -5.257607307905e+01 5.000000000000e-01 0.000000000000e+00 -5.000000000000e-01 -5.473539382144e-14
2.238721138568e-01 6.861957904973e+04 -5.899131528355e+01 5.000000000000e-01 0.000000000000e+00 -5.000000000000e-01 -4.878296367735e-14
2.511886431510e-01 6.861956591871e+04 -6.618933172661e+01 5.000000000000e-01 0.000000000000e+00 -5.000000000000e-01 -4.347785382247e-14
2.818382931264e-01 6.861954938775e+04 -7.426563378488e+01 5.000000000000e-01 0.000000000000e+00 -5.000000000000e-01 -3.874966867224e-14
3.162277660168e-01 6.861952857651e+04 -8.332738635601e+01 5.000000000000e-01 0.000000000000e+00 -5.000000000000e-01 -3.453566808237e-14
3.548133892336e-01 6.861950237673e+04 -9.349482954358e+01 5.000000000000e-01 0.000000000000e+00 -5.000000000000e-01 -3.077993482533e-14
3.981071705535e-01 6.861946939319e+04 -1.049028737067e+02 5.000000000000e-01 0.000000000000e+00 -5.000000000000e-01 -2.743263260264e-14
4.466835921510e-01 6.861942786942e+04 -1.177028889836e+02 5.000000000000e-01 0.000000000000e+00 -5.000000000000e-01 -2.444934474751e-14
5.011872336273e-01 6.861937559416e+04 -1.320647129567e+02 5.000000000000e-01 0.000000000000e+00 -5.000000000000e-01 -2.179048484266e-14
5.623413251903e-01 6.861930978362e+04 -1.481789029876e+02 5.000000000000e-01 0.000000000000e+00 -5.000000000000e-01 -1.942077143258e-14
6.309573444802e-01 6.861922693323e+04 -1.662592629522e+02 5.000000000000e-01 0.000000000000e+00 -5.000000000000e-01 -1.730875986009e-14
7.079457843841e-01 6.861912263107e+04 -1.865456776815e+02 5.000000000000e-01 0.000000000000e+00 -5.000000000000e-01 -1.542642501482e-14
7.943282347243e-01 6.861899132287e+04 -2.093072924057e+02 5.000000000000e-01 0.000000000000e+00 -5.000000000000e-01 -1.374878945705e-14
8.912509381337e-01 6.861882601636e+04 -2.348460789476e+02 5.000000000000e-01 0.000000000000e+00 -5.000000000000e-01 -1.225359198223e-14
1.000000000000e+00 6.861861790892e+04 -2.635008353585e+02 5.000000000000e-01 0.000000000000e+00 -5.000000000000e-01 -1.092099222834e-14
1.122018454302e+00 6.861835591898e+04 -2.956516711869e+02 5.000000000000e-01 0.000000000000e+00 -5.000000000000e-01 -9.733307406373e-15
1.258925411794e+00 6.861802609602e+04 -3.317250366451e+02 5.000000000000e-01 0.000000000000e+00 -5.000000000000e-01 -8.674777660439e-15
1.412537544623e+00 6.861761087803e+04 -3.721993606429e+02 5.000000000000e-01 0.000000000000e+00 -5.000000000000e-01 -7.731356944082e-15
1.584893192461e+00 6.861708815670e+04 -4.176113700090e+02 5.000000000000e-01 0.000000000000e+00 -5.000000000000e-01 -6.890526637794e-15
1.778279410039e+00 6.861643010085e+04 -4.685631702315e+02 5.000000000000e-01 0.000000000000e+00 -5.000000000000e-01 -6.141129434565e-15
1.995262314969e+00 6.861560167557e+04 -5.257301767012e+02 5.000000000000e-01 0.000000000000e+00 -5.000000000000e-01 -5.473221289233e-15
2.238721138568e+00 6.861455877837e+04 -5.898699946804e+02 5.000000000000e-01 0.000000000000e+00 -5.000000000000e-01 -4.877939467097e-15
2.511886431510e+00 6.861324589367e+04 -6.618323559125e+02 5.000000000000e-01 0.000000000000e+00 -5.000000000000e-01 -4.347384940885e-15
2.818382931264e+00 6.861159314119e+04 -7.425702297275e+02 5.000000000000e-01 0.000000000000e+00 -5.000000000000e-01 -3.874517575555e-15
3.162277660168e+00 6.860951256230e+04 -8.331522363173e+02 5.000000000000e-01 0.000000000000e+00 -5.000000000000e-01 -3.453062710133e-15
3.548133892336e+00 6.860689344808e+04 -9.347764990007e+02 5.000000000000e-01 0.000000000000e+00 -5.000000000000e-01 -3.077427896965e-15
3.981071705535e+00 6.860359646295e+04 -1.048786079919e+03 5.000000000000e-01 0.000000000000e+00 -5.000000000000e-01 -2.742628693620e-15
4.466835921510e+00 6.859944625513e+04 -1.176686148438e+03 5.000000000000e-01 0.000000000000e+00 -5.000000000000e-01 -2.444222522770e-15
5.011872336273e+00 6.859422216697e+04 -1.320163031702e+03 5.000000000000e-01 0.000000000000e+00 -5.000000000000e-01 -2.178249722445e-15
5.623413251903e+00 6.858764656088e+04 -1.481105289666e+03 5.000000000000e-01 0.000000000000e+00 -5.000000000000e-01 -1.941181004528e-15
6.309573444802e+00 6.857937015566e+04 -1.661626938505e+03 5.000000000000e-01 0.000000000000e+00 -5.000000000000e-01 -1.729870624360e-15
7.079457843841e+00 6.856895361849e+04 -1.864092911252e+03 5.000000000000e-01 0.000000000000e+00 -5.000000000000e-01 -1.541514640209e-15
7.943282347243e+00 6.855584447364e+04 -2.091146784736e+03 5.000000000000e-01 0.000000000000e+00 -5.000000000000e-01 -1.373613708898e-15
8.912509381337e+00 6.853934816355e+04 -2.345740706592e+03 5.000000000000e-01 0.000000000000e+00 -5.000000000000e-01 -1.223939924189e-15
1.000000000000e+01 6.851859182442e+04 -2.631167309591e+03 5.000000000000e-01 0.000000000000e+00 -5.000000000000e-01 -1.090507258255e-15
1.122018454302e+01 6.849247901037e+04 -2.951093181435e+03 5.000000000000e-01 0.000000000000e+00 -5.000000000000e-01 -9.715452145482e-16
1.258925411794e+01 6.845963321229e+04 -3.309593136686e+03 5.000000000000e-01 0.000000000000e+00 -5.000000000000e-01 -8.654753431712e-16
1.412537544623e+01 6.841832756886e+04 -3.711184073235e+03 5.000000000000e-01 0.000000000000e+00 -5.000000000000e-01 -7.708903081633e-16
1.584893192461e+01 6.836639766410e+04 -4.160856533893e+03 5.000000000000e-01 0.000000000000e+00 -5.000000000000e-01 -6.865352303477e-16
1.778279410039e+01 6.830113376872e+04 -4.664101161837e+03 5.000000000000e-01 0.000000000000e+00 -5.000000000000e-01 -6.112910601509e-16
1.995262314969e+01 6.821914835415e+04 -5.226925942573e+03 5.000000000000e-01 0.000000000000e+00 -5.000000000000e-01 -5.441597624848e-16
2.238721138568e+01 6.811621427157e+04 -5.855858346125e+03 5.000000000000e-01 0.000000000000e+00 -5.000000000000e-01 -4.842511208413e-16
2.511886431510e+01 6.798706878412e+04 -6.557924078934e+03 5.000000000000e-01 0.000000000000e+00 -5.000000000000e-01 -4.307709905825e-16
2.818382931264e+01 6.782517890522e+04 -7.340590966684e+03 5.000000000000e-01 0.000000000000e+00 -5.000000000000e-01 -3.830108523974e-16
3.162277660168e+01 6.762246459963e+04 -8.211662364126e+03 5.000000000000e-01 0.000000000000e+00 -5.000000000000e-01 -3.403385363863e-16
3.548133892336e+01 6.736897891236e+04 -9.179099327717e+03 5.000000000000e-01 0.000000000000e+00 -5.000000000000e-01 -3.021900055158e-16
3.981071705535e+01 6.705254882367e+04 -1.025074464061e+04 5.000000000000e-01 0.000000000000e+00 -5.000000000000e-01 -2.680621044168e-16
4.466835921510e+01 6.665838872024e+04 -1.143391500882e+04 5.000000000000e-01 0.000000000000e+00 -5.000000000000e-01 -2.375061956559e-16
5.011872336273e+01 6.616871127203e+04 -1.273482129269e+04 5.000000000000e-01 0.000000000000e+00 -5.000000000000e-01 -2.101226202580e-16
5.623413251903e+01 6.556237985672e+04 -1.415777241756e+04 5.000000000000e-01 0.000000000000e+00 -5.000000000000e-01 -1.855559313827e-16
6.309573444802e+01 6.481467393219e+04 -1.570412003746e+04 5.000000000000e-01 0.000000000000e+00 -5.000000000000e-01 -1.634908576854e-16
7.079457843841e+01 6.389727431532e+04 -1.737091357093e+04 5.000000000000e-01 0.000000000000e+00 -5.000000000000e-01 -1.436489528111e-16
7.943282347243e+01 6.277861692698e+04 -1.914926667091e+04 5.000000000000e-01 0.000000000000e+00 -5.000000000000e-01 -1.257858750025e-16
8.912509381337e+01 6.142480382027e+04 -2.102249599645e+04 5.000000000000e-01 0.000000000000e+00 -5.000000000000e-01 -1.096892102792e-16
1.000000000000e+02 5.980128362412e+04 -2.296418983336e+04 5.000000000000e-01 0.000000000000e+00 -5.000000000000e-01 -9.517669892020e-17
1.122018454302e+02 5.787549373780e+04 -2.493649926332e+04 5.000000000000e-01 0.000000000000e+00 -5.000000000000e-01 -8.209464716858e-17
1.258925411794e+02 5.562055843063e+04 -2.688910291989e+04 5.000000000000e-01 0.000000000000e+00 -5.000000000000e-01 -7.031621356464e-17
1.412537544623e+02 5.301992624521e+04 -2.875943374922e+04 5.000000000000e-01 0.000000000000e+00 -5.000000000000e-01 -5.973917915609e-17
1.584893192461e+02 5.007249701256e+04 -3.047479317890e+04 5.000000000000e-01 0.000000000000e+00 -5.000000000000e-01 -5.028279161277e-17
1.778279410039e+02 4.679738227772e+04 -3.195681314179e+04 5.000000000000e-01 0.000000000000e+00 -5.000000000000e-01 -4.188337710718e-17
1.995262314969e+02 4.323709799623e+04 -3.312828279893e+04 5.000000000000e-01 0.000000000000e+00 -5.000000000000e-01 -3.448868762479e-17
2.238721138568e+02 3.945791164163e+04 -3.392165979197e+04 5.000000000000e-01 0.000000000000e+00 -5.000000000000e-01 -2.805137975275e-17
2.511886431510e+02 3.554644749505e+04 -3.428782765492e+04 5.000000000000e-01 0.000000000000e+00 -5.000000000000e-01 -2.252248651542e-17
2.818382931264e+02 3.160252172343e+04 -3.420317897641e+04 5.000000000000e-01 0.000000000000e+00 -5.000000000000e-01 -1.784604033277e-17
3.162277660168e+02 2.772929012668e+04 -3.367322438149e+04 5.000000000000e-01 0.000000000000e+00 -5.000000000000e-01 -1.395593324293e-17
3.548133892336e+02 2.402268719073e+04 -3.273173845650e+04 5.000000000000e-01 0.000000000000e+00 -5.000000000000e-01 -1.077560635751e-17
3.981071705535e+02 2.056238338668e+04 -3.143568071030e+04 5.000000000000e-01 0.000000000000e+00 -5.000000000000e-01 -8.220411989039e-18
4.466835921510e+02 1.740596163776e+04 -2.985725444526e+04 5.000000000000e-01 0.000000000000e+00 -5.000000000000e-01 -6.201805668699e-18
5.011872336273e+02 1.458697888065e+04 -2.807503208385e+04 5.000000000000e-01 0.000000000000e+00 -5.000000000000e-01 -4.632180626051e-18
5.623413251903e+02 1.211651251889e+04 -2.616594321689e+04 5.000000000000e-01 0.000000000000e+00 -5.000000000000e-01 -3.429239100940e-18
6.309573444802e+02 9.987092369673e+03 -2.419929286432e+04 5.000000000000e-01 0.000000000000e+00 -5.000000000000e-01 -2.519179991570e-18
7.079457843841e+02 8.177723543202e+03 -2.223320840625e+04 5.000000000000e-01 0.000000000000e+00 -5.000000000000e-01 -1.838453104530e-18
7.943282347243e+02 6.658908539437e+03 -2.031329850255e+04 5.000000000000e-01 0.000000000000e+00 -5.000000000000e-01 -1.334206897500e-18
8.912509381337e+02 5.396966190886e+03 -1.847297212187e+04 5.000000000000e-01 0.000000000000e+00 -5.000000000000e-01 -9.637620677045e-19
1.000000000000e+03 4.357335049585e+03 -1.673478802053e+04 5.000000000000e-01 0.000000000000e+00 -5.000000000000e-01 -6.934914118490e-19
1.122018454302e+03 3.506838007258e+03 -1.511229081195e+04 5.000000000000e-01 0.000000000000e+00 -5.000000000000e-01 -4.974344239507e-19
1.258925411794e+03 2.815050532419e+03 -1.361194238546e+04 5.000000000000e-01 0.000000000000e+00 -5.000000000000e-01 -3.558822493299e-19
1.412537544623e+03 2.254979399526e+03 -1.223491048414e+04 5.000000000000e-01 0.000000000000e+00 -5.000000000000e-01 -2.540754540446e-19
1.584893192461e+03 1.803258736758e+03 -1.097859766102e+04 5.000000000000e-01 0.000000000000e+00 -5.000000000000e-01 -1.810832067384e-19
1.778279410039e+03 1.440038108172e+03 -9.837876008868e+03 5.000000000000e-01 0.000000000000e+00 -5.000000000000e-01 -1.288825489754e-19
1.995262314969e+03 1.148695269971e+03 -8.806041136100e+03 5.000000000000e-01 0.000000000000e+00 -5.000000000000e-01 -9.162731584243e-20
2.238721138568e+03 9.154663705044e+02 -7.875522199471e+03 5.000000000000e-01 0.000000000000e+00 -5.000000000000e-01 -6.508224521137e-20
2.511886431510e+03 7.290538276898e+02 -7.038392411107e+03 5.000000000000e-01 0.000000000000e+00 -5.000000000000e-01 -4.619337841128e-20
2.818382931264e+03 5.802479403979e+02 -6.286723239011e+03 5.000000000000e-01 0.000000000000e+00 -5.000000000000e-01 -3.276677803743e-20
3.162277660168e+03 4.615815406716e+02 -5.612820158247e+03 5.000000000000e-01 0.000000000000e+00 -5.000000000000e-01 -2.323103526398e-20
3.548133892336e+03 3.670260765755e+02 -5.009371075616e+03 5.000000000000e-01 0.000000000000e+00 -5.000000000000e-01 -1.646330609360e-20
3.981071705535e+03 2.917308314345e+02 -4.469531941261e+03 5.000000000000e-01 0.000000000000e+00 -5.000000000000e-01 -1.166279015034e-20
4.466835921510e+03 2.318031976941e+02 -3.986968261680e+03 5.000000000000e-01 0.000000000000e+00 -5.000000000000e-01 -8.259229885715e-21
5.011872336273e+03 1.841260207942e+02 -3.555866459719e+03 5.000000000000e-01 0.000000000000e+00 -5.000000000000e-01 -5.847029691710e-21
5.623413251903e+03 1.462072923361e+02 -3.170925267755e+03 5.000000000000e-01 0.000000000000e+00 -5.000000000000e-01 -4.137987419562e-21
6.309573444802e+03 1.160574172628e+02 -2.827334463729e+03 5.000000000000e-01 0.000000000000e+00 -5.000000000000e-01 -2.927473909519e-21
7.079457843841e+03 9.208959230441e+01 -2.520746106928e+03 5.000000000000e-01 0.000000000000e+00 -5.000000000000e-01 -2.070287604765e-21
7.943282347243e+03 7.303931674854e+01 -2.247241847259e+03 5.000000000000e-01 0.000000000000e+00 -5.000000000000e-01 -1.463446443474e-21
8.912509381337e+03 5.789959520354e+01 -2.003298734239e+03 5.000000000000e-01 0.000000000000e+00 -5.000000000000e-01 -1.033940766330e-21
1.000000000000e+04 4.586892010734e+01 -1.785755130696e+03 5.000000000000e-01 0.000000000000e+00 -5.000000000000e-01 -7.300265369371e-22
1.122018454302e+04 3.630960593500e+01 -1.591777755567e+03 5.000000000000e-01 0.000000000000e+00 -5.000000000000e-01 -5.150408394904e-22
1.258925411794e+04 2.871447326368e+01 -1.418830474799e+03 5.000000000000e-01 0.000000000000e+00 -5.000000000000e-01 -3.630120033626e-22
1.412537544623e+04 2.268024601989e+01 -1.264645180218e+03 5.000000000000e-01 0.000000000000e+00 -5.000000000000e-01 -2.555452970682e-22
1.584893192461e+04 1.788633228292e+01 -1.127194907197e+03 5.000000000000e-01 0.000000000000e+00 -5.000000000000e-01 -1.796145134671e-22
1.778279410039e+04 1.407791373059e+01 -1.004669216740e+03 5.000000000000e-01 0.000000000000e+00 -5.000000000000e-01 -1.259964854790e-22
1.995262314969e+04 1.105247801070e+01 -8.954517870609e+02 5.000000000000e-01 0.000000000000e+00 -5.000000000000e-01 -8.816166654484e-23
2.238721138568e+04 8.649098853204e+00 -7.981001103598e+02 5.000000000000e-01 0.000000000000e+00 -5.000000000000e-01 -6.148808853693e-23
2.511886431510e+04 6.739906959566e+00 -7.113271623546e+02 5.000000000000e-01 0.000000000000e+00 -5.000000000000e-01 -4.270453851490e-23
2.818382931264e+04 5.223306249098e+00 -6.339848985392e+02 5.000000000000e-01 0.000000000000e+00 -5.000000000000e-01 -2.949616958026e-23
3.162277660168e+04 4.018579750880e+00 -5.650494270786e+02 5.000000000000e-01 0.000000000000e+00 -5.000000000000e-01 -2.022519526408e-23
3.548133892336e+04 3.061601388537e+00 -5.036077104457e+02 5.000000000000e-01 0.000000000000e+00 -5.000000000000e-01 -1.373310617774e-23
3.981071705535e+04 2.301427506293e+00 -4.488456539573e+02 5.000000000000e-01 0.000000000000e+00 -5.000000000000e-01 -9.200627139795e-24
4.466835921510e+04 1.697588018611e+00 -4.000374476773e+02 5.000000000000e-01 0.000000000000e+00 -5.000000000000e-01 -6.048566126966e-24
5.011872336273e+04 1.217933808386e+00 -3.565360376389e+02 5.000000000000e-01 0.000000000000e+00 -5.000000000000e-01 -3.867620181791e-24
5.623413251903e+04 8.369262958622e-01 -3.177646122490e+02 5.000000000000e-01 0.000000000000e+00 -5.000000000000e-01 -2.368685192129e-24
6.309573444802e+04 5.342784425650e-01 -2.832089996226e+02 5.000000000000e-01 0.000000000000e+00 -5.000000000000e-01 -1.347683101965e-24
7.079457843841e+04 2.938750401835e-01 -2.524108811368e+02 5.000000000000e-01 0.000000000000e+00 -5.000000000000e-01 -6.606673325588e-25
7.943282347243e+04 1.029149256348e-01 -2.249617355229e+02 5.000000000000e-01 0.000000000000e+00 -5.000000000000e-01 -2.062046697660e-25
8.912509381337e+04 -4.877046968825e-02 -2.004974362340e+02 5.000000000000e-01 0.000000000000e+00 -5.000000000000e-01 8.709176053210e-26
1.000000000000e+05 -1.692584705707e-01 -1.786934325900e+02 5.000000000000e-01 0.000000000000e+00 -5.000000000000e-01 2.693832225150e-25
1.122018454302e+05 -2.649652023118e-01 -1.592604523068e+02 5.000000000000e-01 0.000000000000e+00 -5.000000000000e-01 3.758451702249e-25
1.258925411794e+05 -3.409872080210e-01 -1.419406694896e+02 5.000000000000e-01 0.000000000000e+00 -5.000000000000e-01 4.310803418473e-25
1.412537544623e+05 -4.013728172487e-01 -1.265042880062e+02 5.000000000000e-01 0.000000000000e+00 -5.000000000000e-01 4.522390794569e-25
1.584893192461e+05 -4.493377085118e-01 -1.127464954720e+02 5.000000000000e-01 0.000000000000e+00 -5.000000000000e-01 4.512248381620e-25
1.778279410039e+05 -4.874361386934e-01 -1.004847478033e+02 5.000000000000e-01 0.000000000000e+00 -5.000000000000e-01 4.362524273561e-25
1.995262314969e+05 -5.176969602690e-01 -8.955634859573e+01 5.000000000000e-01 0.000000000000e+00 -5.000000000000e-01 4.129483608863e-25
2.238721138568e+05 -5.417316522766e-01 -7.981629138253e+01 5.000000000000e-01 0.000000000000e+00 -5.000000000000e-01 3.851273336540e-25
2.511886431510e+05 -5.608201378477e-01 -7.113533630563e+01 5.000000000000e-01 0.000000000000e+00 -5.000000000000e-01 3.553397000927e-25
2.818382931264e+05 -5.759789410562e-01 -6.339829575752e+01 5.000000000000e-01 0.000000000000e+00 -5.000000000000e-01 3.252570634353e-25
3.162277660168e+05 -5.880153189129e-01 -5.650250631786e+01 5.000000000000e-01 0.000000000000e+00 -5.000000000000e-01 2.959434770626e-25
3.548133892336e+05 -5.975702497877e-01 -5.035646676451e+01 5.000000000000e-01 0.000000000000e+00 -5.000000000000e-01 2.680458572992e-25
3.981071705535e+05 -6.051525670716e-01 -4.487862411321e+01 5.000000000000e-01 0.000000000000e+00 -5.000000000000e-01 2.419273740794e-25
4.466835921510e+05 -6.111660569627e-01 -3.999629160880e+01 5.000000000000e-01 0.000000000000e+00 -5.000000000000e-01 2.177606268169e-25
5.011872336273e+05 -6.159309600235e-01 -3.564468431913e+01 5.000000000000e-01 0.000000000000e+00 -5.000000000000e-01 1.955924858293e-25
5.623413251903e+05 -6.197010267870e-01 -3.176605956132e+01 5.000000000000e-01 0.000000000000e+00 -5.000000000000e-01 1.753889981656e-25
6.309573444802e+05 -6.226770301055e-01 -2.830895074932e+01 5.000000000000e-01 0.000000000000e+00 -5.000000000000e-01 1.570662869020e-25
7.079457843841e+05 -6.250174586249e-01 -2.522748451434e+01 5.000000000000e-01 0.000000000000e+00 -5.000000000000e-01 1.405116327452e-25
7.943282347243e+05 -6.268469575769e-01 -2.248077203578e+01 5.000000000000e-01 0.000000000000e+00 -5.000000000000e-01 1.255976906009e-25
8.912509381337e+05 -6.282629685688e-01 -2.003236651497e+01 5.000000000000e-01 0.000000000000e+00 -5.000000000000e-01 1.121919234314e-25
1.000000000000e+06 -6.293409219678e-01 -1.784977959914e+01 5.000000000000e-01 0.000000000000e+00 -5.000000000000e-01 1.001627186212e-25
1.122018454302e+06 -6.301382584490e-01 -1.590405033907e+01 5.000000000000e-01 0.000000000000e+00 -5.000000000000e-01 8.938321671891e-26
1.258925411794e+06 -6.306974957228e-01 -1.416936097241e+01 5.000000000000e-01 0.000000000000e+00 -5.000000000000e-01 7.973357523771e-26
1.412537544623e+06 -6.310485048730e-01 -1.262269444497e+01 5.000000000000e-01 0.000000000000e+00 -5.000000000000e-01 7.110217301029e-26
1.584893192461e+06 -6.312101203626e-01 -1.124352913245e+01 5.000000000000e-01 0.000000000000e+00 -5.000000000000e-01 6.338610782304e-26
1.778279410039e+06 -6.311911732782e-01 -1.001356673169e+01 5.000000000000e-01 0.000000000000e+00 -5.000000000000e-01 5.649123230922e-26
1.995262314969e+06 -6.309910096521e-01 -8.916489736562e+00 5.000000000000e-01 0.000000000000e+00 -5.000000000000e-01 5.033189745492e-26
2.238721138568e+06 -6.305995311269e-01 -7.937745306407e+00 5.000000000000e-01 0.000000000000e+00 -5.000000000000e-01 4.483051987192e-26
2.511886431510e+06 -6.299967760166e-01 -7.064352707884e+00 5.000000000000e-01 0.000000000000e+00 -5.000000000000e-01 3.991705189264e-26
2.818382931264e+06 -6.291520430061e-01 -6.284731831863e+00 5.000000000000e-01 0.000000000000e+00 -5.000000000000e-01 3.552840761630e-26
3.162277660168e+06 -6.280225492638e-01 -5.588550595357e+00 5.000000000000e-01 0.000000000000e+00 -5.000000000000e-01 3.160788008830e-26
3.548133892336e+06 -6.265516101867e-01 -4.966589309159e+00 5.000000000000e-01 0.000000000000e+00 -5.000000000000e-01 2.810457240038e-26
3.981071705535e+06 -6.246663344505e-01 -4.410620357773e+00 5.000000000000e-01 0.000000000000e+00 -5.000000000000e-01 2.497285712605e-26
4.466835921510e+06 -6.222748500151e-01 -3.913301784057e+00 5.000000000000e-01 0.000000000000e+00 -5.000000000000e-01 2.217187290555e-26
5.011872336273e+06 -6.192631201525e-01 -3.468083600495e+00 5.000000000000e-01 0.000000000000e+00 -5.000000000000e-01 1.966506328054e-26
5.623413251903e+06 -6.154914894406e-01 -3.069125875418e+00 5.000000000000e-01 0.000000000000e+00 -5.000000000000e-01 1.741976066623e-26
6.309573444802e+06 -6.107912237530e-01 -2.711227830686e+00 5.000000000000e-01 0.000000000000e+00 -5.000000000000e-01 1.540681684869e-26
7.079457843841e+06 -6.049615002099e-01 -2.389767352837e+00 5.000000000000e-01 0.000000000000e+00 -5.000000000000e-01 1.360028059528e-26
7.943282347243e+06 -5.977675657838e-01 -2.100650396394e+00 5.000000000000e-01 0.000000000000e+00 -5.000000000000e-01 1.197712214618e-26
8.912509381337e+06 -5.889411251353e-01 -1.840269719785e+00 5.000000000000e-01 0.000000000000e+00 -5.000000000000e-01 1.051700337636e-26
1.000000000000e+07 -5.781844055758e-01 -1.605472148737e+00 5.000000000000e-01 0.000000000000e+00 -5.000000000000e-01 9.202090616604e-27
1.122018454302e+07 -5.651797041378e-01 -1.393533033041e+00 5.000000000000e-01 0.000000000000e+00 -5.000000000000e-01 8.016904116316e-27
1.258925411794e+07 -5.496063855266e-01 -1.202135673901e+00 5.000000000000e-01 0.000000000000e+00 -5.000000000000e-01 6.948193450696e-27
1.412537544623e+07 -5.311670120770e-01 -1.029352259408e+00 5.000000000000e-01 0.000000000000e+00 -5.000000000000e-01 5.984821847831e-27
1.584893192461e+07 -5.096232143544e-01 -8.736214384126e-01 5.000000000000e-01 0.000000000000e+00 -5.000000000000e-01 5.117635312254e-27
1.778279410039e+07 -4.848397625996e-01 -7.337165535963e-01 5.000000000000e-01 0.000000000000e+00 -5.000000000000e-01 4.339286862886e-27
1.995262314969e+07 -4.568320606205e-01 -6.086985276715e-01 5.000000000000e-01 0.000000000000e+00 -5.000000000000e-01 3.643986059634e-27
2.238721138568e+07 -4.258085413849e-01 -4.978493846482e-01 5.000000000000e-01 0.000000000000e+00 -5.000000000000e-01 3.027153896242e-27
2.511886431510e+07 -3.921965853579e-01 -4.005869728022e-01 5.000000000000e-01 0.000000000000e+00 -5.000000000000e-01 2.484985962759e-27
2.818382931264e+07 -3.566405576265e-01 -3.163681471247e-01 5.000000000000e-01 0.000000000000e+00 -5.000000000000e-01 2.013960098312e-27
3.162277660168e+07 -3.199649203731e-01 -2.445943992359e-01 5.000000000000e-01 0.000000000000e+00 -5.000000000000e-01 1.610358234346e-27
3.548133892336e+07 -2.831039478861e-01 -1.845374899086e-01 5.000000000000e-01 0.000000000000e+00 -5.000000000000e-01 1.269889865550e-27
3.981071705535e+07 -2.470096447504e-01 -1.353003357227e-01 5.000000000000e-01 0.000000000000e+00 -5.000000000000e-01 9.874930385893e-28
4.466835921510e+07 -2.125567042315e-01 -9.582005639903e-02 5.000000000000e-01 0.000000000000e+00 -5.000000000000e-01 7.573470519224e-28
5.011872336273e+07 -1.804642017576e-01 -6.490881044239e-02 5.000000000000e-01 0.000000000000e+00 -5.000000000000e-01 5.730746482306e-28
5.623413251903e+07 -1.512477986296e-01 -4.131866945433e-02 5.000000000000e-01 0.000000000000e+00 -5.000000000000e-01 4.280644815766e-28
6.309573444802e+07 -1.252065434760e-01 -2.381297784241e-02 5.000000000000e-01 0.000000000000e+00 -5.000000000000e-01 3.158254749863e-28
7.079457843841e+07 -1.024392840741e-01 -1.122894326030e-02 5.000000000000e-01 0.000000000000e+00 -5.000000000000e-01 2.302961439536e-28
7.943282347243e+07 -8.288038670560e-02 -2.522297419131e-03 5.000000000000e-01 0.000000000000e+00 -5.000000000000e-01 1.660626256618e-28
8.912509381337e+07 -6.634356458990e-02 3.208460707015e-03 5.000000000000e-01 0.000000000000e+00 -5.000000000000e-01 1.184728766618e-28
1.000000000000e+08 -5.256485397690e-02 6.715784428637e-03 5.000000000000e-01 0.000000000000e+00 -5.000000000000e-01 8.365956343328e-29
1.122018454302e+08 -4.123925240579e-02 8.609848551774e-03 5.000000000000e-01 0.000000000000e+00 -5.000000000000e-01 5.849663920082e-29
1.258925411794e+08 -3.204878781057e-02 9.373082609188e-03 5.000000000000e-01 0.000000000000e+00 -5.000000000000e-01 4.051648296531e-29
1.412537544623e+08 -2.468211514463e-02 9.378061963372e-03 5.000000000000e-01 0.000000000000e+00 -5.000000000000e-01 2.781009712758e-29
1.584893192461e+08 -1.884702369137e-02 8.905719325371e-03 5.000000000000e-01 0.000000000000e+00 -5.000000000000e-01 1.892617746937e-29
1.778279410039e+08 -1.427766773514e-02 8.162183593509e-03 5.000000000000e-01 0.000000000000e+00 -5.000000000000e-01 1.277842718666e-29
1.995262314969e+08 -1.073818839237e-02 7.293593204913e-03 5.000000000000e-01 0.000000000000e+00 -5.000000000000e-01 8.565469059761e-30
2.238721138568e+08 -8.023962950212e-03 6.398861692432e-03 5.000000000000e-01 0.000000000000e+00 -5.000000000000e-01 5.704387852116e-30
2.511886431510e+08 -5.961248329155e-03 5.540620793289e-03 5.000000000000e-01 0.000000000000e+00 -5.000000000000e-01 3.777090105197e-30
2.818382931264e+08 -4.405645159296e-03 4.754554679013e-03 5.000000000000e-01 0.000000000000e+00 -5.000000000000e-01 2.487881248615e-30
3.162277660168e+08 -3.239655208474e-03 4.057230108655e-03 5.000000000000e-01 0.000000000000e+00 -5.000000000000e-01 1.630492941327e-30
3.548133892336e+08 -2.369592383496e-03 3.452451704613e-03 5.000000000000e-01 0.000000000000e+00 -5.000000000000e-01 1.062903352551e-30
3.981071705535e+08 -1.722143125987e-03 2.936180567194e-03 5.000000000000e-01 0.000000000000e+00 -5.000000000000e-01 6.884769014119e-31
4.466835921510e+08 -1.240878921499e-03 2.500125774003e-03 5.000000000000e-01 0.000000000000e+00 -5.000000000000e-01 4.421295467428e-31
5.011872336273e+08 -8.829754961170e-04 2.134198414829e-03 5.000000000000e-01 0.000000000000e+00 -5.000000000000e-01 2.803940431981e-31
5.623413251903e+08 -6.163073106147e-04 1.828065034897e-03 5.000000000000e-01 0.000000000000e+00 -5.000000000000e-01 1.744285019686e-31
6.309573444802e+08 -4.169948120966e-04 1.572039891336e-03 5.000000000000e-01 0.000000000000e+00 -5.000000000000e-01 1.051842666853e-31
7.079457843841e+08 -2.674099350557e-04 1.357524629638e-03 5.000000000000e-01 0.000000000000e+00 -5.000000000000e-01 6.011705124147e-32
7.943282347243e+08 -1.546008056666e-04 1.177158643678e-03 5.000000000000e-01 0.000000000000e+00 -5.000000000000e-01 3.097646709784e-32
8.912509381337e+08 -6.907588206059e-05 1.024798224544e-03 5.000000000000e-01 0.000000000000e+00 -5.000000000000e-01 1.233521066625e-32
1.000000000000e+09 -3.882924078469e-06 8.954049313197e-04 5.000000000000e-01 0.000000000000e+00 -5.000000000000e-01 6.179865607389e-34
