# freq_hz rev(vout) imv(vout) rev(vinp) imv(vinp) rev(vinn) imv(vinn)
1.000000000000e-01 5.069233241160e+04 -2.081346963568e+01 5.000000000000e-01 0.000000000000e+00 -5.000000000000e-01 -8.067935280164e-14
1.122018454302e-01 5.069233019894e+04 -2.335309601091e+01 5.000000000000e-01 0.000000000000e+00 -5.000000000000e-01 -7.190554573389e-14
1.258925411794e-01 5.069232741336e+04 -2.620260325033e+01 5.000000000000e-01 0.000000000000e+00 -5.000000000000e-01 -6.408588157079e-14
1.412537544623e-01 5.069232390653e+04 -2.939980236456e+01 5.000000000000e-01 0.000000000000e+00 -5.000000000000e-01 -5.711659811983e-14
1.584893192461e-01 5.069231949168e+04 -3.298711793370e+01 5.000000000000e-01 0.000000000000e+00 -5.000000000000e-01 -5.090521722392e-14
1.778279410039e-01 5.069231393373e+04 -3.701215101844e+01 5.000000000000e-01 0.000000000000e+00 -5.000000000000e-01 -4.536931763239e-14
1.995262314969e-01 5.069230693667e+04 -4.152831074456e+01 5.000000000000e-01 0.000000000000e+00 -5.000000000000e-01 -4.043544132105e-14
2.238721138568e-01 5.069229812791e+04 -4.659552293510e+01 5.000000000000e-01 0.000000000000e+00 -5.000000000000e-01 -3.603811874892e-14
2.511886431510e-01 5.069228703834e+04 -5.228102518448e+01 5.000000000000e-01 0.000000000000e+00 -5.000000000000e-01 -3.211900011712e-14
2.818382931264e-01 5.069227307740e+04 -5.866025891203e+01 5.000000000000e-01 0.000000000000e+00 -5.000000000000e-01 -2.862608110252e-14
3.162277660168e-01 5.069225550163e+04 -6.581787021403e+01 5.000000000000e-01 0.000000000000e+00 -5.000000000000e-01 -2.551301279197e-14
3.548133892336e-01 5.069223337507e+04 -7.384883276958e+01 5.000000000000e-01 0.000000000000e+00 -5.000000000000e-01 -2.273848666038e-14
3.981071705535e-01 5.069220551940e+04 -8.285970766510e+01 5.000000000000e-01 0.000000000000e+00 -5.000000000000e-01 -2.026568643169e-14
4.466835921510e-01 5.069217045124e+04 -9.297005680398e+01 5.000000000000e-01 0.000000000000e+00 -5.000000000000e-01 -1.806179954926e-14
5.011872336273e-01 5.069212630311e+04 -1.043140285852e+02 5.000000000000e-01 0.000000000000e+00 -5.000000000000e-01 -1.609758177316e-14
5.623413251903e-01 5.069207072402e+04 -1.170421367913e+02 5.000000000000e-01 0.000000000000e+00 -5.000000000000e-01 -1.434696912691e-14
6.309573444802e-01 5.069200075426e+04 -1.313232561490e+02 5.000000000000e-01 0.000000000000e+00 -5.000000000000e-01 -1.278673204431e-14
7.079457843841e-01 5.069191266782e+04 -1.473468608397e+02 5.000000000000e-01 0.000000000000e+00 -5.000000000000e-01 -1.139616712724e-14
7.943282347243e-01 5.069180177400e+04 -1.653255353831e+02 5.000000000000e-01 0.000000000000e+00 -5.000000000000e-01 -1.015682242413e-14
8.912509381337e-01 5.069166216765e+04 -1.854977908077e+02 5.000000000000e-01 0.000000000000e+00 -5.000000000000e-01 -9.052252583789e-15
1.000000000000e+00 5.069148641476e+04 -2.081312229147e+02 5.000000000000e-01 0.000000000000e+00 -5.000000000000e-01 -8.067800635584e-15
1.122018454302e+00 5.069126515671e+04 -2.335260537422e+02 5.000000000000e-01 0.000000000000e+00 -5.000000000000e-01 -7.190403500351e-15
1.258925411794e+00 5.069098661207e+04 -2.620191020955e+02 5.000000000000e-01 0.000000000000e+00 -5.000000000000e-01 -6.408418651283e-15
1.412537544623e+00 5.069063594950e+04 -2.939882342359e+02 5.000000000000e-01 0.000000000000e+00 -5.000000000000e-01 -5.711469624681e-15
1.584893192461e+00 5.069019449838e+04 -3.298573515350e+02 5.000000000000e-01 0.000000000000e+00 -5.000000000000e-01 -5.090308330606e-15
1.778279410039e+00 5.068963875528e+04 -3.701019780979e+02 5.000000000000e-01 0.000000000000e+00 -5.000000000000e-01 -4.536692336368e-15
1.995262314969e+00 5.068893913349e+04 -4.152555180129e+02 5.000000000000e-01 0.000000000000e+00 -5.000000000000e-01 -4.043275494483e-15
2.238721138568e+00 5.068805838931e+04 -4.659162589147e+02 5.000000000000e-01 0.000000000000e+00 -5.000000000000e-01 -3.603510463812e-15
2.511886431510e+00 5.068694964159e+04 -5.227552058470e+02 5.000000000000e-01 0.000000000000e+00 -5.000000000000e-01 -3.211561830389e-15
2.818382931264e+00 5.068555387988e+04 -5.865248367360e+02 5.000000000000e-01 0.000000000000e+00 -5.000000000000e-01 -2.862228675120e-15
3.162277660168e+00 5.068379682929e+04 -6.580688778160e+02 5.000000000000e-01 0.000000000000e+00 -5.000000000000e-01 -2.550875560882e-15
3.548133892336e+00 5.068158500686e+04 -7.383332035453e+02 5.000000000000e-01 0.000000000000e+00 -5.000000000000e-01 -2.273371023286e-15
3.981071705535e+00 5.067880076187e+04 -8.283779701162e+02 5.000000000000e-01 0.000000000000e+00 -5.000000000000e-01 -2.026032748922e-15
4.466835921510e+00 5.067529604004e+04 -9.293910934449e+02 5.000000000000e-01 0.000000000000e+00 -5.000000000000e-01 -1.805578713689e-15
5.011872336273e+00 5.067088454586e+04 -1.042703179798e+03 5.000000000000e-01 0.000000000000e+00 -5.000000000000e-01 -1.609083632866e-15
5.623413251903e+00 5.066533189573e+04 -1.169804007533e+03 5.000000000000e-01 0.000000000000e+00 -5.000000000000e-01 -1.433940145137e-15
6.309573444802e+00 5.065834325352e+04 -1.312360638259e+03 5.000000000000e-01 0.000000000000e+00 -5.000000000000e-01 -1.277824215563e-15
7.079457843841e+00 5.064954781515e+04 -1.472237200070e+03 5.000000000000e-01 0.000000000000e+00 -5.000000000000e-01 -1.138664298589e-15
7.943282347243e+00 5.063847935603e+04 -1.651516327245e+03 5.000000000000e-01 0.000000000000e+00 -5.000000000000e-01 -1.014613852039e-15
8.912509381337e+00 5.062455186820e+04 -1.852522150098e+03 5.000000000000e-01 0.000000000000e+00 -5.000000000000e-01 -9.040268376612e-16
1.000000000000e+01 5.060702908943e+04 -2.077844591486e+03 5.000000000000e-01 0.000000000000e+00 -5.000000000000e-01 -8.054358834778e-16
1.122018454302e+01 5.058498645851e+04 -2.330364523843e+03 5.000000000000e-01 0.000000000000e+00 -5.000000000000e-01 -7.175328186663e-16
1.258925411794e+01 5.055726371845e+04 -2.613279046040e+03 5.000000000000e-01 0.000000000000e+00 -5.000000000000e-01 -6.391513233913e-16
1.412537544623e+01 5.052240603298e+04 -2.930125717267e+03 5.000000000000e-01 0.000000000000e+00 -5.000000000000e-01 -5.692514643349e-16
1.584893192461e+01 5.047859109312e+04 -3.284803987774e+03 5.000000000000e-01 0.000000000000e+00 -5.000000000000e-01 -5.069059120829e-16
1.778279410039e+01 5.042353929195e+04 -3.681591231108e+03 5.000000000000e-01 0.000000000000e+00 -5.000000000000e-01 -4.512876593632e-16
1.995262314969e+01 5.035440368507e+04 -4.125149629545e+03 5.000000000000e-01 0.000000000000e+00 -5.000000000000e-01 -4.016590797510e-16
2.238721138568e+01 5.026763621492e+04 -4.620518595517e+03 5.000000000000e-01 0.000000000000e+00 -5.000000000000e-01 -3.573621851923e-16
2.511886431510e+01 5.015882670113e+04 -5.173085313667e+03 5.000000000000e-01 0.000000000000e+00 -5.000000000000e-01 -3.178099578482e-16
2.818382931264e+01 5.002251161299e+04 -5.788523242818e+03 5.000000000000e-01 0.000000000000e+00 -5.000000000000e-01 -2.824786476232e-16
3.162277660168e+01 4.985195099720e+04 -6.472684929206e+03 5.000000000000e-01 0.000000000000e+00 -5.000000000000e-01 -2.509009415560e-16
3.548133892336e+01 4.963887465421e+04 -7.231431231176e+03 5.000000000000e-01 0.000000000000e+00 -5.000000000000e-01 -2.226599252019e-16
3.981071705535e+01 4.937320347783e+04 -8.070374192452e+03 5.000000000000e-01 0.000000000000e+00 -5.000000000000e-01 -1.973837692713e-16
4.466835921510e+01 4.904275977125e+04 -8.994505812010e+03 5.000000000000e-01 0.000000000000e+00 -5.000000000000e-01 -1.747410869263e-16
5.011872336273e+01 4.863299250429e+04 -1.000768091563e+04 5.000000000000e-01 0.000000000000e+00 -5.000000000000e-01 -1.544369176842e-16
5.623413251903e+01 4.812676106756e+04 -1.111192124678e+04 5.000000000000e-01 0.000000000000e+00 -5.000000000000e-01 -1.362093016428e-16
6.309573444802e+01 4.750424483513e+04 -1.230651312190e+04 5.000000000000e-01 0.000000000000e+00 -5.000000000000e-01 -1.198264106045e-16
7.079457843841e+01 4.674307510804e+04 -1.358688757379e+04 5.000000000000e-01 0.000000000000e+00 -5.000000000000e-01 -1.050841974464e-16
7.943282347243e+01 4.581881716661e+04 -1.494330643914e+04 5.000000000000e-01 0.000000000000e+00 -5.000000000000e-01 -9.180450750592e-17
8.912509381337e+01 4.470595450786e+04 -1.635943728665e+04 5.000000000000e-01 0.000000000000e+00 -5.000000000000e-01 -7.983356135890e-17
1.000000000000e+02 4.337952892225e+04 -1.781098847943e+04 5.000000000000e-01 0.000000000000e+00 -5.000000000000e-01 -6.904066456975e-17
1.122018454302e+02 4.181754517958e+04 -1.926468801415e+04 5.000000000000e-01 0.000000000000e+00 -5.000000000000e-01 -5.931693010735e-17
1.258925411794e+02 4.000413065883e+04 -2.067800339705e+04 5.000000000000e-01 0.000000000000e+00 -5.000000000000e-01 -5.057372802868e-17
1.412537544623e+02 3.793323074657e+04 -2.200006686877e+04 5.000000000000e-01 0.000000000000e+00 -5.000000000000e-01 -4.274053602147e-17
1.584893192461e+02 3.561233500054e+04 -2.317421997824e+04 5.000000000000e-01 0.000000000000e+00 -5.000000000000e-01 -3.576189977559e-17
1.778279410039e+02 3.306543885462e+04 -2.414235349093e+04 5.000000000000e-01 0.000000000000e+00 -5.000000000000e-01 -2.959336991424e-17
1.995262314969e+02 3.033428601054e+04 -2.485077253820e+04 5.000000000000e-01 0.000000000000e+00 -5.000000000000e-01 -2.419657569594e-17
2.238721138568e+02 2.747706478825e+04 -2.525675005577e+04 5.000000000000e-01 0.000000000000e+00 -5.000000000000e-01 -1.953396788625e-17
2.511886431510e+02 2.456423193278e+04 -2.533445648664e+04 5.000000000000e-01 0.000000000000e+00 -5.000000000000e-01 -1.556407521581e-17
2.818382931264e+02 2.167191786461e+04 -2.507883463345e+04 5.000000000000e-01 0.000000000000e+00 -5.000000000000e-01 -1.223819806802e-17
3.162277660168e+02 1.887414098156e+04 -2.450638313318e+04 5.000000000000e-01 0.000000000000e+00 -5.000000000000e-01 -9.499206447509e-18
3.548133892336e+02 1.623547044015e+04 -2.365263025557e+04 5.000000000000e-01 0.000000000000e+00 -5.000000000000e-01 -7.282575721154e-18
3.981071705535e+02 1.380561958825e+04 -2.256699159296e+04 5.000000000000e-01 0.000000000000e+00 -5.000000000000e-01 -5.519198754598e-18
4.466835921510e+02 1.161680630942e+04 -2.130632467917e+04 5.000000000000e-01 0.000000000000e+00 -5.000000000000e-01 -4.139109158192e-18
5.011872336273e+02 9.683894793748e+03 -1.992860621598e+04 5.000000000000e-01 0.000000000000e+00 -5.000000000000e-01 -3.075177541240e-18
5.623413251903e+02 8.006678509934e+03 -1.848781716065e+04 5.000000000000e-01 0.000000000000e+00 -5.000000000000e-01 -2.266065831410e-18
6.309573444802e+02 6.573365049656e+03 -1.703056415497e+04 5.000000000000e-01 0.000000000000e+00 -5.000000000000e-01 -1.658089171245e-18
7.079457843841e+02 5.364367397437e+03 -1.559444472603e+04 5.000000000000e-01 0.000000000000e+00 -5.000000000000e-01 -1.205975947164e-18
7.943282347243e+02 4.355755558810e+03 -1.420782627947e+04 5.000000000000e-01 0.000000000000e+00 -5.000000000000e-01 -8.727374878287e-19
8.912509381337e+02 3.522023392052e+03 -1.289057859844e+04 5.000000000000e-01 0.000000000000e+00 -5.000000000000e-01 -6.289445638107e-19
1.000000000000e+03 2.838075228887e+03 -1.165532177448e+04 5.000000000000e-01 0.000000000000e+00 -5.000000000000e-01 -4.516937015440e-19
1.122018454302e+03 2.280496734738e+03 -1.050885108290e+04 5.000000000000e-01 0.000000000000e+00 -5.000000000000e-01 -3.234816028621e-19
1.258925411794e+03 1.828250271505e+03 -9.453517482876e+03 5.000000000000e-01 0.000000000000e+00 -5.000000000000e-01 -2.311297120490e-19
1.412537544623e+03 1.462951677954e+03 -8.488443415992e+03 5.000000000000e-01 0.000000000000e+00 -5.000000000000e-01 -1.648352583175e-19
1.584893192461e+03 1.168869123583e+03 -7.610526324727e+03 5.000000000000e-01 0.000000000000e+00 -5.000000000000e-01 -1.173778143099e-19
1.778279410039e+03 9.327552152898e+02 -6.815227610555e+03 5.000000000000e-01 0.000000000000e+00 -5.000000000000e-01 -8.348103361601e-20
1.995262314969e+03 7.435926931796e+02 -6.097168774172e+03 5.000000000000e-01 0.000000000000e+00 -5.000000000000e-01 -5.931373127167e-20
2.238721138568e+03 5.923075239458e+02 -5.450566243686e+03 5.000000000000e-01 0.000000000000e+00 -5.000000000000e-01 -4.210826826193e-20
2.511886431510e+03 4.714827820758e+02 -4.869537725669e+03 5.000000000000e-01 0.000000000000e+00 -5.000000000000e-01 -2.987349046071e-20
2.818382931264e+03 3.750921679340e+02 -4.348309920684e+03 5.000000000000e-01 0.000000000000e+00 -5.000000000000e-01 -2.118156904071e-20
3.162277660168e+03 2.982622928234e+02 -3.881352713998e+03 5.000000000000e-01 0.000000000000e+00 -5.000000000000e-01 -1.501130619828e-20
3.548133892336e+03 2.370667472529e+02 -3.463459941653e+03 5.000000000000e-01 0.000000000000e+00 -5.000000000000e-01 -1.063385594031e-20
3.981071705535e+03 1.883513791995e+02 -3.089792262476e+03 5.000000000000e-01 0.000000000000e+00 -5.000000000000e-01 -7.529895278222e-21
4.466835921510e+03 1.495882964733e+02 -2.755893819440e+03 5.000000000000e-01 0.000000000000e+00 -5.000000000000e-01 -5.329883888903e-21
5.011872336273e+03 1.187552549480e+02 -2.457691292749e+03 5.000000000000e-01 0.000000000000e+00 -5.000000000000e-01 -3.771142713736e-21
5.623413251903e+03 9.423687780954e+01 -2.191481562627e+03 5.000000000000e-01 0.000000000000e+00 -5.000000000000e-01 -2.667110570232e-21
6.309573444802e+03 7.474429017698e+01 -1.953912399983e+03 5.000000000000e-01 0.000000000000e+00 -5.000000000000e-01 -1.885376777627e-21
7.079457843841e+03 5.925007115436e+01 -1.741959270369e+03 5.000000000000e-01 0.000000000000e+00 -5.000000000000e-01 -1.332014669876e-21
7.943282347243e+03 4.693581398057e+01 -1.552900365087e+03 5.000000000000e-01 0.000000000000e+00 -5.000000000000e-01 -9.404256926159e-22
8.912509381337e+03 3.714998241701e+01 -1.384291274250e+03 5.000000000000e-01 0.000000000000e+00 -5.000000000000e-01 -6.634050057580e-22
1.000000000000e+04 2.937412471198e+01 -1.233940220009e+03 5.000000000000e-01 0.000000000000e+00 -5.000000000000e-01 -4.675037146909e-22
1.122018454302e+04 2.319583991873e+01 -1.099884419427e+03 5.000000000000e-01 0.000000000000e+00 -5.000000000000e-01 -3.290260127256e-22
1.258925411794e+04 1.828717991977e+01 -9.803679050053e+02 5.000000000000e-01 0.000000000000e+00 -5.000000000000e-01 -2.311888418627e-22
1.412537544623e+04 1.438741488445e+01 -8.738209660514e+02 5.000000000000e-01 0.000000000000e+00 -5.000000000000e-01 -1.621074219154e-22
1.584893192461e+04 1.128929365610e+01 -7.788412638220e+02 5.000000000000e-01 0.000000000000e+00 -5.000000000000e-01 -1.133670646029e-22
1.778279410039e+04 8.828098563250e+00 -6.941766014902e+02 5.000000000000e-01 0.000000000000e+00 -5.000000000000e-01 -7.901095387552e-23
1.995262314969e+04 6.872931493946e+00 -6.187092848852e+02 5.000000000000e-01 0.000000000000e+00 -5.000000000000e-01 -5.482291789842e-23
2.238721138568e+04 5.319779639555e+00 -5.514419833170e+02 5.000000000000e-01 0.000000000000e+00 -5.000000000000e-01 -3.781932511417e-23
2.511886431510e+04 4.085999501672e+00 -4.914849857745e+02 5.000000000000e-01 0.000000000000e+00 -5.000000000000e-01 -2.588918869916e-23
2.818382931264e+04 3.105930384290e+00 -4.380447421878e+02 5.000000000000e-01 0.000000000000e+00 -5.000000000000e-01 -1.753928354006e-23
3.162277660168e+04 2.327406911317e+00 -3.904135793879e+02 5.000000000000e-01 0.000000000000e+00 -5.000000000000e-01 -1.171365560931e-23
3.548133892336e+04 1.708986829155e+00 -3.479604848433e+02 5.000000000000e-01 0.000000000000e+00 -5.000000000000e-01 -7.665824058288e-24
3.981071705535e+04 1.217747715141e+00 -3.101228568124e+02 5.000000000000e-01 0.000000000000e+00 -5.000000000000e-01 -4.868301368047e-24
4.466835921510e+04 8.275360478172e-01 -2.763991262704e+02 5.000000000000e-01 0.000000000000e+00 -5.000000000000e-01 -2.948540195144e-24
5.011872336273e+04 5.175758937889e-01 -2.463421632148e+02 5.000000000000e-01 0.000000000000e+00 -5.000000000000e-01 -1.643592581669e-24
5.623413251903e+04 2.713634330391e-01 -2.195533872926e+02 5.000000000000e-01 0.000000000000e+00 -5.000000000000e-01 -7.680181023144e-25
6.309573444802e+04 7.578865055531e-02 -1.956775098726e+02 5.000000000000e-01 0.000000000000e+00 -5.000000000000e-01 -1.911720098303e-25
7.079457843841e+04 -7.956245366036e-02 -1.743978415227e+02 5.000000000000e-01 0.000000000000e+00 -5.000000000000e-01 1.788662078916e-25
7.943282347243e+04 -2.029622170545e-01 -1.554321052676e+02 5.000000000000e-01 0.000000000000e+00 -5.000000000000e-01 4.066636271128e-25
8.912509381337e+04 -3.009817008937e-01 -1.385287019436e+02 5.000000000000e-01 0.000000000000e+00 -5.000000000000e-01 5.374774199705e-25
1.000000000000e+05 -3.788405312674e-01 -1.234633794166e+02 5.000000000000e-01 0.000000000000e+00 -5.000000000000e-01 6.029434319477e-25
1.122018454302e+05 -4.406848051770e-01 -1.100362624048e+02 5.000000000000e-01 0.000000000000e+00 -5.000000000000e-01 6.250981418398e-25
1.258925411794e+05 -4.898078487190e-01 -9.806920416073e+01 5.000000000000e-01 0.000000000000e+00 -5.000000000000e-01 6.192212783896e-25
1.412537544623e+05 -5.288255755949e-01 -8.740342533089e+01 5.000000000000e-01 0.000000000000e+00 -5.000000000000e-01 5.958440163927e-25
1.584893192461e+05 -5.598157794970e-01 -7.789740900997e+01 5.000000000000e-01 0.000000000000e+00 -5.000000000000e-01 5.621668952305e-25
1.778279410039e+05 -5.844287742800e-01 -6.942502428078e+01 5.000000000000e-01 0.000000000000e+00 -5.000000000000e-01 5.230602558108e-25
1.995262314969e+05 -6.039752765284e-01 -6.187385351982e+01 5.000000000000e-01 0.000000000000e+00 -5.000000000000e-01 4.817694898743e-25
2.238721138568e+05 -6.194961974314e-01 -5.514370137268e+01 5.000000000000e-01 0.000000000000e+00 -5.000000000000e-01 4.404116276442e-25
2.511886431510e+05 -6.318180763057e-01 -4.914526571853e+01 5.000000000000e-01 0.000000000000e+00 -5.000000000000e-01 4.003245079772e-25
2.818382931264e+05 -6.415970945868e-01 -4.379895303747e+01 5.000000000000e-01 0.000000000000e+00 -5.000000000000e-01 3.623118347196e-25
3.162277660168e+05 -6.493540190747e-01 -3.903382250029e+01 5.000000000000e-01 0.000000000000e+00 -5.000000000000e-01 3.268147615691e-25
3.548133892336e+05 -6.555019343626e-01 -3.478664480875e+01 5.000000000000e-01 0.000000000000e+00 -5.000000000000e-01 2.940316691133e-25
3.981071705535e+05 -6.603682409217e-01 -3.100106331038e+01 5.000000000000e-01 0.000000000000e+00 -5.000000000000e-01 2.640014487995e-25
4.466835921510e+05 -6.642120914543e-01 -2.762684628132e+01 5.000000000000e-01 0.000000000000e+00 -5.000000000000e-01 2.366611164456e-25
5.011872336273e+05 -6.672381913338e-01 -2.461922045522e+01 5.000000000000e-01 0.000000000000e+00 -5.000000000000e-01 2.118853978021e-25
5.623413251903e+05 -6.696077025206e-01 -2.193827697733e+01 5.000000000000e-01 0.000000000000e+00 -5.000000000000e-01 1.895136832643e-25
6.309573444802e+05 -6.714468274058e-01 -1.954844189800e+01 5.000000000000e-01 0.000000000000e+00 -5.000000000000e-01 1.693681554544e-25
7.079457843841e+05 -6.728535340709e-01 -1.741800419539e+01 5.000000000000e-01 0.000000000000e+00 -5.000000000000e-01 1.512657724453e-25
7.943282347243e+05 -6.739027790292e-01 -1.551869506450e+01 5.000000000000e-01 0.000000000000e+00 -5.000000000000e-01 1.350259927284e-25
8.912509381337e+05 -6.746505084544e-01 -1.382531290291e+01 5.000000000000e-01 0.000000000000e+00 -5.000000000000e-01 1.204755683117e-25
1.000000000000e+06 -6.751366526646e-01 -1.231538903074e+01 5.000000000000e-01 0.000000000000e+00 -5.000000000000e-01 1.074513355341e-25
1.122018454302e+06 -6.753872763218e-01 -1.096888972022e+01 5.000000000000e-01 0.000000000000e+00 -5.000000000000e-01 9.580165381046e-26
1.258925411794e+06 -6.754160039729e-01 -9.767950600951e+00 5.000000000000e-01 0.000000000000e+00 -5.000000000000e-01 8.538694561933e-26
1.412537544623e+06 -6.752248048182e-01 -8.696639948233e+00 5.000000000000e-01 0.000000000000e+00 -5.000000000000e-01 7.607965239166e-26
1.584893192461e+06 -6.748041909223e-01 -7.740747748646e+00 5.000000000000e-01 0.000000000000e+00 -5.000000000000e-01 6.776382352784e-26
1.778279410039e+06 -6.741328589980e-01 -6.887597796641e+00 5.000000000000e-01 0.000000000000e+00 -5.000000000000e-01 6.033448748522e-26
1.995262314969e+06 -6.731767865666e-01 -6.125880400748e+00 5.000000000000e-01 0.000000000000e+00 -5.000000000000e-01 5.369690609251e-26
2.238721138568e+06 -6.718877814974e-01 -5.445503573471e+00 5.000000000000e-01 0.000000000000e+00 -5.000000000000e-01 4.776578010816e-26
2.511886431510e+06 -6.702014804916e-01 -4.837460863286e+00 5.000000000000e-01 0.000000000000e+00 -5.000000000000e-01 4.246445107936e-26
2.818382931264e+06 -6.680348004202e-01 -4.293714240445e+00 5.000000000000e-01 0.000000000000e+00 -5.000000000000e-01 3.772412877784e-26
3.162277660168e+06 -6.652828757228e-01 -3.807090703158e+00 5.000000000000e-01 0.000000000000e+00 -5.000000000000e-01 3.348316296174e-26
3.548133892336e+06 -6.618155709320e-01 -3.371191502731e+00 5.000000000000e-01 0.000000000000e+00 -5.000000000000e-01 2.968637112498e-26
3.981071705535e+06 -6.574737564947e-01 -2.980313110572e+00 5.000000000000e-01 0.000000000000e+00 -5.000000000000e-01 2.628442942986e-26
4.466835921510e+06 -6.520656895082e-01 -2.629379239574e+00 5.000000000000e-01 0.000000000000e+00 -5.000000000000e-01 2.323333104897e-26
5.011872336273e+06 -6.453640691199e-01 -2.313883376990e+00 5.000000000000e-01 0.000000000000e+00 -5.000000000000e-01 2.049391421066e-26
5.623413251903e+06 -6.371046466063e-01 -2.029841333863e+00 5.000000000000e-01 0.000000000000e+00 -5.000000000000e-01 1.803146047285e-26
6.309573444802e+06 -6.269876586020e-01 -1.773753209647e+00 5.000000000000e-01 0.000000000000e+00 -5.000000000000e-01 1.581536152913e-26
7.079457843841e+06 -6.146837733947e-01 -1.542573819172e+00 5.000000000000e-01 0.000000000000e+00 -5.000000000000e-01 1.381884928650e-26
7.943282347243e+06 -5.998465861151e-01 -1.333689941743e+00 5.000000000000e-01 0.000000000000e+00 -5.000000000000e-01 1.201877827120e-26
8.912509381337e+06 -5.821337665690e-01 -1.144901669897e+00 5.000000000000e-01 0.000000000000e+00 -5.000000000000e-01 1.039544111832e-26
1.000000000000e+07 -5.612384393781e-01 -9.744037032577e-01 5.000000000000e-01 0.000000000000e+00 -5.000000000000e-01 8.932387188021e-27
1.122018454302e+07 -5.369309002087e-01 -8.207609367027e-01 5.000000000000e-01 0.000000000000e+00 -5.000000000000e-01 7.616203328862e-27
1.258925411794e+07 -5.091080805369e-01 -6.828717324666e-01 5.000000000000e-01 0.000000000000e+00 -5.000000000000e-01 6.436208756006e-27
1.412537544623e+07 -4.778444104721e-01 -5.599127762544e-01 5.000000000000e-01 0.000000000000e+00 -5.000000000000e-01 5.384019720041e-27
1.584893192461e+07 -4.434337732438e-01 -4.512623616614e-01 5.000000000000e-01 0.000000000000e+00 -5.000000000000e-01 4.452961075317e-27
1.778279410039e+07 -4.064098360056e-01 -3.564046973124e-01 5.000000000000e-01 0.000000000000e+00 -5.000000000000e-01 3.637343713047e-27
1.995262314969e+07 -3.675332937440e-01 -2.748253763883e-01 5.000000000000e-01 0.000000000000e+00 -5.000000000000e-01 2.931681714798e-27
2.238721138568e+07 -3.277407556577e-01 -2.059147860113e-01 5.000000000000e-01 0.000000000000e+00 -5.000000000000e-01 2.329971358065e-27
2.511886431510e+07 -2.880601547959e-01 -1.488984304471e-01 5.000000000000e-01 0.000000000000e+00 -5.000000000000e-01 1.825169998471e-27
2.818382931264e+07 -2.495080429271e-01 -1.028085839330e-01 5.000000000000e-01 0.000000000000e+00 -5.000000000000e-01 1.408979522709e-27
3.162277660168e+07 -2.129901919469e-01 -6.650126024587e-02 5.000000000000e-01 0.000000000000e+00 -5.000000000000e-01 1.071962854667e-27
3.548133892336e+07 -1.792255545420e-01 -3.871037043734e-02 5.000000000000e-01 0.000000000000e+00 -5.000000000000e-01 8.039333858106e-28
3.981071705535e+07 -1.487055933580e-01 -1.812230885218e-02 5.000000000000e-01 0.000000000000e+00 -5.000000000000e-01 5.944939453220e-28
4.466835921510e+07 -1.216902525578e-01 -3.452139332698e-03 5.000000000000e-01 0.000000000000e+00 -5.000000000000e-01 4.335866721097e-28
5.011872336273e+07 -9.823300219416e-02 6.493426083046e-03 5.000000000000e-01 0.000000000000e+00 -5.000000000000e-01 3.119446551104e-28
5.623413251903e+07 -7.822307714864e-02 1.277396697761e-02 5.000000000000e-01 0.000000000000e+00 -5.000000000000e-01 2.213884847935e-28
6.309573444802e+07 -6.143323468714e-02 1.629507748255e-02 5.000000000000e-01 0.000000000000e+00 -5.000000000000e-01 1.549613940803e-28
7.079457843841e+07 -4.756435050786e-02 1.780614218303e-02 5.000000000000e-01 0.000000000000e+00 -5.000000000000e-01 1.069305258293e-28
7.943282347243e+07 -3.628199235044e-02 1.791047512633e-02 5.000000000000e-01 0.000000000000e+00 -5.000000000000e-01 7.269612454101e-29
8.912509381337e+07 -2.724342072079e-02 1.708218448949e-02 5.000000000000e-01 0.000000000000e+00 -5.000000000000e-01 4.864987949999e-29
1.000000000000e+08 -2.011571798075e-02 1.568529888057e-02 5.000000000000e-01 0.000000000000e+00 -5.000000000000e-01 3.201515950478e-29
1.122018454302e+08 -1.458691596966e-02 1.399225477274e-02 5.000000000000e-01 0.000000000000e+00 -5.000000000000e-01 2.069110157801e-29
1.258925411794e+08 -1.037228550217e-02 1.220032558359e-02 5.000000000000e-01 0.000000000000e+00 -5.000000000000e-01 1.311277454062e-29
1.412537544623e+08 -7.217642211180e-03 1.044570197248e-02 5.000000000000e-01 0.000000000000e+00 -5.000000000000e-01 8.132339134992e-30
1.584893192461e+08 -4.900901329924e-03 8.815582808964e-03 5.000000000000e-01 0.000000000000e+00 -5.000000000000e-01 4.921484147786e-30
1.778279410039e+08 -3.232461992378e-03 7.358809823661e-03 5.000000000000e-01 0.000000000000e+00 -5.000000000000e-01 2.893034140413e-30
1.995262314969e+08 -2.054545008683e-03 6.095407913431e-03 5.000000000000e-01 0.000000000000e+00 -5.000000000000e-01 1.638837116721e-30
2.238721138568e+08 -1.239447288713e-03 5.025092990140e-03 5.000000000000e-01 0.000000000000e+00 -5.000000000000e-01 8.811466479773e-31
2.511886431510e+08 -6.867622012309e-04 4.134583671946e-03 5.000000000000e-01 0.000000000000e+00 -5.000000000000e-01 4.351375033659e-31
2.818382931264e+08 -3.198031211973e-04 3.403504549517e-03 5.000000000000e-01 0.000000000000e+00 -5.000000000000e-01 1.805937972096e-31
3.162277660168e+08 -8.161274889842e-05 2.808777603142e-03 5.000000000000e-01 0.000000000000e+00 -5.000000000000e-01 4.107505349739e-32
3.548133892336e+08 6.902905902055e-05 2.327573267965e-03 5.000000000000e-01 0.000000000000e+00 -5.000000000000e-01 -3.096364537943e-32
3.981071705535e+08 1.612629073213e-04 1.939042439292e-03 5.000000000000e-01 0.000000000000e+00 -5.000000000000e-01 -6.446954673505e-32
4.466835921510e+08 2.152678997498e-04 1.625127783519e-03 5.000000000000e-01 0.000000000000e+00 -5.000000000000e-01 -7.670071374058e-32
5.011872336273e+08 2.447662239149e-04 1.370755734952e-03 5.000000000000e-01 0.000000000000e+00 -5.000000000000e-01 -7.772694878131e-32
5.623413251903e+08 2.589390304584e-04 1.163664052766e-03 5.000000000000e-01 0.000000000000e+00 -5.000000000000e-01 -7.328543148225e-32
6.309573444802e+08 2.638352675987e-04 9.940528313766e-04 5.000000000000e-01 0.000000000000e+00 -5.000000000000e-01 -6.655075397354e-32
7.079457843841e+08 2.633762691877e-04 8.541810762501e-04 5.000000000000e-01 0.000000000000e+00 -5.000000000000e-01 -5.921023340903e-32
7.943282347243e+08 2.600560228749e-04 7.379779127952e-04 5.000000000000e-01 0.000000000000e+00 -5.000000000000e-01 -5.210591756911e-32
8.912509381337e+08 2.554217397744e-04 6.407005611663e-04 5.000000000000e-01 0.000000000000e+00 -5.000000000000e-01 -4.561188181563e-32
1.000000000000e+09 2.504002538097e-04 5.586487871003e-04 5.000000000000e-01 0.000000000000e+00 -5.000000000000e-01 -3.985243814529e-32
