# freq_hz rev(vout) imv(vout) rev(vinp) imv(vinp) rev(vinn) imv(vinn)
1.000000000000e-01 5.751150870286e+04 -2.215641575188e+01 5.000000000000e-01 0.000000000000e+00 -5.000000000000e-01 -9.153240894733e-14
1.122018454302e-01 5.751150649275e+04 -2.485990640068e+01 5.000000000000e-01 0.000000000000e+00 -5.000000000000e-01 -8.157834220898e-14
1.258925411794e-01 5.751150371039e+04 -2.789327240543e+01 5.000000000000e-01 0.000000000000e+00 -5.000000000000e-01 -7.270677050765e-14
1.412537544623e-01 5.751150020760e+04 -3.129676448459e+01 5.000000000000e-01 0.000000000000e+00 -5.000000000000e-01 -6.479997347692e-14
1.584893192461e-01 5.751149579786e+04 -3.511554462003e+01 5.000000000000e-01 0.000000000000e+00 -5.000000000000e-01 -5.775303272408e-14
1.778279410039e-01 5.751149024631e+04 -3.940028529407e+01 5.000000000000e-01 0.000000000000e+00 -5.000000000000e-01 -5.147243962681e-14
1.995262314969e-01 5.751148325734e+04 -4.420784183318e+01 5.000000000000e-01 0.000000000000e+00 -5.000000000000e-01 -4.587485453057e-14
2.238721138568e-01 5.751147445874e+04 -4.960200677384e+01 5.000000000000e-01 0.000000000000e+00 -5.000000000000e-01 -4.088600088203e-14
2.511886431510e-01 5.751146338197e+04 -5.565435625223e+01 5.000000000000e-01 0.000000000000e+00 -5.000000000000e-01 -3.643967962432e-14
2.818382931264e-01 5.751144943714e+04 -6.244519963684e+01 5.000000000000e-01 0.000000000000e+00 -5.000000000000e-01 -3.247689077578e-14
3.162277660168e-01 5.751143188165e+04 -7.006464498840e+01 5.000000000000e-01 0.000000000000e+00 -5.000000000000e-01 -2.894505053605e-14
3.548133892336e-01 5.751140978062e+04 -7.861379446137e+01 5.000000000000e-01 0.000000000000e+00 -5.000000000000e-01 -2.579729353095e-14
3.981071705535e-01 5.751138195709e+04 -8.820608547582e+01 5.000000000000e-01 0.000000000000e+00 -5.000000000000e-01 -2.299185093750e-14
4.466835921510e-01 5.751134692939e+04 -9.896879540894e+01 5.000000000000e-01 0.000000000000e+00 -5.000000000000e-01 -2.049149623699e-14
5.011872336273e-01 5.751130283217e+04 -1.110447297058e+02 5.000000000000e-01 0.000000000000e+00 -5.000000000000e-01 -1.826305124165e-14
5.623413251903e-01 5.751124731717e+04 -1.245941157151e+02 5.000000000000e-01 0.000000000000e+00 -5.000000000000e-01 -1.627694584034e-14
6.309573444802e-01 5.751117742808e+04 -1.397967272472e+02 5.000000000000e-01 0.000000000000e+00 -5.000000000000e-01 -1.450682562108e-14
7.079457843841e-01 5.751108944316e+04 -1.568542678575e+02 5.000000000000e-01 0.000000000000e+00 -5.000000000000e-01 -1.292920216404e-14
7.943282347243e-01 5.751097867709e+04 -1.759930442139e+02 5.000000000000e-01 0.000000000000e+00 -5.000000000000e-01 -1.152314136446e-14
8.912509381337e-01 5.751083923149e+04 -1.974669646474e+02 5.000000000000e-01 0.000000000000e+00 -5.000000000000e-01 -1.026998564986e-14
1.000000000000e+00 5.751066368083e+04 -2.215609021451e+02 5.000000000000e-01 0.000000000000e+00 -5.000000000000e-01 -9.153106405299e-15
1.122018454302e+00 5.751044267717e+04 -2.485944656598e+02 5.000000000000e-01 0.000000000000e+00 -5.000000000000e-01 -8.157683321857e-15
1.258925411794e+00 5.751016445246e+04 -2.789262287240e+02 5.000000000000e-01 0.000000000000e+00 -5.000000000000e-01 -7.270507740083e-15
1.412537544623e+00 5.750981419213e+04 -3.129584699829e+02 5.000000000000e-01 0.000000000000e+00 -5.000000000000e-01 -6.479807379151e-15
1.584893192461e+00 5.750937324657e+04 -3.511424864430e+02 5.000000000000e-01 0.000000000000e+00 -5.000000000000e-01 -5.775090125850e-15
1.778279410039e+00 5.750881813861e+04 -3.939845469582e+02 5.000000000000e-01 0.000000000000e+00 -5.000000000000e-01 -5.147004810641e-15
1.995262314969e+00 5.750811931434e+04 -4.420525607463e+02 5.000000000000e-01 0.000000000000e+00 -5.000000000000e-01 -4.587217123348e-15
2.238721138568e+00 5.750723957085e+04 -4.959835434788e+02 5.000000000000e-01 0.000000000000e+00 -5.000000000000e-01 -4.088299021969e-15
2.511886431510e+00 5.750613207768e+04 -5.564919716257e+02 5.000000000000e-01 0.000000000000e+00 -5.000000000000e-01 -3.643630167132e-15
2.818382931264e+00 5.750473788704e+04 -6.243791240636e+02 5.000000000000e-01 0.000000000000e+00 -5.000000000000e-01 -3.247310074299e-15
3.162277660168e+00 5.750298280114e+04 -7.005435181809e+02 5.000000000000e-01 0.000000000000e+00 -5.000000000000e-01 -2.894079818039e-15
3.548133892336e+00 5.750077343122e+04 -7.859925553521e+02 5.000000000000e-01 0.000000000000e+00 -5.000000000000e-01 -2.579252249458e-15
3.981071705535e+00 5.749799224068e+04 -8.818554969923e+02 5.000000000000e-01 0.000000000000e+00 -5.000000000000e-01 -2.298649800816e-15
4.466835921510e+00 5.749449131175e+04 -9.893978963665e+02 5.000000000000e-01 0.000000000000e+00 -5.000000000000e-01 -2.048549052083e-15
5.011872336273e+00 5.749008450950e+04 -1.110037611345e+03 5.000000000000e-01 0.000000000000e+00 -5.000000000000e-01 -1.825631323894e-15
5.623413251903e+00 5.748453763463e+04 -1.245362517088e+03 5.000000000000e-01 0.000000000000e+00 -5.000000000000e-01 -1.626938641368e-15
6.309573444802e+00 5.747755605466e+04 -1.397150021915e+03 5.000000000000e-01 0.000000000000e+00 -5.000000000000e-01 -1.449834484529e-15
7.079457843841e+00 5.746876917716e+04 -1.567388459717e+03 5.000000000000e-01 0.000000000000e+00 -5.000000000000e-01 -1.291968804632e-15
7.943282347243e+00 5.745771097309e+04 -1.758300381518e+03 5.000000000000e-01 0.000000000000e+00 -5.000000000000e-01 -1.151246842344e-15
8.912509381337e+00 5.744379556861e+04 -1.972367687855e+03 5.000000000000e-01 0.000000000000e+00 -5.000000000000e-01 -1.025801334229e-15
1.000000000000e+01 5.742628669323e+04 -2.212358419473e+03 5.000000000000e-01 0.000000000000e+00 -5.000000000000e-01 -9.139677390641e-16
1.122018454302e+01 5.740425949572e+04 -2.481354838092e+03 5.000000000000e-01 0.000000000000e+00 -5.000000000000e-01 -8.142621556932e-16
1.258925411794e+01 5.737655291271e+04 -2.782782156795e+03 5.000000000000e-01 0.000000000000e+00 -5.000000000000e-01 -7.253616400210e-16
1.412537544623e+01 5.734171039752e+04 -3.120436886445e+03 5.000000000000e-01 0.000000000000e+00 -5.000000000000e-01 -6.460866608361e-16
1.584893192461e+01 5.729790639398e+04 -3.498513204439e+03 5.000000000000e-01 0.000000000000e+00 -5.000000000000e-01 -5.753854628688e-16
1.778279410039e+01 5.724285548923e+04 -3.921624963724e+03 5.000000000000e-01 0.000000000000e+00 -5.000000000000e-01 -5.123201312670e-16
1.995262314969e+01 5.717370073818e+04 -4.394819863760e+03 5.000000000000e-01 0.000000000000e+00 -5.000000000000e-01 -4.560541748858e-16
2.238721138568e+01 5.708687728929e+04 -4.923580801201e+03 5.000000000000e-01 0.000000000000e+00 -5.000000000000e-01 -4.058414667975e-16
2.511886431510e+01 5.697794727882e+04 -5.513807386415e+03 5.000000000000e-01 0.000000000000e+00 -5.000000000000e-01 -3.610163995832e-16
2.818382931264e+01 5.684140219685e+04 -6.171767919369e+03 5.000000000000e-01 0.000000000000e+00 -5.000000000000e-01 -3.209851305708e-16
3.162277660168e+01 5.667042987967e+04 -6.904008637531e+03 5.000000000000e-01 0.000000000000e+00 -5.000000000000e-01 -2.852178085466e-16
3.548133892336e+01 5.645664542685e+04 -7.717202698819e+03 5.000000000000e-01 0.000000000000e+00 -5.000000000000e-01 -2.532416888066e-16
3.981071705535e+01 5.618978937350e+04 -8.617916190873e+03 5.000000000000e-01 0.000000000000e+00 -5.000000000000e-01 -2.246350578828e-16
4.466835921510e+01 5.585740332528e+04 -9.612262776934e+03 5.000000000000e-01 0.000000000000e+00 -5.000000000000e-01 -1.990219028348e-16
5.011872336273e+01 5.544450420780e+04 -1.070541320471e+04 5.000000000000e-01 0.000000000000e+00 -5.000000000000e-01 -1.760672722664e-16
5.623413251903e+01 5.493329467341e+04 -1.190092245424e+04 5.000000000000e-01 0.000000000000e+00 -5.000000000000e-01 -1.554732863468e-16
6.309573444802e+01 5.430297025142e+04 -1.319983868958e+04 5.000000000000e-01 0.000000000000e+00 -5.000000000000e-01 -1.369757593868e-16
7.079457843841e+01 5.352971381251e+04 -1.459956904024e+04 5.000000000000e-01 0.000000000000e+00 -5.000000000000e-01 -1.203413982183e-16
7.943282347243e+01 5.258700286412e+04 -1.609250414685e+04 5.000000000000e-01 0.000000000000e+00 -5.000000000000e-01 -1.053655287869e-16
8.912509381337e+01 5.144638875196e+04 -1.766445431330e+04 5.000000000000e-01 0.000000000000e+00 -5.000000000000e-01 -9.187027719990e-17
1.000000000000e+02 5.007892571194e+04 -1.929303206712e+04 5.000000000000e-01 0.000000000000e+00 -5.000000000000e-01 -7.970308571787e-17
1.122018454302e+02 4.845740970778e+04 -2.094623001516e+04 5.000000000000e-01 0.000000000000e+00 -5.000000000000e-01 -6.873537823601e-17
1.258925411794e+02 4.655950240496e+04 -2.258157573506e+04 5.000000000000e-01 0.000000000000e+00 -5.000000000000e-01 -5.886111191518e-17
1.412537544623e+02 4.437163606570e+04 -2.414635926415e+04 5.000000000000e-01 0.000000000000e+00 -5.000000000000e-01 -4.999488501962e-17
1.584893192461e+02 4.189331339206e+04 -2.557945617859e+04 5.000000000000e-01 0.000000000000e+00 -5.000000000000e-01 -4.206925703612e-17
1.778279410039e+02 3.914107518622e+04 -2.681512508619e+04 5.000000000000e-01 0.000000000000e+00 -5.000000000000e-01 -3.503102807495e-17
1.995262314969e+02 3.615112337567e+04 -2.778877974651e+04 5.000000000000e-01 0.000000000000e+00 -5.000000000000e-01 -2.883645894777e-17
2.238721138568e+02 3.297953159493e+04 -2.844414750115e+04 5.000000000000e-01 0.000000000000e+00 -5.000000000000e-01 -2.344577617892e-17
2.511886431510e+02 2.969930742480e+04 -2.874059251022e+04 5.000000000000e-01 0.000000000000e+00 -5.000000000000e-01 -1.881769622929e-17
2.818382931264e+02 2.639430736636e+04 -2.865898922553e+04 5.000000000000e-01 0.000000000000e+00 -5.000000000000e-01 -1.490494581217e-17
3.162277660168e+02 2.315093766678e+04 -2.820464908974e+04 5.000000000000e-01 0.000000000000e+00 -5.000000000000e-01 -1.165168452249e-17
3.548133892336e+02 2.004931384529e+04 -2.740649753453e+04 5.000000000000e-01 0.000000000000e+00 -5.000000000000e-01 -8.993311698216e-18
3.981071705535e+02 1.715574151598e+04 -2.631273063816e+04 5.000000000000e-01 0.000000000000e+00 -5.000000000000e-01 -6.858507624665e-18
4.466835921510e+02 1.451792386571e+04 -2.498411468328e+04 5.000000000000e-01 0.000000000000e+00 -5.000000000000e-01 -5.172787600128e-18
5.011872336273e+02 1.216342725363e+04 -2.348654962039e+04 5.000000000000e-01 0.000000000000e+00 -5.000000000000e-01 -3.862567604411e-18
5.623413251903e+02 1.010104776340e+04 -2.188439152128e+04 5.000000000000e-01 0.000000000000e+00 -5.000000000000e-01 -2.858818318941e-18
6.309573444802e+02 8.324146951603e+03 -2.023549461880e+04 5.000000000000e-01 0.000000000000e+00 -5.000000000000e-01 -2.099712676239e-18
7.079457843841e+02 6.814872762630e+03 -1.858828981058e+04 5.000000000000e-01 0.000000000000e+00 -5.000000000000e-01 -1.532067441659e-18
7.943282347243e+02 5.548358503642e+03 -1.698070678589e+04 5.000000000000e-01 0.000000000000e+00 -5.000000000000e-01 -1.111692425496e-18
8.912509381337e+02 4.496320951076e+03 -1.544047275456e+04 5.000000000000e-01 0.000000000000e+00 -5.000000000000e-01 -8.029295392270e-19
1.000000000000e+03 3.629803934148e+03 -1.398626060876e+04 5.000000000000e-01 0.000000000000e+00 -5.000000000000e-01 -5.777012385740e-19
1.122018454302e+03 2.921053222397e+03 -1.262923385497e+04 5.000000000000e-01 0.000000000000e+00 -5.000000000000e-01 -4.143426140599e-19
1.258925411794e+03 2.344644590025e+03 -1.137466419147e+04 5.000000000000e-01 0.000000000000e+00 -5.000000000000e-01 -2.964129350319e-19
1.412537544623e+03 1.878039036665e+03 -1.022342538478e+04 5.000000000000e-01 0.000000000000e+00 -5.000000000000e-01 -2.116044257674e-19
1.584893192461e+03 1.501738013529e+03 -9.173267946841e+03 5.000000000000e-01 0.000000000000e+00 -5.000000000000e-01 -1.508045016655e-19
1.778279410039e+03 1.199184147045e+03 -8.219847097669e+03 5.000000000000e-01 0.000000000000e+00 -5.000000000000e-01 -1.073262635794e-19
1.995262314969e+03 9.565176336705e+02 -7.357516098967e+03 5.000000000000e-01 0.000000000000e+00 -5.000000000000e-01 -7.629799270558e-20
2.238721138568e+03 7.622651988786e+02 -6.579916137657e+03 5.000000000000e-01 0.000000000000e+00 -5.000000000000e-01 -5.419088257952e-20
2.511886431510e+03 6.070114401691e+02 -5.880400036815e+03 5.000000000000e-01 0.000000000000e+00 -5.000000000000e-01 -3.846068437027e-20
2.818382931264e+03 4.830823005528e+02 -5.252325924263e+03 5.000000000000e-01 0.000000000000e+00 -5.000000000000e-01 -2.727980474203e-20
3.162277660168e+03 3.842565370156e+02 -4.689252437097e+03 5.000000000000e-01 0.000000000000e+00 -5.000000000000e-01 -1.933932875399e-20
3.548133892336e+03 3.055120158114e+02 -4.185061385966e+03 5.000000000000e-01 0.000000000000e+00 -5.000000000000e-01 -1.370403399809e-20
3.981071705535e+03 2.428081465591e+02 -3.734028277145e+03 5.000000000000e-01 0.000000000000e+00 -5.000000000000e-01 -9.706963251662e-21
4.466835921510e+03 1.929026473826e+02 -3.330856253133e+03 5.000000000000e-01 0.000000000000e+00 -5.000000000000e-01 -6.873189525187e-21
5.011872336273e+03 1.531992731417e+02 -2.970685040259e+03 5.000000000000e-01 0.000000000000e+00 -5.000000000000e-01 -4.864932696336e-21
5.623413251903e+03 1.216225426504e+02 -2.649083363418e+03 5.000000000000e-01 0.000000000000e+00 -5.000000000000e-01 -3.442185019511e-21
6.309573444802e+03 9.651546673310e+01 -2.362030895997e+03 5.000000000000e-01 0.000000000000e+00 -5.000000000000e-01 -2.434540741902e-21
7.079457843841e+03 7.655654679783e+01 -2.105894023919e+03 5.000000000000e-01 0.000000000000e+00 -5.000000000000e-01 -1.721085585603e-21
7.943282347243e+03 6.069272147261e+01 -1.877398387553e+03 5.000000000000e-01 0.000000000000e+00 -5.000000000000e-01 -1.216064872152e-21
8.912509381337e+03 4.808539061235e+01 -1.673600212248e+03 5.000000000000e-01 0.000000000000e+00 -5.000000000000e-01 -8.586838205730e-22
1.000000000000e+04 3.806708783676e+01 -1.491857756587e+03 5.000000000000e-01 0.000000000000e+00 -5.000000000000e-01 -6.058565198333e-22
1.122018454302e+04 3.010677731949e+01 -1.329803725573e+03 5.000000000000e-01 0.000000000000e+00 -5.000000000000e-01 -4.270555811798e-22
1.258925411794e+04 2.378210632815e+01 -1.185319159730e+03 5.000000000000e-01 0.000000000000e+00 -5.000000000000e-01 -3.006563966222e-22
1.412537544623e+04 1.875724965178e+01 -1.056509079573e+03 5.000000000000e-01 0.000000000000e+00 -5.000000000000e-01 -2.113436922263e-22
1.584893192461e+04 1.476523809292e+01 -9.416800083134e+02 5.000000000000e-01 0.000000000000e+00 -5.000000000000e-01 -1.482724917739e-22
1.778279410039e+04 1.159387553041e+01 -8.393193918863e+02 5.000000000000e-01 0.000000000000e+00 -5.000000000000e-01 -1.037644922300e-22
1.995262314969e+04 9.074523405446e+00 -7.480768688328e+02 5.000000000000e-01 0.000000000000e+00 -5.000000000000e-01 -7.238422964964e-23
2.238721138568e+04 7.073173578876e+00 -6.667473017163e+02 5.000000000000e-01 0.000000000000e+00 -5.000000000000e-01 -5.028453606978e-23
2.511886431510e+04 5.483345665780e+00 -5.942554586343e+02 5.000000000000e-01 0.000000000000e+00 -5.000000000000e-01 -3.474287517314e-23
2.818382931264e+04 4.220437873538e+00 -5.296422222290e+02 5.000000000000e-01 0.000000000000e+00 -5.000000000000e-01 -2.383294129888e-23
3.162277660168e+04 3.217235095571e+00 -4.720522004016e+02 5.000000000000e-01 0.000000000000e+00 -5.000000000000e-01 -1.619209075150e-23
3.548133892336e+04 2.420337948725e+00 -4.207226148800e+02 5.000000000000e-01 0.000000000000e+00 -5.000000000000e-01 -1.085665761725e-23
3.981071705535e+04 1.787324417274e+00 -3.749733489340e+02 5.000000000000e-01 0.000000000000e+00 -5.000000000000e-01 -7.145350221213e-24
4.466835921510e+04 1.284494105714e+00 -3.341980425347e+02 5.000000000000e-01 0.000000000000e+00 -5.000000000000e-01 -4.576697910761e-24
5.011872336273e+04 8.850757025951e-01 -2.978561312204e+02 5.000000000000e-01 0.000000000000e+00 -5.000000000000e-01 -2.810609760729e-24
5.623413251903e+04 5.678026563793e-01 -2.654657332444e+02 5.000000000000e-01 0.000000000000e+00 -5.000000000000e-01 -1.607006197399e-24
6.309573444802e+04 3.157815032404e-01 -2.365972978559e+02 5.000000000000e-01 0.000000000000e+00 -5.000000000000e-01 -7.965385872337e-25
7.079457843841e+04 1.155927643631e-01 -2.108679355544e+02 5.000000000000e-01 0.000000000000e+00 -5.000000000000e-01 -2.598667898001e-25
7.943282347243e+04 -4.342335212427e-02 -1.879363587131e+02 5.000000000000e-01 0.000000000000e+00 -5.000000000000e-01 8.700485308310e-26
8.912509381337e+04 -1.697344105941e-01 -1.674983680024e+02 5.000000000000e-01 0.000000000000e+00 -5.000000000000e-01 3.031028558064e-25
1.000000000000e+05 -2.700665419853e-01 -1.492828265434e+02 5.000000000000e-01 0.000000000000e+00 -5.000000000000e-01 4.298242512070e-25
1.122018454302e+05 -3.497625498640e-01 -1.330480696560e+02 5.000000000000e-01 0.000000000000e+00 -5.000000000000e-01 4.961276573113e-25
1.258925411794e+05 -4.130663806106e-01 -1.185787034781e+02 5.000000000000e-01 0.000000000000e+00 -5.000000000000e-01 5.222037436321e-25
1.412537544623e+05 -4.633490952183e-01 -1.056827506097e+02 5.000000000000e-01 0.000000000000e+00 -5.000000000000e-01 5.220696551527e-25
1.584893192461e+05 -5.032883692567e-01 -9.418910537958e+01 5.000000000000e-01 0.000000000000e+00 -5.000000000000e-01 5.054020810290e-25
1.778279410039e+05 -5.350110745584e-01 -8.394526527668e+01 5.000000000000e-01 0.000000000000e+00 -5.000000000000e-01 4.788317102711e-25
1.995262314969e+05 -5.602065380059e-01 -7.481530868639e+01 5.000000000000e-01 0.000000000000e+00 -5.000000000000e-01 4.468567316043e-25
2.238721138568e+05 -5.802164933076e-01 -6.667809224063e+01 5.000000000000e-01 0.000000000000e+00 -5.000000000000e-01 4.124869390049e-25
2.511886431510e+05 -5.961065338524e-01 -5.942564399749e+01 5.000000000000e-01 0.000000000000e+00 -5.000000000000e-01 3.776974161008e-25
2.818382931264e+05 -6.087228563219e-01 -5.296173120003e+01 5.000000000000e-01 0.000000000000e+00 -5.000000000000e-01 3.437476521800e-25
3.162277660168e+05 -6.187373224386e-01 -4.720058366354e+01 5.000000000000e-01 0.000000000000e+00 -5.000000000000e-01 3.114056193798e-25
3.548133892336e+05 -6.266832373376e-01 -4.206575590190e+01 5.000000000000e-01 0.000000000000e+00 -5.000000000000e-01 2.811047666227e-25
3.981071705535e+05 -6.329837494320e-01 -3.748911291381e+01 5.000000000000e-01 0.000000000000e+00 -5.000000000000e-01 2.530537002860e-25
4.466835921510e+05 -6.379743853456e-01 -3.340992620270e+01 5.000000000000e-01 0.000000000000e+00 -5.000000000000e-01 2.273125289980e-25
5.011872336273e+05 -6.419209167476e-01 -2.977406803357e+01 5.000000000000e-01 0.000000000000e+00 -5.000000000000e-01 2.038457488932e-25
5.623413251903e+05 -6.450335155764e-01 -2.653329326760e+01 5.000000000000e-01 0.000000000000e+00 -5.000000000000e-01 1.825586487516e-25
6.309573444802e+05 -6.474779463479e-01 -2.364459923486e+01 5.000000000000e-01 0.000000000000e+00 -5.000000000000e-01 1.633221589475e-25
7.079457843841e+05 -6.493843961258e-01 -2.106965516932e+01 5.000000000000e-01 0.000000000000e+00 -5.000000000000e-01 1.459896208014e-25
7.943282347243e+05 -6.508544096283e-01 -1.877429363612e+01 5.000000000000e-01 0.000000000000e+00 -5.000000000000e-01 1.304079245798e-25
8.912509381337e+05 -6.519663010856e-01 -1.672805721174e+01 5.000000000000e-01 0.000000000000e+00 -5.000000000000e-01 1.164247408978e-25
1.000000000000e+06 -6.527793315172e-01 -1.490379440839e+01 5.000000000000e-01 0.000000000000e+00 -5.000000000000e-01 1.038930573592e-25
1.122018454302e+06 -6.533368748467e-01 -1.327729948781e+01 5.000000000000e-01 0.000000000000e+00 -5.000000000000e-01 9.267387068134e-26
1.258925411794e+06 -6.536687442884e-01 -1.182699139965e+01 5.000000000000e-01 0.000000000000e+00 -5.000000000000e-01 8.263762953987e-26
1.412537544623e+06 -6.537928062736e-01 -1.053362759939e+01 5.000000000000e-01 0.000000000000e+00 -5.000000000000e-01 7.366484329743e-26
1.584893192461e+06 -6.537159730073e-01 -9.380048965425e+00 5.000000000000e-01 0.000000000000e+00 -5.000000000000e-01 6.564614510122e-26
1.778279410039e+06 -6.534346357372e-01 -8.350952466234e+00 5.000000000000e-01 0.000000000000e+00 -5.000000000000e-01 5.848200888901e-26
1.995262314969e+06 -6.529345748567e-01 -7.432688594252e+00 5.000000000000e-01 0.000000000000e+00 -5.000000000000e-01 5.208225721723e-26
2.238721138568e+06 -6.521903642018e-01 -6.613080941986e+00 5.000000000000e-01 0.000000000000e+00 -5.000000000000e-01 4.636545325426e-26
2.511886431510e+06 -6.511642696494e-01 -5.881265591200e+00 5.000000000000e-01 0.000000000000e+00 -5.000000000000e-01 4.125823961605e-26
2.818382931264e+06 -6.498046358852e-01 -5.227548293474e+00 5.000000000000e-01 0.000000000000e+00 -5.000000000000e-01 3.669466583051e-26
3.162277660168e+06 -6.480437537964e-01 -4.643277677554e+00 5.000000000000e-01 0.000000000000e+00 -5.000000000000e-01 3.261553153781e-26
3.548133892336e+06 -6.457952158294e-01 -4.120732977644e+00 5.000000000000e-01 0.000000000000e+00 -5.000000000000e-01 2.896776275731e-26
3.981071705535e+06 -6.429508008625e-01 -3.653025017955e+00 5.000000000000e-01 0.000000000000e+00 -5.000000000000e-01 2.570383195558e-26
4.466835921510e+06 -6.393769960369e-01 -3.234009417959e+00 5.000000000000e-01 0.000000000000e+00 -5.000000000000e-01 2.278122841462e-26
5.011872336273e+06 -6.349113709660e-01 -2.858211192960e+00 5.000000000000e-01 0.000000000000e+00 -5.000000000000e-01 2.016198265530e-26
5.623413251903e+06 -6.293591881242e-01 -2.520760103631e+00 5.000000000000e-01 0.000000000000e+00 -5.000000000000e-01 1.781224699009e-26
6.309573444802e+06 -6.224908751949e-01 -2.217336229303e+00 5.000000000000e-01 0.000000000000e+00 -5.000000000000e-01 1.570193305199e-26
7.079457843841e+06 -6.140413069716e-01 -1.944125251135e+00 5.000000000000e-01 0.000000000000e+00 -5.000000000000e-01 1.380440584898e-26
7.943282347243e+06 -6.037122365176e-01 -1.697782777727e+00 5.000000000000e-01 0.000000000000e+00 -5.000000000000e-01 1.209623206711e-26
8.912509381337e+06 -5.911796135087e-01 -1.475406620443e+00 5.000000000000e-01 0.000000000000e+00 -5.000000000000e-01 1.055697713397e-26
1.000000000000e+07 -5.761078113597e-01 -1.274515163746e+00 5.000000000000e-01 0.000000000000e+00 -5.000000000000e-01 9.169040593175e-27
1.122018454302e+07 -5.581727210888e-01 -1.093028821732e+00 5.000000000000e-01 0.000000000000e+00 -5.000000000000e-01 7.917512169228e-27
1.258925411794e+07 -5.370949376185e-01 -9.292501361106e-01 5.000000000000e-01 0.000000000000e+00 -5.000000000000e-01 6.790022143551e-27
1.412537544623e+07 -5.126825235194e-01 -7.818367026182e-01 5.000000000000e-01 0.000000000000e+00 -5.000000000000e-01 5.776551438619e-27
1.584893192461e+07 -4.848799016331e-01 -6.497604888750e-01 5.000000000000e-01 0.000000000000e+00 -5.000000000000e-01 4.869163014764e-27
1.778279410039e+07 -4.538156235657e-01 -5.322481881600e-01 5.000000000000e-01 0.000000000000e+00 -5.000000000000e-01 4.061622674990e-27
1.995262314969e+07 -4.198381667053e-01 -4.287008735841e-01 5.000000000000e-01 0.000000000000e+00 -5.000000000000e-01 3.348898990799e-27
2.238721138568e+07 -3.835273949524e-01 -3.385974320453e-01 5.000000000000e-01 0.000000000000e+00 -5.000000000000e-01 2.726569185694e-27
2.511886431510e+07 -3.456718339379e-01 -2.613936171246e-01 5.000000000000e-01 0.000000000000e+00 -5.000000000000e-01 2.190201769027e-27
2.818382931264e+07 -3.072091896871e-01 -1.964340821808e-01 5.000000000000e-01 0.000000000000e+00 -5.000000000000e-01 1.734819657030e-27
3.162277660168e+07 -2.691378752400e-01 -1.428951350624e-01 5.000000000000e-01 0.000000000000e+00 -5.000000000000e-01 1.354549720830e-27
3.548133892336e+07 -2.324166536830e-01 -9.976969497803e-02 5.000000000000e-01 0.000000000000e+00 -5.000000000000e-01 1.042527154075e-27
3.981071705535e+07 -1.978734623012e-01 -6.589489231923e-02 5.000000000000e-01 0.000000000000e+00 -5.000000000000e-01 7.910568299528e-28
4.466835921510e+07 -1.661410756944e-01 -4.001155024434e-02 5.000000000000e-01 0.000000000000e+00 -5.000000000000e-01 5.919665264633e-28
5.011872336273e+07 -1.376282837094e-01 -2.083811258720e-02 5.000000000000e-01 0.000000000000e+00 -5.000000000000e-01 4.370466802014e-28
5.623413251903e+07 -1.125250172068e-01 -7.141463951562e-03 5.000000000000e-01 0.000000000000e+00 -5.000000000000e-01 3.184705072831e-28
6.309573444802e+07 -9.083243418673e-02 2.207822162366e-03 5.000000000000e-01 0.000000000000e+00 -5.000000000000e-01 2.291189891101e-28
7.079457843841e+07 -7.240618162368e-02 8.201197173582e-03 5.000000000000e-01 0.000000000000e+00 -5.000000000000e-01 1.627780258038e-28
7.943282347243e+07 -5.700223590933e-02 1.167810135976e-02 5.000000000000e-01 0.000000000000e+00 -5.000000000000e-01 1.142120752564e-28
8.912509381337e+07 -4.431803088956e-02 1.332779906270e-02 5.000000000000e-01 0.000000000000e+00 -5.000000000000e-01 7.914082759836e-29
1.000000000000e+08 -3.402522057124e-02 1.370148132346e-02 5.000000000000e-01 0.000000000000e+00 -5.000000000000e-01 5.415282043705e-29
1.122018454302e+08 -2.579333204387e-02 1.322950158958e-02 5.000000000000e-01 0.000000000000e+00 -5.000000000000e-01 3.658706572832e-29
1.258925411794e+08 -1.930539151447e-02 1.223992214695e-02 5.000000000000e-01 0.000000000000e+00 -5.000000000000e-01 2.440612016460e-29
1.412537544623e+08 -1.426742590375e-02 1.097605985258e-02 5.000000000000e-01 0.000000000000e+00 -5.000000000000e-01 1.607554692209e-29
1.584893192461e+08 -1.041379827269e-02 9.612032422313e-03 5.000000000000e-01 0.000000000000e+00 -5.000000000000e-01 1.045753416914e-29
1.778279410039e+08 -7.509917952490e-03 8.266211500003e-03 5.000000000000e-01 0.000000000000e+00 -5.000000000000e-01 6.721331628797e-30
1.995262314969e+08 -5.353268290486e-03 7.012922309218e-03 5.000000000000e-01 0.000000000000e+00 -5.000000000000e-01 4.270110770580e-30
2.238721138568e+08 -3.773171375125e-03 5.892761728536e-03 5.000000000000e-01 0.000000000000e+00 -5.000000000000e-01 2.682419284556e-30
2.511886431510e+08 -2.629417859346e-03 4.921711323859e-03 5.000000000000e-01 0.000000000000e+00 -5.000000000000e-01 1.666018194610e-30
2.818382931264e+08 -1.809850284165e-03 4.099002723687e-03 5.000000000000e-01 0.000000000000e+00 -5.000000000000e-01 1.022027971379e-30
3.162277660168e+08 -1.227102133678e-03 3.413590924801e-03 5.000000000000e-01 0.000000000000e+00 -5.000000000000e-01 6.175908355973e-31
3.548133892336e+08 -8.148257646000e-04 2.849137238409e-03 5.000000000000e-01 0.000000000000e+00 -5.000000000000e-01 3.654978986978e-31
3.981071705535e+08 -5.237957182984e-04 2.387539531309e-03 5.000000000000e-01 0.000000000000e+00 -5.000000000000e-01 2.094026028761e-31
4.466835921510e+08 -3.182291542766e-04 2.011188835778e-03 5.000000000000e-01 0.000000000000e+00 -5.000000000000e-01 1.133861727385e-31
5.011872336273e+08 -1.725563738968e-04 1.704220268071e-03 5.000000000000e-01 0.000000000000e+00 -5.000000000000e-01 5.479628774447e-32
5.623413251903e+08 -6.875120627777e-05 1.453047388787e-03 5.000000000000e-01 0.000000000000e+00 -5.000000000000e-01 1.945810103665e-32
6.309573444802e+08 5.770271417047e-06 1.246438264263e-03 5.000000000000e-01 0.000000000000e+00 -5.000000000000e-01 -1.455513953580e-33
7.079457843841e+08 5.973904939830e-05 1.075334483759e-03 5.000000000000e-01 0.000000000000e+00 -5.000000000000e-01 -1.343007503833e-32
7.943282347243e+08 9.919729667378e-05 9.325531879977e-04 5.000000000000e-01 0.000000000000e+00 -5.000000000000e-01 -1.987558721549e-32
8.912509381337e+08 1.283296076586e-04 8.124596119935e-04 5.000000000000e-01 0.000000000000e+00 -5.000000000000e-01 -2.291643187122e-32
1.000000000000e+09 1.500450277783e-04 7.106584476197e-04 5.000000000000e-01 0.000000000000e+00 -5.000000000000e-01 -2.388040785728e-32
