# freq_hz rev(vout) imv(vout) rev(vinp) imv(vinp) rev(vinn) imv(vinn)
1.000000000000e-01 5.369340990094e-01 -2.247862332857e-04 1.000000000000e+00 0.000000000000e+00 1.000000000000e+00 -8.545571597193e-19
1.122018454302e-01 5.369340746350e-01 -2.522142905788e-04 1.000000000000e+00 0.000000000000e+00 1.000000000000e+00 -7.616248357145e-19
1.258925411794e-01 5.369340439495e-01 -2.829890723011e-04 1.000000000000e+00 0.000000000000e+00 1.000000000000e+00 -6.787988105435e-19
1.412537544623e-01 5.369340053188e-01 -3.175189386455e-04 1.000000000000e+00 0.000000000000e+00 1.000000000000e+00 -6.049800331746e-19
1.584893192461e-01 5.369339566856e-01 -3.562620764800e-04 1.000000000000e+00 0.000000000000e+00 1.000000000000e+00 -5.391889732816e-19
1.778279410039e-01 5.369338954601e-01 -3.997325787905e-04 1.000000000000e+00 0.000000000000e+00 1.000000000000e+00 -4.805526234721e-19
1.995262314969e-01 5.369338183817e-01 -4.485072657899e-04 1.000000000000e+00 0.000000000000e+00 1.000000000000e+00 -4.282929150095e-19
2.238721138568e-01 5.369337213458e-01 -5.032333381355e-04 1.000000000000e+00 0.000000000000e+00 1.000000000000e+00 -3.817163933135e-19
2.511886431510e-01 5.369335991849e-01 -5.646369637072e-04 1.000000000000e+00 0.000000000000e+00 1.000000000000e+00 -3.402050162397e-19
2.818382931264e-01 5.369334453824e-01 -6.335329117325e-04 1.000000000000e+00 0.000000000000e+00 1.000000000000e+00 -3.032079530287e-19
3.162277660168e-01 5.369332517707e-01 -7.108353619725e-04 1.000000000000e+00 0.000000000000e+00 1.000000000000e+00 -2.702342751432e-19
3.548133892336e-01 5.369330080281e-01 -7.975700319283e-04 1.000000000000e+00 0.000000000000e+00 1.000000000000e+00 -2.408464419042e-19
3.981071705535e-01 5.369327011746e-01 -8.948877828339e-04 1.000000000000e+00 0.000000000000e+00 1.000000000000e+00 -2.146544946197e-19
4.466835921510e-01 5.369323148696e-01 -1.004079884231e-03 1.000000000000e+00 0.000000000000e+00 1.000000000000e+00 -1.913108820625e-19
5.011872336273e-01 5.369318285299e-01 -1.126595138925e-03 1.000000000000e+00 0.000000000000e+00 1.000000000000e+00 -1.705058486734e-19
5.623413251903e-01 5.369312162799e-01 -1.264059094550e-03 1.000000000000e+00 0.000000000000e+00 1.000000000000e+00 -1.519633243073e-19
6.309573444802e-01 5.369304454938e-01 -1.418295594720e-03 1.000000000000e+00 0.000000000000e+00 1.000000000000e+00 -1.354372609249e-19
7.079457843841e-01 5.369294751485e-01 -1.591350954076e-03 1.000000000000e+00 0.000000000000e+00 1.000000000000e+00 -1.207083677120e-19
7.943282347243e-01 5.369282535501e-01 -1.785521074056e-03 1.000000000000e+00 0.000000000000e+00 1.000000000000e+00 -1.075812011993e-19
8.912509381337e-01 5.369267156596e-01 -2.003381855563e-03 1.000000000000e+00 0.000000000000e+00 1.000000000000e+00 -9.588157186602e-20
1.000000000000e+00 5.369247795745e-01 -2.247823304904e-03 1.000000000000e+00 0.000000000000e+00 1.000000000000e+00 -8.545423273781e-20
1.122018454302e+00 5.369223422245e-01 -2.522087777358e-03 1.000000000000e+00 0.000000000000e+00 1.000000000000e+00 -7.616081936430e-20
1.258925411794e+00 5.369192737948e-01 -2.829812852182e-03 1.000000000000e+00 0.000000000000e+00 1.000000000000e+00 -6.787801379270e-20
1.412537544623e+00 5.369154109402e-01 -3.175079391620e-03 1.000000000000e+00 0.000000000000e+00 1.000000000000e+00 -6.049590823172e-20
1.584893192461e+00 5.369105479532e-01 -3.562465394119e-03 1.000000000000e+00 0.000000000000e+00 1.000000000000e+00 -5.391654662371e-20
1.778279410039e+00 5.369044259569e-01 -3.997106323379e-03 1.000000000000e+00 0.000000000000e+00 1.000000000000e+00 -4.805262484431e-20
1.995262314969e+00 5.368967190082e-01 -4.484762660313e-03 1.000000000000e+00 0.000000000000e+00 1.000000000000e+00 -4.282633221652e-20
2.238721138568e+00 5.368870168553e-01 -5.031895505990e-03 1.000000000000e+00 0.000000000000e+00 1.000000000000e+00 -3.816831902031e-20
2.511886431510e+00 5.368748030763e-01 -5.645751135877e-03 1.000000000000e+00 0.000000000000e+00 1.000000000000e+00 -3.401677625996e-20
2.818382931264e+00 5.368594276229e-01 -6.334455486498e-03 1.000000000000e+00 0.000000000000e+00 1.000000000000e+00 -3.031661549743e-20
3.162277660168e+00 5.368400723208e-01 -7.107119628158e-03 1.000000000000e+00 0.000000000000e+00 1.000000000000e+00 -2.701873786602e-20
3.548133892336e+00 5.368157074303e-01 -7.973957339711e-03 1.000000000000e+00 0.000000000000e+00 1.000000000000e+00 -2.407938255979e-20
3.981071705535e+00 5.367850369864e-01 -8.946415946144e-03 1.000000000000e+00 0.000000000000e+00 1.000000000000e+00 -2.145954615572e-20
4.466835921510e+00 5.367464301675e-01 -1.003732159369e-02 1.000000000000e+00 0.000000000000e+00 1.000000000000e+00 -1.912446506860e-20
5.011872336273e+00 5.366978349895e-01 -1.126104009484e-02 1.000000000000e+00 0.000000000000e+00 1.000000000000e+00 -1.704315426534e-20
5.623413251903e+00 5.366366697693e-01 -1.263365435614e-02 1.000000000000e+00 0.000000000000e+00 1.000000000000e+00 -1.518799611771e-20
6.309573444802e+00 5.365596871655e-01 -1.417315917476e-02 1.000000000000e+00 0.000000000000e+00 1.000000000000e+00 -1.353437395147e-20
7.079457843841e+00 5.364628032054e-01 -1.589967375597e-02 1.000000000000e+00 0.000000000000e+00 1.000000000000e+00 -1.206034541040e-20
7.943282347243e+00 5.363408832836e-01 -1.783567166260e-02 1.000000000000e+00 0.000000000000e+00 1.000000000000e+00 -1.074635132245e-20
8.912509381337e+00 5.361874740028e-01 -2.000622685052e-02 1.000000000000e+00 0.000000000000e+00 1.000000000000e+00 -9.574956194738e-21
1.000000000000e+01 5.359944679298e-01 -2.243927290396e-02 1.000000000000e+00 0.000000000000e+00 1.000000000000e+00 -8.530616904094e-21
1.122018454302e+01 5.357516852563e-01 -2.516587029185e-02 1.000000000000e+00 0.000000000000e+00 1.000000000000e+00 -7.599476519430e-21
1.258925411794e+01 5.354463525892e-01 -2.822047312854e-02 1.000000000000e+00 0.000000000000e+00 1.000000000000e+00 -6.769180523065e-21
1.412537544623e+01 5.350624562600e-01 -3.164118221800e-02 1.000000000000e+00 0.000000000000e+00 1.000000000000e+00 -6.028713013743e-21
1.584893192461e+01 5.345799416691e-01 -3.546996437482e-02 1.000000000000e+00 0.000000000000e+00 1.000000000000e+00 -5.368250718668e-21
1.778279410039e+01 5.339737282236e-01 -3.975280876869e-02 1.000000000000e+00 0.000000000000e+00 1.000000000000e+00 -4.779032915088e-21
1.995262314969e+01 5.332125035591e-01 -4.453977804182e-02 1.000000000000e+00 0.000000000000e+00 1.000000000000e+00 -4.253245551884e-21
2.238721138568e+01 5.322572600651e-01 -4.988489453996e-02 1.000000000000e+00 0.000000000000e+00 1.000000000000e+00 -3.783918080574e-21
2.511886431510e+01 5.310595370552e-01 -5.584577865985e-02 1.000000000000e+00 0.000000000000e+00 1.000000000000e+00 -3.364831679418e-21
2.818382931264e+01 5.295593386463e-01 -6.248292595456e-02 1.000000000000e+00 0.000000000000e+00 1.000000000000e+00 -2.990437724806e-21
3.162277660168e+01 5.276827139603e-01 -6.985847131370e-02 1.000000000000e+00 0.000000000000e+00 1.000000000000e+00 -2.655785523478e-21
3.548133892336e+01 5.253390179408e-01 -7.803424218599e-02 1.000000000000e+00 0.000000000000e+00 1.000000000000e+00 -2.356458466377e-21
3.981071705535e+01 5.224179274166e-01 -8.706885064562e-02 1.000000000000e+00 0.000000000000e+00 1.000000000000e+00 -2.088517908195e-21
4.466835921510e+01 5.187863770619e-01 -9.701352192365e-02 1.000000000000e+00 0.000000000000e+00 1.000000000000e+00 -1.848454202684e-21
5.011872336273e+01 5.142857178477e-01 -1.079063177665e-01 1.000000000000e+00 0.000000000000e+00 1.000000000000e+00 -1.633144435157e-21
5.623413251903e+01 5.087295975752e-01 -1.197644099376e-01 1.000000000000e+00 0.000000000000e+00 1.000000000000e+00 -1.439816469541e-21
6.309573444802e+01 5.019033261104e-01 -1.325741309426e-01 1.000000000000e+00 0.000000000000e+00 1.000000000000e+00 -1.266018947296e-21
7.079457843841e+01 4.935658047281e-01 -1.462787318840e-01 1.000000000000e+00 0.000000000000e+00 1.000000000000e+00 -1.109596798178e-21
7.943282347243e+01 4.834554249113e-01 -1.607641833221e-01 1.000000000000e+00 0.000000000000e+00 1.000000000000e+00 -9.686716054596e-22
8.912509381337e+01 4.713015733839e-01 -1.758440359026e-01 1.000000000000e+00 0.000000000000e+00 1.000000000000e+00 -8.416257630888e-22
1.000000000000e+02 4.568433310677e-01 -1.912453445335e-01 1.000000000000e+00 0.000000000000e+00 1.000000000000e+00 -7.270887435799e-22
1.122018454302e+02 4.398563654055e-01 -2.065988758088e-01 1.000000000000e+00 0.000000000000e+00 1.000000000000e+00 -6.239230249405e-22
1.258925411794e+02 4.201876023592e-01 -2.214379804977e-01 1.000000000000e+00 0.000000000000e+00 1.000000000000e+00 -5.312064822497e-22
1.412537544623e+02 3.977948825727e-01 -2.352110673771e-01 1.000000000000e+00 0.000000000000e+00 1.000000000000e+00 -4.482077105782e-22
1.584893192461e+02 3.727856971755e-01 -2.473117863578e-01 1.000000000000e+00 0.000000000000e+00 1.000000000000e+00 -3.743513234940e-22
1.778279410039e+02 3.454461468319e-01 -2.571281209101e-01 1.000000000000e+00 0.000000000000e+00 1.000000000000e+00 -3.091722342955e-22
1.995262314969e+02 3.162499885810e-01 -2.641065420972e-01 1.000000000000e+00 0.000000000000e+00 1.000000000000e+00 -2.522613119980e-22
2.238721138568e+02 2.858396452184e-01 -2.678213496228e-01 1.000000000000e+00 0.000000000000e+00 1.000000000000e+00 -2.032088395665e-22
2.511886431510e+02 2.549769915194e-01 -2.680347516148e-01 1.000000000000e+00 0.000000000000e+00 1.000000000000e+00 -1.615552680486e-22
2.818382931264e+02 2.244702445947e-01 -2.647328490284e-01 1.000000000000e+00 0.000000000000e+00 1.000000000000e+00 -1.267590312445e-22
3.162277660168e+02 1.950910725666e-01 -2.581277912247e-01 1.000000000000e+00 0.000000000000e+00 1.000000000000e+00 -9.818779970894e-23
3.548133892336e+02 1.674994410113e-01 -2.486255015056e-01 1.000000000000e+00 0.000000000000e+00 1.000000000000e+00 -7.513347807890e-23
3.981071705535e+02 1.421910128394e-01 -2.367677612468e-01 1.000000000000e+00 0.000000000000e+00 1.000000000000e+00 -5.684500112159e-23
4.466835921510e+02 1.194744827465e-01 -2.231631624890e-01 1.000000000000e+00 0.000000000000e+00 1.000000000000e+00 -4.256918059354e-23
5.011872336273e+02 9.947759879307e-02 -2.084216919720e-01 1.000000000000e+00 0.000000000000e+00 1.000000000000e+00 -3.158969445460e-23
5.623413251903e+02 8.217425827621e-02 -1.931035053894e-01 1.000000000000e+00 0.000000000000e+00 1.000000000000e+00 -2.325711949970e-23
6.309573444802e+02 6.742258373431e-02 -1.776864508912e-01 1.000000000000e+00 0.000000000000e+00 1.000000000000e+00 -1.700691428861e-23
7.079457843841e+02 5.500484550460e-02 -1.625516458290e-01 1.000000000000e+00 0.000000000000e+00 1.000000000000e+00 -1.236576761832e-23
7.943282347243e+02 4.466293816796e-02 -1.479832287438e-01 1.000000000000e+00 0.000000000000e+00 1.000000000000e+00 -8.948853977104e-24
8.912509381337e+02 3.612626881782e-02 -1.341773606987e-01 1.000000000000e+00 0.000000000000e+00 1.000000000000e+00 -6.451240623503e-24
1.000000000000e+03 2.913140825366e-02 -1.212559811843e-01 1.000000000000e+00 0.000000000000e+00 1.000000000000e+00 -4.636407622799e-24
1.122018454302e+03 2.343438293773e-02 -1.092819486584e-01 1.000000000000e+00 0.000000000000e+00 1.000000000000e+00 -3.324096737044e-24
1.258925411794e+03 1.881715885935e-02 -9.827342132201e-02 1.000000000000e+00 0.000000000000e+00 1.000000000000e+00 -2.378889026589e-24
1.412537544623e+03 1.508996877795e-02 -8.821636635803e-02 1.000000000000e+00 0.000000000000e+00 1.000000000000e+00 -1.700233123895e-24
1.584893192461e+03 1.209092156955e-02 -7.907478469380e-02 1.000000000000e+00 0.000000000000e+00 1.000000000000e+00 -1.214170105269e-24
1.778279410039e+03 9.684015370865e-03 -7.079869336214e-02 1.000000000000e+00 0.000000000000e+00 1.000000000000e+00 -8.667135808638e-25
1.995262314969e+03 7.756352091991e-03 -6.333012064457e-02 1.000000000000e+00 0.000000000000e+00 1.000000000000e+00 -6.186964824326e-25
2.238721138568e+03 6.215080514164e-03 -5.660744993052e-02 1.000000000000e+00 0.000000000000e+00 1.000000000000e+00 -4.418418929014e-25
2.511886431510e+03 4.984391916232e-03 -5.056846392097e-02 1.000000000000e+00 0.000000000000e+00 1.000000000000e+00 -3.158146808807e-25
2.818382931264e+03 4.002746182824e-03 -4.515239314978e-02 1.000000000000e+00 0.000000000000e+00 1.000000000000e+00 -2.260362968679e-25
3.162277660168e+03 3.220411529698e-03 -4.030122397114e-02 1.000000000000e+00 0.000000000000e+00 1.000000000000e+00 -1.620807749419e-25
3.548133892336e+03 2.597342254787e-03 -3.596047694933e-02 1.000000000000e+00 0.000000000000e+00 1.000000000000e+00 -1.165062738032e-25
3.981071705535e+03 2.101383028416e-03 -3.207960282931e-02 1.000000000000e+00 0.000000000000e+00 1.000000000000e+00 -8.400891042400e-26
4.466835921510e+03 1.706772011576e-03 -2.861212297281e-02 1.000000000000e+00 0.000000000000e+00 1.000000000000e+00 -6.081289018590e-26
5.011872336273e+03 1.392906116999e-03 -2.551559363812e-02 1.000000000000e+00 0.000000000000e+00 1.000000000000e+00 -4.423255001508e-26
5.623413251903e+03 1.143331110412e-03 -2.275145987758e-02 1.000000000000e+00 0.000000000000e+00 1.000000000000e+00 -3.235878098613e-26
6.309573444802e+03 9.449207955319e-04 -2.028484233688e-02 1.000000000000e+00 0.000000000000e+00 1.000000000000e+00 -2.383502098119e-26
7.079457843841e+03 7.872131075608e-04 -1.808428649011e-02 1.000000000000e+00 0.000000000000e+00 1.000000000000e+00 -1.769752149086e-26
7.943282347243e+03 6.618752720374e-04 -1.612149764714e-02 1.000000000000e+00 0.000000000000e+00 1.000000000000e+00 -1.326161108847e-26
8.912509381337e+03 5.622740960904e-04 -1.437107217539e-02 1.000000000000e+00 0.000000000000e+00 1.000000000000e+00 -1.004079748322e-26
1.000000000000e+04 4.831316738066e-04 -1.281023780896e-02 1.000000000000e+00 0.000000000000e+00 1.000000000000e+00 -7.689279405058e-27
1.122018454302e+04 4.202499322673e-04 -1.141860533585e-02 1.000000000000e+00 0.000000000000e+00 1.000000000000e+00 -5.961118892290e-27
1.258925411794e+04 3.702906393872e-04 -1.017793689284e-02 1.000000000000e+00 0.000000000000e+00 1.000000000000e+00 -4.681261104671e-27
1.412537544623e+04 3.305998759073e-04 -9.071931209709e-03 1.000000000000e+00 0.000000000000e+00 1.000000000000e+00 -3.724970329922e-27
1.584893192461e+04 2.990681297898e-04 -8.086026842771e-03 1.000000000000e+00 0.000000000000e+00 1.000000000000e+00 -3.003241568814e-27
1.778279410039e+04 2.740188440340e-04 -7.207222406173e-03 1.000000000000e+00 0.000000000000e+00 1.000000000000e+00 -2.452452257061e-27
1.995262314969e+04 2.541197131959e-04 -6.423914184529e-03 1.000000000000e+00 0.000000000000e+00 1.000000000000e+00 -2.027022120791e-27
2.238721138568e+04 2.383120825403e-04 -5.725748815595e-03 1.000000000000e+00 0.000000000000e+00 1.000000000000e+00 -1.694205914322e-27
2.511886431510e+04 2.257547979552e-04 -5.103490843788e-03 1.000000000000e+00 0.000000000000e+00 1.000000000000e+00 -1.430398746160e-27
2.818382931264e+04 2.157795552051e-04 -4.548903675347e-03 1.000000000000e+00 0.000000000000e+00 1.000000000000e+00 -1.218513724593e-27
3.162277660168e+04 2.078553980451e-04 -4.054642680687e-03 1.000000000000e+00 0.000000000000e+00 1.000000000000e+00 -1.046119841527e-27
3.548133892336e+04 2.015605035668e-04 -3.614159569942e-03 1.000000000000e+00 0.000000000000e+00 1.000000000000e+00 -9.041189382410e-28
3.981071705535e+04 1.965597500456e-04 -3.221616624849e-03 1.000000000000e+00 0.000000000000e+00 1.000000000000e+00 -7.858048823679e-28
4.466835921510e+04 1.925868955499e-04 -2.871810166558e-03 1.000000000000e+00 0.000000000000e+00 1.000000000000e+00 -6.861939175758e-28
5.011872336273e+04 1.894304115421e-04 -2.560102078994e-03 1.000000000000e+00 0.000000000000e+00 1.000000000000e+00 -6.015473728382e-28
5.623413251903e+04 1.869222312915e-04 -2.282358773689e-03 1.000000000000e+00 0.000000000000e+00 1.000000000000e+00 -5.290309595109e-28
6.309573444802e+04 1.849288007740e-04 -2.034896568143e-03 1.000000000000e+00 0.000000000000e+00 1.000000000000e+00 -4.664710383470e-28
7.079457843841e+04 1.833439730006e-04 -1.814433075726e-03 1.000000000000e+00 0.000000000000e+00 1.000000000000e+00 -4.121798622550e-28
7.943282347243e+04 1.820833572419e-04 -1.618043795587e-03 1.000000000000e+00 0.000000000000e+00 1.000000000000e+00 -3.648298662061e-28
8.912509381337e+04 1.810798248128e-04 -1.443123397997e-03 1.000000000000e+00 0.000000000000e+00 1.000000000000e+00 -3.233629046554e-28
1.000000000000e+05 1.802799377912e-04 -1.287351259598e-03 1.000000000000e+00 0.000000000000e+00 1.000000000000e+00 -2.869244323976e-28
1.122018454302e+05 1.796410999366e-04 -1.148660687467e-03 1.000000000000e+00 0.000000000000e+00 1.000000000000e+00 -2.548154972652e-28
1.258925411794e+05 1.791292918685e-04 -1.025211560211e-03 1.000000000000e+00 0.000000000000e+00 1.000000000000e+00 -2.264575167547e-28
1.412537544623e+05 1.787172592323e-04 -9.153659396210e-04 1.000000000000e+00 0.000000000000e+00 1.000000000000e+00 -2.013662244302e-28
1.584893192461e+05 1.783830596802e-04 -8.176663360799e-04 1.000000000000e+00 0.000000000000e+00 1.000000000000e+00 -1.791322333076e-28
1.778279410039e+05 1.781088970698e-04 -7.308163989574e-04 1.000000000000e+00 0.000000000000e+00 1.000000000000e+00 -1.594063970897e-28
1.995262314969e+05 1.778801719887e-04 -6.536637103708e-04 1.000000000000e+00 0.000000000000e+00 1.000000000000e+00 -1.418886551290e-28
2.238721138568e+05 1.776847036128e-04 -5.851844917217e-04 1.000000000000e+00 0.000000000000e+00 1.000000000000e+00 -1.263194348086e-28
2.511886431510e+05 1.775120852510e-04 -5.244700416970e-04 1.000000000000e+00 0.000000000000e+00 1.000000000000e+00 -1.124729425337e-28
2.818382931264e+05 1.773531255660e-04 -4.707146457029e-04 1.000000000000e+00 0.000000000000e+00 1.000000000000e+00 -1.001518505293e-28
3.162277660168e+05 1.771993613583e-04 -4.232048970765e-04 1.000000000000e+00 0.000000000000e+00 1.000000000000e+00 -8.918304242579e-29
3.548133892336e+05 1.770426090220e-04 -3.813102093509e-04 1.000000000000e+00 0.000000000000e+00 1.000000000000e+00 -7.941415746628e-29
3.981071705535e+05 1.768745285625e-04 -3.444744340842e-04 1.000000000000e+00 0.000000000000e+00 1.000000000000e+00 -7.071074728102e-29
4.466835921510e+05 1.766861786178e-04 -3.122084406519e-04 1.000000000000e+00 0.000000000000e+00 1.000000000000e+00 -6.295391009914e-29
5.011872336273e+05 1.764675480410e-04 -2.840836063145e-04 1.000000000000e+00 0.000000000000e+00 1.000000000000e+00 -5.603830401418e-29
5.623413251903e+05 1.762070199108e-04 -2.597260512959e-04 1.000000000000e+00 0.000000000000e+00 1.000000000000e+00 -4.987045584246e-29
6.309573444802e+05 1.758907643053e-04 -2.388116066456e-04 1.000000000000e+00 0.000000000000e+00 1.000000000000e+00 -4.436731710677e-29
7.079457843841e+05 1.755020085741e-04 -2.210613966908e-04 1.000000000000e+00 0.000000000000e+00 1.000000000000e+00 -3.945501591117e-29
7.943282347243e+05 1.750201617681e-04 -2.062379761286e-04 1.000000000000e+00 0.000000000000e+00 1.000000000000e+00 -3.506777509402e-29
8.912509381337e+05 1.744197327972e-04 -1.941419424991e-04 1.000000000000e+00 0.000000000000e+00 1.000000000000e+00 -3.114696597747e-29
1.000000000000e+06 1.736690236609e-04 -1.846089825818e-04 1.000000000000e+00 0.000000000000e+00 1.000000000000e+00 -2.764028357757e-29
1.122018454302e+06 1.727284901213e-04 -1.775072254807e-04 1.000000000000e+00 0.000000000000e+00 1.000000000000e+00 -2.450101681501e-29
1.258925411794e+06 1.715487335411e-04 -1.727348624859e-04 1.000000000000e+00 0.000000000000e+00 1.000000000000e+00 -2.168740790236e-29
1.412537544623e+06 1.700680160565e-04 -1.702178939516e-04 1.000000000000e+00 0.000000000000e+00 1.000000000000e+00 -1.916208565235e-29
1.584893192461e+06 1.682092029196e-04 -1.699078927141e-04 1.000000000000e+00 0.000000000000e+00 1.000000000000e+00 -1.689156483575e-29
1.778279410039e+06 1.658760272932e-04 -1.717796024687e-04 1.000000000000e+00 0.000000000000e+00 1.000000000000e+00 -1.484580518400e-29
1.995262314969e+06 1.629485285764e-04 -1.758281392392e-04 1.000000000000e+00 0.000000000000e+00 1.000000000000e+00 -1.299782168887e-29
2.238721138568e+06 1.592775784883e-04 -1.820655077161e-04 1.000000000000e+00 0.000000000000e+00 1.000000000000e+00 -1.132334595113e-29
2.511886431510e+06 1.546783590681e-04 -1.905160124868e-04 1.000000000000e+00 0.000000000000e+00 1.000000000000e+00 -9.800532829123e-30
2.818382931264e+06 1.489227363683e-04 -2.012100237731e-04 1.000000000000e+00 0.000000000000e+00 1.000000000000e+00 -8.409712310158e-30
3.162277660168e+06 1.417305697804e-04 -2.141753860095e-04 1.000000000000e+00 0.000000000000e+00 1.000000000000e+00 -7.133187908168e-30
3.548133892336e+06 1.327601613791e-04 -2.294255497563e-04 1.000000000000e+00 0.000000000000e+00 1.000000000000e+00 -5.955084157000e-30
3.981071705535e+06 1.215983422782e-04 -2.469432618883e-04 1.000000000000e+00 0.000000000000e+00 1.000000000000e+00 -4.861248095192e-30
4.466835921510e+06 1.077511479949e-04 -2.666584172812e-04 1.000000000000e+00 0.000000000000e+00 1.000000000000e+00 -3.839211497480e-30
5.011872336273e+06 9.063676789374e-05 -2.884184980674e-04 1.000000000000e+00 0.000000000000e+00 1.000000000000e+00 -2.878223679354e-30
5.623413251903e+06 6.958348468108e-05 -3.119500393319e-04 1.000000000000e+00 0.000000000000e+00 1.000000000000e+00 -1.969365410021e-30
6.309573444802e+06 4.383667164434e-05 -3.368098926632e-04 1.000000000000e+00 0.000000000000e+00 1.000000000000e+00 -1.105751924742e-30
7.079457843841e+06 1.258077158681e-05 -3.623261660223e-04 1.000000000000e+00 0.000000000000e+00 1.000000000000e+00 -2.828312605452e-31
7.943282347243e+06 -2.501595856516e-05 -3.875308331034e-04 1.000000000000e+00 0.000000000000e+00 1.000000000000e+00 5.012302581954e-31
8.912509381337e+06 -6.972441140248e-05 -4.110898397914e-04 1.000000000000e+00 0.000000000000e+00 1.000000000000e+00 1.245102165291e-30
1.000000000000e+07 -1.221354358716e-04 -4.312423635944e-04 1.000000000000e+00 0.000000000000e+00 1.000000000000e+00 1.943845834565e-30
1.122018454302e+07 -1.824910384766e-04 -4.457688541705e-04 1.000000000000e+00 0.000000000000e+00 1.000000000000e+00 2.588580493677e-30
1.258925411794e+07 -2.504660651997e-04 -4.520164471269e-04 1.000000000000e+00 0.000000000000e+00 1.000000000000e+00 3.166423680057e-30
1.412537544623e+07 -3.249151064513e-04 -4.470175549395e-04 1.000000000000e+00 0.000000000000e+00 1.000000000000e+00 3.660918286654e-30
1.584893192461e+07 -4.036220188702e-04 -4.277375485682e-04 1.000000000000e+00 0.000000000000e+00 1.000000000000e+00 4.053171516509e-30
1.778279410039e+07 -4.831168463482e-04 -3.914736017972e-04 1.000000000000e+00 0.000000000000e+00 1.000000000000e+00 4.323866865534e-30
1.995262314969e+07 -5.586482573131e-04 -3.363928319847e-04 1.000000000000e+00 0.000000000000e+00 1.000000000000e+00 4.456137467942e-30
2.238721138568e+07 -6.244036682440e-04 -2.621442807761e-04 1.000000000000e+00 0.000000000000e+00 1.000000000000e+00 4.439004419697e-30
2.511886431510e+07 -6.740380738980e-04 -1.704182409951e-04 1.000000000000e+00 0.000000000000e+00 1.000000000000e+00 4.270754041557e-30
2.818382931264e+07 -7.014994221798e-04 -6.528340850353e-05 1.000000000000e+00 0.000000000000e+00 1.000000000000e+00 3.961388616767e-30
3.162277660168e+07 -7.020364975371e-04 4.686232613592e-05 1.000000000000e+00 0.000000000000e+00 1.000000000000e+00 3.533294378964e-30
3.548133892336e+07 -6.731806402491e-04 1.578200003938e-04 1.000000000000e+00 0.000000000000e+00 1.000000000000e+00 3.019616219130e-30
3.981071705535e+07 -6.154507297201e-04 2.585621745124e-04 1.000000000000e+00 0.000000000000e+00 1.000000000000e+00 2.460443647078e-30
4.466835921510e+07 -5.325727397945e-04 3.404757450570e-04 1.000000000000e+00 0.000000000000e+00 1.000000000000e+00 1.897575500504e-30
5.011872336273e+07 -4.311265184582e-04 3.966052872703e-04 1.000000000000e+00 0.000000000000e+00 1.000000000000e+00 1.369067524207e-30
5.623413251903e+07 -3.196905387763e-04 4.226192450839e-04 1.000000000000e+00 0.000000000000e+00 1.000000000000e+00 9.047944233643e-31
6.309573444802e+07 -2.076879645074e-04 4.173057453230e-04 1.000000000000e+00 0.000000000000e+00 1.000000000000e+00 5.238795690583e-31
7.079457843841e+07 -1.041939583717e-04 3.825447619463e-04 1.000000000000e+00 0.000000000000e+00 1.000000000000e+00 2.342408681703e-31
7.943282347243e+07 -1.693164114026e-05 3.228391116277e-04 1.000000000000e+00 0.000000000000e+00 1.000000000000e+00 3.392494770207e-32
8.912509381337e+07 4.840910897252e-05 2.445682633079e-04 1.000000000000e+00 0.000000000000e+00 1.000000000000e+00 -8.644646141731e-32
1.000000000000e+08 8.849993494848e-05 1.551400871341e-04 1.000000000000e+00 0.000000000000e+00 1.000000000000e+00 -1.408520211036e-31
1.122018454302e+08 1.023927826707e-04 6.217587784829e-05 1.000000000000e+00 0.000000000000e+00 1.000000000000e+00 -1.452410825909e-31
1.258925411794e+08 9.130164512252e-05 -2.719066868243e-05 1.000000000000e+00 0.000000000000e+00 1.000000000000e+00 -1.154246947241e-31
1.412537544623e+08 5.821702434577e-05 -1.068606699145e-04 1.000000000000e+00 0.000000000000e+00 1.000000000000e+00 -6.559490919022e-32
1.584893192461e+08 7.411996156070e-06 -1.721425396832e-04 1.000000000000e+00 0.000000000000e+00 1.000000000000e+00 -7.443125076364e-33
1.778279410039e+08 -5.610376251211e-05 -2.199362360509e-04 1.000000000000e+00 0.000000000000e+00 1.000000000000e+00 5.021253172841e-32
1.995262314969e+08 -1.271192585434e-04 -2.487274480678e-04 1.000000000000e+00 0.000000000000e+00 1.000000000000e+00 1.013984888482e-31
2.238721138568e+08 -2.006806586435e-04 -2.584132886975e-04 1.000000000000e+00 0.000000000000e+00 1.000000000000e+00 1.426676965514e-31
2.511886431510e+08 -2.724187783620e-04 -2.500099334405e-04 1.000000000000e+00 0.000000000000e+00 1.000000000000e+00 1.726065104835e-31
2.818382931264e+08 -3.387208402447e-04 -2.253127712695e-04 1.000000000000e+00 0.000000000000e+00 1.000000000000e+00 1.912766908115e-31
3.162277660168e+08 -3.967588825972e-04 -1.865799755242e-04 1.000000000000e+00 0.000000000000e+00 1.000000000000e+00 1.996856195657e-31
3.548133892336e+08 -4.444175098090e-04 -1.362905096466e-04 1.000000000000e+00 0.000000000000e+00 1.000000000000e+00 1.993477293387e-31
3.981071705535e+08 -4.801770501184e-04 -7.699661478784e-05 1.000000000000e+00 0.000000000000e+00 1.000000000000e+00 1.919647691333e-31
4.466835921510e+08 -5.030033270747e-04 -1.126092752959e-05 1.000000000000e+00 0.000000000000e+00 1.000000000000e+00 1.792218637584e-31
5.011872336273e+08 -5.122779214992e-04 5.835172328774e-05 1.000000000000e+00 0.000000000000e+00 1.000000000000e+00 1.626768560192e-31
5.623413251903e+08 -5.077811222886e-04 1.292653176267e-04 1.000000000000e+00 0.000000000000e+00 1.000000000000e+00 1.437132076211e-31
6.309573444802e+08 -4.897201181144e-04 1.989007837200e-04 1.000000000000e+00 0.000000000000e+00 1.000000000000e+00 1.235287586575e-31
7.079457843841e+08 -4.587804934827e-04 2.647254481450e-04 1.000000000000e+00 0.000000000000e+00 1.000000000000e+00 1.031395128589e-31
7.943282347243e+08 -4.161706032413e-04 3.243536219925e-04 1.000000000000e+00 0.000000000000e+00 1.000000000000e+00 8.338569092709e-32
8.912509381337e+08 -3.636265789678e-04 3.756913356960e-04 1.000000000000e+00 0.000000000000e+00 1.000000000000e+00 6.493453752038e-32
1.000000000000e+09 -3.033520928907e-04 4.171011296543e-04 1.000000000000e+00 0.000000000000e+00 1.000000000000e+00 4.827998508083e-32
