# freq_hz Ad_dB Acm_dB CMRR_dB(Acm clamped at the numerical floor)
1.00000000e-01 9.71773312e+01 -2.42181472e+00 9.95991459e+01
1.12201845e-01 9.71773310e+01 -2.42181491e+00 9.95991459e+01
1.25892541e-01 9.71773308e+01 -2.42181517e+00 9.95991459e+01
1.41253754e-01 9.71773305e+01 -2.42181548e+00 9.95991459e+01
1.58489319e-01 9.71773301e+01 -2.42181588e+00 9.95991459e+01
1.77827941e-01 9.71773296e+01 -2.42181638e+00 9.95991459e+01
1.99526231e-01 9.71773289e+01 -2.42181700e+00 9.95991459e+01
2.23872114e-01 9.71773281e+01 -2.42181780e+00 9.95991459e+01
2.51188643e-01 9.71773271e+01 -2.42181879e+00 9.95991459e+01
2.81838293e-01 9.71773259e+01 -2.42182005e+00 9.95991459e+01
3.16227766e-01 9.71773243e+01 -2.42182163e+00 9.95991459e+01
3.54813389e-01 9.71773223e+01 -2.42182362e+00 9.95991459e+01
3.98107171e-01 9.71773198e+01 -2.42182612e+00 9.95991459e+01
4.46683592e-01 9.71773167e+01 -2.42182927e+00 9.95991459e+01
5.01187234e-01 9.71773127e+01 -2.42183324e+00 9.95991459e+01
5.62341325e-01 9.71773077e+01 -2.42183823e+00 9.95991459e+01
6.30957344e-01 9.71773014e+01 -2.42184452e+00 9.95991459e+01
7.07945784e-01 9.71772935e+01 -2.42185245e+00 9.95991459e+01
7.94328235e-01 9.71772835e+01 -2.42186241e+00 9.95991459e+01
8.91250938e-01 9.71772710e+01 -2.42187496e+00 9.95991459e+01
1.00000000e+00 9.71772552e+01 -2.42189075e+00 9.95991459e+01
1.12201845e+00 9.71772353e+01 -2.42191064e+00 9.95991459e+01
1.25892541e+00 9.71772103e+01 -2.42193567e+00 9.95991459e+01
1.41253754e+00 9.71771788e+01 -2.42196719e+00 9.95991459e+01
1.58489319e+00 9.71771391e+01 -2.42200686e+00 9.95991459e+01
1.77827941e+00 9.71770891e+01 -2.42205681e+00 9.95991459e+01
1.99526231e+00 9.71770262e+01 -2.42211969e+00 9.95991459e+01
2.23872114e+00 9.71769471e+01 -2.42219885e+00 9.95991459e+01
2.51188643e+00 9.71768474e+01 -2.42229851e+00 9.95991459e+01
2.81838293e+00 9.71767220e+01 -2.42242397e+00 9.95991459e+01
3.16227766e+00 9.71765640e+01 -2.42258191e+00 9.95991459e+01
3.54813389e+00 9.71763652e+01 -2.42278072e+00 9.95991459e+01
3.98107171e+00 9.71761149e+01 -2.42303101e+00 9.95991459e+01
4.46683592e+00 9.71757999e+01 -2.42334609e+00 9.95991459e+01
5.01187234e+00 9.71754032e+01 -2.42374270e+00 9.95991459e+01
5.62341325e+00 9.71749040e+01 -2.42424197e+00 9.95991459e+01
6.30957344e+00 9.71742755e+01 -2.42487042e+00 9.95991459e+01
7.07945784e+00 9.71734845e+01 -2.42566148e+00 9.95991459e+01
7.94328235e+00 9.71724888e+01 -2.42665714e+00 9.95991459e+01
8.91250938e+00 9.71712357e+01 -2.42791028e+00 9.95991459e+01
1.00000000e+01 9.71696586e+01 -2.42948738e+00 9.95991459e+01
1.12201845e+01 9.71676739e+01 -2.43147202e+00 9.95991459e+01
1.25892541e+01 9.71651767e+01 -2.43396925e+00 9.95991459e+01
1.41253754e+01 9.71620349e+01 -2.43711103e+00 9.95991459e+01
1.58489319e+01 9.71580829e+01 -2.44106307e+00 9.95991459e+01
1.77827941e+01 9.71531127e+01 -2.44603328e+00 9.95991459e+01
1.99526231e+01 9.71468636e+01 -2.45228233e+00 9.95991459e+01
2.23872114e+01 9.71390093e+01 -2.46013665e+00 9.95991459e+01
2.51188643e+01 9.71291414e+01 -2.47000450e+00 9.95991459e+01
2.81838293e+01 9.71167504e+01 -2.48239558e+00 9.95991459e+01
3.16227766e+01 9.71012010e+01 -2.49794494e+00 9.95991459e+01
3.54813389e+01 9.70817043e+01 -2.51744159e+00 9.95991459e+01
3.98107171e+01 9.70572833e+01 -2.54186261e+00 9.95991459e+01
4.46683592e+01 9.70267331e+01 -2.57241288e+00 9.95991459e+01
5.01187234e+01 9.69885756e+01 -2.61057030e+00 9.95991459e+01
5.62341325e+01 9.69410101e+01 -2.65813582e+00 9.95991459e+01
6.30957344e+01 9.68818600e+01 -2.71728589e+00 9.95991459e+01
7.07945784e+01 9.68085220e+01 -2.79062387e+00 9.95991459e+01
7.94328235e+01 9.67179218e+01 -2.88122412e+00 9.95991459e+01
8.91250938e+01 9.66064863e+01 -2.99265962e+00 9.95991459e+01
1.00000000e+02 9.64701445e+01 -3.12900134e+00 9.95991459e+01
1.12201845e+02 9.63043713e+01 -3.29477460e+00 9.95991459e+01
1.25892541e+02 9.61042885e+01 -3.49485735e+00 9.95991458e+01
1.41253754e+02 9.58648376e+01 -3.73430819e+00 9.95991458e+01
1.58489319e+02 9.55810255e+01 -4.01812030e+00 9.95991458e+01
1.77827941e+02 9.52482343e+01 -4.35091147e+00 9.95991457e+01
1.99526231e+02 9.48625673e+01 -4.73657843e+00 9.95991457e+01
2.23872114e+02 9.44211841e+01 -5.17796154e+00 9.95991456e+01
2.51188643e+02 9.39225703e+01 -5.67657529e+00 9.95991455e+01
2.81838293e+02 9.33666895e+01 -6.23245597e+00 9.95991454e+01
3.16227766e+02 9.27549873e+01 -6.84415801e+00 9.95991453e+01
3.54813389e+02 9.20902457e+01 -7.50889949e+00 9.95991451e+01
3.98107171e+02 9.13763177e+01 -8.22282722e+00 9.95991449e+01
4.46683592e+02 9.06177945e+01 -8.98135013e+00 9.95991447e+01
5.01187234e+02 8.98196588e+01 -9.77948556e+00 9.95991443e+01
5.62341325e+02 8.89869721e+01 -1.06121719e+01 9.95991439e+01
6.30957344e+02 8.81246256e+01 -1.14745178e+01 9.95991434e+01
7.07945784e+02 8.72371647e+01 -1.23619781e+01 9.95991427e+01
7.94328235e+02 8.63286834e+01 -1.32704585e+01 9.95991419e+01
8.91250938e+02 8.54027792e+01 -1.41963616e+01 9.95991409e+01
1.00000000e+03 8.44625500e+01 -1.51365896e+01 9.95991396e+01
1.12201845e+03 8.35106209e+01 -1.60885170e+01 9.95991379e+01
1.25892541e+03 8.25491878e+01 -1.70499480e+01 9.95991358e+01
1.41253754e+03 8.15800685e+01 -1.80190647e+01 9.95991332e+01
1.58489319e+03 8.06047554e+01 -1.89943745e+01 9.95991299e+01
1.77827941e+03 7.96244654e+01 -1.99746604e+01 9.95991258e+01
1.99526231e+03 7.86401856e+01 -2.09589349e+01 9.95991205e+01
2.23872114e+03 7.76527133e+01 -2.19464007e+01 9.95991140e+01
2.51188643e+03 7.66626902e+01 -2.29364155e+01 9.95991057e+01
2.81838293e+03 7.56706315e+01 -2.39284638e+01 9.95990953e+01
3.16227766e+03 7.46769498e+01 -2.49221323e+01 9.95990821e+01
3.54813389e+03 7.36819753e+01 -2.59170904e+01 9.95990656e+01
3.98107171e+03 7.26859712e+01 -2.69130736e+01 9.95990448e+01
4.46683592e+03 7.16891479e+01 -2.79098707e+01 9.95990186e+01
5.01187234e+03 7.06916730e+01 -2.89073127e+01 9.95989856e+01
5.62341325e+03 6.96936797e+01 -2.99052644e+01 9.95989441e+01
6.30957344e+03 6.86952743e+01 -3.09036175e+01 9.95988919e+01
7.07945784e+03 6.76965414e+01 -3.19022847e+01 9.95988261e+01
7.94328235e+03 6.66975481e+01 -3.29011951e+01 9.95987433e+01
8.91250938e+03 6.56983479e+01 -3.39002911e+01 9.95986390e+01
1.00000000e+04 6.46989833e+01 -3.48995245e+01 9.95985078e+01
1.12201845e+04 6.36994881e+01 -3.58988545e+01 9.95983426e+01
1.25892541e+04 6.26998890e+01 -3.68982456e+01 9.95981346e+01
1.41253754e+04 6.17002074e+01 -3.78976653e+01 9.95978727e+01
1.58489319e+04 6.07004603e+01 -3.88970828e+01 9.95975431e+01
1.77827941e+04 5.97006611e+01 -3.98964671e+01 9.95971282e+01
1.99526231e+04 5.87008205e+01 -4.08957854e+01 9.95966059e+01
2.23872114e+04 5.77009470e+01 -4.18950015e+01 9.95959484e+01
2.51188643e+04 5.67010472e+01 -4.28940736e+01 9.95951209e+01
2.81838293e+04 5.57011267e+01 -4.38929526e+01 9.95940792e+01
3.16227766e+04 5.47011895e+01 -4.48915788e+01 9.95927682e+01
3.54813389e+04 5.37012390e+01 -4.58898793e+01 9.95911183e+01
3.98107171e+04 5.27012779e+01 -4.68877641e+01 9.95890419e+01
4.46683592e+04 5.17013082e+01 -4.78851211e+01 9.95864293e+01
5.01187234e+04 5.07013315e+01 -4.88818106e+01 9.95831422e+01
5.62341325e+04 4.97013492e+01 -4.98776581e+01 9.95790072e+01
6.30957344e+04 4.87013620e+01 -5.08724448e+01 9.95738068e+01
7.07945784e+04 4.77013708e+01 -5.18658972e+01 9.95672680e+01
7.94328235e+04 4.67013760e+01 -5.28576730e+01 9.95590490e+01
8.91250938e+04 4.57013778e+01 -5.38473445e+01 9.95487223e+01
1.00000000e+05 4.47013764e+01 -5.48343774e+01 9.95357537e+01
1.12201845e+05 4.37013716e+01 -5.58181063e+01 9.95194779e+01
1.25892541e+05 4.27013632e+01 -5.67977040e+01 9.94990673e+01
1.41253754e+05 4.17013509e+01 -5.77721459e+01 9.94734968e+01
1.58489319e+05 4.07013338e+01 -5.87401673e+01 9.94415011e+01
1.77827941e+05 3.97013112e+01 -5.97002155e+01 9.94015267e+01
1.99526231e+05 3.87012817e+01 -6.06503962e+01 9.93516779e+01
2.23872114e+05 3.77012439e+01 -6.15884158e+01 9.92896597e+01
2.51188643e+05 3.67011958e+01 -6.25115250e+01 9.92127208e+01
2.81838293e+05 3.57011346e+01 -6.34164676e+01 9.91176022e+01
3.16227766e+05 3.47010573e+01 -6.42994437e+01 9.90005010e+01
3.54813389e+05 3.37009597e+01 -6.51561007e+01 9.88570604e+01
3.98107171e+05 3.27008365e+01 -6.59815637e+01 9.86824002e+01
4.46683592e+05 3.17006813e+01 -6.67705211e+01 9.84712024e+01
5.01187234e+05 3.07004857e+01 -6.75173782e+01 9.82178639e+01
5.62341325e+05 2.97002395e+01 -6.82164786e+01 9.79167181e+01
6.30957344e+05 2.86999293e+01 -6.88623866e+01 9.75623159e+01
7.07945784e+05 2.76995389e+01 -6.94501969e+01 9.71497357e+01
7.94328235e+05 2.66990473e+01 -6.99758300e+01 9.66748773e+01
8.91250938e+05 2.56984284e+01 -7.04362548e+01 9.61346833e+01
1.00000000e+06 2.46976495e+01 -7.08295894e+01 9.55272388e+01
1.12201845e+06 2.36966690e+01 -7.11550524e+01 9.48517214e+01
1.25892541e+06 2.26954349e+01 -7.14127686e+01 9.41082035e+01
1.41253754e+06 2.16938817e+01 -7.16034667e+01 9.32973484e+01
1.58489319e+06 2.06919272e+01 -7.17281298e+01 9.24200570e+01
1.77827941e+06 1.96894679e+01 -7.17876687e+01 9.14771367e+01
1.99526231e+06 1.86863739e+01 -7.17826788e+01 9.04690526e+01
2.23872114e+06 1.76824818e+01 -7.17133240e+01 8.93958058e+01
2.51188643e+06 1.66775870e+01 -7.15793715e+01 8.82569585e+01
2.81838293e+06 1.56714328e+01 -7.13803706e+01 8.70518034e+01
3.16227766e+06 1.46636977e+01 -7.11159523e+01 8.57796500e+01
3.54813389e+06 1.36539795e+01 -7.07861986e+01 8.44401782e+01
3.98107171e+06 1.26417764e+01 -7.03920185e+01 8.30337949e+01
4.46683592e+06 1.16264629e+01 -6.99354632e+01 8.15619260e+01
5.01187234e+06 1.06072618e+01 -6.94199269e+01 8.00271887e+01
5.62341325e+06 9.58321082e+00 -6.88502049e+01 7.84334157e+01
6.30957344e+06 8.55312321e+00 -6.82324158e+01 7.67855390e+01
7.07945784e+06 7.51554315e+00 -6.75738255e+01 7.50893686e+01
7.94328235e+06 6.46869645e+00 -6.68826253e+01 7.33513217e+01
8.91250938e+06 5.41043866e+00 -6.61677174e+01 7.15781561e+01
1.00000000e+07 4.33820406e+00 -6.54385466e+01 6.97767507e+01
1.12201845e+07 3.24896164e+00 -6.47049956e+01 6.79539573e+01
1.25892541e+07 2.13918666e+00 -6.39773434e+01 6.61165301e+01
1.41253754e+07 1.00485929e+00 -6.32662655e+01 6.42711248e+01
1.58489319e+07 -1.58495862e-01 -6.25828493e+01 6.24243535e+01
1.77827941e+07 -1.35571526e+00 -6.19385898e+01 6.05828745e+01
1.99526231e+07 -2.59183623e+00 -6.13453344e+01 5.87534982e+01
2.23872114e+07 -3.87186848e+00 -6.08151555e+01 5.69432870e+01
2.51188643e+07 -5.20050886e+00 -6.03601405e+01 5.51596317e+01
2.81838293e+07 -6.58182801e+00 -5.99921133e+01 5.34102853e+01
3.16227766e+07 -8.01897353e+00 -5.97223183e+01 5.17033447e+01
3.54813389e+07 -9.51394125e+00 -5.95611184e+01 5.00471772e+01
3.98107171e+07 -1.10674595e+01 -5.95177671e+01 4.84503076e+01
4.46683592e+07 -1.26790083e+01 -5.96003118e+01 4.69213035e+01
5.01187234e+07 -1.43469647e+01 -5.98156820e+01 4.54687173e+01
5.62341325e+07 -1.60688362e+01 -6.01700029e+01 4.41011667e+01
6.30957344e+07 -1.78415278e+01 -6.06691719e+01 4.28276441e+01
7.07945784e+07 -1.96615868e+01 -6.13197345e+01 4.16581477e+01
7.94328235e+07 -2.15253832e+01 -6.21301060e+01 4.06047228e+01
8.91250938e+07 -2.34291970e+01 -6.31122078e+01 3.96830108e+01
1.00000000e+08 -2.53692025e+01 -6.42836191e+01 3.89144166e+01
1.12201845e+08 -2.73413526e+01 -6.56703311e+01 3.83289785e+01
1.25892541e+08 -2.93411793e+01 -6.73098223e+01 3.79686430e+01
1.41253754e+08 -3.13635432e+01 -6.92519932e+01 3.78884500e+01
1.58489319e+08 -3.34023775e+01 -7.15444305e+01 3.81420531e+01
1.77827941e+08 -3.54504853e+01 -7.41361279e+01 3.86856426e+01
1.99526231e+08 -3.74994455e+01 -7.64737529e+01 3.89743074e+01
2.23872114e+08 -3.95396696e+01 -7.70692043e+01 3.75295347e+01
2.51188643e+08 -4.15606238e+01 -7.56157998e+01 3.40551760e+01
2.81838293e+08 -4.35512022e+01 -7.36241026e+01 3.00729004e+01
3.16227766e+08 -4.55002160e+01 -7.18645490e+01 2.63643330e+01
3.54813389e+08 -4.73969500e+01 -7.04468183e+01 2.30498684e+01
3.98107171e+08 -4.92317364e+01 -6.93269858e+01 2.00952494e+01
4.46683592e+08 -5.09964869e+01 -6.84476355e+01 1.74511486e+01
5.01187234e+08 -5.26851159e+01 -6.77618810e+01 1.50767652e+01
5.62341325e+08 -5.42937873e+01 -6.72341198e+01 1.29403325e+01
6.30957344e+08 -5.58209342e+01 -6.68372982e+01 1.10163640e+01
7.07945784e+08 -5.72670374e+01 -6.65503755e+01 9.28333817e+00
7.94328235e+08 -5.86341982e+01 -6.63564390e+01 7.72224078e+00
8.91250938e+08 -5.99255794e+01 -6.62413450e+01 6.31576558e+00
1.00000000e+09 -6.11448060e+01 -6.61927340e+01 5.04792804e+00
