# freq_hz rev(vout) imv(vout) rev(vinp) imv(vinp) rev(vinn) imv(vinn)
1.000000000000e-01 5.008306475184e+04 -2.122609216155e+01 5.000000000000e-01 0.000000000000e+00 -5.000000000000e-01 -7.970967320446e-14
1.122018454302e-01 5.008306242257e+04 -2.381606601127e+01 5.000000000000e-01 0.000000000000e+00 -5.000000000000e-01 -7.104131771782e-14
1.258925411794e-01 5.008305949021e+04 -2.672206400978e+01 5.000000000000e-01 0.000000000000e+00 -5.000000000000e-01 -6.331563735513e-14
1.412537544623e-01 5.008305579858e+04 -2.998264674674e+01 5.000000000000e-01 0.000000000000e+00 -5.000000000000e-01 -5.643011703182e-14
1.584893192461e-01 5.008305115109e+04 -3.364107983761e+01 5.000000000000e-01 0.000000000000e+00 -5.000000000000e-01 -5.029339007660e-14
1.778279410039e-01 5.008304530025e+04 -3.774590799150e+01 5.000000000000e-01 0.000000000000e+00 -5.000000000000e-01 -4.482402585123e-14
1.995262314969e-01 5.008303793448e+04 -4.235159911274e+01 5.000000000000e-01 0.000000000000e+00 -5.000000000000e-01 -3.994944921543e-14
2.238721138568e-01 5.008302866153e+04 -4.751926697600e+01 5.000000000000e-01 0.000000000000e+00 -5.000000000000e-01 -3.560497749887e-14
2.511886431510e-01 5.008301698759e+04 -5.331748205467e+01 5.000000000000e-01 0.000000000000e+00 -5.000000000000e-01 -3.173296220140e-14
2.818382931264e-01 5.008300229097e+04 -5.982318124800e+01 5.000000000000e-01 0.000000000000e+00 -5.000000000000e-01 -2.828202403253e-14
3.162277660168e-01 5.008298378903e+04 -6.712268855911e+01 5.000000000000e-01 0.000000000000e+00 -5.000000000000e-01 -2.520637113944e-14
3.548133892336e-01 5.008296049649e+04 -7.531286023997e+01 5.000000000000e-01 0.000000000000e+00 -5.000000000000e-01 -2.246519147688e-14
3.981071705535e-01 5.008293117296e+04 -8.450236956028e+01 5.000000000000e-01 0.000000000000e+00 -5.000000000000e-01 -2.002211125619e-14
4.466835921510e-01 5.008289425686e+04 -9.481314819321e+01 5.000000000000e-01 0.000000000000e+00 -5.000000000000e-01 -1.784471228716e-14
5.011872336273e-01 5.008284778232e+04 -1.063820032672e+02 5.000000000000e-01 0.000000000000e+00 -5.000000000000e-01 -1.590410180839e-14
5.623413251903e-01 5.008278927447e+04 -1.193624314314e+02 5.000000000000e-01 0.000000000000e+00 -5.000000000000e-01 -1.417452909790e-14
6.309573444802e-01 5.008271561765e+04 -1.339266538526e+02 5.000000000000e-01 0.000000000000e+00 -5.000000000000e-01 -1.263304377665e-14
7.079457843841e-01 5.008262288950e+04 -1.502678989276e+02 5.000000000000e-01 0.000000000000e+00 -5.000000000000e-01 -1.125919127099e-14
7.943282347243e-01 5.008250615218e+04 -1.686029626942e+02 5.000000000000e-01 0.000000000000e+00 -5.000000000000e-01 -1.003474139292e-14
8.912509381337e-01 5.008235918937e+04 -1.891750804802e+02 5.000000000000e-01 0.000000000000e+00 -5.000000000000e-01 -8.943446436513e-15
1.000000000000e+00 5.008217417537e+04 -2.122571472805e+02 5.000000000000e-01 0.000000000000e+00 -5.000000000000e-01 -7.970825580800e-15
1.122018454302e+00 5.008194125850e+04 -2.381553287273e+02 5.000000000000e-01 0.000000000000e+00 -5.000000000000e-01 -7.103972738030e-15
1.258925411794e+00 5.008164803661e+04 -2.672131093419e+02 5.000000000000e-01 0.000000000000e+00 -5.000000000000e-01 -6.331385297764e-15
1.412537544623e+00 5.008127889700e+04 -2.998158300548e+02 5.000000000000e-01 0.000000000000e+00 -5.000000000000e-01 -5.642811494224e-15
1.584893192461e+00 5.008081418550e+04 -3.363957727576e+02 5.000000000000e-01 0.000000000000e+00 -5.000000000000e-01 -5.029114371620e-15
1.778279410039e+00 5.008022916065e+04 -3.774378559022e+02 5.000000000000e-01 0.000000000000e+00 -5.000000000000e-01 -4.482150542315e-15
1.995262314969e+00 5.007949267744e+04 -4.234860118462e+02 5.000000000000e-01 0.000000000000e+00 -5.000000000000e-01 -3.994662129061e-15
2.238721138568e+00 5.007856553081e+04 -4.751503236813e+02 5.000000000000e-01 0.000000000000e+00 -5.000000000000e-01 -3.560180457436e-15
2.511886431510e+00 5.007739837116e+04 -5.331150065193e+02 5.000000000000e-01 0.000000000000e+00 -5.000000000000e-01 -3.172940220535e-15
2.818382931264e+00 5.007592908158e+04 -5.981473254163e+02 5.000000000000e-01 0.000000000000e+00 -5.000000000000e-01 -2.827802976964e-15
3.162277660168e+00 5.007407947818e+04 -6.711075488862e+02 5.000000000000e-01 0.000000000000e+00 -5.000000000000e-01 -2.520188966994e-15
3.548133892336e+00 5.007175115972e+04 -7.529600427334e+02 5.000000000000e-01 0.000000000000e+00 -5.000000000000e-01 -2.246016342154e-15
3.981071705535e+00 5.006882028831e+04 -8.447856128156e+02 5.000000000000e-01 0.000000000000e+00 -5.000000000000e-01 -2.001647001883e-15
4.466835921510e+00 5.006513102763e+04 -9.477952060788e+02 5.000000000000e-01 0.000000000000e+00 -5.000000000000e-01 -1.783838318578e-15
5.011872336273e+00 5.006048729658e+04 -1.063345074897e+03 5.000000000000e-01 0.000000000000e+00 -5.000000000000e-01 -1.589700110511e-15
5.623413251903e+00 5.005464241031e+04 -1.192953497735e+03 5.000000000000e-01 0.000000000000e+00 -5.000000000000e-01 -1.416656291728e-15
6.309573444802e+00 5.004728607485e+04 -1.338319125569e+03 5.000000000000e-01 0.000000000000e+00 -5.000000000000e-01 -1.262410690172e-15
7.079457843841e+00 5.003802807113e+04 -1.501340982933e+03 5.000000000000e-01 0.000000000000e+00 -5.000000000000e-01 -1.124916580585e-15
7.943282347243e+00 5.002637780410e+04 -1.684140087186e+03 5.000000000000e-01 0.000000000000e+00 -5.000000000000e-01 -1.002349528123e-15
8.912509381337e+00 5.001171869841e+04 -1.889082548876e+03 5.000000000000e-01 0.000000000000e+00 -5.000000000000e-01 -8.930831826153e-16
1.000000000000e+01 4.999327618878e+04 -2.118803864905e+03 5.000000000000e-01 0.000000000000e+00 -5.000000000000e-01 -7.956677026803e-16
1.122018454302e+01 4.997007777614e+04 -2.376233893885e+03 5.000000000000e-01 0.000000000000e+00 -5.000000000000e-01 -7.088105239506e-16
1.258925411794e+01 4.994090329977e+04 -2.664621681328e+03 5.000000000000e-01 0.000000000000e+00 -5.000000000000e-01 -6.313592170091e-16
1.412537544623e+01 4.990422321323e+04 -2.987558842820e+03 5.000000000000e-01 0.000000000000e+00 -5.000000000000e-01 -5.622862086592e-16
1.584893192461e+01 4.985812226211e+04 -3.348999565293e+03 5.000000000000e-01 0.000000000000e+00 -5.000000000000e-01 -5.006751653071e-16
1.778279410039e+01 4.980020557227e+04 -3.753274383462e+03 5.000000000000e-01 0.000000000000e+00 -5.000000000000e-01 -4.457088598718e-16
1.995262314969e+01 4.972748382366e+04 -4.205093646635e+03 5.000000000000e-01 0.000000000000e+00 -5.000000000000e-01 -3.966583640999e-16
2.238721138568e+01 4.963623400317e+04 -4.709534908599e+03 5.000000000000e-01 0.000000000000e+00 -5.000000000000e-01 -3.528734267959e-16
2.511886431510e+01 4.952183236007e+04 -5.272006235498e+03 5.000000000000e-01 0.000000000000e+00 -5.000000000000e-01 -3.137739155801e-16
2.818382931264e+01 4.937855688395e+04 -5.898174519640e+03 5.000000000000e-01 0.000000000000e+00 -5.000000000000e-01 -2.788422156424e-16
3.162277660168e+01 4.919935827731e+04 -6.593844230376e+03 5.000000000000e-01 0.000000000000e+00 -5.000000000000e-01 -2.476164938144e-16
3.548133892336e+01 4.897560157172e+04 -7.364767641235e+03 5.000000000000e-01 0.000000000000e+00 -5.000000000000e-01 -2.196847502817e-16
3.981071705535e+01 4.869678603136e+04 -8.216362666414e+03 5.000000000000e-01 0.000000000000e+00 -5.000000000000e-01 -1.946795934071e-16
4.466835921510e+01 4.835025982782e+04 -9.153309630291e+03 5.000000000000e-01 0.000000000000e+00 -5.000000000000e-01 -1.722736851452e-16
5.011872336273e+01 4.792095934696e+04 -1.017899485670e+04 5.000000000000e-01 0.000000000000e+00 -5.000000000000e-01 -1.521758146666e-16
5.623413251903e+01 4.739122201153e+04 -1.129476921197e+04 5.000000000000e-01 0.000000000000e+00 -5.000000000000e-01 -1.341275646023e-16
6.309573444802e+01 4.674074662745e+04 -1.249899742029e+04 5.000000000000e-01 0.000000000000e+00 -5.000000000000e-01 -1.179005353475e-16
7.079457843841e+01 4.594680521306e+04 -1.378589453612e+04 5.000000000000e-01 0.000000000000e+00 -5.000000000000e-01 -1.032940845223e-16
7.943282347243e+01 4.498484032766e+04 -1.514418621226e+04 5.000000000000e-01 0.000000000000e+00 -5.000000000000e-01 -9.013351646541e-17
8.912509381337e+01 4.382960168688e+04 -1.655569585470e+04 5.000000000000e-01 0.000000000000e+00 -5.000000000000e-01 -7.826861620838e-17
1.000000000000e+02 4.245696737776e+04 -1.799405667763e+04 5.000000000000e-01 0.000000000000e+00 -5.000000000000e-01 -6.757236226862e-17
1.122018454302e+02 4.084653320772e+04 -1.942386121043e+04 5.000000000000e-01 0.000000000000e+00 -5.000000000000e-01 -5.793957883001e-17
1.258925411794e+02 3.898491277024e+04 -2.080066623462e+04 5.000000000000e-01 0.000000000000e+00 -5.000000000000e-01 -4.928521988088e-17
1.412537544623e+02 3.686945958624e+04 -2.207231303179e+04 5.000000000000e-01 0.000000000000e+00 -5.000000000000e-01 -4.154195238643e-17
1.584893192461e+02 3.451182917547e+04 -2.318192794287e+04 5.000000000000e-01 0.000000000000e+00 -5.000000000000e-01 -3.465677204335e-17
1.778279410039e+02 3.194053226274e+04 -2.407267487495e+04 5.000000000000e-01 0.000000000000e+00 -5.000000000000e-01 -2.858658524585e-17
1.995262314969e+02 2.920153643383e+04 -2.469384364958e+04 5.000000000000e-01 0.000000000000e+00 -5.000000000000e-01 -2.329302184708e-17
2.238721138568e+02 2.635619895415e+04 -2.500729768622e+04 5.000000000000e-01 0.000000000000e+00 -5.000000000000e-01 -1.873712304941e-17
2.511886431510e+02 2.347640200285e+04 -2.499290722523e+04 5.000000000000e-01 0.000000000000e+00 -5.000000000000e-01 -1.487481829551e-17
2.818382931264e+02 2.063756547756e+04 -2.465160956345e+04 5.000000000000e-01 0.000000000000e+00 -5.000000000000e-01 -1.165409612264e-17
3.162277660168e+02 1.791091112208e+04 -2.400526368081e+04 5.000000000000e-01 0.000000000000e+00 -5.000000000000e-01 -9.014420448476e-18
3.548133892336e+02 1.535661317861e+04 -2.309333982047e+04 5.000000000000e-01 0.000000000000e+00 -5.000000000000e-01 -6.888355881398e-18
3.981071705535e+02 1.301916198402e+04 -2.196734034223e+04 5.000000000000e-01 0.000000000000e+00 -5.000000000000e-01 -5.204789408313e-18
4.466835921510e+02 1.092554462588e+04 -2.068433223716e+04 5.000000000000e-01 0.000000000000e+00 -5.000000000000e-01 -3.892810176455e-18
5.011872336273e+02 9.086050606697e+03 -1.930094389566e+04 5.000000000000e-01 0.000000000000e+00 -5.000000000000e-01 -2.885328616160e-18
5.623413251903e+02 7.496950688638e+03 -1.786875646859e+04 5.000000000000e-01 0.000000000000e+00 -5.000000000000e-01 -2.121801665224e-18
6.309573444802e+02 6.144103457159e+03 -1.643145796469e+04 5.000000000000e-01 0.000000000000e+00 -5.000000000000e-01 -1.549810687885e-18
7.079457843841e+02 5.006659483694e+03 -1.502365446508e+04 5.000000000000e-01 0.000000000000e+00 -5.000000000000e-01 -1.125558796711e-18
7.943282347243e+02 4.060307141698e+03 -1.367095793871e+04 5.000000000000e-01 0.000000000000e+00 -5.000000000000e-01 -8.135402014218e-19
8.912509381337e+02 3.279794790772e+03 -1.239089009210e+04 5.000000000000e-01 0.000000000000e+00 -5.000000000000e-01 -5.856886438419e-19
1.000000000000e+03 2.640687782502e+03 -1.119419187990e+04 5.000000000000e-01 0.000000000000e+00 -5.000000000000e-01 -4.202785137476e-19
1.122018454302e+03 2.120452006967e+03 -1.008623630515e+04 5.000000000000e-01 0.000000000000e+00 -5.000000000000e-01 -3.007797395881e-19
1.258925411794e+03 1.699011750069e+03 -9.068355766910e+03 5.000000000000e-01 0.000000000000e+00 -5.000000000000e-01 -2.147912146831e-19
1.412537544623e+03 1.358934737384e+03 -8.138987792181e+03 5.000000000000e-01 0.000000000000e+00 -5.000000000000e-01 -1.531153501847e-19
1.584893192461e+03 1.085375977943e+03 -7.294606974013e+03 5.000000000000e-01 0.000000000000e+00 -5.000000000000e-01 -1.089934342734e-19
1.778279410039e+03 8.658816585615e+02 -6.530449197488e+03 5.000000000000e-01 0.000000000000e+00 -5.000000000000e-01 -7.749589030537e-20
1.995262314969e+03 6.901246842840e+02 -5.841053424706e+03 5.000000000000e-01 0.000000000000e+00 -5.000000000000e-01 -5.504877931564e-20
2.238721138568e+03 5.496188509695e+02 -5.220653156132e+03 5.000000000000e-01 0.000000000000e+00 -5.000000000000e-01 -3.907344931948e-20
2.511886431510e+03 4.374401372728e+02 -4.663449486912e+03 5.000000000000e-01 0.000000000000e+00 -5.000000000000e-01 -2.771652383660e-20
2.818382931264e+03 3.479706687136e+02 -4.163794046516e+03 5.000000000000e-01 0.000000000000e+00 -5.000000000000e-01 -1.965000971387e-20
3.162277660168e+03 2.766724033841e+02 -3.716305253385e+03 5.000000000000e-01 0.000000000000e+00 -5.000000000000e-01 -1.392470407338e-20
3.548133892336e+03 2.198923331231e+02 -3.315936437945e+03 5.000000000000e-01 0.000000000000e+00 -5.000000000000e-01 -9.863481149948e-21
3.981071705535e+03 1.746979775610e+02 -2.958010054432e+03 5.000000000000e-01 0.000000000000e+00 -5.000000000000e-01 -6.984060758899e-21
4.466835921510e+03 1.387403993023e+02 -2.638228611807e+03 5.000000000000e-01 0.000000000000e+00 -5.000000000000e-01 -4.943369477525e-21
5.011872336273e+03 1.101413344486e+02 -2.352670109267e+03 5.000000000000e-01 0.000000000000e+00 -5.000000000000e-01 -3.497602620354e-21
5.623413251903e+03 8.740093813660e+01 -2.097773576972e+03 5.000000000000e-01 0.000000000000e+00 -5.000000000000e-01 -2.473638466922e-21
6.309573444802e+03 6.932284492934e+01 -1.870318682913e+03 5.000000000000e-01 0.000000000000e+00 -5.000000000000e-01 -1.748624298650e-21
7.079457843841e+03 5.495358542214e+01 -1.667402158208e+03 5.000000000000e-01 0.000000000000e+00 -5.000000000000e-01 -1.235424371962e-21
7.943282347243e+03 4.353379142986e+01 -1.486412915308e+03 5.000000000000e-01 0.000000000000e+00 -5.000000000000e-01 -8.722613391678e-22
8.912509381337e+03 3.445901057186e+01 -1.325007104368e+03 5.000000000000e-01 0.000000000000e+00 -5.000000000000e-01 -6.153510343621e-22
1.000000000000e+04 2.724830994616e+01 -1.181083907305e+03 5.000000000000e-01 0.000000000000e+00 -5.000000000000e-01 -4.336703218831e-22
1.122018454302e+04 2.151916599687e+01 -1.052762557369e+03 5.000000000000e-01 0.000000000000e+00 -5.000000000000e-01 -3.052428974306e-22
1.258925411794e+04 1.696741052451e+01 -9.383608568764e+02 5.000000000000e-01 0.000000000000e+00 -5.000000000000e-01 -2.145041502178e-22
1.412537544623e+04 1.335123274199e+01 -8.363753197306e+02 5.000000000000e-01 0.000000000000e+00 -5.000000000000e-01 -1.504324395020e-22
1.584893192461e+04 1.047842835937e+01 -7.454629682293e+02 5.000000000000e-01 0.000000000000e+00 -5.000000000000e-01 -1.052243568942e-22
1.778279410039e+04 8.196243813235e+00 -6.644247509129e+02 5.000000000000e-01 0.000000000000e+00 -5.000000000000e-01 -7.335589167251e-23
1.995262314969e+04 6.383291969246e+00 -5.921905093831e+02 5.000000000000e-01 0.000000000000e+00 -5.000000000000e-01 -5.091723842437e-23
2.238721138568e+04 4.943119621889e+00 -5.278053996378e+02 5.000000000000e-01 0.000000000000e+00 -5.000000000000e-01 -3.514157741957e-23
2.511886431510e+04 3.799091086432e+00 -4.704176622506e+02 5.000000000000e-01 0.000000000000e+00 -5.000000000000e-01 -2.407131620591e-23
2.818382931264e+04 2.890319740764e+00 -4.192676319525e+02 5.000000000000e-01 0.000000000000e+00 -5.000000000000e-01 -1.632172366486e-23
3.162277660168e+04 2.168433587880e+00 -3.736778782333e+02 5.000000000000e-01 0.000000000000e+00 -5.000000000000e-01 -1.091355539789e-23
3.548133892336e+04 1.595004317483e+00 -3.330443726808e+02 5.000000000000e-01 0.000000000000e+00 -5.000000000000e-01 -7.154544588318e-24
3.981071705535e+04 1.139504043147e+00 -2.968285846608e+02 5.000000000000e-01 0.000000000000e+00 -5.000000000000e-01 -4.555499487434e-24
4.466835921510e+04 7.776815907794e-01 -2.645504137771e+02 5.000000000000e-01 0.000000000000e+00 -5.000000000000e-01 -2.770907002160e-24
5.011872336273e+04 4.902723033497e-01 -2.357818747656e+02 5.000000000000e-01 0.000000000000e+00 -5.000000000000e-01 -1.556888430187e-24
5.623413251903e+04 2.619729278786e-01 -2.101414577110e+02 5.000000000000e-01 0.000000000000e+00 -5.000000000000e-01 -7.414409107142e-25
6.309573444802e+04 8.062716635437e-02 -1.872890934809e+02 5.000000000000e-01 0.000000000000e+00 -5.000000000000e-01 -2.033768555839e-25
7.079457843841e+04 -6.342137285162e-02 -1.669216609257e+02 5.000000000000e-01 0.000000000000e+00 -5.000000000000e-01 1.425790676300e-25
7.943282347243e+04 -1.778432120150e-01 -1.487689785995e+02 5.000000000000e-01 0.000000000000e+00 -5.000000000000e-01 3.563341330470e-25
8.912509381337e+04 -2.687313604903e-01 -1.325902294964e+02 5.000000000000e-01 0.000000000000e+00 -5.000000000000e-01 4.798864445000e-25
1.000000000000e+05 -3.409257096392e-01 -1.181707725494e+02 5.000000000000e-01 0.000000000000e+00 -5.000000000000e-01 5.426001191619e-25
1.122018454302e+05 -3.982707241916e-01 -1.053192994255e+02 5.000000000000e-01 0.000000000000e+00 -5.000000000000e-01 5.649350436336e-25
1.258925411794e+05 -4.438201421593e-01 -9.386529948854e+01 5.000000000000e-01 0.000000000000e+00 -5.000000000000e-01 5.610830380152e-25
1.412537544623e+05 -4.799995774044e-01 -8.365679970518e+01 5.000000000000e-01 0.000000000000e+00 -5.000000000000e-01 5.408302647725e-25
1.584893192461e+05 -5.087356797536e-01 -7.455834981503e+01 5.000000000000e-01 0.000000000000e+00 -5.000000000000e-01 5.108722691545e-25
1.778279410039e+05 -5.315587278023e-01 -6.644922623130e+01 5.000000000000e-01 0.000000000000e+00 -5.000000000000e-01 4.757418805829e-25
1.995262314969e+05 -5.496841181922e-01 -5.922183099526e+01 5.000000000000e-01 0.000000000000e+00 -5.000000000000e-01 4.384633734275e-25
2.238721138568e+05 -5.640770845623e-01 -5.278026464057e+01 5.000000000000e-01 0.000000000000e+00 -5.000000000000e-01 4.010131264065e-25
2.511886431510e+05 -5.755040993156e-01 -4.703905410638e+01 5.000000000000e-01 0.000000000000e+00 -5.000000000000e-01 3.646435644015e-25
2.818382931264e+05 -5.845736893486e-01 -4.192201887817e+01 5.000000000000e-01 0.000000000000e+00 -5.000000000000e-01 3.301105439904e-25
3.162277660168e+05 -5.917688422541e-01 -3.736126034573e+01 5.000000000000e-01 0.000000000000e+00 -5.000000000000e-01 2.978325957863e-25
3.548133892336e+05 -5.974727258740e-01 -3.329626098501e+01 5.000000000000e-01 0.000000000000e+00 -5.000000000000e-01 2.680021120140e-25
3.981071705535e+05 -6.019890939793e-01 -2.967308144854e+01 5.000000000000e-01 0.000000000000e+00 -5.000000000000e-01 2.406626835206e-25
4.466835921510e+05 -6.055584626057e-01 -2.644364491006e+01 5.000000000000e-01 0.000000000000e+00 -5.000000000000e-01 2.157626211223e-25
5.011872336273e+05 -6.083709187299e-01 -2.356509918092e+01 5.000000000000e-01 0.000000000000e+00 -5.000000000000e-01 1.931917504133e-25
5.623413251903e+05 -6.105762442905e-01 -2.099924814454e+01 5.000000000000e-01 0.000000000000e+00 -5.000000000000e-01 1.728064843544e-25
6.309573444802e+05 -6.122918944507e-01 -1.871204497103e+01 5.000000000000e-01 0.000000000000e+00 -5.000000000000e-01 1.544467030449e-25
7.079457843841e+05 -6.136092554672e-01 -1.667314038915e+01 5.000000000000e-01 0.000000000000e+00 -5.000000000000e-01 1.379469279833e-25
7.943282347243e+05 -6.145985159254e-01 -1.485548003434e+01 5.000000000000e-01 0.000000000000e+00 -5.000000000000e-01 1.231435413604e-25
8.912509381337e+05 -6.153124118572e-01 -1.323494553132e+01 5.000000000000e-01 0.000000000000e+00 -5.000000000000e-01 1.098792805738e-25
1.000000000000e+06 -6.157890469973e-01 -1.179003456418e+01 5.000000000000e-01 0.000000000000e+00 -5.000000000000e-01 9.800587073146e-26
1.122018454302e+06 -6.160539401800e-01 -1.050157569381e+01 5.000000000000e-01 0.000000000000e+00 -5.000000000000e-01 8.738539853329e-26
1.258925411794e+06 -6.161214135597e-01 -9.352474161030e+00 5.000000000000e-01 0.000000000000e+00 -5.000000000000e-01 7.789084849201e-26
1.412537544623e+06 -6.159954013182e-01 -8.327485322184e+00 5.000000000000e-01 0.000000000000e+00 -5.000000000000e-01 6.940609360429e-26
1.584893192461e+06 -6.156697316490e-01 -7.413012741224e+00 5.000000000000e-01 0.000000000000e+00 -5.000000000000e-01 6.182554229527e-26
1.778279410039e+06 -6.151279124057e-01 -6.596928304659e+00 5.000000000000e-01 0.000000000000e+00 -5.000000000000e-01 5.505358007324e-26
1.995262314969e+06 -6.143424321450e-01 -5.868412025890e+00 5.000000000000e-01 0.000000000000e+00 -5.000000000000e-01 4.900389993508e-26
2.238721138568e+06 -6.132735766042e-01 -5.217809496545e+00 5.000000000000e-01 0.000000000000e+00 -5.000000000000e-01 4.359878481633e-26
2.511886431510e+06 -6.118677538052e-01 -4.636505196301e+00 5.000000000000e-01 0.000000000000e+00 -5.000000000000e-01 3.876838391858e-26
2.818382931264e+06 -6.100553259973e-01 -4.116810121074e+00 5.000000000000e-01 0.000000000000e+00 -5.000000000000e-01 3.445001018668e-26
3.162277660168e+06 -6.077479658652e-01 -3.651862422049e+00 5.000000000000e-01 0.000000000000e+00 -5.000000000000e-01 3.058747628010e-26
3.548133892336e+06 -6.048355952232e-01 -3.235539962687e+00 5.000000000000e-01 0.000000000000e+00 -5.000000000000e-01 2.713047975603e-26
3.981071705535e+06 -6.011830408473e-01 -2.862383917122e+00 5.000000000000e-01 0.000000000000e+00 -5.000000000000e-01 2.403404402911e-26
4.466835921510e+06 -5.966266619697e-01 -2.527532713674e+00 5.000000000000e-01 0.000000000000e+00 -5.000000000000e-01 2.125801889782e-26
5.011872336273e+06 -5.909713853278e-01 -2.226665777861e+00 5.000000000000e-01 0.000000000000e+00 -5.000000000000e-01 1.876664266168e-26
5.623413251903e+06 -5.839888413508e-01 -1.955956614226e+00 5.000000000000e-01 0.000000000000e+00 -5.000000000000e-01 1.652816655081e-26
6.309573444802e+06 -5.754176198920e-01 -1.712034717285e+00 5.000000000000e-01 0.000000000000e+00 -5.000000000000e-01 1.451454038045e-26
7.079457843841e+06 -5.649670474772e-01 -1.491955581688e+00 5.000000000000e-01 0.000000000000e+00 -5.000000000000e-01 1.270115597457e-26
7.943282347243e+06 -5.523262334145e-01 -1.293177562584e+00 5.000000000000e-01 0.000000000000e+00 -5.000000000000e-01 1.106664051515e-26
8.912509381337e+06 -5.371803082661e-01 -1.113543492220e+00 5.000000000000e-01 0.000000000000e+00 -5.000000000000e-01 9.592685711076e-27
1.000000000000e+07 -5.192355162515e-01 -9.512637530775e-01 5.000000000000e-01 0.000000000000e+00 -5.000000000000e-01 8.263889904029e-27
1.122018454302e+07 -4.982538207062e-01 -8.048961438612e-01 5.000000000000e-01 0.000000000000e+00 -5.000000000000e-01 7.067580588873e-27
1.258925411794e+07 -4.740956305836e-01 -6.733167638120e-01 5.000000000000e-01 0.000000000000e+00 -5.000000000000e-01 5.993576934643e-27
1.412537544623e+07 -4.467661514786e-01 -5.556760628229e-01 5.000000000000e-01 0.000000000000e+00 -5.000000000000e-01 5.033851431748e-27
1.584893192461e+07 -4.164572309180e-01 -4.513360392547e-01 5.000000000000e-01 0.000000000000e+00 -5.000000000000e-01 4.182062690548e-27
1.778279410039e+07 -3.835737389073e-01 -3.597889145201e-01 5.000000000000e-01 0.000000000000e+00 -5.000000000000e-01 3.432962010509e-27
1.995262314969e+07 -3.487333620071e-01 -2.805640305351e-01 5.000000000000e-01 0.000000000000e+00 -5.000000000000e-01 2.781721379094e-27
2.238721138568e+07 -3.127327332520e-01 -2.131362642713e-01 5.000000000000e-01 0.000000000000e+00 -5.000000000000e-01 2.223276472725e-27
2.511886431510e+07 -2.764809547279e-01 -1.568528596245e-01 5.000000000000e-01 0.000000000000e+00 -5.000000000000e-01 1.751803348421e-27
2.818382931264e+07 -2.409112728908e-01 -1.108936009424e-01 5.000000000000e-01 0.000000000000e+00 -5.000000000000e-01 1.360433300308e-27
3.162277660168e+07 -2.068887898461e-01 -7.427143930281e-02 5.000000000000e-01 0.000000000000e+00 -5.000000000000e-01 1.041254978621e-27
3.548133892336e+07 -1.751331963202e-01 -4.586992543874e-02 5.000000000000e-01 0.000000000000e+00 -5.000000000000e-01 7.855767211620e-28
3.981071705535e+07 -1.461701140190e-01 -2.450469879385e-02 5.000000000000e-01 0.000000000000e+00 -5.000000000000e-01 5.843576277734e-28
4.466835921510e+07 -1.203155194181e-01 -8.992380938564e-03 5.000000000000e-01 0.000000000000e+00 -5.000000000000e-01 4.286884493306e-28
5.011872336273e+07 -9.768902379901e-02 1.787884172217e-03 5.000000000000e-01 0.000000000000e+00 -5.000000000000e-01 3.102172198384e-28
5.623413251903e+07 -7.824651928238e-02 8.849412157832e-03 5.000000000000e-01 0.000000000000e+00 -5.000000000000e-01 2.214548311795e-28
6.309573444802e+07 -6.182156906447e-02 1.307236405951e-02 5.000000000000e-01 0.000000000000e+00 -5.000000000000e-01 1.559409426387e-28
7.079457843841e+07 -4.816679532903e-02 1.519561411898e-02 5.000000000000e-01 0.000000000000e+00 -5.000000000000e-01 1.082848960839e-28
7.943282347243e+07 -3.698968631800e-02 1.582162770041e-02 5.000000000000e-01 0.000000000000e+00 -5.000000000000e-01 7.411408991363e-29
8.912509381337e+07 -2.798034922721e-02 1.542929326083e-02 5.000000000000e-01 0.000000000000e+00 -5.000000000000e-01 4.996584798299e-29
1.000000000000e+08 -2.083108023752e-02 1.439032825873e-02 5.000000000000e-01 0.000000000000e+00 -5.000000000000e-01 3.315369389746e-29
1.122018454302e+08 -1.524902753599e-02 1.298613895967e-02 5.000000000000e-01 0.000000000000e+00 -5.000000000000e-01 2.163028692078e-29
1.258925411794e+08 -1.096378267443e-02 1.142336862203e-02 5.000000000000e-01 0.000000000000e+00 -5.000000000000e-01 1.386055274819e-29
1.412537544623e+08 -7.731656042394e-03 9.847504904348e-03 5.000000000000e-01 0.000000000000e+00 -5.000000000000e-01 8.711494304117e-30
1.584893192461e+08 -5.337924941119e-03 8.354659329795e-03 5.000000000000e-01 0.000000000000e+00 -5.000000000000e-01 5.360343171854e-30
1.778279410039e+08 -3.597755858266e-03 7.001929475057e-03 5.000000000000e-01 0.000000000000e+00 -5.000000000000e-01 3.219969964497e-30
1.995262314969e+08 -2.356032419363e-03 5.816690079051e-03 5.000000000000e-01 0.000000000000e+00 -5.000000000000e-01 1.879322847995e-30
2.238721138568e+08 -1.486102197389e-03 4.804915031311e-03 5.000000000000e-01 0.000000000000e+00 -5.000000000000e-01 1.056498313164e-30
2.511886431510e+08 -8.874828670012e-04 3.958408182952e-03 5.000000000000e-01 0.000000000000e+00 -5.000000000000e-01 5.623155705639e-31
2.818382931264e+08 -4.827251488454e-04 3.260741680107e-03 5.000000000000e-01 0.000000000000e+00 -5.000000000000e-01 2.725963627627e-31
3.162277660168e+08 -2.137768217006e-04 2.691775671873e-03 5.000000000000e-01 0.000000000000e+00 -5.000000000000e-01 1.075921900240e-31
3.548133892336e+08 -3.824277986178e-05 2.230790113404e-03 5.000000000000e-01 0.000000000000e+00 -5.000000000000e-01 1.715416508302e-32
3.981071705535e+08 7.411795663154e-05 1.858409502452e-03 5.000000000000e-01 0.000000000000e+00 -5.000000000000e-01 -2.963081311341e-32
4.466835921510e+08 1.444338556290e-04 1.557589943586e-03 5.000000000000e-01 0.000000000000e+00 -5.000000000000e-01 -5.146229339313e-32
5.011872336273e+08 1.872031785594e-04 1.313954921153e-03 5.000000000000e-01 0.000000000000e+00 -5.000000000000e-01 -5.944746639817e-32
5.623413251903e+08 2.122198112190e-04 1.115730829080e-03 5.000000000000e-01 0.000000000000e+00 -5.000000000000e-01 -6.006286656258e-32
6.309573444802e+08 2.260075003872e-04 9.534732070855e-04 5.000000000000e-01 0.000000000000e+00 -5.000000000000e-01 -5.700894232732e-32
7.079457843841e+08 2.328540406926e-04 8.197120993737e-04 5.000000000000e-01 0.000000000000e+00 -5.000000000000e-01 -5.234846002705e-32
7.943282347243e+08 2.355388096002e-04 7.085927279089e-04 5.000000000000e-01 0.000000000000e+00 -5.000000000000e-01 -4.719354568941e-32
8.912509381337e+08 2.358353093903e-04 6.155501310551e-04 5.000000000000e-01 0.000000000000e+00 -5.000000000000e-01 -4.211423925531e-32
1.000000000000e+09 2.348536748424e-04 5.370326642552e-04 5.000000000000e-01 0.000000000000e+00 -5.000000000000e-01 -3.737812325446e-32
