# freq_hz Ad_dB Acm_dB CMRR_dB(Acm clamped at the numerical floor)
1.00000000e-01 9.46840555e+01 -4.41126072e+00 9.90953162e+01
1.12201845e-01 9.46840552e+01 -4.41126095e+00 9.90953162e+01
1.25892541e-01 9.46840549e+01 -4.41126125e+00 9.90953162e+01
1.41253754e-01 9.46840546e+01 -4.41126162e+00 9.90953162e+01
1.58489319e-01 9.46840541e+01 -4.41126209e+00 9.90953162e+01
1.77827941e-01 9.46840535e+01 -4.41126268e+00 9.90953162e+01
1.99526231e-01 9.46840528e+01 -4.41126343e+00 9.90953162e+01
2.23872114e-01 9.46840518e+01 -4.41126436e+00 9.90953162e+01
2.51188643e-01 9.46840506e+01 -4.41126554e+00 9.90953162e+01
2.81838293e-01 9.46840492e+01 -4.41126703e+00 9.90953162e+01
3.16227766e-01 9.46840473e+01 -4.41126890e+00 9.90953162e+01
3.54813389e-01 9.46840449e+01 -4.41127125e+00 9.90953162e+01
3.98107171e-01 9.46840420e+01 -4.41127421e+00 9.90953162e+01
4.46683592e-01 9.46840383e+01 -4.41127794e+00 9.90953162e+01
5.01187234e-01 9.46840336e+01 -4.41128264e+00 9.90953162e+01
5.62341325e-01 9.46840276e+01 -4.41128855e+00 9.90953162e+01
6.30957344e-01 9.46840202e+01 -4.41129599e+00 9.90953162e+01
7.07945784e-01 9.46840108e+01 -4.41130536e+00 9.90953162e+01
7.94328235e-01 9.46839990e+01 -4.41131715e+00 9.90953162e+01
8.91250938e-01 9.46839842e+01 -4.41133200e+00 9.90953162e+01
1.00000000e+00 9.46839655e+01 -4.41135069e+00 9.90953162e+01
1.12201845e+00 9.46839420e+01 -4.41137422e+00 9.90953162e+01
1.25892541e+00 9.46839124e+01 -4.41140384e+00 9.90953162e+01
1.41253754e+00 9.46838751e+01 -4.41144113e+00 9.90953162e+01
1.58489319e+00 9.46838281e+01 -4.41148808e+00 9.90953162e+01
1.77827941e+00 9.46837690e+01 -4.41154718e+00 9.90953162e+01
1.99526231e+00 9.46836946e+01 -4.41162158e+00 9.90953162e+01
2.23872114e+00 9.46836009e+01 -4.41171525e+00 9.90953162e+01
2.51188643e+00 9.46834830e+01 -4.41183317e+00 9.90953162e+01
2.81838293e+00 9.46833346e+01 -4.41198161e+00 9.90953162e+01
3.16227766e+00 9.46831477e+01 -4.41216848e+00 9.90953162e+01
3.54813389e+00 9.46829125e+01 -4.41240373e+00 9.90953162e+01
3.98107171e+00 9.46826163e+01 -4.41269987e+00 9.90953162e+01
4.46683592e+00 9.46822435e+01 -4.41307266e+00 9.90953162e+01
5.01187234e+00 9.46817743e+01 -4.41354193e+00 9.90953162e+01
5.62341325e+00 9.46811836e+01 -4.41413263e+00 9.90953162e+01
6.30957344e+00 9.46804400e+01 -4.41487617e+00 9.90953162e+01
7.07945784e+00 9.46795041e+01 -4.41581205e+00 9.90953162e+01
7.94328235e+00 9.46783262e+01 -4.41698996e+00 9.90953162e+01
8.91250938e+00 9.46768438e+01 -4.41847241e+00 9.90953162e+01
1.00000000e+01 9.46749782e+01 -4.42033798e+00 9.90953162e+01
1.12201845e+01 9.46726307e+01 -4.42268547e+00 9.90953162e+01
1.25892541e+01 9.46696772e+01 -4.42563897e+00 9.90953162e+01
1.41253754e+01 9.46659618e+01 -4.42935435e+00 9.90953162e+01
1.58489319e+01 9.46612890e+01 -4.43402722e+00 9.90953162e+01
1.77827941e+01 9.46554133e+01 -4.43990288e+00 9.90953162e+01
1.99526231e+01 9.46480276e+01 -4.44728862e+00 9.90953162e+01
2.23872114e+01 9.46387473e+01 -4.45656888e+00 9.90953162e+01
2.51188643e+01 9.46270923e+01 -4.46822391e+00 9.90953162e+01
2.81838293e+01 9.46124638e+01 -4.48285239e+00 9.90953162e+01
3.16227766e+01 9.45941174e+01 -4.50119877e+00 9.90953162e+01
3.54813389e+01 9.45711303e+01 -4.52418583e+00 9.90953162e+01
3.98107171e+01 9.45423633e+01 -4.55295289e+00 9.90953162e+01
4.46683592e+01 9.45064166e+01 -4.58889961e+00 9.90953162e+01
5.01187234e+01 9.44615813e+01 -4.63373486e+00 9.90953162e+01
5.62341325e+01 9.44057873e+01 -4.68952880e+00 9.90953161e+01
6.30957344e+01 9.43365510e+01 -4.75876510e+00 9.90953161e+01
7.07945784e+01 9.42509284e+01 -4.84438772e+00 9.90953161e+01
7.94328235e+01 9.41454821e+01 -4.94983405e+00 9.90953161e+01
8.91250938e+01 9.40162729e+01 -5.07904321e+00 9.90953161e+01
1.00000000e+02 9.38588905e+01 -5.23642554e+00 9.90953160e+01
1.12201845e+02 9.36685381e+01 -5.42677788e+00 9.90953160e+01
1.25892541e+02 9.34401846e+01 -5.65513138e+00 9.90953160e+01
1.41253754e+02 9.31687909e+01 -5.92652502e+00 9.90953159e+01
1.58489319e+02 9.28496050e+01 -6.24571085e+00 9.90953158e+01
1.77827941e+02 9.24785016e+01 -6.61681410e+00 9.90953157e+01
1.99526231e+02 9.20523258e+01 -7.04298978e+00 9.90953156e+01
2.23872114e+02 9.15691855e+01 -7.52612996e+00 9.90953154e+01
2.51188643e+02 9.10286395e+01 -8.06667571e+00 9.90953152e+01
2.81838293e+02 9.04317431e+01 -8.66357194e+00 9.90953150e+01
3.16227766e+02 8.97809401e+01 -9.31437461e+00 9.90953147e+01
3.54813389e+02 8.90798263e+01 -1.00154879e+01 9.90953143e+01
3.98107171e+02 8.83328288e+01 -1.07624850e+01 9.90953138e+01
4.46683592e+02 8.75448574e+01 -1.15504557e+01 9.90953131e+01
5.01187234e+02 8.67209802e+01 -1.23743322e+01 9.90953124e+01
5.62341325e+02 8.58661545e+01 -1.32291569e+01 9.90953114e+01
6.30957344e+02 8.49850318e+01 -1.41102783e+01 9.90953101e+01
7.07945784e+02 8.40818346e+01 -1.50134740e+01 9.90953086e+01
7.94328235e+02 8.31602956e+01 -1.59350110e+01 9.90953066e+01
8.91250938e+02 8.22236456e+01 -1.68716585e+01 9.90953041e+01
1.00000000e+03 8.12746332e+01 -1.78206678e+01 9.90953010e+01
1.12201845e+03 8.03155651e+01 -1.87797320e+01 9.90952971e+01
1.25892541e+03 7.93483556e+01 -1.97469365e+01 9.90952921e+01
1.41253754e+03 7.83745797e+01 -2.07207062e+01 9.90952859e+01
1.58489319e+03 7.73955236e+01 -2.16997544e+01 9.90952780e+01
1.77827941e+03 7.64122322e+01 -2.26830359e+01 9.90952681e+01
1.99526231e+03 7.54255503e+01 -2.36697054e+01 9.90952556e+01
2.23872114e+03 7.44361584e+01 -2.46590815e+01 9.90952399e+01
2.51188643e+03 7.34446032e+01 -2.56506170e+01 9.90952202e+01
2.81838293e+03 7.24513229e+01 -2.66438724e+01 9.90951953e+01
3.16227766e+03 7.14566680e+01 -2.76384961e+01 9.90951640e+01
3.54813389e+03 7.04609184e+01 -2.86342063e+01 9.90951246e+01
3.98107171e+03 6.94642975e+01 -2.96307775e+01 9.90950751e+01
4.46683592e+03 6.84669836e+01 -3.06280290e+01 9.90950126e+01
5.01187234e+03 6.74691184e+01 -3.16258157e+01 9.90949340e+01
5.62341325e+03 6.64708148e+01 -3.26240203e+01 9.90948351e+01
6.30957344e+03 6.54721628e+01 -3.36225477e+01 9.90947105e+01
7.07945784e+03 6.44732338e+01 -3.46213199e+01 9.90945537e+01
7.94328235e+03 6.34740846e+01 -3.56202716e+01 9.90943563e+01
8.91250938e+03 6.24747606e+01 -3.66193472e+01 9.90941077e+01
1.00000000e+04 6.14752975e+01 -3.76184974e+01 9.90937949e+01
1.12201845e+04 6.04757240e+01 -3.86176771e+01 9.90934011e+01
1.25892541e+04 5.94760627e+01 -3.96168427e+01 9.90929053e+01
1.41253754e+04 5.84763316e+01 -4.06159497e+01 9.90922813e+01
1.58489319e+04 5.74765451e+01 -4.16149508e+01 9.90914958e+01
1.77827941e+04 5.64767144e+01 -4.26137927e+01 9.90905072e+01
1.99526231e+04 5.54768487e+01 -4.36124141e+01 9.90892628e+01
2.23872114e+04 5.44769551e+01 -4.46107417e+01 9.90876968e+01
2.51188643e+04 5.34770392e+01 -4.56086868e+01 9.90857260e+01
2.81838293e+04 5.24771055e+01 -4.66061406e+01 9.90832462e+01
3.16227766e+04 5.14771576e+01 -4.76029686e+01 9.90801262e+01
3.54813389e+04 5.04771982e+01 -4.85990032e+01 9.90762014e+01
3.98107171e+04 4.94772294e+01 -4.95940358e+01 9.90712652e+01
4.46683592e+04 4.84772530e+01 -5.05878056e+01 9.90650586e+01
5.01187234e+04 4.74772702e+01 -5.15799868e+01 9.90572570e+01
5.62341325e+04 4.64772818e+01 -5.25701726e+01 9.90474545e+01
6.30957344e+04 4.54772887e+01 -5.35578553e+01 9.90351439e+01
7.07945784e+04 4.44772910e+01 -5.45424024e+01 9.90196933e+01
7.94328235e+04 4.34772889e+01 -5.55230280e+01 9.90003169e+01
8.91250938e+04 4.24772823e+01 -5.64987584e+01 9.89760407e+01
1.00000000e+05 4.14772709e+01 -5.74683918e+01 9.89456627e+01
1.12201845e+05 4.04772540e+01 -5.84304524e+01 9.89077064e+01
1.25892541e+05 3.94772308e+01 -5.93831392e+01 9.88603700e+01
1.41253754e+05 3.84772000e+01 -6.03242715e+01 9.88014714e+01
1.58489319e+05 3.74771599e+01 -6.12512338e+01 9.87283937e+01
1.77827941e+05 3.64771085e+01 -6.21609278e+01 9.86380363e+01
1.99526231e+05 3.54770430e+01 -6.30497374e+01 9.85267804e+01
2.23872114e+05 3.44769599e+01 -6.39135199e+01 9.83904799e+01
2.51188643e+05 3.34768548e+01 -6.47476371e+01 9.82244919e+01
2.81838293e+05 3.24767221e+01 -6.55470408e+01 9.80237628e+01
3.16227766e+05 3.14765547e+01 -6.63064253e+01 9.77829800e+01
3.54813389e+05 3.04763437e+01 -6.70204527e+01 9.74967964e+01
3.98107171e+05 2.94760780e+01 -6.76840399e+01 9.71601178e+01
4.46683592e+05 2.84757432e+01 -6.82926831e+01 9.67684264e+01
5.01187234e+05 2.74753218e+01 -6.88427743e+01 9.63180961e+01
5.62341325e+05 2.64747911e+01 -6.93318532e+01 9.58066443e+01
6.30957344e+05 2.54741231e+01 -6.97587433e+01 9.52328664e+01
7.07945784e+05 2.44732822e+01 -7.01235360e+01 9.45968181e+01
7.94328235e+05 2.34722237e+01 -7.04274186e+01 9.38996423e+01
8.91250938e+05 2.24708915e+01 -7.06723749e+01 9.31432664e+01
1.00000000e+06 2.14692149e+01 -7.08608083e+01 9.23300232e+01
1.12201845e+06 2.04671052e+01 -7.09951495e+01 9.14622547e+01
1.25892541e+06 1.94644506e+01 -7.10775023e+01 9.05419529e+01
1.41253754e+06 1.84611110e+01 -7.11093691e+01 8.95704801e+01
1.58489319e+06 1.74569103e+01 -7.10914830e+01 8.85483934e+01
1.77827941e+06 1.64516279e+01 -7.10237580e+01 8.74753859e+01
1.99526231e+06 1.54449870e+01 -7.09053632e+01 8.63503503e+01
2.23872114e+06 1.44366412e+01 -7.07349188e+01 8.51715600e+01
2.51188643e+06 1.34261576e+01 -7.05107998e+01 8.39369575e+01
2.81838293e+06 1.24129960e+01 -7.02315274e+01 8.26445234e+01
3.16227766e+06 1.13964839e+01 -6.98962057e+01 8.12926896e+01
3.54813389e+06 1.03757866e+01 -6.95049536e+01 7.98807402e+01
3.98107171e+06 9.34987183e+00 -6.90592710e+01 7.84091429e+01
4.46683592e+06 8.31746873e+00 -6.85622898e+01 7.68797585e+01
5.01187234e+06 7.27702146e+00 -6.80188800e+01 7.52959014e+01
5.62341325e+06 6.22663891e+00 -6.74356149e+01 7.36622538e+01
6.30957344e+06 5.16404256e+00 -6.68206269e+01 7.19846695e+01
7.07945784e+06 4.08651724e+00 -6.61834027e+01 7.02699199e+01
7.94328235e+06 2.99087127e+00 -6.55345688e+01 6.85254400e+01
8.91250938e+06 1.87341596e+00 -6.48857036e+01 6.67591195e+01
1.00000000e+07 7.29976509e-01 -6.42491890e+01 6.49791655e+01
1.12201845e+07 -4.44051125e-01 -6.36380972e+01 6.31940461e+01
1.25892541e+07 -1.65358417e+00 -6.30660893e+01 6.14125051e+01
1.41253754e+07 -2.90366894e+00 -6.25473016e+01 5.96436327e+01
1.58489319e+07 -4.19923032e+00 -6.20961989e+01 5.78969686e+01
1.77827941e+07 -5.54477167e+00 -6.17273907e+01 5.61826190e+01
1.99526231e+07 -6.94405974e+00 -6.14554328e+01 5.45113731e+01
2.23872114e+07 -8.39984264e+00 -6.12946608e+01 5.28948181e+01
2.51188643e+07 -9.91365232e+00 -6.12591297e+01 5.13454774e+01
2.81838293e+07 -1.14857305e+01 -6.13627552e+01 4.98770246e+01
3.16227766e+07 -1.31150914e+01 -6.16197746e+01 4.85046831e+01
3.54813389e+07 -1.47997022e+01 -6.20456857e+01 4.72459835e+01
3.98107171e+07 -1.65367382e+01 -6.26589029e+01 4.61221647e+01
4.46683592e+07 -1.83228572e+01 -6.34835567e+01 4.51606995e+01
5.01187234e+07 -2.01544400e+01 -6.45542935e+01 4.43998535e+01
5.62341325e+07 -2.20277587e+01 -6.59249931e+01 4.38972344e+01
6.30957344e+07 -2.39390495e+01 -6.76862305e+01 4.37471810e+01
7.07945784e+07 -2.58844777e+01 -7.00055177e+01 4.41210401e+01
7.94328235e+07 -2.78599987e+01 -7.32408450e+01 4.53808463e+01
8.91250938e+07 -2.98611290e+01 -7.83849374e+01 4.85238084e+01
1.00000000e+08 -3.18826591e+01 -9.01049434e+01 5.82222843e+01
1.12201845e+08 -3.39183603e+01 -8.28147641e+01 4.88964038e+01
1.25892541e+08 -3.59607546e+01 -7.60979072e+01 4.01371526e+01
1.41253754e+08 -3.80010220e+01 -7.25557637e+01 3.45547417e+01
1.58489319e+08 -4.00291071e+01 -7.02543595e+01 3.02252524e+01
1.77827941e+08 -4.20340535e+01 -6.86271607e+01 2.65931072e+01
1.99526231e+08 -4.40045403e+01 -6.74305320e+01 2.34259918e+01
2.23872114e+08 -4.59295476e+01 -6.65362042e+01 2.06066566e+01
2.51188643e+08 -4.77990420e+01 -6.58674515e+01 1.80684095e+01
2.81838293e+08 -4.96045679e+01 -6.53741530e+01 1.57695851e+01
3.16227766e+08 -5.13396544e+01 -6.50214157e+01 1.36817613e+01
3.54813389e+08 -5.29999904e+01 -6.47837612e+01 1.17837708e+01
3.98107171e+08 -5.45833653e+01 -6.46418624e+01 1.00584971e+01
4.46683592e+08 -5.60894168e+01 -6.45805551e+01 8.49113831e+00
5.01187234e+08 -5.75192440e+01 -6.45875277e+01 7.06828372e+00
5.62341325e+08 -5.88749570e+01 -6.46523950e+01 5.77743798e+00
6.30957344e+08 -6.01592177e+01 -6.47660009e+01 4.60678319e+00
7.07945784e+08 -6.13748149e+01 -6.49198794e+01 3.54506456e+00
7.94328235e+08 -6.25243008e+01 -6.51058564e+01 2.58155559e+00
8.91250938e+08 -6.36097068e+01 -6.53158085e+01 1.70610174e+00
1.00000000e+09 -6.46323532e+01 -6.55416068e+01 9.09253584e-01
