# freq_hz Ad_dB Acm_dB CMRR_dB(Acm clamped at the numerical floor)
1.00000000e-01 9.52321229e+01 -2.47746659e+00 9.77095895e+01
1.12201845e-01 9.52321227e+01 -2.47746678e+00 9.77095895e+01
1.25892541e-01 9.52321224e+01 -2.47746701e+00 9.77095895e+01
1.41253754e-01 9.52321222e+01 -2.47746730e+00 9.77095895e+01
1.58489319e-01 9.52321218e+01 -2.47746767e+00 9.77095895e+01
1.77827941e-01 9.52321213e+01 -2.47746812e+00 9.77095895e+01
1.99526231e-01 9.52321207e+01 -2.47746871e+00 9.77095895e+01
2.23872114e-01 9.52321200e+01 -2.47746944e+00 9.77095895e+01
2.51188643e-01 9.52321191e+01 -2.47747036e+00 9.77095895e+01
2.81838293e-01 9.52321179e+01 -2.47747151e+00 9.77095895e+01
3.16227766e-01 9.52321165e+01 -2.47747298e+00 9.77095895e+01
3.54813389e-01 9.52321146e+01 -2.47747482e+00 9.77095895e+01
3.98107171e-01 9.52321123e+01 -2.47747712e+00 9.77095895e+01
4.46683592e-01 9.52321094e+01 -2.47748004e+00 9.77095895e+01
5.01187234e-01 9.52321058e+01 -2.47748370e+00 9.77095895e+01
5.62341325e-01 9.52321011e+01 -2.47748831e+00 9.77095895e+01
6.30957344e-01 9.52320953e+01 -2.47749413e+00 9.77095895e+01
7.07945784e-01 9.52320880e+01 -2.47750144e+00 9.77095895e+01
7.94328235e-01 9.52320788e+01 -2.47751064e+00 9.77095895e+01
8.91250938e-01 9.52320672e+01 -2.47752224e+00 9.77095895e+01
1.00000000e+00 9.52320526e+01 -2.47753683e+00 9.77095895e+01
1.12201845e+00 9.52320343e+01 -2.47755520e+00 9.77095895e+01
1.25892541e+00 9.52320111e+01 -2.47757832e+00 9.77095895e+01
1.41253754e+00 9.52319820e+01 -2.47760743e+00 9.77095895e+01
1.58489319e+00 9.52319454e+01 -2.47764409e+00 9.77095895e+01
1.77827941e+00 9.52318992e+01 -2.47769023e+00 9.77095895e+01
1.99526231e+00 9.52318412e+01 -2.47774830e+00 9.77095895e+01
2.23872114e+00 9.52317680e+01 -2.47782143e+00 9.77095895e+01
2.51188643e+00 9.52316760e+01 -2.47791349e+00 9.77095895e+01
2.81838293e+00 9.52315601e+01 -2.47802937e+00 9.77095895e+01
3.16227766e+00 9.52314142e+01 -2.47817526e+00 9.77095895e+01
3.54813389e+00 9.52312305e+01 -2.47835893e+00 9.77095895e+01
3.98107171e+00 9.52309993e+01 -2.47859012e+00 9.77095895e+01
4.46683592e+00 9.52307083e+01 -2.47888117e+00 9.77095895e+01
5.01187234e+00 9.52303419e+01 -2.47924754e+00 9.77095895e+01
5.62341325e+00 9.52298807e+01 -2.47970875e+00 9.77095895e+01
6.30957344e+00 9.52293002e+01 -2.48028930e+00 9.77095895e+01
7.07945784e+00 9.52285694e+01 -2.48102004e+00 9.77095895e+01
7.94328235e+00 9.52276496e+01 -2.48193984e+00 9.77095895e+01
8.91250938e+00 9.52264920e+01 -2.48309750e+00 9.77095895e+01
1.00000000e+01 9.52250350e+01 -2.48455448e+00 9.77095895e+01
1.12201845e+01 9.52232014e+01 -2.48638802e+00 9.77095895e+01
1.25892541e+01 9.52208943e+01 -2.48869519e+00 9.77095895e+01
1.41253754e+01 9.52179914e+01 -2.49159802e+00 9.77095895e+01
1.58489319e+01 9.52143397e+01 -2.49524971e+00 9.77095895e+01
1.77827941e+01 9.52097469e+01 -2.49984255e+00 9.77095894e+01
1.99526231e+01 9.52039718e+01 -2.50561771e+00 9.77095895e+01
2.23872114e+01 9.51967122e+01 -2.51287728e+00 9.77095894e+01
2.51188643e+01 9.51875901e+01 -2.52199932e+00 9.77095894e+01
2.81838293e+01 9.51761333e+01 -2.53345613e+00 9.77095895e+01
3.16227766e+01 9.51617529e+01 -2.54783653e+00 9.77095894e+01
3.54813389e+01 9.51437165e+01 -2.56587295e+00 9.77095894e+01
3.98107171e+01 9.51211160e+01 -2.58847347e+00 9.77095894e+01
4.46683592e+01 9.50928298e+01 -2.61675959e+00 9.77095894e+01
5.01187234e+01 9.50574797e+01 -2.65210976e+00 9.77095894e+01
5.62341325e+01 9.50133817e+01 -2.69620771e+00 9.77095894e+01
6.30957344e+01 9.49584949e+01 -2.75109453e+00 9.77095894e+01
7.07945784e+01 9.48903684e+01 -2.81922100e+00 9.77095894e+01
7.94328235e+01 9.48060944e+01 -2.90349497e+00 9.77095894e+01
8.91250938e+01 9.47022734e+01 -3.00731596e+00 9.77095894e+01
1.00000000e+02 9.45750036e+01 -3.13458579e+00 9.77095894e+01
1.12201845e+02 9.44199079e+01 -3.28968144e+00 9.77095893e+01
1.25892541e+02 9.42322143e+01 -3.47737503e+00 9.77095893e+01
1.41253754e+02 9.40069023e+01 -3.70268700e+00 9.77095893e+01
1.58489319e+02 9.37389240e+01 -3.97066524e+00 9.77095892e+01
1.77827941e+02 9.34234942e+01 -4.28609493e+00 9.77095891e+01
1.99526231e+02 9.30564283e+01 -4.65316078e+00 9.77095891e+01
2.23872114e+02 9.26344868e+01 -5.07510211e+00 9.77095889e+01
2.51188643e+02 9.21556745e+01 -5.55391432e+00 9.77095888e+01
2.81838293e+02 9.16194373e+01 -6.09015136e+00 9.77095886e+01
3.16227766e+02 9.10267194e+01 -6.68286906e+00 9.77095884e+01
3.54813389e+02 9.03798670e+01 -7.32972115e+00 9.77095882e+01
3.98107171e+02 8.96823996e+01 -8.02718823e+00 9.77095878e+01
4.46683592e+02 8.89386935e+01 -8.77089391e+00 9.77095874e+01
5.01187234e+02 8.81536342e+01 -9.55595265e+00 9.77095869e+01
5.62341325e+02 8.73322879e+01 -1.03772982e+01 9.77095862e+01
6.30957344e+02 8.64796283e+01 -1.12299571e+01 9.77095853e+01
7.07945784e+02 8.56003348e+01 -1.21092495e+01 9.77095843e+01
7.94328235e+02 8.46986651e+01 -1.30109178e+01 9.77095829e+01
8.91250938e+02 8.37783899e+01 -1.39311914e+01 9.77095812e+01
1.00000000e+03 8.28427773e+01 -1.48668018e+01 9.77095791e+01
1.12201845e+03 8.18946111e+01 -1.58149653e+01 9.77095764e+01
1.25892541e+03 8.09362297e+01 -1.67733434e+01 9.77095731e+01
1.41253754e+03 7.99695751e+01 -1.77399937e+01 9.77095688e+01
1.58489319e+03 7.89962459e+01 -1.87133176e+01 9.77095635e+01
1.77827941e+03 7.80175487e+01 -1.96920081e+01 9.77095568e+01
1.99526231e+03 7.70345449e+01 -2.06750035e+01 9.77095483e+01
2.23872114e+03 7.60480930e+01 -2.16614447e+01 9.77095376e+01
2.51188643e+03 7.50588848e+01 -2.26506394e+01 9.77095242e+01
2.81838293e+03 7.40674762e+01 -2.36420312e+01 9.77095074e+01
3.16227766e+03 7.30743127e+01 -2.46351734e+01 9.77094861e+01
3.54813389e+03 7.20797508e+01 -2.56297085e+01 9.77094593e+01
3.98107171e+03 7.10840753e+01 -2.66253503e+01 9.77094256e+01
4.46683592e+03 7.00875135e+01 -2.76218698e+01 9.77093832e+01
5.01187234e+03 6.90902464e+01 -2.86190834e+01 9.77093298e+01
5.62341325e+03 6.80924185e+01 -2.96168441e+01 9.77092626e+01
6.30957344e+03 6.70941446e+01 -3.06150334e+01 9.77091780e+01
7.07945784e+03 6.60955161e+01 -3.16135553e+01 9.77090714e+01
7.94328235e+03 6.50966059e+01 -3.26123315e+01 9.77089373e+01
8.91250938e+03 6.40974716e+01 -3.36112968e+01 9.77087685e+01
1.00000000e+04 6.30981594e+01 -3.46103965e+01 9.77085559e+01
1.12201845e+04 6.20987058e+01 -3.56095825e+01 9.77082883e+01
1.25892541e+04 6.10991397e+01 -3.66088118e+01 9.77079515e+01
1.41253754e+04 6.00994844e+01 -3.76080431e+01 9.77075275e+01
1.58489319e+04 5.90997581e+01 -3.86072357e+01 9.77069938e+01
1.77827941e+04 5.80999754e+01 -3.96063465e+01 9.77063219e+01
1.99526231e+04 5.71001478e+01 -4.06053284e+01 9.77054762e+01
2.23872114e+04 5.61002846e+01 -4.16041273e+01 9.77044118e+01
2.51188643e+04 5.51003929e+01 -4.26026792e+01 9.77030722e+01
2.81838293e+04 5.41004787e+01 -4.36009076e+01 9.77013862e+01
3.16227766e+04 5.31005464e+01 -4.45987183e+01 9.76992647e+01
3.54813389e+04 5.21005996e+01 -4.55959955e+01 9.76965952e+01
3.98107171e+04 5.11006412e+01 -4.65925955e+01 9.76932367e+01
4.46683592e+04 5.01006735e+01 -4.75883388e+01 9.76890122e+01
5.01187234e+04 4.91006980e+01 -4.85830015e+01 9.76836996e+01
5.62341325e+04 4.81007162e+01 -4.95763040e+01 9.76770202e+01
6.30957344e+04 4.71007289e+01 -5.05678966e+01 9.76686255e+01
7.07945784e+04 4.61007370e+01 -5.15573424e+01 9.76580794e+01
7.94328235e+04 4.51007407e+01 -5.25440970e+01 9.76448377e+01
8.91250938e+04 4.41007403e+01 -5.35274823e+01 9.76282226e+01
1.00000000e+05 4.31007358e+01 -5.45066564e+01 9.76073922e+01
1.12201845e+05 4.21007269e+01 -5.54805777e+01 9.75813047e+01
1.25892541e+05 4.11007132e+01 -5.64479626e+01 9.75486758e+01
1.41253754e+05 4.01006940e+01 -5.74072379e+01 9.75079319e+01
1.58489319e+05 3.91006681e+01 -5.83564886e+01 9.74571567e+01
1.77827941e+05 3.81006343e+01 -5.92934029e+01 9.73940372e+01
1.99526231e+05 3.71005907e+01 -6.02152197e+01 9.73158104e+01
2.23872114e+05 3.61005350e+01 -6.11186836e+01 9.72192185e+01
2.51188643e+05 3.51004642e+01 -6.20000181e+01 9.71004823e+01
2.81838293e+05 3.41003746e+01 -6.28549296e+01 9.69553042e+01
3.16227766e+05 3.31002614e+01 -6.36786556e+01 9.67789170e+01
3.54813389e+05 3.21001186e+01 -6.44660727e+01 9.65661913e+01
3.98107171e+05 3.10999386e+01 -6.52118752e+01 9.63118138e+01
4.46683592e+05 3.00997118e+01 -6.59108241e+01 9.60105359e+01
5.01187234e+05 2.90994261e+01 -6.65580531e+01 9.56574791e+01
5.62341325e+05 2.80990663e+01 -6.71493983e+01 9.52484646e+01
6.30957344e+05 2.70986133e+01 -6.76817028e+01 9.47803161e+01
7.07945784e+05 2.60980430e+01 -6.81530386e+01 9.42510816e+01
7.94328235e+05 2.50973251e+01 -6.85627980e+01 9.36601231e+01
8.91250938e+05 2.40964214e+01 -6.89116284e+01 9.30080498e+01
1.00000000e+06 2.30952839e+01 -6.92012161e+01 9.22965000e+01
1.12201845e+06 2.20938524e+01 -6.94339571e+01 9.15278095e+01
1.25892541e+06 2.10920508e+01 -6.96125685e+01 9.07046193e+01
1.41253754e+06 2.00897838e+01 -6.97397003e+01 8.98294841e+01
1.58489319e+06 1.90869315e+01 -6.98175950e+01 8.89045265e+01
1.77827941e+06 1.80833433e+01 -6.98478316e+01 8.79311749e+01
1.99526231e+06 1.70788303e+01 -6.98311707e+01 8.69100010e+01
2.23872114e+06 1.60731555e+01 -6.97675115e+01 8.58406671e+01
2.51188643e+06 1.50660220e+01 -6.96559636e+01 8.47219856e+01
2.81838293e+06 1.40570583e+01 -6.94950305e+01 8.35520888e+01
3.16227766e+06 1.30458000e+01 -6.92829006e+01 8.23287007e+01
3.54813389e+06 1.20316685e+01 -6.90178245e+01 8.10494931e+01
3.98107171e+06 1.10139438e+01 -6.86985499e+01 7.97124937e+01
4.46683592e+06 9.99173300e+00 -6.83247649e+01 7.83164979e+01
5.01187234e+06 8.96393332e+00 -6.78974931e+01 7.68614264e+01
5.62341325e+06 7.92918901e+00 -6.74193873e+01 7.53485763e+01
6.30957344e+06 6.88584351e+00 -6.68948829e+01 7.37807264e+01
7.07945784e+06 5.83188787e+00 -6.63302052e+01 7.21620931e+01
7.94328235e+06 4.76490865e+00 -6.57332518e+01 7.04981605e+01
8.91250938e+06 3.68204008e+00 -6.51133955e+01 6.87954355e+01
1.00000000e+07 2.57992838e+00 -6.44812555e+01 6.70611839e+01
1.12201845e+07 1.45471836e+00 -6.38484787e+01 6.53031971e+01
1.25892541e+07 3.02075734e-01 -6.32275462e+01 6.35296219e+01
1.41253754e+07 -8.82740952e-01 -6.26316065e+01 6.17488655e+01
1.58489319e+07 -2.10474603e+00 -6.20743152e+01 5.99695692e+01
1.77827941e+07 -3.36902417e+00 -6.15696581e+01 5.82006339e+01
1.99526231e+07 -4.68046538e+00 -6.11317396e+01 5.64512742e+01
2.23872114e+07 -6.04345986e+00 -6.07745353e+01 5.47310755e+01
2.51188643e+07 -7.46159222e+00 -6.05116291e+01 5.30500369e+01
2.81838293e+07 -8.93738570e+00 -6.03559776e+01 5.14185919e+01
3.16227766e+07 -1.04721454e+01 -6.03197641e+01 4.98476188e+01
3.54813389e+07 -1.20659322e+01 -6.04144124e+01 4.83484802e+01
3.98107171e+07 -1.37176712e+01 -6.06508377e+01 4.69331665e+01
4.46683592e+07 -1.54253634e+01 -6.10400200e+01 4.56146566e+01
5.01187234e+07 -1.71863538e+01 -6.15940125e+01 4.44076587e+01
5.62341325e+07 -1.89975939e+01 -6.23275583e+01 4.33299644e+01
6.30957344e+07 -2.08558519e+01 -6.32606331e+01 4.24047812e+01
7.07945784e+07 -2.27578315e+01 -6.44225509e+01 4.16647194e+01
7.94328235e+07 -2.47001794e+01 -6.58590303e+01 4.11588509e+01
8.91250938e+07 -2.66793727e+01 -6.76455741e+01 4.09662014e+01
1.00000000e+08 -2.86914918e+01 -6.99160743e+01 4.12245825e+01
1.12201845e+08 -3.07318974e+01 -7.29338682e+01 4.22019709e+01
1.25892541e+08 -3.27948559e+01 -7.73005711e+01 4.45057151e+01
1.41253754e+08 -3.48731773e+01 -8.43234979e+01 4.94503206e+01
1.58489319e+08 -3.69579516e+01 -8.42588968e+01 4.73009452e+01
1.77827941e+08 -3.90384759e+01 -7.79928477e+01 3.89543718e+01
1.99526231e+08 -4.11024470e+01 -7.43218040e+01 3.32193570e+01
2.23872114e+08 -4.31364517e+01 -7.19363172e+01 2.87998655e+01
2.51188643e+08 -4.51267284e+01 -7.02517893e+01 2.51250610e+01
2.81838293e+08 -4.70601039e+01 -6.90057040e+01 2.19456001e+01
3.16227766e+08 -4.89249624e+01 -6.80600047e+01 1.91350423e+01
3.54813389e+08 -5.07120781e+01 -6.73335971e+01 1.66215190e+01
3.98107171e+08 -5.24151661e+01 -6.67751534e+01 1.43599873e+01
4.46683592e+08 -5.40310638e+01 -6.63504478e+01 1.23193840e+01
5.01187234e+08 -5.55595312e+01 -6.60357013e+01 1.04761700e+01
5.62341325e+08 -5.70027388e+01 -6.58137058e+01 8.81096697e+00
6.30957344e+08 -5.83645591e+01 -6.56713682e+01 7.30680915e+00
7.07945784e+08 -5.96497929e+01 -6.55980564e+01 5.94826351e+00
7.94328235e+08 -6.08634444e+01 -6.55844518e+01 4.72100739e+00
8.91250938e+08 -6.20101209e+01 -6.56217680e+01 3.61164701e+00
1.00000000e+09 -6.30935964e+01 -6.57012732e+01 2.60767677e+00
