# freq_hz Ad_dB Acm_dB CMRR_dB(Acm clamped at the numerical floor)
1.00000000e-01 9.58849167e+01 -3.80620729e+00 9.96911240e+01
1.12201845e-01 9.58849165e+01 -3.80620749e+00 9.96911240e+01
1.25892541e-01 9.58849162e+01 -3.80620776e+00 9.96911240e+01
1.41253754e-01 9.58849159e+01 -3.80620810e+00 9.96911240e+01
1.58489319e-01 9.58849154e+01 -3.80620853e+00 9.96911240e+01
1.77827941e-01 9.58849149e+01 -3.80620905e+00 9.96911240e+01
1.99526231e-01 9.58849142e+01 -3.80620972e+00 9.96911240e+01
2.23872114e-01 9.58849134e+01 -3.80621056e+00 9.96911240e+01
2.51188643e-01 9.58849123e+01 -3.80621163e+00 9.96911240e+01
2.81838293e-01 9.58849110e+01 -3.80621296e+00 9.96911240e+01
3.16227766e-01 9.58849093e+01 -3.80621464e+00 9.96911240e+01
3.54813389e-01 9.58849072e+01 -3.80621675e+00 9.96911240e+01
3.98107171e-01 9.58849045e+01 -3.80621943e+00 9.96911240e+01
4.46683592e-01 9.58849012e+01 -3.80622278e+00 9.96911240e+01
5.01187234e-01 9.58848970e+01 -3.80622700e+00 9.96911240e+01
5.62341325e-01 9.58848916e+01 -3.80623231e+00 9.96911240e+01
6.30957344e-01 9.58848850e+01 -3.80623900e+00 9.96911240e+01
7.07945784e-01 9.58848765e+01 -3.80624744e+00 9.96911240e+01
7.94328235e-01 9.58848659e+01 -3.80625803e+00 9.96911240e+01
8.91250938e-01 9.58848526e+01 -3.80627138e+00 9.96911240e+01
1.00000000e+00 9.58848358e+01 -3.80628820e+00 9.96911240e+01
1.12201845e+00 9.58848146e+01 -3.80630935e+00 9.96911240e+01
1.25892541e+00 9.58847880e+01 -3.80633600e+00 9.96911240e+01
1.41253754e+00 9.58847544e+01 -3.80636954e+00 9.96911240e+01
1.58489319e+00 9.58847122e+01 -3.80641175e+00 9.96911240e+01
1.77827941e+00 9.58846591e+01 -3.80646491e+00 9.96911240e+01
1.99526231e+00 9.58845921e+01 -3.80653182e+00 9.96911240e+01
2.23872114e+00 9.58845079e+01 -3.80661606e+00 9.96911240e+01
2.51188643e+00 9.58844019e+01 -3.80672211e+00 9.96911240e+01
2.81838293e+00 9.58842684e+01 -3.80685560e+00 9.96911240e+01
3.16227766e+00 9.58841003e+01 -3.80702368e+00 9.96911240e+01
3.54813389e+00 9.58838887e+01 -3.80723524e+00 9.96911240e+01
3.98107171e+00 9.58836224e+01 -3.80750158e+00 9.96911240e+01
4.46683592e+00 9.58832871e+01 -3.80783686e+00 9.96911240e+01
5.01187234e+00 9.58828651e+01 -3.80825891e+00 9.96911240e+01
5.62341325e+00 9.58823338e+01 -3.80879018e+00 9.96911240e+01
6.30957344e+00 9.58816650e+01 -3.80945892e+00 9.96911240e+01
7.07945784e+00 9.58808233e+01 -3.81030066e+00 9.96911240e+01
7.94328235e+00 9.58797638e+01 -3.81136013e+00 9.96911240e+01
8.91250938e+00 9.58784304e+01 -3.81269354e+00 9.96911240e+01
1.00000000e+01 9.58767523e+01 -3.81437164e+00 9.96911240e+01
1.12201845e+01 9.58746407e+01 -3.81648331e+00 9.96911240e+01
1.25892541e+01 9.58719837e+01 -3.81914027e+00 9.96911240e+01
1.41253754e+01 9.58686411e+01 -3.82248291e+00 9.96911240e+01
1.58489319e+01 9.58644366e+01 -3.82668736e+00 9.96911240e+01
1.77827941e+01 9.58591493e+01 -3.83197468e+00 9.96911240e+01
1.99526231e+01 9.58525021e+01 -3.83862189e+00 9.96911240e+01
2.23872114e+01 9.58441482e+01 -3.84697576e+00 9.96911240e+01
2.51188643e+01 9.58336541e+01 -3.85746989e+00 9.96911240e+01
2.81838293e+01 9.58204787e+01 -3.87064526e+00 9.96911239e+01
3.16227766e+01 9.58039485e+01 -3.88717543e+00 9.96911240e+01
3.54813389e+01 9.57832273e+01 -3.90789662e+00 9.96911240e+01
3.98107171e+01 9.57572807e+01 -3.93384325e+00 9.96911239e+01
4.46683592e+01 9.57248347e+01 -3.96628924e+00 9.96911239e+01
5.01187234e+01 9.56843293e+01 -4.00679462e+00 9.96911239e+01
5.62341325e+01 9.56338674e+01 -4.05725654e+00 9.96911239e+01
6.30957344e+01 9.55711621e+01 -4.11996178e+00 9.96911239e+01
7.07945784e+01 9.54934868e+01 -4.19763708e+00 9.96911239e+01
7.94328235e+01 9.53976343e+01 -4.29348959e+00 9.96911239e+01
8.91250938e+01 9.52798955e+01 -4.41122834e+00 9.96911239e+01
1.00000000e+02 9.51360704e+01 -4.55505344e+00 9.96911238e+01
1.12201845e+02 9.49615256e+01 -4.72959820e+00 9.96911238e+01
1.25892541e+02 9.47513144e+01 -4.93980939e+00 9.96911238e+01
1.41253754e+02 9.45003685e+01 -5.19075520e+00 9.96911237e+01
1.58489319e+02 9.42037635e+01 -5.48736017e+00 9.96911237e+01
1.77827941e+02 9.38570417e+01 -5.83408195e+00 9.96911236e+01
1.99526231e+02 9.34565601e+01 -6.23456343e+00 9.96911235e+01
2.23872114e+02 9.29998140e+01 -6.69130944e+00 9.96911234e+01
2.51188643e+02 9.24856787e+01 -7.20544452e+00 9.96911233e+01
2.81838293e+02 9.19145243e+01 -7.77659873e+00 9.96911231e+01
3.16227766e+02 9.12881773e+01 -8.40294559e+00 9.96911229e+01
3.54813389e+02 9.06097386e+01 -9.08138397e+00 9.96911226e+01
3.98107171e+02 8.98832952e+01 -9.80782705e+00 9.96911222e+01
4.46683592e+02 8.91135772e+01 -1.05775446e+01 9.96911218e+01
5.01187234e+02 8.83056171e+01 -1.13855041e+01 9.96911212e+01
5.62341325e+02 8.74644522e+01 -1.22266682e+01 9.96911204e+01
6.30957344e+02 8.65948944e+01 -1.30962251e+01 9.96911195e+01
7.07945784e+02 8.57013749e+01 -1.39897435e+01 9.96911184e+01
7.94328235e+02 8.47878561e+01 -1.49032609e+01 9.96911170e+01
8.91250938e+02 8.38577992e+01 -1.58333159e+01 9.96911151e+01
1.00000000e+03 8.29141711e+01 -1.67769417e+01 9.96911129e+01
1.12201845e+03 8.19594763e+01 -1.77316337e+01 9.96911100e+01
1.25892541e+03 8.09958033e+01 -1.86953030e+01 9.96911063e+01
1.41253754e+03 8.00248770e+01 -1.96662248e+01 9.96911018e+01
1.58489319e+03 7.90481106e+01 -2.06429854e+01 9.96910961e+01
1.77827941e+03 7.80666547e+01 -2.16244342e+01 9.96910888e+01
1.99526231e+03 7.70814414e+01 -2.26096383e+01 9.96910797e+01
2.23872114e+03 7.60932229e+01 -2.35978454e+01 9.96910683e+01
2.51188643e+03 7.51026041e+01 -2.45884498e+01 9.96910539e+01
2.81838293e+03 7.41100703e+01 -2.55809654e+01 9.96910357e+01
3.16227766e+03 7.31160101e+01 -2.65750028e+01 9.96910129e+01
3.54813389e+03 7.21207340e+01 -2.75702501e+01 9.96909841e+01
3.98107171e+03 7.11244900e+01 -2.85664579e+01 9.96909479e+01
4.46683592e+03 7.01274758e+01 -2.95634265e+01 9.96909023e+01
5.01187234e+03 6.91298490e+01 -3.05609960e+01 9.96908449e+01
5.62341325e+03 6.81317350e+01 -3.15590377e+01 9.96907727e+01
6.30957344e+03 6.71332336e+01 -3.25574481e+01 9.96906817e+01
7.07945784e+03 6.61344244e+01 -3.35561428e+01 9.96905672e+01
7.94328235e+03 6.51353705e+01 -3.45550526e+01 9.96904231e+01
8.91250938e+03 6.41361221e+01 -3.55541196e+01 9.96902416e+01
1.00000000e+04 6.31367191e+01 -3.65532941e+01 9.96900132e+01
1.12201845e+04 6.21371934e+01 -3.75525322e+01 9.96897256e+01
1.25892541e+04 6.11375701e+01 -3.85517935e+01 9.96893637e+01
1.41253754e+04 6.01378693e+01 -3.95510387e+01 9.96889080e+01
1.58489319e+04 5.91381068e+01 -4.05502275e+01 9.96883344e+01
1.77827941e+04 5.81382954e+01 -4.15493170e+01 9.96876124e+01
1.99526231e+04 5.71384450e+01 -4.25482586e+01 9.96867036e+01
2.23872114e+04 5.61385637e+01 -4.35469961e+01 9.96855597e+01
2.51188643e+04 5.51386577e+01 -4.45454625e+01 9.96841201e+01
2.81838293e+04 5.41387320e+01 -4.55435764e+01 9.96823084e+01
3.16227766e+04 5.31387906e+01 -4.65412380e+01 9.96800286e+01
3.54813389e+04 5.21388366e+01 -4.75383235e+01 9.96771602e+01
3.98107171e+04 5.11388725e+01 -4.85346790e+01 9.96735515e+01
4.46683592e+04 5.01389002e+01 -4.95301124e+01 9.96690126e+01
5.01187234e+04 4.91389212e+01 -5.05243837e+01 9.96633049e+01
5.62341325e+04 4.81389365e+01 -5.15171930e+01 9.96561295e+01
6.30957344e+04 4.71389470e+01 -5.25081652e+01 9.96471122e+01
7.07945784e+04 4.61389533e+01 -5.34968321e+01 9.96357854e+01
7.94328235e+04 4.51389556e+01 -5.44826102e+01 9.96215658e+01
8.91250938e+04 4.41389541e+01 -5.54647731e+01 9.96037273e+01
1.00000000e+05 4.31389488e+01 -5.64424199e+01 9.95813687e+01
1.12201845e+05 4.21389393e+01 -5.74144368e+01 9.95533761e+01
1.25892541e+05 4.11389252e+01 -5.83794530e+01 9.95183782e+01
1.41253754e+05 4.01389056e+01 -5.93357913e+01 9.94746970e+01
1.58489319e+05 3.91388796e+01 -6.02814141e+01 9.94202937e+01
1.77827941e+05 3.81388457e+01 -6.12138677e+01 9.93527134e+01
1.99526231e+05 3.71388022e+01 -6.21302301e+01 9.92690323e+01
2.23872114e+05 3.61387468e+01 -6.30270694e+01 9.91658162e+01
2.51188643e+05 3.51386764e+01 -6.39004228e+01 9.90390992e+01
2.81838293e+05 3.41385873e+01 -6.47458094e+01 9.88843968e+01
3.16227766e+05 3.31384749e+01 -6.55582928e+01 9.86967677e+01
3.54813389e+05 3.21383331e+01 -6.63326053e+01 9.84709383e+01
3.98107171e+05 3.11381543e+01 -6.70633435e+01 9.82014978e+01
4.46683592e+05 3.01379291e+01 -6.77452328e+01 9.78831618e+01
5.01187234e+05 2.91376454e+01 -6.83734388e+01 9.75110842e+01
5.62341325e+05 2.81372882e+01 -6.89438903e+01 9.70811785e+01
6.30957344e+05 2.71368385e+01 -6.94535593e+01 9.65903978e+01
7.07945784e+05 2.61362723e+01 -6.99006429e+01 9.60369152e+01
7.94328235e+05 2.51355596e+01 -7.02846038e+01 9.54201634e+01
8.91250938e+05 2.41346625e+01 -7.06060524e+01 9.47407149e+01
1.00000000e+06 2.31335333e+01 -7.08664882e+01 9.40000214e+01
1.12201845e+06 2.21321121e+01 -7.10679445e+01 9.32000565e+01
1.25892541e+06 2.11303235e+01 -7.12125966e+01 9.23429201e+01
1.41253754e+06 2.01280730e+01 -7.13023946e+01 9.14304675e+01
1.58489319e+06 1.91252413e+01 -7.13387670e+01 9.04640083e+01
1.77827941e+06 1.81216791e+01 -7.13224318e+01 8.94441109e+01
1.99526231e+06 1.71171987e+01 -7.12533305e+01 8.83705292e+01
2.23872114e+06 1.61115649e+01 -7.11306943e+01 8.72422592e+01
2.51188643e+06 1.51044828e+01 -7.09532374e+01 8.60577202e+01
2.81838293e+06 1.40955835e+01 -7.07194635e+01 8.48150470e+01
3.16227766e+06 1.30844060e+01 -7.04280559e+01 8.35124619e+01
3.54813389e+06 1.20703755e+01 -7.00783068e+01 8.21486822e+01
3.98107171e+06 1.10527769e+01 -6.96705294e+01 8.07233063e+01
4.46683592e+06 1.00307233e+01 -6.92063923e+01 7.92371156e+01
5.01187234e+06 9.00311909e+00 -6.86891283e+01 7.76922474e+01
5.62341325e+06 7.96861707e+00 -6.81235964e+01 7.60922135e+01
6.30957344e+06 6.92557069e+00 -6.75162072e+01 7.44417779e+01
7.07945784e+06 5.87198260e+00 -6.68747500e+01 7.27467326e+01
7.94328235e+06 4.80545231e+00 -6.62081747e+01 7.10136270e+01
8.91250938e+06 3.72312813e+00 -6.55263781e+01 6.92495062e+01
1.00000000e+07 2.62167076e+00 -6.48400305e+01 6.74617012e+01
1.12201845e+07 1.49723889e+00 -6.41604539e+01 6.56576928e+01
1.25892541e+07 3.45509942e-01 -6.34995433e+01 6.38450532e+01
1.41253754e+07 -8.38249970e-01 -6.28697078e+01 6.20314578e+01
1.58489319e+07 -2.05905406e+00 -6.22838008e+01 6.02247467e+01
1.77827941e+07 -3.32199457e+00 -6.17550096e+01 5.84330150e+01
1.99526231e+07 -4.63197944e+00 -6.12966880e+01 5.66647085e+01
2.23872114e+07 -5.99342757e+00 -6.09221319e+01 5.49287043e+01
2.51188643e+07 -7.40996165e+00 -6.06443238e+01 5.32343622e+01
2.81838293e+07 -8.88414896e+00 -6.04756918e+01 5.15915428e+01
3.16227766e+07 -1.04173395e+01 -6.04279480e+01 5.00106085e+01
3.54813389e+07 -1.20096346e+01 -6.05120808e+01 4.85024461e+01
3.98107171e+07 -1.36599896e+01 -6.07385770e+01 4.70785874e+01
4.46683592e+07 -1.53664234e+01 -6.11179599e+01 4.57515366e+01
5.01187234e+07 -1.71262854e+01 -6.16617499e+01 4.45354645e+01
5.62341325e+07 -1.89365212e+01 -6.23840078e+01 4.34474866e+01
6.30957344e+07 -2.07938859e+01 -6.33037529e+01 4.25098670e+01
7.07945784e+07 -2.26950691e+01 -6.44488259e+01 4.17537568e+01
7.94328235e+07 -2.46367072e+01 -6.58624368e+01 4.12257296e+01
8.91250938e+07 -2.66152763e+01 -6.76152916e+01 4.10000153e+01
1.00000000e+08 -2.86268683e+01 -6.98306730e+01 4.12038047e+01
1.12201845e+08 -3.06668706e+01 -7.27432310e+01 4.20763605e+01
1.25892541e+08 -3.27295914e+01 -7.68497416e+01 4.41201502e+01
1.41253754e+08 -3.48078954e+01 -8.29569171e+01 4.81490216e+01
1.58489319e+08 -3.68929351e+01 -8.38480961e+01 4.69551611e+01
1.77827941e+08 -3.89740700e+01 -7.82295084e+01 3.92554383e+01
1.99526231e+08 -4.10390500e+01 -7.45850757e+01 3.35460256e+01
2.23872114e+08 -4.30744962e+01 -7.21829939e+01 2.91084978e+01
2.51188643e+08 -4.50666545e+01 -7.04809715e+01 2.54143170e+01
2.81838293e+08 -4.70023296e+01 -6.92203855e+01 2.22180559e+01
3.16227766e+08 -4.88698545e+01 -6.82628965e+01 1.93930420e+01
3.54813389e+08 -5.06599290e+01 -6.75267388e+01 1.68668097e+01
3.98107171e+08 -5.23661818e+01 -6.69600311e+01 1.45938493e+01
4.46683592e+08 -5.39853626e+01 -6.65281470e+01 1.25427844e+01
5.01187234e+08 -5.55171548e+01 -6.62070296e+01 1.06898748e+01
5.62341325e+08 -5.69636728e+01 -6.59792877e+01 9.01561489e+00
6.30957344e+08 -5.83287580e+01 -6.58317195e+01 7.50296151e+00
7.07945784e+08 -5.96172078e+01 -6.57536466e+01 6.13643885e+00
7.94328235e+08 -6.08340474e+01 -6.57357545e+01 4.90170707e+00
8.91250938e+08 -6.19839258e+01 -6.57692983e+01 3.78537253e+00
1.00000000e+09 -6.30706724e+01 -6.58456091e+01 2.77493670e+00
