# freq_hz rev(vout) imv(vout) rev(vinp) imv(vinp) rev(vinn) imv(vinn)
1.000000000000e-01 6.451929225241e-01 -2.798060411806e-04 1.000000000000e+00 0.000000000000e+00 1.000000000000e+00 -1.026856428673e-18
1.122018454302e-01 6.451928917311e-01 -3.139475268562e-04 1.000000000000e+00 0.000000000000e+00 1.000000000000e+00 -9.151867117113e-19
1.258925411794e-01 6.451928520418e-01 -3.522548971531e-04 1.000000000000e+00 0.000000000000e+00 1.000000000000e+00 -8.156609651924e-19
1.412537544623e-01 6.451928020653e-01 -3.952364646126e-04 1.000000000000e+00 0.000000000000e+00 1.000000000000e+00 -7.269585441334e-19
1.584893192461e-01 6.451927388285e-01 -4.434625636373e-04 1.000000000000e+00 0.000000000000e+00 1.000000000000e+00 -6.479024209284e-19
1.778279410039e-01 6.451926604994e-01 -4.975731197754e-04 1.000000000000e+00 0.000000000000e+00 1.000000000000e+00 -5.774435703823e-19
1.995262314969e-01 6.451925612832e-01 -5.582861368914e-04 1.000000000000e+00 0.000000000000e+00 1.000000000000e+00 -5.146470446700e-19
2.238721138568e-01 6.451924360216e-01 -6.264072267166e-04 1.000000000000e+00 0.000000000000e+00 1.000000000000e+00 -4.586795723242e-19
2.511886431510e-01 6.451922778800e-01 -7.028402959749e-04 1.000000000000e+00 0.000000000000e+00 1.000000000000e+00 -4.087984989393e-19
2.818382931264e-01 6.451920796153e-01 -7.885995400855e-04 1.000000000000e+00 0.000000000000e+00 1.000000000000e+00 -3.643419337161e-19
3.162277660168e-01 6.451918302223e-01 -8.848228949460e-04 1.000000000000e+00 0.000000000000e+00 1.000000000000e+00 -3.247199647173e-19
3.548133892336e-01 6.451915165295e-01 -9.927871341010e-04 1.000000000000e+00 0.000000000000e+00 1.000000000000e+00 -2.894068324771e-19
3.981071705535e-01 6.451911199665e-01 -1.113924800760e-03 1.000000000000e+00 0.000000000000e+00 1.000000000000e+00 -2.579339524088e-19
4.466835921510e-01 6.451906219437e-01 -1.249843218161e-03 1.000000000000e+00 0.000000000000e+00 1.000000000000e+00 -2.298836996078e-19
5.011872336273e-01 6.451899947885e-01 -1.402345792129e-03 1.000000000000e+00 0.000000000000e+00 1.000000000000e+00 -2.048838637810e-19
5.623413251903e-01 6.451892058515e-01 -1.573455933518e-03 1.000000000000e+00 0.000000000000e+00 1.000000000000e+00 -1.826027125232e-19
6.309573444802e-01 6.451882122455e-01 -1.765443874835e-03 1.000000000000e+00 0.000000000000e+00 1.000000000000e+00 -1.627445882074e-19
7.079457843841e-01 6.451869602535e-01 -1.980856762610e-03 1.000000000000e+00 0.000000000000e+00 1.000000000000e+00 -1.450459854515e-19
7.943282347243e-01 6.451853861145e-01 -2.222552418789e-03 1.000000000000e+00 0.000000000000e+00 1.000000000000e+00 -1.292720552067e-19
8.912509381337e-01 6.451834028256e-01 -2.493737161527e-03 1.000000000000e+00 0.000000000000e+00 1.000000000000e+00 -1.152134863112e-19
1.000000000000e+00 6.451809058305e-01 -2.798008283378e-03 1.000000000000e+00 0.000000000000e+00 1.000000000000e+00 -1.026837303514e-19
1.122018454302e+00 6.451777639737e-01 -3.139401636607e-03 1.000000000000e+00 0.000000000000e+00 1.000000000000e+00 -9.151652534281e-20
1.258925411794e+00 6.451738065711e-01 -3.522444959327e-03 1.000000000000e+00 0.000000000000e+00 1.000000000000e+00 -8.156368876882e-20
1.412537544623e+00 6.451688260707e-01 -3.952217729896e-03 1.000000000000e+00 0.000000000000e+00 1.000000000000e+00 -7.269315296458e-20
1.584893192461e+00 6.451625565862e-01 -4.434418123366e-03 1.000000000000e+00 0.000000000000e+00 1.000000000000e+00 -6.478721119265e-20
1.778279410039e+00 6.451546620273e-01 -4.975438067861e-03 1.000000000000e+00 0.000000000000e+00 1.000000000000e+00 -5.774095619868e-20
1.995262314969e+00 6.451447254297e-01 -5.582447323728e-03 1.000000000000e+00 0.000000000000e+00 1.000000000000e+00 -5.146088877194e-20
2.238721138568e+00 6.451322154757e-01 -6.263487424614e-03 1.000000000000e+00 0.000000000000e+00 1.000000000000e+00 -4.586367603960e-20
2.511886431510e+00 6.451164670484e-01 -7.027576873137e-03 1.000000000000e+00 0.000000000000e+00 1.000000000000e+00 -4.087504646427e-20
2.818382931264e+00 6.450966425433e-01 -7.884828560393e-03 1.000000000000e+00 0.000000000000e+00 1.000000000000e+00 -3.642880401178e-20
3.162277660168e+00 6.450716853023e-01 -8.846580787461e-03 1.000000000000e+00 0.000000000000e+00 1.000000000000e+00 -3.246594967189e-20
3.548133892336e+00 6.450402707656e-01 -9.925543369036e-03 1.000000000000e+00 0.000000000000e+00 1.000000000000e+00 -2.893389897343e-20
3.981071705535e+00 6.450007257527e-01 -1.113595988320e-02 1.000000000000e+00 0.000000000000e+00 1.000000000000e+00 -2.578578367736e-20
4.466835921510e+00 6.449509477293e-01 -1.249378792867e-02 1.000000000000e+00 0.000000000000e+00 1.000000000000e+00 -2.297983028394e-20
5.011872336273e+00 6.448882924114e-01 -1.401689838395e-02 1.000000000000e+00 0.000000000000e+00 1.000000000000e+00 -2.047880564274e-20
5.623413251903e+00 6.448094309128e-01 -1.572529486087e-02 1.000000000000e+00 0.000000000000e+00 1.000000000000e+00 -1.824952278666e-20
6.309573444802e+00 6.447101784259e-01 -1.764135436863e-02 1.000000000000e+00 0.000000000000e+00 1.000000000000e+00 -1.626240072405e-20
7.079457843841e+00 6.445852703764e-01 -1.979008910483e-02 1.000000000000e+00 0.000000000000e+00 1.000000000000e+00 -1.449107181493e-20
7.943282347243e+00 6.444280881531e-01 -2.219942894662e-02 1.000000000000e+00 0.000000000000e+00 1.000000000000e+00 -1.291203198033e-20
8.912509381337e+00 6.442303175003e-01 -2.490052256395e-02 1.000000000000e+00 0.000000000000e+00 1.000000000000e+00 -1.150432893076e-20
1.000000000000e+01 6.439815109891e-01 -2.792805248886e-02 1.000000000000e+00 0.000000000000e+00 1.000000000000e+00 -1.024928407318e-20
1.122018454302e+01 6.436685559731e-01 -3.132055760028e-02 1.000000000000e+00 0.000000000000e+00 1.000000000000e+00 -9.130244872921e-21
1.258925411794e+01 6.432750014928e-01 -3.512075051037e-02 1.000000000000e+00 0.000000000000e+00 1.000000000000e+00 -8.132363942963e-21
1.412537544623e+01 6.427802287036e-01 -3.937581221664e-02 1.000000000000e+00 0.000000000000e+00 1.000000000000e+00 -7.242402236293e-21
1.584893192461e+01 6.421584291661e-01 -4.413763709297e-02 1.000000000000e+00 0.000000000000e+00 1.000000000000e+00 -6.448553677681e-21
1.778279410039e+01 6.413773383727e-01 -4.946298793560e-02 1.000000000000e+00 0.000000000000e+00 1.000000000000e+00 -5.740288799189e-21
1.995262314969e+01 6.403967015838e-01 -5.541350578903e-02 1.000000000000e+00 0.000000000000e+00 1.000000000000e+00 -5.108215588051e-21
2.238721138568e+01 6.391664114133e-01 -6.205549422413e-02 1.000000000000e+00 0.000000000000e+00 1.000000000000e+00 -4.543955568308e-21
2.511886431510e+01 6.376242736716e-01 -6.945936776317e-02 1.000000000000e+00 0.000000000000e+00 1.000000000000e+00 -4.040033566740e-21
2.818382931264e+01 6.356933899757e-01 -7.769861710398e-02 1.000000000000e+00 0.000000000000e+00 1.000000000000e+00 -3.589779947341e-21
3.162277660168e+01 6.332791209322e-01 -8.684808998894e-02 1.000000000000e+00 0.000000000000e+00 1.000000000000e+00 -3.187243919901e-21
3.548133892336e+01 6.302656952625e-01 -9.698133376893e-02 1.000000000000e+00 0.000000000000e+00 1.000000000000e+00 -2.827117124244e-21
3.981071705535e+01 6.265125647491e-01 -1.081666772957e-01 1.000000000000e+00 0.000000000000e+00 1.000000000000e+00 -2.504666556273e-21
4.466835921510e+01 6.218507565303e-01 -1.204616728660e-01 1.000000000000e+00 0.000000000000e+00 1.000000000000e+00 -2.215676230500e-21
5.011872336273e+01 6.160796485274e-01 -1.339054800194e-01 1.000000000000e+00 0.000000000000e+00 1.000000000000e+00 -1.956397027367e-21
5.623413251903e+01 6.089648501350e-01 -1.485087897892e-01 1.000000000000e+00 0.000000000000e+00 1.000000000000e+00 -1.723504244264e-21
6.309573444802e+01 6.002382360734e-01 -1.642410199638e-01 1.000000000000e+00 0.000000000000e+00 1.000000000000e+00 -1.514062450330e-21
7.079457843841e+01 5.896015149991e-01 -1.810148076350e-01 1.000000000000e+00 0.000000000000e+00 1.000000000000e+00 -1.325496918493e-21
7.943282347243e+01 5.767351760677e-01 -1.986684260173e-01 1.000000000000e+00 0.000000000000e+00 1.000000000000e+00 -1.155570834727e-21
8.912509381337e+01 5.613147688051e-01 -2.169476621971e-01 1.000000000000e+00 0.000000000000e+00 1.000000000000e+00 -1.002366631709e-21
1.000000000000e+02 5.430363148595e-01 -2.354899962840e-01 1.000000000000e+00 0.000000000000e+00 1.000000000000e+00 -8.642691378890e-22
1.122018454302e+02 5.216516482527e-01 -2.538154090831e-01 1.000000000000e+00 0.000000000000e+00 1.000000000000e+00 -7.399471735273e-22
1.258925411794e+02 4.970124331064e-01 -2.713294049616e-01 1.000000000000e+00 0.000000000000e+00 1.000000000000e+00 -6.283294050917e-22
1.412537544623e+02 4.691184100927e-01 -2.873440957144e-01 1.000000000000e+00 0.000000000000e+00 1.000000000000e+00 -5.285701193993e-22
1.584893192461e+02 4.381616091674e-01 -3.011215077255e-01 1.000000000000e+00 0.000000000000e+00 1.000000000000e+00 -4.400018014105e-22
1.778279410039e+02 4.045551019368e-01 -3.119389397330e-01 1.000000000000e+00 0.000000000000e+00 1.000000000000e+00 -3.620743954256e-22
1.995262314969e+02 3.689343528506e-01 -3.191695393122e-01 1.000000000000e+00 0.000000000000e+00 1.000000000000e+00 -2.942857462521e-22
2.238721138568e+02 3.321231277637e-01 -3.223642155345e-01 1.000000000000e+00 0.000000000000e+00 1.000000000000e+00 -2.361126474735e-22
2.511886431510e+02 2.950642609915e-01 -3.213167065199e-01 1.000000000000e+00 0.000000000000e+00 1.000000000000e+00 -1.869548522477e-22
2.818382931264e+02 2.587260808321e-01 -3.160951780261e-01 1.000000000000e+00 0.000000000000e+00 1.000000000000e+00 -1.461034063713e-22
3.162277660168e+02 2.240034174781e-01 -3.070316640530e-01 1.000000000000e+00 0.000000000000e+00 1.000000000000e+00 -1.127391551053e-22
3.548133892336e+02 1.916340320062e-01 -2.946722950316e-01 1.000000000000e+00 0.000000000000e+00 1.000000000000e+00 -8.595927995879e-23
3.981071705535e+02 1.621459691204e-01 -2.797016111382e-01 1.000000000000e+00 0.000000000000e+00 1.000000000000e+00 -6.482257642293e-23
4.466835921510e+02 1.358414662651e-01 -2.628591962105e-01 1.000000000000e+00 0.000000000000e+00 1.000000000000e+00 -4.840079468506e-23
5.011872336273e+02 1.128131446243e-01 -2.448652639364e-01 1.000000000000e+00 0.000000000000e+00 1.000000000000e+00 -3.582447518256e-23
5.623413251903e+02 9.298190795048e-02 -2.263657438638e-01 1.000000000000e+00 0.000000000000e+00 1.000000000000e+00 -2.631592167538e-23
6.309573444802e+02 7.614441088098e-02 -2.079002184770e-01 1.000000000000e+00 0.000000000000e+00 1.000000000000e+00 -1.920693924316e-23
7.079457843841e+02 6.202001771629e-02 -1.898904006689e-01 1.000000000000e+00 0.000000000000e+00 1.000000000000e+00 -1.394286484677e-23
7.943282347243e+02 5.029088328259e-02 -1.726438669155e-01 1.000000000000e+00 0.000000000000e+00 1.000000000000e+00 -1.007649271052e-23
8.912509381337e+02 4.063241203804e-02 -1.563671448614e-01 1.000000000000e+00 0.000000000000e+00 1.000000000000e+00 -7.255924172470e-24
1.000000000000e+03 3.273399778053e-02 -1.411831079451e-01 1.000000000000e+00 0.000000000000e+00 1.000000000000e+00 -5.209777554019e-24
1.122018454302e+03 2.631144617922e-02 -1.271491052926e-01 1.000000000000e+00 0.000000000000e+00 1.000000000000e+00 -3.732199504569e-24
1.258925411794e+03 2.111303258057e-02 -1.142736446232e-01 1.000000000000e+00 0.000000000000e+00 1.000000000000e+00 -2.669136286713e-24
1.412537544623e+03 1.692113266299e-02 -1.025306082727e-01 1.000000000000e+00 0.000000000000e+00 1.000000000000e+00 -1.906555982367e-24
1.584893192461e+03 1.355104163366e-02 -9.187069420899e-02 1.000000000000e+00 0.000000000000e+00 1.000000000000e+00 -1.360795333272e-24
1.778279410039e+03 1.084820747050e-02 -8.223023641920e-02 1.000000000000e+00 0.000000000000e+00 1.000000000000e+00 -9.709080771343e-25
1.995262314969e+03 8.684729516521e-03 -7.353775713732e-02 1.000000000000e+00 0.000000000000e+00 1.000000000000e+00 -6.927498312353e-25
2.238721138568e+03 6.955672543916e-03 -6.571866615040e-02 1.000000000000e+00 0.000000000000e+00 1.000000000000e+00 -4.944919886678e-25
2.511886431510e+03 5.575524836524e-03 -5.869851678151e-02 1.000000000000e+00 0.000000000000e+00 1.000000000000e+00 -3.532692907307e-25
2.818382931264e+03 4.474973486806e-03 -5.240516419177e-02 1.000000000000e+00 0.000000000000e+00 1.000000000000e+00 -2.527031166401e-25
3.162277660168e+03 3.598071778601e-03 -4.677012041649e-02 1.000000000000e+00 0.000000000000e+00 1.000000000000e+00 -1.810881177149e-25
3.548133892336e+03 2.899811573383e-03 -4.172933026224e-02 1.000000000000e+00 0.000000000000e+00 1.000000000000e+00 -1.300738247004e-25
3.981071705535e+03 2.344079719896e-03 -3.722354129568e-02 1.000000000000e+00 0.000000000000e+00 1.000000000000e+00 -9.371141793580e-26
4.466835921510e+03 1.901960408016e-03 -3.319839705456e-02 1.000000000000e+00 0.000000000000e+00 1.000000000000e+00 -6.776752175647e-26
5.011872336273e+03 1.550338928501e-03 -2.960434774230e-02 1.000000000000e+00 0.000000000000e+00 1.000000000000e+00 -4.923192120320e-26
5.623413251903e+03 1.270761998161e-03 -2.639644476293e-02 1.000000000000e+00 0.000000000000e+00 1.000000000000e+00 -3.596535492469e-26
6.309573444802e+03 1.048512986042e-03 -2.353406727208e-02 1.000000000000e+00 0.000000000000e+00 1.000000000000e+00 -2.644806754163e-26
7.079457843841e+03 8.718649459211e-04 -2.098061403745e-02 1.000000000000e+00 0.000000000000e+00 1.000000000000e+00 -1.960059921507e-26
7.943282347243e+03 7.314793369036e-04 -1.870318104195e-02 1.000000000000e+00 0.000000000000e+00 1.000000000000e+00 -1.465622738110e-26
8.912509381337e+03 6.199234536970e-04 -1.667224205162e-02 1.000000000000e+00 0.000000000000e+00 1.000000000000e+00 -1.107026963670e-26
1.000000000000e+04 5.312839061997e-04 -1.486133947906e-02 1.000000000000e+00 0.000000000000e+00 1.000000000000e+00 -8.455645985477e-27
1.122018454302e+04 4.608575951442e-04 -1.324679217322e-02 1.000000000000e+00 0.000000000000e+00 1.000000000000e+00 -6.537126376671e-27
1.258925411794e+04 4.049049678477e-04 -1.180742280859e-02 1.000000000000e+00 0.000000000000e+00 1.000000000000e+00 -5.118859823655e-27
1.412537544623e+04 3.604532275197e-04 -1.052430661870e-02 1.000000000000e+00 0.000000000000e+00 1.000000000000e+00 -4.061337210465e-27
1.584893192461e+04 3.251395050585e-04 -9.380541322598e-03 1.000000000000e+00 0.000000000000e+00 1.000000000000e+00 -3.265050267732e-27
1.778279410039e+04 2.970859552445e-04 -8.361037419928e-03 1.000000000000e+00 0.000000000000e+00 1.000000000000e+00 -2.658901522234e-27
1.995262314969e+04 2.748003578766e-04 -7.452328882813e-03 1.000000000000e+00 0.000000000000e+00 1.000000000000e+00 -2.191984231604e-27
2.238721138568e+04 2.570970139647e-04 -6.642401606218e-03 1.000000000000e+00 0.000000000000e+00 1.000000000000e+00 -1.827751564057e-27
2.511886431510e+04 2.430338452349e-04 -5.920539479119e-03 1.000000000000e+00 0.000000000000e+00 1.000000000000e+00 -1.539880040756e-27
2.818382931264e+04 2.318623724096e-04 -5.277185890429e-03 1.000000000000e+00 0.000000000000e+00 1.000000000000e+00 -1.309333883639e-27
3.162277660168e+04 2.229879479807e-04 -4.703819522610e-03 1.000000000000e+00 0.000000000000e+00 1.000000000000e+00 -1.122280772989e-27
3.548133892336e+04 2.159381498209e-04 -4.192843203308e-03 1.000000000000e+00 0.000000000000e+00 1.000000000000e+00 -9.686112471104e-28
3.981071705535e+04 2.103376590629e-04 -3.737484396057e-03 1.000000000000e+00 0.000000000000e+00 1.000000000000e+00 -8.408860887163e-28
4.466835921510e+04 2.058882988934e-04 -3.331706316715e-03 1.000000000000e+00 0.000000000000e+00 1.000000000000e+00 -7.335872879055e-28
5.011872336273e+04 2.023531671497e-04 -2.970128440042e-03 1.000000000000e+00 0.000000000000e+00 1.000000000000e+00 -6.425843406306e-28
5.623413251903e+04 1.995440339556e-04 -2.647955643638e-03 1.000000000000e+00 0.000000000000e+00 1.000000000000e+00 -5.647534326271e-28
6.309573444802e+04 1.973113188735e-04 -2.360914834196e-03 1.000000000000e+00 0.000000000000e+00 1.000000000000e+00 -4.977051459806e-28
7.079457843841e+04 1.955361331917e-04 -2.105198555070e-03 1.000000000000e+00 0.000000000000e+00 1.000000000000e+00 -4.395893419548e-28
7.943282347243e+04 1.941239488667e-04 -1.877414589517e-03 1.000000000000e+00 0.000000000000e+00 1.000000000000e+00 -3.889549015884e-28
8.912509381337e+04 1.929995655578e-04 -1.674541068880e-03 1.000000000000e+00 0.000000000000e+00 1.000000000000e+00 -3.446485558454e-28
1.000000000000e+05 1.921031092351e-04 -1.493886480782e-03 1.000000000000e+00 0.000000000000e+00 1.000000000000e+00 -3.057415941577e-28
1.122018454302e+05 1.913868419596e-04 -1.333053994396e-03 1.000000000000e+00 0.000000000000e+00 1.000000000000e+00 -2.714764790701e-28
1.258925411794e+05 1.908126209695e-04 -1.189909690176e-03 1.000000000000e+00 0.000000000000e+00 1.000000000000e+00 -2.412277292084e-28
1.412537544623e+05 1.903498680485e-04 -1.062554298441e-03 1.000000000000e+00 0.000000000000e+00 1.000000000000e+00 -2.144730420195e-28
1.584893192461e+05 1.899739394047e-04 -9.492979902258e-04 1.000000000000e+00 0.000000000000e+00 1.000000000000e+00 -1.907717924372e-28
1.778279410039e+05 1.896648175554e-04 -8.486379943836e-04 1.000000000000e+00 0.000000000000e+00 1.000000000000e+00 -1.697488767739e-28
1.995262314969e+05 1.894060403261e-04 -7.592386358505e-04 1.000000000000e+00 0.000000000000e+00 1.000000000000e+00 -1.510824283247e-28
2.238721138568e+05 1.891838281576e-04 -6.799136333281e-04 1.000000000000e+00 0.000000000000e+00 1.000000000000e+00 -1.344943811209e-28
2.511886431510e+05 1.889863488403e-04 -6.096103535014e-04 1.000000000000e+00 0.000000000000e+00 1.000000000000e+00 -1.197431190237e-28
2.818382931264e+05 1.888030876157e-04 -5.473958360321e-04 1.000000000000e+00 0.000000000000e+00 1.000000000000e+00 -1.066176789954e-28
3.162277660168e+05 1.886242885916e-04 -4.924444060166e-04 1.000000000000e+00 0.000000000000e+00 1.000000000000e+00 -9.493311828671e-29
3.548133892336e+05 1.884404347076e-04 -4.440267009581e-04 1.000000000000e+00 0.000000000000e+00 1.000000000000e+00 -8.452676131191e-29
3.981071705535e+05 1.882417431818e-04 -4.014999752719e-04 1.000000000000e+00 0.000000000000e+00 1.000000000000e+00 -7.525512258932e-29
4.466835921510e+05 1.880176467037e-04 -3.642995322146e-04 1.000000000000e+00 0.000000000000e+00 1.000000000000e+00 -6.699135223968e-29
5.011872336273e+05 1.877562281054e-04 -3.319311793329e-04 1.000000000000e+00 0.000000000000e+00 1.000000000000e+00 -5.962309052227e-29
5.623413251903e+05 1.874435987381e-04 -3.039646200224e-04 1.000000000000e+00 0.000000000000e+00 1.000000000000e+00 -5.305065438692e-29
6.309573444802e+05 1.870631586951e-04 -2.800276310574e-04 1.000000000000e+00 0.000000000000e+00 1.000000000000e+00 -4.718548193008e-29
7.079457843841e+05 1.865947269740e-04 -2.598010004831e-04 1.000000000000e+00 0.000000000000e+00 1.000000000000e+00 -4.194879580866e-29
7.943282347243e+05 1.860134819378e-04 -2.430140951533e-04 1.000000000000e+00 0.000000000000e+00 1.000000000000e+00 -3.727044292012e-29
8.912509381337e+05 1.852886657098e-04 -2.294410043089e-04 1.000000000000e+00 0.000000000000e+00 1.000000000000e+00 -3.308788331639e-29
1.000000000000e+06 1.843819917591e-04 -2.188971666542e-04 1.000000000000e+00 0.000000000000e+00 1.000000000000e+00 -2.934530540555e-29
1.122018454302e+06 1.832456666041e-04 -2.112363834306e-04 1.000000000000e+00 0.000000000000e+00 1.000000000000e+00 -2.599284666696e-29
1.258925411794e+06 1.818199591271e-04 -2.063481411810e-04 1.000000000000e+00 0.000000000000e+00 1.000000000000e+00 -2.298590923399e-29
1.412537544623e+06 1.800301748256e-04 -2.041550830436e-04 1.000000000000e+00 0.000000000000e+00 1.000000000000e+00 -2.028455267493e-29
1.584893192461e+06 1.777829535109e-04 -2.046105191061e-04 1.000000000000e+00 0.000000000000e+00 1.000000000000e+00 -1.785296068110e-29
1.778279410039e+06 1.749617029032e-04 -2.076957368069e-04 1.000000000000e+00 0.000000000000e+00 1.000000000000e+00 -1.565896771431e-29
1.995262314969e+06 1.714210479154e-04 -2.134168690603e-04 1.000000000000e+00 0.000000000000e+00 1.000000000000e+00 -1.367364427276e-29
2.238721138568e+06 1.669801182650e-04 -2.218009561672e-04 1.000000000000e+00 0.000000000000e+00 1.000000000000e+00 -1.187093415169e-29
2.511886431510e+06 1.614145246857e-04 -2.328907191343e-04 1.000000000000e+00 0.000000000000e+00 1.000000000000e+00 -1.022734116013e-29
2.818382931264e+06 1.544469415725e-04 -2.467374101183e-04 1.000000000000e+00 0.000000000000e+00 1.000000000000e+00 -8.721665861659e-30
3.162277660168e+06 1.457362657525e-04 -2.633908779711e-04 1.000000000000e+00 0.000000000000e+00 1.000000000000e+00 -7.334791430373e-30
3.548133892336e+06 1.348655826155e-04 -2.828857588324e-04 1.000000000000e+00 0.000000000000e+00 1.000000000000e+00 -6.049524842505e-30
3.981071705535e+06 1.213294086758e-04 -3.052223685262e-04 1.000000000000e+00 0.000000000000e+00 1.000000000000e+00 -4.850496690708e-30
4.466835921510e+06 1.045212990462e-04 -3.303405991111e-04 1.000000000000e+00 0.000000000000e+00 1.000000000000e+00 -3.724130837563e-30
5.011872336273e+06 8.372365132611e-05 -3.580848330039e-04 1.000000000000e+00 0.000000000000e+00 1.000000000000e+00 -2.658693611530e-30
5.623413251903e+06 5.810279460347e-05 -3.881578229025e-04 1.000000000000e+00 0.000000000000e+00 1.000000000000e+00 -1.644436671175e-30
6.309573444802e+06 2.671409499159e-05 -4.200617915306e-04 1.000000000000e+00 0.000000000000e+00 1.000000000000e+00 -6.738459113517e-31
7.079457843841e+06 -1.147603322356e-05 -4.530260727337e-04 1.000000000000e+00 0.000000000000e+00 1.000000000000e+00 2.579953797140e-31
7.943282347243e+06 -5.754179725882e-05 -4.859229655017e-04 1.000000000000e+00 0.000000000000e+00 1.000000000000e+00 1.152931630502e-30
8.912509381337e+06 -1.125116858814e-04 -5.171777069974e-04 1.000000000000e+00 0.000000000000e+00 1.000000000000e+00 2.009174991853e-30
1.000000000000e+07 -1.772312522771e-04 -5.446852969359e-04 1.000000000000e+00 0.000000000000e+00 1.000000000000e+00 2.820722987028e-30
1.122018454302e+07 -2.521641395940e-04 -5.657564766679e-04 1.000000000000e+00 0.000000000000e+00 1.000000000000e+00 3.576872477724e-30
1.258925411794e+07 -3.371280909619e-04 -5.771266954852e-04 1.000000000000e+00 0.000000000000e+00 1.000000000000e+00 4.262015972436e-30
1.412537544623e+07 -4.309791163882e-04 -5.750722753045e-04 1.000000000000e+00 0.000000000000e+00 1.000000000000e+00 4.855974059147e-30
1.584893192461e+07 -5.312836625861e-04 -5.556814027366e-04 1.000000000000e+00 0.000000000000e+00 1.000000000000e+00 5.335149490625e-30
1.778279410039e+07 -6.340535095248e-04 -5.153150235380e-04 1.000000000000e+00 0.000000000000e+00 1.000000000000e+00 5.674740969050e-30
1.995262314969e+07 -7.336512824707e-04 -4.512555758882e-04 1.000000000000e+00 0.000000000000e+00 1.000000000000e+00 5.852074047354e-30
2.238721138568e+07 -8.229880125261e-04 -3.624769687824e-04 1.000000000000e+00 0.000000000000e+00 1.000000000000e+00 5.850778287763e-30
2.511886431510e+07 -8.941057352210e-04 -2.503891561976e-04 1.000000000000e+00 0.000000000000e+00 1.000000000000e+00 5.665118678225e-30
2.818382931264e+07 -9.391539418428e-04 -1.193452450940e-04 1.000000000000e+00 0.000000000000e+00 1.000000000000e+00 5.303430932342e-30
3.162277660168e+07 -9.516392597085e-04 2.331036414428e-05 1.000000000000e+00 0.000000000000e+00 1.000000000000e+00 4.789525414882e-30
3.548133892336e+07 -9.276957534269e-04 1.677968375591e-04 1.000000000000e+00 0.000000000000e+00 1.000000000000e+00 4.161268129204e-30
3.981071705535e+07 -8.670513083245e-04 3.030398763055e-04 1.000000000000e+00 0.000000000000e+00 1.000000000000e+00 3.466290281642e-30
4.466835921510e+07 -7.734034671175e-04 4.181993615226e-04 1.000000000000e+00 0.000000000000e+00 1.000000000000e+00 2.755663896303e-30
5.011872336273e+07 -6.540689457675e-04 5.042396591573e-04 1.000000000000e+00 0.000000000000e+00 1.000000000000e+00 2.077034266983e-30
5.623413251903e+07 -5.189806305949e-04 5.551773710395e-04 1.000000000000e+00 0.000000000000e+00 1.000000000000e+00 1.468829143940e-30
6.309573444802e+07 -3.792873070139e-04 5.687462196661e-04 1.000000000000e+00 0.000000000000e+00 1.000000000000e+00 9.567279038967e-31
7.079457843841e+07 -2.458918428379e-04 5.464029522481e-04 1.000000000000e+00 0.000000000000e+00 1.000000000000e+00 5.527951873839e-31
7.943282347243e+07 -1.282228952437e-04 4.927791702239e-04 1.000000000000e+00 0.000000000000e+00 1.000000000000e+00 2.569127811838e-31
8.912509381337e+07 -3.341167583295e-05 4.147926396323e-04 1.000000000000e+00 0.000000000000e+00 1.000000000000e+00 5.966482769641e-32
1.000000000000e+08 3.409360524516e-05 3.206454878112e-04 1.000000000000e+00 0.000000000000e+00 1.000000000000e+00 -5.426165802592e-32
1.122018454302e+08 7.254118047300e-05 2.188813154644e-04 1.000000000000e+00 0.000000000000e+00 1.000000000000e+00 -1.028974827083e-31
1.258925411794e+08 8.262041099261e-05 1.175963348201e-04 1.000000000000e+00 0.000000000000e+00 1.000000000000e+00 -1.044497687200e-31
1.412537544623e+08 6.703347929319e-05 2.384011885702e-05 1.000000000000e+00 0.000000000000e+00 1.000000000000e+00 -7.552867973509e-32
1.584893192461e+08 2.996691304022e-05 -5.678702545134e-05 1.000000000000e+00 0.000000000000e+00 1.000000000000e+00 -3.009276815777e-32
1.778279410039e+08 -2.347895727239e-05 -1.203405998662e-04 1.000000000000e+00 0.000000000000e+00 1.000000000000e+00 2.101352626280e-32
1.995262314969e+08 -8.784542986455e-05 -1.645485489499e-04 1.000000000000e+00 0.000000000000e+00 1.000000000000e+00 7.007115949661e-32
2.238721138568e+08 -1.577961138681e-04 -1.886604286047e-04 1.000000000000e+00 0.000000000000e+00 1.000000000000e+00 1.121802581400e-31
2.511886431510e+08 -2.284718072270e-04 -1.931763019096e-04 1.000000000000e+00 0.000000000000e+00 1.000000000000e+00 1.447613913638e-31
2.818382931264e+08 -2.956941609682e-04 -1.795226836986e-04 1.000000000000e+00 0.000000000000e+00 1.000000000000e+00 1.669793938909e-31
3.162277660168e+08 -3.560284152894e-04 -1.497453848185e-04 1.000000000000e+00 0.000000000000e+00 1.000000000000e+00 1.791862962832e-31
3.548133892336e+08 -4.067468293178e-04 -1.062707196369e-04 1.000000000000e+00 0.000000000000e+00 1.000000000000e+00 1.824501849063e-31
3.981071705535e+08 -4.457492656819e-04 -5.175496043117e-05 1.000000000000e+00 0.000000000000e+00 1.000000000000e+00 1.782012590083e-31
4.466835921510e+08 -4.714924115201e-04 1.098993784940e-05 1.000000000000e+00 0.000000000000e+00 1.000000000000e+00 1.679944131424e-31
5.011872336273e+08 -4.829595594358e-04 7.902775765697e-05 1.000000000000e+00 0.000000000000e+00 1.000000000000e+00 1.533666383347e-31
5.623413251903e+08 -4.796780194730e-04 1.493267181564e-04 1.000000000000e+00 0.000000000000e+00 1.000000000000e+00 1.357594124277e-31
6.309573444802e+08 -4.617692545137e-04 2.188193010274e-04 1.000000000000e+00 0.000000000000e+00 1.000000000000e+00 1.164783325952e-31
7.079457843841e+08 -4.300022375727e-04 2.845123270575e-04 1.000000000000e+00 0.000000000000e+00 1.000000000000e+00 9.666980602168e-32
7.943282347243e+08 -3.858147673810e-04 3.436475849662e-04 1.000000000000e+00 0.000000000000e+00 1.000000000000e+00 7.730346809069e-32
8.912509381337e+08 -3.312710582076e-04 3.938937624540e-04 1.000000000000e+00 0.000000000000e+00 1.000000000000e+00 5.915665741394e-32
1.000000000000e+09 -2.689372672591e-04 4.335339903509e-04 1.000000000000e+00 0.000000000000e+00 1.000000000000e+00 4.280269546591e-32
