# freq_hz Ad_dB Acm_dB CMRR_dB(Acm clamped at the numerical floor)
1.00000000e-01 9.63421777e+01 -4.28054883e+00 1.00622727e+02
1.12201845e-01 9.63421775e+01 -4.28054908e+00 1.00622727e+02
1.25892541e-01 9.63421772e+01 -4.28054937e+00 1.00622727e+02
1.41253754e-01 9.63421768e+01 -4.28054973e+00 1.00622727e+02
1.58489319e-01 9.63421763e+01 -4.28055020e+00 1.00622727e+02
1.77827941e-01 9.63421757e+01 -4.28055079e+00 1.00622727e+02
1.99526231e-01 9.63421750e+01 -4.28055153e+00 1.00622727e+02
2.23872114e-01 9.63421741e+01 -4.28055245e+00 1.00622727e+02
2.51188643e-01 9.63421729e+01 -4.28055362e+00 1.00622727e+02
2.81838293e-01 9.63421714e+01 -4.28055509e+00 1.00622727e+02
3.16227766e-01 9.63421696e+01 -4.28055695e+00 1.00622727e+02
3.54813389e-01 9.63421673e+01 -4.28055928e+00 1.00622727e+02
3.98107171e-01 9.63421643e+01 -4.28056221e+00 1.00622727e+02
4.46683592e-01 9.63421606e+01 -4.28056592e+00 1.00622727e+02
5.01187234e-01 9.63421560e+01 -4.28057057e+00 1.00622727e+02
5.62341325e-01 9.63421501e+01 -4.28057643e+00 1.00622727e+02
6.30957344e-01 9.63421427e+01 -4.28058380e+00 1.00622727e+02
7.07945784e-01 9.63421334e+01 -4.28059309e+00 1.00622727e+02
7.94328235e-01 9.63421217e+01 -4.28060478e+00 1.00622727e+02
8.91250938e-01 9.63421070e+01 -4.28061951e+00 1.00622727e+02
1.00000000e+00 9.63420885e+01 -4.28063804e+00 1.00622727e+02
1.12201845e+00 9.63420652e+01 -4.28066137e+00 1.00622727e+02
1.25892541e+00 9.63420358e+01 -4.28069073e+00 1.00622727e+02
1.41253754e+00 9.63419988e+01 -4.28072770e+00 1.00622727e+02
1.58489319e+00 9.63419523e+01 -4.28077426e+00 1.00622727e+02
1.77827941e+00 9.63418937e+01 -4.28083285e+00 1.00622727e+02
1.99526231e+00 9.63418199e+01 -4.28090662e+00 1.00622727e+02
2.23872114e+00 9.63417270e+01 -4.28099949e+00 1.00622727e+02
2.51188643e+00 9.63416101e+01 -4.28111639e+00 1.00622727e+02
2.81838293e+00 9.63414630e+01 -4.28126357e+00 1.00622727e+02
3.16227766e+00 9.63412777e+01 -4.28144886e+00 1.00622727e+02
3.54813389e+00 9.63410444e+01 -4.28168210e+00 1.00622727e+02
3.98107171e+00 9.63407508e+01 -4.28197571e+00 1.00622727e+02
4.46683592e+00 9.63403812e+01 -4.28234532e+00 1.00622727e+02
5.01187234e+00 9.63399160e+01 -4.28281058e+00 1.00622727e+02
5.62341325e+00 9.63393303e+01 -4.28339624e+00 1.00622727e+02
6.30957344e+00 9.63385931e+01 -4.28413345e+00 1.00622727e+02
7.07945784e+00 9.63376652e+01 -4.28506134e+00 1.00622727e+02
7.94328235e+00 9.63364973e+01 -4.28622921e+00 1.00622727e+02
8.91250938e+00 9.63350275e+01 -4.28769903e+00 1.00622727e+02
1.00000000e+01 9.63331778e+01 -4.28954870e+00 1.00622727e+02
1.12201845e+01 9.63308503e+01 -4.29187620e+00 1.00622727e+02
1.25892541e+01 9.63279220e+01 -4.29480457e+00 1.00622727e+02
1.41253754e+01 9.63242382e+01 -4.29848835e+00 1.00622727e+02
1.58489319e+01 9.63196050e+01 -4.30312153e+00 1.00622727e+02
1.77827941e+01 9.63137792e+01 -4.30894733e+00 1.00622727e+02
1.99526231e+01 9.63064560e+01 -4.31627050e+00 1.00622727e+02
2.23872114e+01 9.62972543e+01 -4.32547227e+00 1.00622727e+02
2.51188643e+01 9.62856975e+01 -4.33702898e+00 1.00622727e+02
2.81838293e+01 9.62711921e+01 -4.35153442e+00 1.00622727e+02
3.16227766e+01 9.62529995e+01 -4.36972707e+00 1.00622727e+02
3.54813389e+01 9.62302041e+01 -4.39252242e+00 1.00622727e+02
3.98107171e+01 9.62016755e+01 -4.42105099e+00 1.00622727e+02
4.46683592e+01 9.61660246e+01 -4.45670188e+00 1.00622727e+02
5.01187234e+01 9.61215550e+01 -4.50117153e+00 1.00622727e+02
5.62341325e+01 9.60662108e+01 -4.55651571e+00 1.00622726e+02
6.30957344e+01 9.59975247e+01 -4.62520183e+00 1.00622726e+02
7.07945784e+01 9.59125705e+01 -4.71015595e+00 1.00622726e+02
7.94328235e+01 9.58079297e+01 -4.81479677e+00 1.00622726e+02
8.91250938e+01 9.56796814e+01 -4.94304502e+00 1.00622726e+02
1.00000000e+02 9.55234318e+01 -5.09929461e+00 1.00622726e+02
1.12201845e+02 9.53343961e+01 -5.28833027e+00 1.00622726e+02
1.25892541e+02 9.51075483e+01 -5.51517803e+00 1.00622726e+02
1.41253754e+02 9.48378448e+01 -5.78488149e+00 1.00622726e+02
1.58489319e+02 9.45205170e+01 -6.10220928e+00 1.00622726e+02
1.77827941e+02 9.41514099e+01 -6.47131626e+00 1.00622726e+02
1.99526231e+02 9.37273268e+01 -6.89539932e+00 1.00622726e+02
2.23872114e+02 9.32463243e+01 -7.37640168e+00 1.00622726e+02
2.51188643e+02 9.27079056e+01 -7.91482021e+00 1.00622726e+02
2.81838293e+02 9.21130712e+01 -8.50965451e+00 1.00622726e+02
3.16227766e+02 9.14642168e+01 -9.15850869e+00 1.00622725e+02
3.54813389e+02 9.07649007e+01 -9.85782444e+00 1.00622725e+02
3.98107171e+02 9.00195252e+01 -1.06031996e+01 1.00622725e+02
4.46683592e+02 8.92329885e+01 -1.13897359e+01 1.00622724e+02
5.01187234e+02 8.84103577e+01 -1.22123661e+01 1.00622724e+02
5.62341325e+02 8.75565985e+01 -1.30661246e+01 1.00622723e+02
6.30957344e+02 8.66763762e+01 -1.39463460e+01 1.00622722e+02
7.07945784e+02 8.57739307e+01 -1.48487903e+01 1.00622721e+02
7.94328235e+02 8.48530135e+01 -1.57697061e+01 1.00622720e+02
8.91250938e+02 8.39168739e+01 -1.67058439e+01 1.00622718e+02
1.00000000e+03 8.29682779e+01 -1.76544377e+01 1.00622716e+02
1.12201845e+03 8.20095475e+01 -1.86131652e+01 1.00622713e+02
1.25892541e+03 8.10426109e+01 -1.95800981e+01 1.00622709e+02
1.41253754e+03 8.00690547e+01 -2.05536498e+01 1.00622705e+02
1.58489319e+03 7.90901751e+01 -2.15325238e+01 1.00622699e+02
1.77827941e+03 7.81070252e+01 -2.25156666e+01 1.00622692e+02
1.99526231e+03 7.71204564e+01 -2.35022263e+01 1.00622683e+02
2.23872114e+03 7.61311548e+01 -2.44915166e+01 1.00622671e+02
2.51188643e+03 7.51396717e+01 -2.54829854e+01 1.00622657e+02
2.81838293e+03 7.41464489e+01 -2.64761902e+01 1.00622639e+02
3.16227766e+03 7.31518397e+01 -2.74707768e+01 1.00622616e+02
3.54813389e+03 7.21561265e+01 -2.84664615e+01 1.00622588e+02
3.98107171e+03 7.11595347e+01 -2.94630174e+01 1.00622552e+02
4.46683592e+03 7.01622438e+01 -3.04602631e+01 1.00622507e+02
5.01187234e+03 6.91643969e+01 -3.14580531e+01 1.00622450e+02
5.62341325e+03 6.81661080e+01 -3.24562706e+01 1.00622379e+02
6.30957344e+03 6.71674675e+01 -3.34548208e+01 1.00622288e+02
7.07945784e+03 6.61685478e+01 -3.44536272e+01 1.00622175e+02
7.94328235e+03 6.51694060e+01 -3.54526261e+01 1.00622032e+02
8.91250938e+03 6.41700878e+01 -3.64517646e+01 1.00621852e+02
1.00000000e+04 6.31706294e+01 -3.74509966e+01 1.00621626e+02
1.12201845e+04 6.21710596e+01 -3.84502815e+01 1.00621341e+02
1.25892541e+04 6.11714013e+01 -3.94495812e+01 1.00620983e+02
1.41253754e+04 6.01716727e+01 -4.04488583e+01 1.00620531e+02
1.58489319e+04 5.91718881e+01 -4.14480746e+01 1.00619963e+02
1.77827941e+04 5.81720592e+01 -4.24471882e+01 1.00619247e+02
1.99526231e+04 5.71721948e+01 -4.34461521e+01 1.00618347e+02
2.23872114e+04 5.61723024e+01 -4.44449113e+01 1.00617214e+02
2.51188643e+04 5.51723876e+01 -4.54433997e+01 1.00615787e+02
2.81838293e+04 5.41724549e+01 -4.64415373e+01 1.00613992e+02
3.16227766e+04 5.31725080e+01 -4.74392254e+01 1.00611733e+02
3.54813389e+04 5.21725497e+01 -4.84363417e+01 1.00608891e+02
3.98107171e+04 5.11725821e+01 -4.94327337e+01 1.00605316e+02
4.46683592e+04 5.01726070e+01 -5.04282114e+01 1.00600818e+02
5.01187234e+04 4.91726258e+01 -5.14225370e+01 1.00595163e+02
5.62341325e+04 4.81726393e+01 -5.24154132e+01 1.00588053e+02
6.30957344e+04 4.71726485e+01 -5.34064684e+01 1.00579117e+02
7.07945784e+04 4.61726537e+01 -5.43952385e+01 1.00567892e+02
7.94328235e+04 4.51726552e+01 -5.53811445e+01 1.00553800e+02
8.91250938e+04 4.41726531e+01 -5.63634662e+01 1.00536119e+02
1.00000000e+05 4.31726473e+01 -5.73413096e+01 1.00513957e+02
1.12201845e+05 4.21726374e+01 -5.83135690e+01 1.00486206e+02
1.25892541e+05 4.11726230e+01 -5.92788830e+01 1.00451506e+02
1.41253754e+05 4.01726034e+01 -6.02355848e+01 1.00408188e+02
1.58489319e+05 3.91725773e+01 -6.11816474e+01 1.00354225e+02
1.77827941e+05 3.81725435e+01 -6.21146281e+01 1.00287172e+02
1.99526231e+05 3.71725001e+01 -6.30316138e+01 1.00204114e+02
2.23872114e+05 3.61724449e+01 -6.39291774e+01 1.00101622e+02
2.51188643e+05 3.51723749e+01 -6.48033537e+01 9.99757286e+01
2.81838293e+05 3.41722864e+01 -6.56496470e+01 9.98219334e+01
3.16227766e+05 3.31721746e+01 -6.64630877e+01 9.96352623e+01
3.54813389e+05 3.21720337e+01 -6.72383485e+01 9.94103822e+01
3.98107171e+05 3.11718561e+01 -6.79699324e+01 9.91417885e+01
4.46683592e+05 3.01716323e+01 -6.86524276e+01 9.88240598e+01
5.01187234e+05 2.91713504e+01 -6.92808125e+01 9.84521630e+01
5.62341325e+05 2.81709956e+01 -6.98507740e+01 9.80217696e+01
6.30957344e+05 2.71705488e+01 -7.03589861e+01 9.75295348e+01
7.07945784e+05 2.61699863e+01 -7.08032944e+01 9.69732806e+01
7.94328235e+05 2.51692782e+01 -7.11827610e+01 9.63520392e+01
8.91250938e+05 2.41683869e+01 -7.14975538e+01 9.56659407e+01
1.00000000e+06 2.31672651e+01 -7.17486939e+01 9.49159590e+01
1.12201845e+06 2.21658531e+01 -7.19377092e+01 9.41035623e+01
1.25892541e+06 2.11640763e+01 -7.20662535e+01 9.32303297e+01
1.41253754e+06 2.01618403e+01 -7.21357574e+01 9.22975977e+01
1.58489319e+06 1.91590271e+01 -7.21471627e+01 9.13061898e+01
1.77827941e+06 1.81554881e+01 -7.21007763e+01 9.02562644e+01
1.99526231e+06 1.71510368e+01 -7.19962646e+01 8.91473014e+01
2.23872114e+06 1.61454395e+01 -7.18327892e+01 8.79782287e+01
2.51188643e+06 1.51384033e+01 -7.16092709e+01 8.67476742e+01
2.81838293e+06 1.41295615e+01 -7.13247511e+01 8.54543126e+01
3.16227766e+06 1.31184560e+01 -7.09788015e+01 8.40972575e+01
3.54813389e+06 1.21045157e+01 -7.05719227e+01 8.26764384e+01
3.98107171e+06 1.10870297e+01 -7.01058682e+01 8.11928980e+01
4.46683592e+06 1.00651166e+01 -6.95838446e+01 7.96489612e+01
5.01187234e+06 9.03768703e+00 -6.90105651e+01 7.80482521e+01
5.62341325e+06 8.00340155e+00 -6.83921667e+01 7.63955683e+01
6.30957344e+06 6.96062266e+00 -6.77360316e+01 7.46966543e+01
7.07945784e+06 5.90736343e+00 -6.70505649e+01 7.29579283e+01
7.94328235e+06 4.84123513e+00 -6.63449821e+01 7.11862172e+01
8.91250938e+06 3.75939888e+00 -6.56291435e+01 6.93885424e+01
1.00000000e+07 2.65852869e+00 -6.49134513e+01 6.75719800e+01
1.12201845e+07 1.53479614e+00 -6.42088032e+01 6.57435994e+01
1.25892541e+07 3.83889816e-01 -6.35265837e+01 6.39104735e+01
1.41253754e+07 -7.98916471e-01 -6.28786601e+01 6.20797436e+01
1.58489319e+07 -2.01863376e+00 -6.22773528e+01 6.02587190e+01
1.77827941e+07 -3.28035965e+00 -6.17353501e+01 5.84549904e+01
1.99526231e+07 -4.58901654e+00 -6.12655540e+01 5.66765374e+01
2.23872114e+07 -5.94904741e+00 -6.08808589e+01 5.49318115e+01
2.51188643e+07 -7.36410764e+00 -6.05938909e+01 5.32297833e+01
2.81838293e+07 -8.83680298e+00 -6.04167555e+01 5.15799525e+01
3.16227766e+07 -1.03685236e+01 -6.03608587e+01 4.99923352e+01
3.54813389e+07 -1.19594074e+01 -6.04368770e+01 4.84774695e+01
3.98107171e+07 -1.36084390e+01 -6.06549515e+01 4.70465125e+01
4.46683592e+07 -1.53136559e+01 -6.10251909e+01 4.57115349e+01
5.01187234e+07 -1.70724151e+01 -6.15585818e+01 4.44861667e+01
5.62341325e+07 -1.88816598e+01 -6.22684578e+01 4.33867980e+01
6.30957344e+07 -2.07381372e+01 -6.31727904e+01 4.24346532e+01
7.07945784e+07 -2.26385265e+01 -6.42978205e+01 4.16592940e+01
7.94328235e+07 -2.45794566e+01 -6.56841476e+01 4.11046910e+01
8.91250938e+07 -2.65574033e+01 -6.73978623e+01 4.08404590e+01
1.00000000e+08 -2.85684678e+01 -6.95532446e+01 4.09847768e+01
1.12201845e+08 -3.06080598e+01 -7.23652150e+01 4.17571553e+01
1.25892541e+08 -3.26705222e+01 -7.62842706e+01 4.36137484e+01
1.41253754e+08 -3.47487655e+01 -8.21667379e+01 4.74179724e+01
1.58489319e+08 -3.68339945e+01 -8.46804928e+01 4.78464983e+01
1.77827941e+08 -3.89156214e+01 -7.89475214e+01 4.00319000e+01
1.99526231e+08 -4.09814405e+01 -7.50717195e+01 3.40902789e+01
2.23872114e+08 -4.30181018e+01 -7.25499690e+01 2.95318672e+01
2.51188643e+08 -4.50118572e+01 -7.07785266e+01 2.57666694e+01
2.81838293e+08 -4.69494920e+01 -6.94732843e+01 2.25237923e+01
3.16227766e+08 -4.88192942e+01 -6.84848337e+01 1.96655395e+01
3.54813389e+08 -5.06118994e+01 -6.77259686e+01 1.71140692e+01
3.98107171e+08 -5.23208605e+01 -6.71418501e+01 1.48209896e+01
4.46683592e+08 -5.39428508e+01 -6.66961151e+01 1.27532643e+01
5.01187234e+08 -5.54774864e+01 -6.63636273e+01 1.08861410e+01
5.62341325e+08 -5.69268311e+01 -6.61262992e+01 9.19946813e+00
6.30957344e+08 -5.82946981e+01 -6.59704734e+01 7.67577526e+00
7.07945784e+08 -5.95858795e+01 -6.58851773e+01 6.29929779e+00
7.94328235e+08 -6.08054169e+01 -6.58609173e+01 5.05550043e+00
8.91250938e+08 -6.19579929e+01 -6.58888517e+01 3.93085879e+00
1.00000000e+09 -6.30474835e+01 -6.59602706e+01 2.91278704e+00
