# freq_hz rev(vout) imv(vout) rev(vinp) imv(vinp) rev(vinn) imv(vinn)
1.000000000000e-01 6.698343267942e+04 -2.675105054637e+01 5.000000000000e-01 0.000000000000e+00 -5.000000000000e-01 -1.066074441619e-13
1.122018454302e-01 6.698342991321e+04 -3.001517114711e+01 5.000000000000e-01 0.000000000000e+00 -5.000000000000e-01 -9.501398069757e-14
1.258925411794e-01 6.698342643076e+04 -3.367757418669e+01 5.000000000000e-01 0.000000000000e+00 -5.000000000000e-01 -8.468129502997e-14
1.412537544623e-01 6.698342204661e+04 -3.778685726173e+01 5.000000000000e-01 0.000000000000e+00 -5.000000000000e-01 -7.547227869810e-14
1.584893192461e-01 6.698341652730e+04 -4.239754768545e+01 5.000000000000e-01 0.000000000000e+00 -5.000000000000e-01 -6.726473365028e-14
1.778279410039e-01 6.698340957891e+04 -4.757082598664e+01 5.000000000000e-01 0.000000000000e+00 -5.000000000000e-01 -5.994975075035e-14
1.995262314969e-01 6.698340083139e+04 -5.337533767398e+01 5.000000000000e-01 0.000000000000e+00 -5.000000000000e-01 -5.343026461956e-14
2.238721138568e-01 6.698338981893e+04 -5.988810402977e+01 5.000000000000e-01 0.000000000000e+00 -5.000000000000e-01 -4.761976563795e-14
2.511886431510e-01 6.698337595507e+04 -6.719554400764e+01 5.000000000000e-01 0.000000000000e+00 -5.000000000000e-01 -4.244115201429e-14
2.818382931264e-01 6.698335850151e+04 -7.539462077902e+01 5.000000000000e-01 0.000000000000e+00 -5.000000000000e-01 -3.782570669213e-14
3.162277660168e-01 6.698333652879e+04 -8.459412812037e+01 5.000000000000e-01 0.000000000000e+00 -5.000000000000e-01 -3.371218551624e-14
3.548133892336e-01 6.698330886679e+04 -9.491613368014e+01 5.000000000000e-01 0.000000000000e+00 -5.000000000000e-01 -3.004600455983e-14
3.981071705535e-01 6.698327404244e+04 -1.064975982334e+02 5.000000000000e-01 0.000000000000e+00 -5.000000000000e-01 -2.677851582907e-14
4.466835921510e-01 6.698323020122e+04 -1.194921923489e+02 5.000000000000e-01 0.000000000000e+00 -5.000000000000e-01 -2.386636173371e-14
5.011872336273e-01 6.698317500849e+04 -1.340723344891e+02 5.000000000000e-01 0.000000000000e+00 -5.000000000000e-01 -2.127089975823e-14
5.623413251903e-01 6.698310552508e+04 -1.504314774632e+02 5.000000000000e-01 0.000000000000e+00 -5.000000000000e-01 -1.895768969914e-14
6.309573444802e-01 6.698301805085e+04 -1.687866734026e+02 5.000000000000e-01 0.000000000000e+00 -5.000000000000e-01 -1.689603666439e-14
7.079457843841e-01 6.698290792765e+04 -1.893814510486e+02 5.000000000000e-01 0.000000000000e+00 -5.000000000000e-01 -1.505858377083e-14
7.943282347243e-01 6.698276929127e+04 -2.124890431879e+02 5.000000000000e-01 0.000000000000e+00 -5.000000000000e-01 -1.342094913495e-14
8.912509381337e-01 6.698259475922e+04 -2.384160065751e+02 5.000000000000e-01 0.000000000000e+00 -5.000000000000e-01 -1.196140234015e-14
1.000000000000e+00 6.698237503768e+04 -2.675062816886e+02 5.000000000000e-01 0.000000000000e+00 -5.000000000000e-01 -1.066057608728e-14
1.122018454302e+00 6.698209842671e+04 -3.001457452184e+02 5.000000000000e-01 0.000000000000e+00 -5.000000000000e-01 -9.501209202402e-15
1.258925411794e+00 6.698175019737e+04 -3.367673143223e+02 5.000000000000e-01 0.000000000000e+00 -5.000000000000e-01 -8.467917591452e-15
1.412537544623e+00 6.698131180775e+04 -3.778566684435e+02 5.000000000000e-01 0.000000000000e+00 -5.000000000000e-01 -7.546990102717e-15
1.584893192461e+00 6.698075991609e+04 -4.239586618759e+02 5.000000000000e-01 0.000000000000e+00 -5.000000000000e-01 -6.726206588182e-15
1.778279410039e+00 6.698006513857e+04 -4.756845083034e+02 5.000000000000e-01 0.000000000000e+00 -5.000000000000e-01 -5.994675749627e-15
1.995262314969e+00 6.697919048600e+04 -5.337198271871e+02 5.000000000000e-01 0.000000000000e+00 -5.000000000000e-01 -5.342690617753e-15
2.238721138568e+00 6.697808939613e+04 -5.988336510632e+02 5.000000000000e-01 0.000000000000e+00 -5.000000000000e-01 -4.761599746658e-15
2.511886431510e+00 6.697670325759e+04 -6.718885023862e+02 5.000000000000e-01 0.000000000000e+00 -5.000000000000e-01 -4.243692414485e-15
2.818382931264e+00 6.697495829412e+04 -7.538516582629e+02 5.000000000000e-01 0.000000000000e+00 -5.000000000000e-01 -3.782096306942e-15
3.162277660168e+00 6.697276164456e+04 -8.458077308575e+02 5.000000000000e-01 0.000000000000e+00 -5.000000000000e-01 -3.370686326032e-15
3.548133892336e+00 6.696999643148e+04 -9.489726997785e+02 5.000000000000e-01 0.000000000000e+00 -5.000000000000e-01 -3.004003313951e-15
3.981071705535e+00 6.696651555913e+04 -1.064709539434e+03 5.000000000000e-01 0.000000000000e+00 -5.000000000000e-01 -2.677181613699e-15
4.466835921510e+00 6.696213391495e+04 -1.194545587752e+03 5.000000000000e-01 0.000000000000e+00 -5.000000000000e-01 -2.385884505232e-15
5.011872336273e+00 6.695661856697e+04 -1.340191800747e+03 5.000000000000e-01 0.000000000000e+00 -5.000000000000e-01 -2.126246660460e-15
5.623413251903e+00 6.694967644696e+04 -1.503564027188e+03 5.000000000000e-01 0.000000000000e+00 -5.000000000000e-01 -1.894822853599e-15
6.309573444802e+00 6.694093888227e+04 -1.686806414852e+03 5.000000000000e-01 0.000000000000e+00 -5.000000000000e-01 -1.688542246402e-15
7.079457843841e+00 6.692994218239e+04 -1.892317018339e+03 5.000000000000e-01 0.000000000000e+00 -5.000000000000e-01 -1.504667641809e-15
7.943282347243e+00 6.691610329366e+04 -2.122775609733e+03 5.000000000000e-01 0.000000000000e+00 -5.000000000000e-01 -1.340759165552e-15
8.912509381337e+00 6.689868930013e+04 -2.381173585234e+03 5.000000000000e-01 0.000000000000e+00 -5.000000000000e-01 -1.194641894098e-15
1.000000000000e+01 6.687677926430e+04 -2.670845696454e+03 5.000000000000e-01 0.000000000000e+00 -5.000000000000e-01 -1.064376999798e-15
1.122018454302e+01 6.684921656141e+04 -2.995503090867e+03 5.000000000000e-01 0.000000000000e+00 -5.000000000000e-01 -9.482360309473e-16
1.258925411794e+01 6.681454946230e+04 -3.359266789675e+03 5.000000000000e-01 0.000000000000e+00 -5.000000000000e-01 -8.446779863017e-16
1.412537544623e+01 6.677095726232e+04 -3.766700219237e+03 5.000000000000e-01 0.000000000000e+00 -5.000000000000e-01 -7.523288810078e-16
1.584893192461e+01 6.671615874824e+04 -4.222838685339e+03 5.000000000000e-01 0.000000000000e+00 -5.000000000000e-01 -6.699635344132e-16
1.778279410039e+01 6.664729926766e+04 -4.733212660283e+03 5.000000000000e-01 0.000000000000e+00 -5.000000000000e-01 -5.964893403304e-16
1.995262314969e+01 6.656081216849e+04 -5.303860341267e+03 5.000000000000e-01 0.000000000000e+00 -5.000000000000e-01 -5.309318074797e-16
2.238721138568e+01 6.645225000800e+04 -5.941323010753e+03 5.000000000000e-01 0.000000000000e+00 -5.000000000000e-01 -4.724216824573e-16
2.511886431510e+01 6.631608085621e+04 -6.652614139602e+03 5.000000000000e-01 0.000000000000e+00 -5.000000000000e-01 -4.201834900794e-16
2.818382931264e+01 6.614544550669e+04 -7.445149765392e+03 5.000000000000e-01 0.000000000000e+00 -5.000000000000e-01 -3.735253467023e-16
3.162277660168e+01 6.593187287952e+04 -8.326623313306e+03 5.000000000000e-01 0.000000000000e+00 -5.000000000000e-01 -3.318299214599e-16
3.548133892336e+01 6.566495398481e+04 -9.304802645358e+03 5.000000000000e-01 0.000000000000e+00 -5.000000000000e-01 -2.945464385422e-16
3.981071705535e+01 6.533198041254e+04 -1.038722085494e+04 5.000000000000e-01 0.000000000000e+00 -5.000000000000e-01 -2.611836307842e-16
4.466835921510e+01 6.491756263867e+04 -1.158072567788e+04 5.000000000000e-01 0.000000000000e+00 -5.000000000000e-01 -2.313035707819e-16
5.011872336273e+01 6.440325799359e+04 -1.289084656139e+04 5.000000000000e-01 0.000000000000e+00 -5.000000000000e-01 -2.045163199134e-16
5.623413251903e+01 6.376725952758e+04 -1.432093572691e+04 5.000000000000e-01 0.000000000000e+00 -5.000000000000e-01 -1.804753466732e-16
6.309573444802e+01 6.298422642315e+04 -1.587104394321e+04 5.000000000000e-01 0.000000000000e+00 -5.000000000000e-01 -1.588736712515e-16
7.079457843841e+01 6.202537376329e+04 -1.753650929392e+04 5.000000000000e-01 0.000000000000e+00 -5.000000000000e-01 -1.394406895175e-16
7.943282347243e+01 6.085898077567e+04 -1.930627627859e+04 5.000000000000e-01 0.000000000000e+00 -5.000000000000e-01 -1.219396113414e-16
8.912509381337e+01 5.945151253466e+04 -2.116103247453e+04 5.000000000000e-01 0.000000000000e+00 -5.000000000000e-01 -1.061654096431e-16
1.000000000000e+02 5.776956193033e+04 -2.307135756800e+04 5.000000000000e-01 0.000000000000e+00 -5.000000000000e-01 -9.194311341466e-17
1.122018454302e+02 5.578277745538e+04 -2.499622205669e+04 5.000000000000e-01 0.000000000000e+00 -5.000000000000e-01 -7.912619206377e-17
1.258925411794e+02 5.346781224698e+04 -2.688232707347e+04 5.000000000000e-01 0.000000000000e+00 -5.000000000000e-01 -6.759468460716e-17
1.412537544623e+02 5.081308234864e+04 -2.866488783416e+04 5.000000000000e-01 0.000000000000e+00 -5.000000000000e-01 -5.725266036509e-17
1.584893192461e+02 4.782376334738e+04 -3.027044339552e+04 5.000000000000e-01 0.000000000000e+00 -5.000000000000e-01 -4.802461371024e-17
1.778279410039e+02 4.452605898167e+04 -3.162202686035e+04 5.000000000000e-01 0.000000000000e+00 -5.000000000000e-01 -3.985055634861e-17
1.995262314969e+02 4.096950339137e+04 -3.264650276008e+04 5.000000000000e-01 0.000000000000e+00 -5.000000000000e-01 -3.267990846035e-17
2.238721138568e+02 3.722612015758e+04 -3.328314774210e+04 5.000000000000e-01 0.000000000000e+00 -5.000000000000e-01 -2.646475674501e-17
2.511886431510e+02 3.338580458268e+04 -3.349186155474e+04 5.000000000000e-01 0.000000000000e+00 -5.000000000000e-01 -2.115348752149e-17
2.818382931264e+02 2.954826411174e+04 -3.325909654158e+04 5.000000000000e-01 0.000000000000e+00 -5.000000000000e-01 -1.668599479865e-17
3.162277660168e+02 2.581292015787e+04 -3.259994871832e+04 5.000000000000e-01 0.000000000000e+00 -5.000000000000e-01 -1.299143933662e-17
3.548133892336e+02 2.226887077216e+04 -3.155583049824e+04 5.000000000000e-01 0.000000000000e+00 -5.000000000000e-01 -9.988915210106e-18
3.981071705535e+02 1.898699221949e+04 -3.018836953597e+04 5.000000000000e-01 0.000000000000e+00 -5.000000000000e-01 -7.590603459812e-18
4.466835921510e+02 1.601552954273e+04 -2.857112810445e+04 5.000000000000e-01 0.000000000000e+00 -5.000000000000e-01 -5.706389797497e-18
5.011872336273e+02 1.337945136127e+04 -2.678105395069e+04 5.000000000000e-01 0.000000000000e+00 -5.000000000000e-01 -4.248723185929e-18
5.623413251903e+02 1.108289285611e+04 -2.489124476763e+04 5.000000000000e-01 0.000000000000e+00 -5.000000000000e-01 -3.136702039834e-18
6.309573444802e+02 9.113494934618e+03 -2.296590827455e+04 5.000000000000e-01 0.000000000000e+00 -5.000000000000e-01 -2.298820641960e-18
7.079457843841e+02 7.447409411515e+03 -2.105767559608e+04 5.000000000000e-01 0.000000000000e+00 -5.000000000000e-01 -1.674269481106e-18
7.943282347243e+02 6.054024080018e+03 -1.920691300761e+04 5.000000000000e-01 0.000000000000e+00 -5.000000000000e-01 -1.213009705322e-18
8.912509381337e+02 4.899858495318e+03 -1.744244316986e+04 5.000000000000e-01 0.000000000000e+00 -5.000000000000e-01 -8.749911687203e-19
1.000000000000e+03 3.951435172500e+03 -1.578307695994e+04 5.000000000000e-01 0.000000000000e+00 -5.000000000000e-01 -6.288904400106e-19
1.122018454302e+03 3.177171633980e+03 -1.423947243474e+04 5.000000000000e-01 0.000000000000e+00 -5.000000000000e-01 -4.506722404257e-19
1.258925411794e+03 2.548463087542e+03 -1.281599206637e+04 5.000000000000e-01 0.000000000000e+00 -5.000000000000e-01 -3.221799273172e-19
1.412537544623e+03 2.040162962186e+03 -1.151237033172e+04 5.000000000000e-01 0.000000000000e+00 -5.000000000000e-01 -2.298714263426e-19
1.584893192461e+03 1.630654726097e+03 -1.032510919687e+04 5.000000000000e-01 0.000000000000e+00 -5.000000000000e-01 -1.637503153961e-19
1.778279410039e+03 1.301671862501e+03 -9.248587011284e+03 5.000000000000e-01 0.000000000000e+00 -5.000000000000e-01 -1.164988527850e-19
1.995262314969e+03 1.037981616009e+03 -8.275903962597e+03 5.000000000000e-01 0.000000000000e+00 -5.000000000000e-01 -8.279608339563e-20
2.238721138568e+03 8.270113340835e+02 -7.399503890963e+03 5.000000000000e-01 0.000000000000e+00 -5.000000000000e-01 -5.879380845825e-20
2.511886431510e+03 6.584672660973e+02 -6.611616117506e+03 5.000000000000e-01 0.000000000000e+00 -5.000000000000e-01 -4.172096275890e-20
2.818382931264e+03 5.239747055611e+02 -5.904557979676e+03 5.000000000000e-01 0.000000000000e+00 -5.000000000000e-01 -2.958901131571e-20
3.162277660168e+03 4.167541341978e+02 -5.270932844510e+03 5.000000000000e-01 0.000000000000e+00 -5.000000000000e-01 -2.097490721546e-20
3.548133892336e+03 3.313389427895e+02 -4.703751722666e+03 5.000000000000e-01 0.000000000000e+00 -5.000000000000e-01 -1.486252553707e-20
3.981071705535e+03 2.633348729196e+02 -4.196500377266e+03 5.000000000000e-01 0.000000000000e+00 -5.000000000000e-01 -1.052757895703e-20
4.466835921510e+03 2.092183486935e+02 -3.743168494686e+03 5.000000000000e-01 0.000000000000e+00 -5.000000000000e-01 -7.454523731160e-21
5.011872336273e+03 1.661694640231e+02 -3.338253174490e+03 5.000000000000e-01 0.000000000000e+00 -5.000000000000e-01 -5.276808708555e-21
5.623413251903e+03 1.319349427829e+02 -2.976745636047e+03 5.000000000000e-01 0.000000000000e+00 -5.000000000000e-01 -3.734048587544e-21
6.309573444802e+03 1.047164856879e+02 -2.654107489826e+03 5.000000000000e-01 0.000000000000e+00 -5.000000000000e-01 -2.641406184782e-21
7.079457843841e+03 8.308029667488e+01 -2.366241025440e+03 5.000000000000e-01 0.000000000000e+00 -5.000000000000e-01 -1.867747528273e-21
7.943282347243e+03 6.588408185254e+01 -2.109456581471e+03 5.000000000000e-01 0.000000000000e+00 -5.000000000000e-01 -1.320081150274e-21
8.912509381337e+03 5.221834162647e+01 -1.880439061224e+03 5.000000000000e-01 0.000000000000e+00 -5.000000000000e-01 -9.324879037228e-22
1.000000000000e+04 4.135928001171e+01 -1.676214945266e+03 5.000000000000e-01 0.000000000000e+00 -5.000000000000e-01 -6.582533856585e-22
1.122018454302e+04 3.273110938730e+01 -1.494120649379e+03 5.000000000000e-01 0.000000000000e+00 -5.000000000000e-01 -4.642809422516e-22
1.258925411794e+04 2.587592465204e+01 -1.331772727519e+03 5.000000000000e-01 0.000000000000e+00 -5.000000000000e-01 -3.271267127396e-22
1.412537544623e+04 2.042965736469e+01 -1.187040180251e+03 5.000000000000e-01 0.000000000000e+00 -5.000000000000e-01 -2.301872235285e-22
1.584893192461e+04 1.610290206223e+01 -1.058018968330e+03 5.000000000000e-01 0.000000000000e+00 -5.000000000000e-01 -1.617053107124e-22
1.778279410039e+04 1.266563968922e+01 -9.430087255056e+02 5.000000000000e-01 0.000000000000e+00 -5.000000000000e-01 -1.133567173179e-22
1.995262314969e+04 9.935073687788e+00 -8.404915976680e+02 5.000000000000e-01 0.000000000000e+00 -5.000000000000e-01 -7.924853166078e-23
2.238721138568e+04 7.765949355125e+00 -7.491130951925e+02 5.000000000000e-01 0.000000000000e+00 -5.000000000000e-01 -5.520961080753e-23
2.511886431510e+04 6.042852550004e+00 -6.676648233914e+02 5.000000000000e-01 0.000000000000e+00 -5.000000000000e-01 -3.828795130402e-23
2.818382931264e+04 4.674084959859e+00 -5.950689462987e+02 5.000000000000e-01 0.000000000000e+00 -5.000000000000e-01 -2.639470022121e-23
3.162277660168e+04 3.586794394867e+00 -5.303642374632e+02 5.000000000000e-01 0.000000000000e+00 -5.000000000000e-01 -1.805205358744e-23
3.548133892336e+04 2.723103703105e+00 -4.726935750615e+02 5.000000000000e-01 0.000000000000e+00 -5.000000000000e-01 -1.221474239845e-23
3.981071705535e+04 2.037034003044e+00 -4.212927454483e+02 5.000000000000e-01 0.000000000000e+00 -5.000000000000e-01 -8.143637060844e-24
4.466835921510e+04 1.492059549267e+00 -3.754804278629e+02 5.000000000000e-01 0.000000000000e+00 -5.000000000000e-01 -5.316260924422e-24
5.011872336273e+04 1.059164754393e+00 -3.346492424791e+02 5.000000000000e-01 0.000000000000e+00 -5.000000000000e-01 -3.363439746666e-24
5.623413251903e+04 7.153003605884e-01 -2.982577536903e+02 5.000000000000e-01 0.000000000000e+00 -5.000000000000e-01 -2.024457088309e-24
6.309573444802e+04 4.421568390214e-01 -2.658233300844e+02 5.000000000000e-01 0.000000000000e+00 -5.000000000000e-01 -1.115312265841e-24
7.079457843841e+04 2.251898811219e-01 -2.369157717226e+02 5.000000000000e-01 0.000000000000e+00 -5.000000000000e-01 -5.062546243707e-25
7.943282347243e+04 5.284620211910e-02 -2.111516239519e+02 5.000000000000e-01 0.000000000000e+00 -5.000000000000e-01 -1.058848713065e-25
8.912509381337e+04 -8.405149833259e-02 -1.881891049861e+02 5.000000000000e-01 0.000000000000e+00 -5.000000000000e-01 1.500947809595e-25
1.000000000000e+05 -1.927931250982e-01 -1.677235818492e+02 5.000000000000e-01 0.000000000000e+00 -5.000000000000e-01 3.068397885351e-25
1.122018454302e+05 -2.791693159136e-01 -1.494835359946e+02 5.000000000000e-01 0.000000000000e+00 -5.000000000000e-01 3.959932781576e-25
1.258925411794e+05 -3.477797599146e-01 -1.332269660266e+02 5.000000000000e-01 0.000000000000e+00 -5.000000000000e-01 4.396675718765e-25
1.412537544623e+05 -4.022781137476e-01 -1.187381804502e+02 5.000000000000e-01 0.000000000000e+00 -5.000000000000e-01 4.532591048241e-25
1.584893192461e+05 -4.455665505954e-01 -1.058249383888e+02 5.000000000000e-01 0.000000000000e+00 -5.000000000000e-01 4.474378421270e-25
1.778279410039e+05 -4.799502979073e-01 -9.431590065193e+01 5.000000000000e-01 0.000000000000e+00 -5.000000000000e-01 4.295526446471e-25
1.995262314969e+05 -5.072603906052e-01 -8.405835757609e+01 5.000000000000e-01 0.000000000000e+00 -5.000000000000e-01 4.046234823054e-25
2.238721138568e+05 -5.289511749733e-01 -7.491620365749e+01 5.000000000000e-01 0.000000000000e+00 -5.000000000000e-01 3.760414492942e-25
2.511886431510e+05 -5.461777544974e-01 -6.676813222002e+01 5.000000000000e-01 0.000000000000e+00 -5.000000000000e-01 3.460621799802e-25
2.818382931264e+05 -5.598575008740e-01 -5.950602625164e+01 5.000000000000e-01 0.000000000000e+00 -5.000000000000e-01 3.161532370308e-25
3.162277660168e+05 -5.707189075596e-01 -5.303352411121e+01 5.000000000000e-01 0.000000000000e+00 -5.000000000000e-01 2.872383295061e-25
3.548133892336e+05 -5.793403814997e-01 -4.726474111739e+01 5.000000000000e-01 0.000000000000e+00 -5.000000000000e-01 2.598686753270e-25
3.981071705535e+05 -5.861810466634e-01 -4.212313009484e+01 5.000000000000e-01 0.000000000000e+00 -5.000000000000e-01 2.343429559270e-25
4.466835921510e+05 -5.916051932577e-01 -3.754046576635e+01 5.000000000000e-01 0.000000000000e+00 -5.000000000000e-01 2.107910219231e-25
5.011872336273e+05 -5.959016781328e-01 -3.345593953990e+01 5.000000000000e-01 0.000000000000e+00 -5.000000000000e-01 1.892320699895e-25
5.623413251903e+05 -5.992993065560e-01 -2.981535268239e+01 5.000000000000e-01 0.000000000000e+00 -5.000000000000e-01 1.696148633530e-25
6.309573444802e+05 -6.019790184300e-01 -2.657039719304e+01 5.000000000000e-01 0.000000000000e+00 -5.000000000000e-01 1.518453462170e-25
7.079457843841e+05 -6.040835242268e-01 -2.367801482907e+01 5.000000000000e-01 0.000000000000e+00 -5.000000000000e-01 1.358054261241e-25
7.943282347243e+05 -6.057249062567e-01 -2.109982578968e+01 5.000000000000e-01 0.000000000000e+00 -5.000000000000e-01 1.213655876378e-25
8.912509381337e+05 -6.069905895910e-01 -1.880161948362e+01 5.000000000000e-01 0.000000000000e+00 -5.000000000000e-01 1.083932129664e-25
1.000000000000e+06 -6.079480010106e-01 -1.675290062307e+01 5.000000000000e-01 0.000000000000e+00 -5.000000000000e-01 9.675792950368e-26
1.122018454302e+06 -6.086481651986e-01 -1.492648463387e+01 5.000000000000e-01 0.000000000000e+00 -5.000000000000e-01 8.633491162624e-26
1.258925411794e+06 -6.091284302179e-01 -1.329813701120e+01 5.000000000000e-01 0.000000000000e+00 -5.000000000000e-01 7.700678669185e-26
1.412537544623e+06 -6.094144696838e-01 -1.184625185460e+01 5.000000000000e-01 0.000000000000e+00 -5.000000000000e-01 6.866459982683e-26
1.584893192461e+06 -6.095216709285e-01 -1.055156532205e+01 5.000000000000e-01 0.000000000000e+00 -5.000000000000e-01 6.120815415912e-26
1.778279410039e+06 -6.094559875699e-01 -9.396900224394e+00 5.000000000000e-01 0.000000000000e+00 -5.000000000000e-01 5.454594619447e-26
1.995262314969e+06 -6.092143086044e-01 -8.366938389036e+00 5.000000000000e-01 0.000000000000e+00 -5.000000000000e-01 4.859484784998e-26
2.238721138568e+06 -6.087843750530e-01 -7.448017812400e+00 5.000000000000e-01 0.000000000000e+00 -5.000000000000e-01 4.327963894099e-26
2.511886431510e+06 -6.081442564738e-01 -6.627951950792e+00 5.000000000000e-01 0.000000000000e+00 -5.000000000000e-01 3.853246043158e-26
2.818382931264e+06 -6.072613862276e-01 -5.895868816518e+00 5.000000000000e-01 0.000000000000e+00 -5.000000000000e-01 3.429223555637e-26
3.162277660168e+06 -6.060911455880e-01 -5.242067829003e+00 5.000000000000e-01 0.000000000000e+00 -5.000000000000e-01 3.050408982095e-26
3.548133892336e+06 -6.045749852127e-01 -4.657892636247e+00 5.000000000000e-01 0.000000000000e+00 -5.000000000000e-01 2.711878984448e-26
3.981071705535e+06 -6.026380812368e-01 -4.135618365481e+00 5.000000000000e-01 0.000000000000e+00 -5.000000000000e-01 2.409221350896e-26
4.466835921510e+06 -6.001865504337e-01 -3.668352004496e+00 5.000000000000e-01 0.000000000000e+00 -5.000000000000e-01 2.138485898235e-26
5.011872336273e+06 -5.971042982811e-01 -3.249944829264e+00 5.000000000000e-01 0.000000000000e+00 -5.000000000000e-01 1.896139690652e-26
5.623413251903e+06 -5.932496618405e-01 -2.874916007154e+00 5.000000000000e-01 0.000000000000e+00 -5.000000000000e-01 1.679026810586e-26
6.309573444802e+06 -5.884521443517e-01 -2.538386679937e+00 5.000000000000e-01 0.000000000000e+00 -5.000000000000e-01 1.484332789941e-26
7.079457843841e+06 -5.825097421698e-01 -2.236023976927e+00 5.000000000000e-01 0.000000000000e+00 -5.000000000000e-01 1.309553738584e-26
7.943282347243e+06 -5.751876367314e-01 -1.963994452359e+00 5.000000000000e-01 0.000000000000e+00 -5.000000000000e-01 1.152470119899e-26
8.912509381337e+06 -5.662193688979e-01 -1.718926360762e+00 5.000000000000e-01 0.000000000000e+00 -5.000000000000e-01 1.011125010686e-26
1.000000000000e+07 -5.553119892730e-01 -1.497879886221e+00 5.000000000000e-01 0.000000000000e+00 -5.000000000000e-01 8.838064805099e-27
1.122018454302e+07 -5.421569858275e-01 -1.298323837839e+00 5.000000000000e-01 0.000000000000e+00 -5.000000000000e-01 7.690333781535e-27
1.258925411794e+07 -5.264488595031e-01 -1.118116379632e+00 5.000000000000e-01 0.000000000000e+00 -5.000000000000e-01 6.655433077294e-27
1.412537544623e+07 -5.079127658222e-01 -9.554860982145e-01 5.000000000000e-01 0.000000000000e+00 -5.000000000000e-01 5.722809113840e-27
1.584893192461e+07 -4.863413503518e-01 -8.090083867237e-01 5.000000000000e-01 0.000000000000e+00 -5.000000000000e-01 4.883838879911e-27
1.778279410039e+07 -4.616385396596e-01 -6.775712598431e-01 5.000000000000e-01 0.000000000000e+00 -5.000000000000e-01 4.131637305913e-27
1.995262314969e+07 -4.338647251306e-01 -5.603251381869e-01 5.000000000000e-01 0.000000000000e+00 -5.000000000000e-01 3.460783833769e-27
2.238721138568e+07 -4.032742617189e-01 -4.566137090982e-01 5.000000000000e-01 0.000000000000e+00 -5.000000000000e-01 2.866953416777e-27
2.511886431510e+07 -3.703340283132e-01 -3.658880295525e-01 5.000000000000e-01 0.000000000000e+00 -5.000000000000e-01 2.346463218314e-27
2.818382931264e+07 -3.357128370956e-01 -2.876127136475e-01 5.000000000000e-01 0.000000000000e+00 -5.000000000000e-01 1.895780622657e-27
3.162277660168e+07 -3.002368911936e-01 -2.211789680324e-01 5.000000000000e-01 0.000000000000e+00 -5.000000000000e-01 1.511068617847e-27
3.548133892336e+07 -2.648154464563e-01 -1.658412708102e-01 5.000000000000e-01 0.000000000000e+00 -5.000000000000e-01 1.187855041256e-27
3.981071705535e+07 -2.303501377657e-01 -1.206905479564e-01 5.000000000000e-01 0.000000000000e+00 -5.000000000000e-01 9.208918044943e-28
4.466835921510e+07 -1.976468745850e-01 -8.466752628785e-02 5.000000000000e-01 0.000000000000e+00 -5.000000000000e-01 7.042228017688e-28
5.011872336273e+07 -1.673480863085e-01 -5.660921387281e-02 5.000000000000e-01 0.000000000000e+00 -5.000000000000e-01 5.314236549921e-28
5.623413251903e+07 -1.398960347097e-01 -3.531377550673e-02 5.000000000000e-01 0.000000000000e+00 -5.000000000000e-01 3.959364970282e-28
6.309573444802e+07 -1.155284297190e-01 -1.960719295682e-02 5.000000000000e-01 0.000000000000e+00 -5.000000000000e-01 2.914130538028e-28
7.079457843841e+07 -9.429976448315e-02 -8.398625183245e-03 5.000000000000e-01 0.000000000000e+00 -5.000000000000e-01 2.119975001045e-28
7.943282347243e+07 -7.611798496209e-02 -7.176313295005e-04 5.000000000000e-01 0.000000000000e+00 -5.000000000000e-01 1.525131933541e-28
8.912509381337e+07 -6.078629554449e-02 4.267573933341e-03 5.000000000000e-01 0.000000000000e+00 -5.000000000000e-01 1.085489955097e-28
1.000000000000e+08 -4.804252874075e-02 7.247664545662e-03 5.000000000000e-01 0.000000000000e+00 -5.000000000000e-01 7.646205927724e-29
1.122018454302e+08 -3.759181862784e-02 8.780699140734e-03 5.000000000000e-01 0.000000000000e+00 -5.000000000000e-01 5.332286408923e-29
1.258925411794e+08 -2.913114868260e-02 9.306779100939e-03 5.000000000000e-01 0.000000000000e+00 -5.000000000000e-01 3.682796667178e-29
1.412537544623e+08 -2.236623986582e-02 9.165072274735e-03 5.000000000000e-01 0.000000000000e+00 -5.000000000000e-01 2.520072932981e-29
1.584893192461e+08 -1.702221375288e-02 8.610695516850e-03 5.000000000000e-01 0.000000000000e+00 -5.000000000000e-01 1.709370368946e-29
1.778279410039e+08 -1.284971534345e-02 7.830137716119e-03 5.000000000000e-01 0.000000000000e+00 -5.000000000000e-01 1.150041834083e-29
1.995262314969e+08 -9.627966066634e-03 6.954786243558e-03 5.000000000000e-01 0.000000000000e+00 -5.000000000000e-01 7.679884393796e-30
2.238721138568e+08 -7.165788876792e-03 6.072623043874e-03 5.000000000000e-01 0.000000000000e+00 -5.000000000000e-01 5.094295583521e-30
2.511886431510e+08 -5.301219049871e-03 5.238320188262e-03 5.000000000000e-01 0.000000000000e+00 -5.000000000000e-01 3.358890774743e-30
2.818382931264e+08 -3.900027963288e-03 4.481911021732e-03 5.000000000000e-01 0.000000000000e+00 -5.000000000000e-01 2.202357677051e-30
3.162277660168e+08 -2.853380595873e-03 3.816095052810e-03 5.000000000000e-01 0.000000000000e+00 -5.000000000000e-01 1.436083972245e-30
3.548133892336e+08 -2.074865803260e-03 3.242168327612e-03 5.000000000000e-01 0.000000000000e+00 -5.000000000000e-01 9.307009229683e-31
3.981071705535e+08 -1.497188231972e-03 2.754594041775e-03 5.000000000000e-01 0.000000000000e+00 -5.000000000000e-01 5.985446268804e-31
4.466835921510e+08 -1.068821075067e-03 2.344310038117e-03 5.000000000000e-01 0.000000000000e+00 -5.000000000000e-01 3.808247277644e-31
5.011872336273e+08 -7.508700092839e-04 2.000955172626e-03 5.000000000000e-01 0.000000000000e+00 -5.000000000000e-01 2.384431716907e-31
5.623413251903e+08 -5.143117435822e-04 1.714245319930e-03 5.000000000000e-01 0.000000000000e+00 -5.000000000000e-01 1.455615168485e-31
6.309573444802e+08 -3.376794364253e-04 1.474732354010e-03 5.000000000000e-01 0.000000000000e+00 -5.000000000000e-01 8.517747191271e-32
7.079457843841e+08 -2.051959702726e-04 1.274148330253e-03 5.000000000000e-01 0.000000000000e+00 -5.000000000000e-01 4.613058470266e-32
7.943282347243e+08 -1.053126350998e-04 1.105491497615e-03 5.000000000000e-01 0.000000000000e+00 -5.000000000000e-01 2.110088212084e-32
8.912509381337e+08 -2.959138833174e-05 9.629655791260e-04 5.000000000000e-01 0.000000000000e+00 -5.000000000000e-01 5.284275757185e-33
1.000000000000e+09 2.813456221020e-05 8.418464070944e-04 5.000000000000e-01 0.000000000000e+00 -5.000000000000e-01 -4.477754647480e-33
