# freq_hz rev(vout) imv(vout) rev(vinp) imv(vinp) rev(vinn) imv(vinn)
1.000000000000e-01 8.120558227413e-01 -3.008167514328e-04 1.000000000000e+00 0.000000000000e+00 1.000000000000e+00 -1.292426982567e-18
1.122018454302e-01 8.120557942337e-01 -3.375219346364e-04 1.000000000000e+00 0.000000000000e+00 1.000000000000e+00 -1.151876720264e-18
1.258925411794e-01 8.120557581575e-01 -3.787058225822e-04 1.000000000000e+00 0.000000000000e+00 1.000000000000e+00 -1.026611161942e-18
1.412537544623e-01 8.120557123359e-01 -4.249148977274e-04 1.000000000000e+00 0.000000000000e+00 1.000000000000e+00 -9.149681095289e-19
1.584893192461e-01 8.120556544415e-01 -4.767623227595e-04 1.000000000000e+00 0.000000000000e+00 1.000000000000e+00 -8.154661278408e-19
1.778279410039e-01 8.120555818484e-01 -5.349360766184e-04 1.000000000000e+00 0.000000000000e+00 1.000000000000e+00 -7.267848864840e-19
1.995262314969e-01 8.120554906359e-01 -6.002080824168e-04 1.000000000000e+00 0.000000000000e+00 1.000000000000e+00 -6.477476391447e-19
2.238721138568e-01 8.120553758349e-01 -6.734444496702e-04 1.000000000000e+00 0.000000000000e+00 1.000000000000e+00 -5.773056094443e-19
2.511886431510e-01 8.120552315607e-01 -7.556169662005e-04 1.000000000000e+00 0.000000000000e+00 1.000000000000e+00 -5.145240746050e-19
2.818382931264e-01 8.120550488166e-01 -8.478159896211e-04 1.000000000000e+00 0.000000000000e+00 1.000000000000e+00 -4.585699609842e-19
3.162277660168e-01 8.120548201410e-01 -9.512649182638e-04 1.000000000000e+00 0.000000000000e+00 1.000000000000e+00 -4.087007928311e-19
3.548133892336e-01 8.120545312968e-01 -1.067336413469e-03 1.000000000000e+00 0.000000000000e+00 1.000000000000e+00 -3.642548354679e-19
3.981071705535e-01 8.120541678301e-01 -1.197570616671e-03 1.000000000000e+00 0.000000000000e+00 1.000000000000e+00 -3.246423185221e-19
4.466835921510e-01 8.120537100819e-01 -1.343695574561e-03 1.000000000000e+00 0.000000000000e+00 1.000000000000e+00 -2.893376078455e-19
5.011872336273e-01 8.120531343542e-01 -1.507650162413e-03 1.000000000000e+00 0.000000000000e+00 1.000000000000e+00 -2.578722316037e-19
5.623413251903e-01 8.120524100615e-01 -1.691609795625e-03 1.000000000000e+00 0.000000000000e+00 1.000000000000e+00 -2.298286633472e-19
6.309573444802e-01 8.120514971913e-01 -1.898015273885e-03 1.000000000000e+00 0.000000000000e+00 1.000000000000e+00 -2.048347815505e-19
7.079457843841e-01 8.120503482590e-01 -2.129605149788e-03 1.000000000000e+00 0.000000000000e+00 1.000000000000e+00 -1.825589329190e-19
7.943282347243e-01 8.120489017305e-01 -2.389452020785e-03 1.000000000000e+00 0.000000000000e+00 1.000000000000e+00 -1.627055304026e-19
8.912509381337e-01 8.120470800297e-01 -2.681003246737e-03 1.000000000000e+00 0.000000000000e+00 1.000000000000e+00 -1.450111313003e-19
1.000000000000e+00 8.120447882553e-01 -3.008126626673e-03 1.000000000000e+00 0.000000000000e+00 1.000000000000e+00 -1.292409420628e-19
1.122018454302e+00 8.120419021389e-01 -3.375161588515e-03 1.000000000000e+00 0.000000000000e+00 1.000000000000e+00 -1.151857014706e-19
1.258925411794e+00 8.120382689503e-01 -3.786976639922e-03 1.000000000000e+00 0.000000000000e+00 1.000000000000e+00 -1.026589051828e-19
1.412537544623e+00 8.120336944242e-01 -4.249033732113e-03 1.000000000000e+00 0.000000000000e+00 1.000000000000e+00 -9.149433012678e-20
1.584893192461e+00 8.120279364408e-01 -4.767460444621e-03 1.000000000000e+00 0.000000000000e+00 1.000000000000e+00 -8.154382934253e-20
1.778279410039e+00 8.120206869182e-01 -5.349130828854e-03 1.000000000000e+00 0.000000000000e+00 1.000000000000e+00 -7.267536557259e-20
1.995262314969e+00 8.120115607017e-01 -6.001756029908e-03 1.000000000000e+00 0.000000000000e+00 1.000000000000e+00 -6.477125977979e-20
2.238721138568e+00 8.120000722756e-01 -6.733985720289e-03 1.000000000000e+00 0.000000000000e+00 1.000000000000e+00 -5.772662930909e-20
2.511886431510e+00 8.119856087569e-01 -7.555521625286e-03 1.000000000000e+00 0.000000000000e+00 1.000000000000e+00 -5.144799610852e-20
2.818382931264e+00 8.119674016571e-01 -8.477244548587e-03 1.000000000000e+00 0.000000000000e+00 1.000000000000e+00 -4.585204663623e-20
3.162277660168e+00 8.119444815712e-01 -9.511356250629e-03 1.000000000000e+00 0.000000000000e+00 1.000000000000e+00 -4.086452603046e-20
3.548133892336e+00 8.119156285025e-01 -1.067153788847e-02 1.000000000000e+00 0.000000000000e+00 1.000000000000e+00 -3.641925292862e-20
3.981071705535e+00 8.118793083305e-01 -1.197312665465e-02 1.000000000000e+00 0.000000000000e+00 1.000000000000e+00 -3.245724133362e-20
4.466835921510e+00 8.118335870646e-01 -1.343331228732e-02 1.000000000000e+00 0.000000000000e+00 1.000000000000e+00 -2.892591772308e-20
5.011872336273e+00 8.117760361076e-01 -1.507135547769e-02 1.000000000000e+00 0.000000000000e+00 1.000000000000e+00 -2.577842374303e-20
5.623413251903e+00 8.117035951130e-01 -1.690882947871e-02 1.000000000000e+00 0.000000000000e+00 1.000000000000e+00 -2.297299410485e-20
6.309573444802e+00 8.116124149448e-01 -1.896988690451e-02 1.000000000000e+00 0.000000000000e+00 1.000000000000e+00 -2.047240258701e-20
7.079457843841e+00 8.114976553018e-01 -2.128155269066e-02 1.000000000000e+00 0.000000000000e+00 1.000000000000e+00 -1.824346807264e-20
7.943282347243e+00 8.113532270635e-01 -2.387404376278e-02 1.000000000000e+00 0.000000000000e+00 1.000000000000e+00 -1.625661420992e-20
8.912509381337e+00 8.111714770012e-01 -2.678111530833e-02 1.000000000000e+00 0.000000000000e+00 1.000000000000e+00 -1.448547706780e-20
1.000000000000e+01 8.109427822122e-01 -3.004043128718e-02 1.000000000000e+00 0.000000000000e+00 1.000000000000e+00 -1.290655523552e-20
1.122018454302e+01 8.106550560204e-01 -3.369395561951e-02 1.000000000000e+00 0.000000000000e+00 1.000000000000e+00 -1.149889815215e-20
1.258925411794e+01 8.102931214068e-01 -3.778835588063e-02 1.000000000000e+00 0.000000000000e+00 1.000000000000e+00 -1.024382814219e-20
1.412537544623e+01 8.098379314982e-01 -4.237540721303e-02 1.000000000000e+00 0.000000000000e+00 1.000000000000e+00 -9.124692677509e-21
1.584893192461e+01 8.092656073083e-01 -4.751237720120e-02 1.000000000000e+00 0.000000000000e+00 1.000000000000e+00 -8.126643630625e-21
1.778279410039e+01 8.085462443676e-01 -5.326236205532e-02 1.000000000000e+00 0.000000000000e+00 1.000000000000e+00 -7.236440504515e-21
1.995262314969e+01 8.076424371895e-01 -5.969453042286e-02 1.000000000000e+00 0.000000000000e+00 1.000000000000e+00 -6.442275041584e-21
2.238721138568e+01 8.065074804109e-01 -6.688421315770e-02 1.000000000000e+00 0.000000000000e+00 1.000000000000e+00 -5.733615050817e-21
2.511886431510e+01 8.050831843759e-01 -7.491275043383e-02 1.000000000000e+00 0.000000000000e+00 1.000000000000e+00 -5.101065350196e-21
2.818382931264e+01 8.032972412069e-01 -8.386697248919e-02 1.000000000000e+00 0.000000000000e+00 1.000000000000e+00 -4.536244003283e-21
3.162277660168e+01 8.010601105085e-01 -9.383814695516e-02 1.000000000000e+00 0.000000000000e+00 1.000000000000e+00 -4.031672421036e-21
3.548133892336e+01 7.982613913799e-01 -1.049201666040e-01 1.000000000000e+00 0.000000000000e+00 1.000000000000e+00 -3.580677904878e-21
3.981071705535e+01 7.947657065580e-01 -1.172066827432e-01 1.000000000000e+00 0.000000000000e+00 1.000000000000e+00 -3.177307523086e-21
4.466835921510e+01 7.904082071603e-01 -1.307868112054e-01 1.000000000000e+00 0.000000000000e+00 1.000000000000e+00 -2.816252386258e-21
5.011872336273e+01 7.849899383186e-01 -1.457389587440e-01 1.000000000000e+00 0.000000000000e+00 1.000000000000e+00 -2.492781551065e-21
5.623413251903e+01 7.782734962075e-01 -1.621222537065e-01 1.000000000000e+00 0.000000000000e+00 1.000000000000e+00 -2.202684889953e-21
6.309573444802e+01 7.699797306669e-01 -1.799650608884e-01 1.000000000000e+00 0.000000000000e+00 1.000000000000e+00 -1.942224482973e-21
7.079457843841e+01 7.597865946592e-01 -1.992501515448e-01 1.000000000000e+00 0.000000000000e+00 1.000000000000e+00 -1.708093965718e-21
7.943282347243e+01 7.473317661070e-01 -2.198964005472e-01 1.000000000000e+00 0.000000000000e+00 1.000000000000e+00 -1.497385331450e-21
8.912509381337e+01 7.322211197343e-01 -2.417374647964e-01 1.000000000000e+00 0.000000000000e+00 1.000000000000e+00 -1.307562277412e-21
1.000000000000e+02 7.140455184084e-01 -2.644989034584e-01 1.000000000000e+00 0.000000000000e+00 1.000000000000e+00 -1.136438738465e-21
1.122018454302e+02 6.924083515238e-01 -2.877766649556e-01 1.000000000000e+00 0.000000000000e+00 1.000000000000e+00 -9.821604213361e-22
1.258925411794e+02 6.669654162249e-01 -3.110216890797e-01 1.000000000000e+00 0.000000000000e+00 1.000000000000e+00 -8.431861162546e-22
1.412537544623e+02 6.374767013707e-01 -3.335371607795e-01 1.000000000000e+00 0.000000000000e+00 1.000000000000e+00 -7.182645765209e-22
1.584893192461e+02 6.038660939921e-01 -3.544958685275e-01 1.000000000000e+00 0.000000000000e+00 1.000000000000e+00 -6.064022123501e-22
1.778279410039e+02 5.662804158813e-01 -3.729840572736e-01 1.000000000000e+00 0.000000000000e+00 1.000000000000e+00 -5.068175836482e-22
1.995262314969e+02 5.251345967270e-01 -3.880739536429e-01 1.000000000000e+00 0.000000000000e+00 1.000000000000e+00 -4.188810976374e-22
2.238721138568e+02 4.811276805985e-01 -3.989197126396e-01 1.000000000000e+00 0.000000000000e+00 1.000000000000e+00 -3.420428176907e-22
2.511886431510e+02 4.352169851546e-01 -4.048623917091e-01 1.000000000000e+00 0.000000000000e+00 1.000000000000e+00 -2.757566330837e-22
2.818382931264e+02 3.885464030960e-01 -4.055223946270e-01 1.000000000000e+00 0.000000000000e+00 1.000000000000e+00 -2.194133380108e-22
3.162277660168e+02 3.423375739746e-01 -4.008567432881e-01 1.000000000000e+00 0.000000000000e+00 1.000000000000e+00 -1.722958037214e-22
3.548133892336e+02 2.977646704797e-01 -3.911657383004e-01 1.000000000000e+00 0.000000000000e+00 1.000000000000e+00 -1.335651940519e-22
3.981071705535e+02 2.558392528934e-01 -3.770471619164e-01 1.000000000000e+00 0.000000000000e+00 1.000000000000e+00 -1.022791970247e-22
4.466835921510e+02 2.173281004946e-01 -3.593105237647e-01 1.000000000000e+00 0.000000000000e+00 1.000000000000e+00 -7.743477054901e-23
5.011872336273e+02 1.827160138891e-01 -3.388729965626e-01 1.000000000000e+00 0.000000000000e+00 1.000000000000e+00 -5.802254096035e-23
5.623413251903e+02 1.522124592787e-01 -3.166595704150e-01 1.000000000000e+00 0.000000000000e+00 1.000000000000e+00 -4.307946830273e-23
6.309573444802e+02 1.257909889159e-01 -2.935239345919e-01 1.000000000000e+00 0.000000000000e+00 1.000000000000e+00 -3.172997011196e-23
7.079457843841e+02 1.032462237610e-01 -2.701975330798e-01 1.000000000000e+00 0.000000000000e+00 1.000000000000e+00 -2.321102438780e-23
7.943282347243e+02 8.425439132479e-02 -2.472661767232e-01 1.000000000000e+00 0.000000000000e+00 1.000000000000e+00 -1.688156390564e-23
8.912509381337e+02 6.842759010484e-02 -2.251685352323e-01 1.000000000000e+00 0.000000000000e+00 1.000000000000e+00 -1.221944207069e-23
1.000000000000e+03 5.535675174229e-02 -2.042090872245e-01 1.000000000000e+00 0.000000000000e+00 1.000000000000e+00 -8.810300673410e-24
1.122018454302e+03 4.464212337145e-02 -1.845786443212e-01 1.000000000000e+00 0.000000000000e+00 1.000000000000e+00 -6.332350931853e-24
1.258925411794e+03 3.591249323623e-02 -1.663772280491e-01 1.000000000000e+00 0.000000000000e+00 1.000000000000e+00 -4.540102824025e-24
1.412537544623e+03 2.883547596561e-02 -1.496359622204e-01 1.000000000000e+00 0.000000000000e+00 1.000000000000e+00 -3.248981631515e-24
1.584893192461e+03 2.312135727869e-02 -1.343361907688e-01 1.000000000000e+00 0.000000000000e+00 1.000000000000e+00 -2.321846241387e-24
1.778279410039e+03 1.852270738439e-02 -1.204251672283e-01 1.000000000000e+00 0.000000000000e+00 1.000000000000e+00 -1.657771227070e-24
1.995262314969e+03 1.483148708991e-02 -1.078283300739e-01 1.000000000000e+00 0.000000000000e+00 1.000000000000e+00 -1.183054712168e-24
2.238721138568e+03 1.187488339609e-02 -9.645854267175e-02 1.000000000000e+00 0.000000000000e+00 1.000000000000e+00 -8.442080429643e-25
2.511886431510e+03 9.510695308602e-03 -8.622280789481e-02 1.000000000000e+00 0.000000000000e+00 1.000000000000e+00 -6.026045412000e-25
2.818382931264e+03 7.622774689894e-03 -7.702697837835e-02 1.000000000000e+00 0.000000000000e+00 1.000000000000e+00 -4.304604099420e-25
3.162277660168e+03 6.116804239840e-03 -6.877893779496e-02 1.000000000000e+00 0.000000000000e+00 1.000000000000e+00 -3.078539379854e-25
3.548133892336e+03 4.916545074850e-03 -6.139064165983e-02 1.000000000000e+00 0.000000000000e+00 1.000000000000e+00 -2.205363369387e-25
3.981071705535e+03 3.960594600684e-03 -5.477933396016e-02 1.000000000000e+00 0.000000000000e+00 1.000000000000e+00 -1.583363111521e-25
4.466835921510e+03 3.199640925261e-03 -4.886817980173e-02 1.000000000000e+00 0.000000000000e+00 1.000000000000e+00 -1.140043373676e-25
5.011872336273e+03 2.594171852806e-03 -4.358649518162e-02 1.000000000000e+00 0.000000000000e+00 1.000000000000e+00 -8.237944742061e-26
5.623413251903e+03 2.112584307884e-03 -3.886970835520e-02 1.000000000000e+00 0.000000000000e+00 1.000000000000e+00 -5.979077479095e-26
6.309573444802e+03 1.729637145860e-03 -3.465914660666e-02 1.000000000000e+00 0.000000000000e+00 1.000000000000e+00 -4.362898758951e-26
7.079457843841e+03 1.425193224102e-03 -3.090171830481e-02 1.000000000000e+00 0.000000000000e+00 1.000000000000e+00 -3.204010130089e-26
7.943282347243e+03 1.183201727612e-03 -2.754953713617e-02 1.000000000000e+00 0.000000000000e+00 1.000000000000e+00 -2.370712702789e-26
8.912509381337e+03 9.908780371863e-04 -2.455952040503e-02 1.000000000000e+00 0.000000000000e+00 1.000000000000e+00 -1.769458307053e-26
1.000000000000e+04 8.380448412769e-04 -2.189298401867e-02 1.000000000000e+00 0.000000000000e+00 1.000000000000e+00 -1.333789790213e-26
1.122018454302e+04 7.166040232233e-04 -1.951524732487e-02 1.000000000000e+00 0.000000000000e+00 1.000000000000e+00 -1.016481253923e-26
1.258925411794e+04 6.201141890514e-04 -1.739525725884e-02 1.000000000000e+00 0.000000000000e+00 1.000000000000e+00 -7.839562021613e-27
1.412537544623e+04 5.434531672934e-04 -1.550523549310e-02 1.000000000000e+00 0.000000000000e+00 1.000000000000e+00 -6.123253731747e-27
1.584893192461e+04 4.825487499503e-04 -1.382035252478e-02 1.000000000000e+00 0.000000000000e+00 1.000000000000e+00 -4.845753594447e-27
1.778279410039e+04 4.341640347450e-04 -1.231842790720e-02 1.000000000000e+00 0.000000000000e+00 1.000000000000e+00 -3.885742130772e-27
1.995262314969e+04 3.957264500821e-04 -1.097965735539e-02 1.000000000000e+00 0.000000000000e+00 1.000000000000e+00 -3.156568445821e-27
2.238721138568e+04 3.651916364330e-04 -9.786364956490e-03 1.000000000000e+00 0.000000000000e+00 1.000000000000e+00 -2.596216791361e-27
2.511886431510e+04 3.409351326161e-04 -8.722779287373e-03 1.000000000000e+00 0.000000000000e+00 1.000000000000e+00 -2.160189686445e-27
2.818382931264e+04 3.216662184700e-04 -7.774831682957e-03 1.000000000000e+00 0.000000000000e+00 1.000000000000e+00 -1.816458939161e-27
3.162277660168e+04 3.063594041270e-04 -6.929974999114e-03 1.000000000000e+00 0.000000000000e+00 1.000000000000e+00 -1.541882743067e-27
3.548133892336e+04 2.941999546356e-04 -6.177020785031e-03 1.000000000000e+00 0.000000000000e+00 1.000000000000e+00 -1.319662066379e-27
3.981071705535e+04 2.845405928565e-04 -5.505993584844e-03 1.000000000000e+00 0.000000000000e+00 1.000000000000e+00 -1.137533940977e-27
4.466835921510e+04 2.768670864551e-04 -4.908000474691e-03 1.000000000000e+00 0.000000000000e+00 1.000000000000e+00 -9.864872174794e-28
5.011872336273e+04 2.707708955535e-04 -4.375114353527e-03 1.000000000000e+00 0.000000000000e+00 1.000000000000e+00 -8.598488464817e-28
5.623413251903e+04 2.659274404241e-04 -3.900269748733e-03 1.000000000000e+00 0.000000000000e+00 1.000000000000e+00 -7.526330495801e-28
6.309573444802e+04 2.620788306969e-04 -3.477169732475e-03 1.000000000000e+00 0.000000000000e+00 1.000000000000e+00 -6.610770402303e-28
7.079457843841e+04 2.590201399093e-04 -3.100202835172e-03 1.000000000000e+00 0.000000000000e+00 1.000000000000e+00 -5.823092182518e-28
7.943282347243e+04 2.565884973764e-04 -2.764368914424e-03 1.000000000000e+00 0.000000000000e+00 1.000000000000e+00 -5.141114958980e-28
8.912509381337e+04 2.546544202911e-04 -2.465213071949e-03 1.000000000000e+00 0.000000000000e+00 1.000000000000e+00 -4.547485790512e-28
1.000000000000e+05 2.531149178249e-04 -2.198766677296e-03 1.000000000000e+00 0.000000000000e+00 1.000000000000e+00 -4.028449034056e-28
1.122018454302e+05 2.518880103473e-04 -1.961494855224e-03 1.000000000000e+00 0.000000000000e+00 1.000000000000e+00 -3.572955667189e-28
1.258925411794e+05 2.509083628536e-04 -1.750249636826e-03 1.000000000000e+00 0.000000000000e+00 1.000000000000e+00 -3.172015262948e-28
1.412537544623e+05 2.501238077626e-04 -1.562228275970e-03 1.000000000000e+00 0.000000000000e+00 1.000000000000e+00 -2.818221755851e-28
1.584893192461e+05 2.494925656174e-04 -1.394936077339e-03 1.000000000000e+00 0.000000000000e+00 1.000000000000e+00 -2.505403851434e-28
1.778279410039e+05 2.489810212471e-04 -1.246153330822e-03 1.000000000000e+00 0.000000000000e+00 1.000000000000e+00 -2.228365241255e-28
1.995262314969e+05 2.485619339253e-04 -1.113905877507e-03 1.000000000000e+00 0.000000000000e+00 1.000000000000e+00 -1.982689702060e-28
2.238721138568e+05 2.482129863733e-04 -9.964389169388e-04 1.000000000000e+00 0.000000000000e+00 1.000000000000e+00 -1.764593322499e-28
2.511886431510e+05 2.479155974761e-04 -8.921937427344e-04 1.000000000000e+00 0.000000000000e+00 1.000000000000e+00 -1.570811176563e-28
2.818382931264e+05 2.476539310014e-04 -7.997870399129e-04 1.000000000000e+00 0.000000000000e+00 1.000000000000e+00 -1.398509296190e-28
3.162277660168e+05 2.474140550612e-04 -7.179925451471e-04 1.000000000000e+00 0.000000000000e+00 1.000000000000e+00 -1.245215445500e-28
3.548133892336e+05 2.471831987183e-04 -6.457247481425e-04 1.000000000000e+00 0.000000000000e+00 1.000000000000e+00 -1.108763905732e-28
3.981071705535e+05 2.469490744367e-04 -5.820244824256e-04 1.000000000000e+00 0.000000000000e+00 1.000000000000e+00 -9.872508911094e-29
4.466835921510e+05 2.466992232229e-04 -5.260461587936e-04 1.000000000000e+00 0.000000000000e+00 1.000000000000e+00 -8.789980541711e-29
5.011872336273e+05 2.464203532791e-04 -4.770465156705e-04 1.000000000000e+00 0.000000000000e+00 1.000000000000e+00 -7.825222725422e-29
5.623413251903e+05 2.460976375594e-04 -4.343747011058e-04 1.000000000000e+00 0.000000000000e+00 1.000000000000e+00 -6.965103531675e-29
6.309573444802e+05 2.457139256987e-04 -3.974635511508e-04 1.000000000000e+00 0.000000000000e+00 1.000000000000e+00 -6.197976171227e-29
7.079457843841e+05 2.452488415410e-04 -3.658219539900e-04 1.000000000000e+00 0.000000000000e+00 1.000000000000e+00 -5.513496411708e-29
7.943282347243e+05 2.446777089864e-04 -3.390281777548e-04 1.000000000000e+00 0.000000000000e+00 1.000000000000e+00 -4.902465397447e-29
8.912509381337e+05 2.439702562271e-04 -3.167240463831e-04 1.000000000000e+00 0.000000000000e+00 1.000000000000e+00 -4.356693562339e-29
1.000000000000e+06 2.430890372809e-04 -2.986098738166e-04 1.000000000000e+00 0.000000000000e+00 1.000000000000e+00 -3.868882189470e-29
1.122018454302e+06 2.419874862419e-04 -2.844400408747e-04 1.000000000000e+00 0.000000000000e+00 1.000000000000e+00 -3.432519710717e-29
1.258925411794e+06 2.406075145279e-04 -2.740191106920e-04 1.000000000000e+00 0.000000000000e+00 1.000000000000e+00 -3.041790635365e-29
1.412537544623e+06 2.388765365207e-04 -2.671983464163e-04 1.000000000000e+00 0.000000000000e+00 1.000000000000e+00 -2.691495296577e-29
1.584893192461e+06 2.367038061845e-04 -2.638725137632e-04 1.000000000000e+00 0.000000000000e+00 1.000000000000e+00 -2.376979154313e-29
1.778279410039e+06 2.339758822296e-04 -2.639767299886e-04 1.000000000000e+00 0.000000000000e+00 1.000000000000e+00 -2.094070145047e-29
1.995262314969e+06 2.305510747983e-04 -2.674831754936e-04 1.000000000000e+00 0.000000000000e+00 1.000000000000e+00 -1.839023516557e-29
2.238721138568e+06 2.262526573646e-04 -2.743973181703e-04 1.000000000000e+00 0.000000000000e+00 1.000000000000e+00 -1.608473167420e-29
2.511886431510e+06 2.208606512952e-04 -2.847532355590e-04 1.000000000000e+00 0.000000000000e+00 1.000000000000e+00 -1.399389078551e-29
2.818382931264e+06 2.141019860999e-04 -2.986074756737e-04 1.000000000000e+00 0.000000000000e+00 1.000000000000e+00 -1.209040440730e-29
3.162277660168e+06 2.056388888677e-04 -3.160306796383e-04 1.000000000000e+00 0.000000000000e+00 1.000000000000e+00 -1.034964325475e-29
3.548133892336e+06 1.950554851592e-04 -3.370959793867e-04 1.000000000000e+00 0.000000000000e+00 1.000000000000e+00 -8.749400553157e-30
3.981071705535e+06 1.818427551771e-04 -3.618628283772e-04 1.000000000000e+00 0.000000000000e+00 1.000000000000e+00 -7.269694065462e-30
4.466835921510e+06 1.653824272187e-04 -3.903546154791e-04 1.000000000000e+00 0.000000000000e+00 1.000000000000e+00 -5.892634351235e-30
5.011872336273e+06 1.449309503854e-04 -4.225279985904e-04 1.000000000000e+00 0.000000000000e+00 1.000000000000e+00 -4.602367261814e-30
5.623413251903e+06 1.196056061157e-04 -4.582315561672e-04 1.000000000000e+00 0.000000000000e+00 1.000000000000e+00 -3.385101286733e-30
6.309573444802e+06 8.837628080823e-05 -4.971512547756e-04 1.000000000000e+00 0.000000000000e+00 1.000000000000e+00 -2.229234997539e-30
7.079457843841e+06 5.006827148808e-05 -5.387404753556e-04 1.000000000000e+00 0.000000000000e+00 1.000000000000e+00 -1.125596489894e-30
7.943282347243e+06 3.384058721989e-06 -5.821335214948e-04 1.000000000000e+00 0.000000000000e+00 1.000000000000e+00 -6.780442262854e-32
8.912509381337e+06 -5.304509083346e-05 -6.260440912442e-04 1.000000000000e+00 0.000000000000e+00 1.000000000000e+00 9.472515597663e-31
1.000000000000e+07 -1.205640532189e-04 -6.686549244024e-04 1.000000000000e+00 0.000000000000e+00 1.000000000000e+00 1.918836502897e-30
1.122018454302e+07 -2.003401048447e-04 -7.075124958838e-04 1.000000000000e+00 0.000000000000e+00 1.000000000000e+00 2.841764131716e-30
1.258925411794e+07 -2.931371436910e-04 -7.394514463707e-04 1.000000000000e+00 0.000000000000e+00 1.000000000000e+00 3.705876852210e-30
1.412537544623e+07 -3.990126215078e-04 -7.605865649118e-04 1.000000000000e+00 0.000000000000e+00 1.000000000000e+00 4.495797744334e-30
1.584893192461e+07 -5.169496505202e-04 -7.664222928287e-04 1.000000000000e+00 0.000000000000e+00 1.000000000000e+00 5.191207369763e-30
1.778279410039e+07 -6.444659921288e-04 -7.521344560337e-04 1.000000000000e+00 0.000000000000e+00 1.000000000000e+00 5.767932065282e-30
1.995262314969e+07 -7.772800041906e-04 -7.130667264298e-04 1.000000000000e+00 0.000000000000e+00 1.000000000000e+00 6.200084766065e-30
2.238721138568e+07 -9.091510258309e-04 -6.454456113385e-04 1.000000000000e+00 0.000000000000e+00 1.000000000000e+00 6.463327534871e-30
2.511886431510e+07 -1.032028952293e-03 -5.472496491260e-04 1.000000000000e+00 0.000000000000e+00 1.000000000000e+00 6.539010168253e-30
2.818382931264e+07 -1.136621830930e-03 -4.190826972324e-04 1.000000000000e+00 0.000000000000e+00 1.000000000000e+00 6.418538120279e-30
3.162277660168e+07 -1.213406466128e-03 -2.648284056187e-04 1.000000000000e+00 0.000000000000e+00 1.000000000000e+00 6.106979140273e-30
3.548133892336e+07 -1.253974826695e-03 -9.184470471614e-05 1.000000000000e+00 0.000000000000e+00 1.000000000000e+00 5.624824153689e-30
3.981071705535e+07 -1.252469308840e-03 8.947485154263e-05 1.000000000000e+00 0.000000000000e+00 1.000000000000e+00 5.007111057448e-30
4.466835921510e+07 -1.206772823944e-03 2.667940268968e-04 1.000000000000e+00 0.000000000000e+00 1.000000000000e+00 4.299774236050e-30
5.011872336273e+07 -1.119135319280e-03 4.274113096101e-04 1.000000000000e+00 0.000000000000e+00 1.000000000000e+00 3.553879789857e-30
5.623413251903e+07 -9.960471635722e-04 5.599945407504e-04 1.000000000000e+00 0.000000000000e+00 1.000000000000e+00 2.819032187996e-30
6.309573444802e+07 -8.473717317283e-04 6.560874612167e-04 1.000000000000e+00 0.000000000000e+00 1.000000000000e+00 2.137440841615e-30
7.079457843841e+07 -6.849494966370e-04 7.110705801614e-04 1.000000000000e+00 0.000000000000e+00 1.000000000000e+00 1.539850940039e-30
7.943282347243e+07 -5.210085105181e-04 7.244246216307e-04 1.000000000000e+00 0.000000000000e+00 1.000000000000e+00 1.043914545864e-30
8.912509381337e+07 -3.667214679229e-04 6.993401378497e-04 1.000000000000e+00 0.000000000000e+00 1.000000000000e+00 6.548720664470e-31
1.000000000000e+08 -2.311513091016e-04 6.418663809922e-04 1.000000000000e+00 0.000000000000e+00 1.000000000000e+00 3.678887344568e-31
1.122018454302e+08 -1.206810629374e-04 5.598518574509e-04 1.000000000000e+00 0.000000000000e+00 1.000000000000e+00 1.711824580998e-31
1.258925411794e+08 -3.889288967471e-05 4.619011520482e-04 1.000000000000e+00 0.000000000000e+00 1.000000000000e+00 4.916888311942e-32
1.412537544623e+08 1.321509567903e-05 3.564957921364e-04 1.000000000000e+00 0.000000000000e+00 1.000000000000e+00 -1.488985414057e-32
1.584893192461e+08 3.680477830629e-05 2.513454611380e-04 1.000000000000e+00 0.000000000000e+00 1.000000000000e+00 -3.695935110775e-32
1.778279410039e+08 3.468062859852e-05 1.529767612395e-04 1.000000000000e+00 0.000000000000e+00 1.000000000000e+00 -3.103895506987e-32
1.995262314969e+08 1.076494708666e-05 6.653378234464e-05 1.000000000000e+00 0.000000000000e+00 1.000000000000e+00 -8.586813513749e-33
2.238721138568e+08 -3.037371286942e-05 -4.251826347294e-06 1.000000000000e+00 0.000000000000e+00 1.000000000000e+00 2.159325009239e-32
2.511886431510e+08 -8.390110367454e-05 -5.697322434414e-05 1.000000000000e+00 0.000000000000e+00 1.000000000000e+00 5.316034679420e-32
2.818382931264e+08 -1.449929235919e-04 -9.039926776220e-05 1.000000000000e+00 0.000000000000e+00 1.000000000000e+00 8.187794584978e-32
3.162277660168e+08 -2.090165794049e-04 -1.043143541782e-04 1.000000000000e+00 0.000000000000e+00 1.000000000000e+00 1.051963975822e-31
3.548133892336e+08 -2.716492849342e-04 -9.938006584004e-05 1.000000000000e+00 0.000000000000e+00 1.000000000000e+00 1.218508878091e-31
3.981071705535e+08 -3.289684217062e-04 -7.702709585306e-05 1.000000000000e+00 0.000000000000e+00 1.000000000000e+00 1.315147133946e-31
4.466835921510e+08 -3.775408430287e-04 -3.936520711392e-05 1.000000000000e+00 0.000000000000e+00 1.000000000000e+00 1.345191371319e-31
5.011872336273e+08 -4.145204033604e-04 1.090983110400e-05 1.000000000000e+00 0.000000000000e+00 1.000000000000e+00 1.316333832564e-31
5.623413251903e+08 -4.377475873886e-04 7.062970359334e-05 1.000000000000e+00 0.000000000000e+00 1.000000000000e+00 1.238921794266e-31
6.309573444802e+08 -4.458380157780e-04 1.362951402989e-04 1.000000000000e+00 0.000000000000e+00 1.000000000000e+00 1.124597798094e-31
7.079457843841e+08 -4.382468146140e-04 2.042453450489e-04 1.000000000000e+00 0.000000000000e+00 1.000000000000e+00 9.852328861705e-32
7.943282347243e+08 -4.152978052221e-04 2.708513437035e-04 1.000000000000e+00 0.000000000000e+00 1.000000000000e+00 8.321081344824e-32
8.912509381337e+08 -3.781660110908e-04 3.327270923992e-04 1.000000000000e+00 0.000000000000e+00 1.000000000000e+00 6.753091346022e-32
1.000000000000e+09 -3.288002159848e-04 3.869465389822e-04 1.000000000000e+00 0.000000000000e+00 1.000000000000e+00 5.233017966366e-32
