# freq_hz rev(vout) imv(vout) rev(vinp) imv(vinp) rev(vinn) imv(vinn)
1.000000000000e-01 6.500405755354e-01 -2.998179920370e-04 1.000000000000e+00 0.000000000000e+00 1.000000000000e+00 -1.034571708068e-18
1.122018454302e-01 6.500405397186e-01 -3.364013014685e-04 1.000000000000e+00 0.000000000000e+00 1.000000000000e+00 -9.220629545768e-19
1.258925411794e-01 6.500404946279e-01 -3.774484421197e-04 1.000000000000e+00 0.000000000000e+00 1.000000000000e+00 -8.217894162808e-19
1.412537544623e-01 6.500404378621e-01 -4.235040806208e-04 1.000000000000e+00 0.000000000000e+00 1.000000000000e+00 -7.324205242489e-19
1.584893192461e-01 6.500403663982e-01 -4.751793416807e-04 1.000000000000e+00 0.000000000000e+00 1.000000000000e+00 -6.527704075812e-19
1.778279410039e-01 6.500402764306e-01 -5.331599166619e-04 1.000000000000e+00 0.000000000000e+00 1.000000000000e+00 -5.817821576221e-19
1.995262314969e-01 6.500401631680e-01 -5.982151613294e-04 1.000000000000e+00 0.000000000000e+00 1.000000000000e+00 -5.185138034247e-19
2.238721138568e-01 6.500400205670e-01 -6.712083033686e-04 1.000000000000e+00 0.000000000000e+00 1.000000000000e+00 -4.621258123598e-19
2.511886431510e-01 6.500398410581e-01 -7.531078950272e-04 1.000000000000e+00 0.000000000000e+00 1.000000000000e+00 -4.118699500634e-19
2.818382931264e-01 6.500396150699e-01 -8.450006624436e-04 1.000000000000e+00 0.000000000000e+00 1.000000000000e+00 -3.670793517668e-19
3.162277660168e-01 6.500393305679e-01 -9.481059220722e-04 1.000000000000e+00 0.000000000000e+00 1.000000000000e+00 -3.271596734441e-19
3.548133892336e-01 6.500389724013e-01 -1.063791754870e-03 1.000000000000e+00 0.000000000000e+00 1.000000000000e+00 -2.915812052175e-19
3.981071705535e-01 6.500385214851e-01 -1.193593152266e-03 1.000000000000e+00 0.000000000000e+00 1.000000000000e+00 -2.598718424254e-19
4.466835921510e-01 6.500379538310e-01 -1.339232373892e-03 1.000000000000e+00 0.000000000000e+00 1.000000000000e+00 -2.316108210990e-19
5.011872336273e-01 6.500372391865e-01 -1.502641785581e-03 1.000000000000e+00 0.000000000000e+00 1.000000000000e+00 -2.064231346469e-19
5.623413251903e-01 6.500363395194e-01 -1.685989479418e-03 1.000000000000e+00 0.000000000000e+00 1.000000000000e+00 -1.839745577810e-19
6.309573444802e-01 6.500352068974e-01 -1.891708012483e-03 1.000000000000e+00 0.000000000000e+00 1.000000000000e+00 -1.639672115184e-19
7.079457843841e-01 6.500337810195e-01 -2.122526642788e-03 1.000000000000e+00 0.000000000000e+00 1.000000000000e+00 -1.461356105340e-19
7.943282347243e-01 6.500319859574e-01 -2.381507484291e-03 1.000000000000e+00 0.000000000000e+00 1.000000000000e+00 -1.302431403170e-19
8.912509381337e-01 6.500297261135e-01 -2.672086053842e-03 1.000000000000e+00 0.000000000000e+00 1.000000000000e+00 -1.160789174419e-19
1.000000000000e+00 6.500268811670e-01 -2.998116737892e-03 1.000000000000e+00 0.000000000000e+00 1.000000000000e+00 -1.034549912803e-19
1.122018454302e+00 6.500232996214e-01 -3.363923767249e-03 1.000000000000e+00 0.000000000000e+00 1.000000000000e+00 -9.220385000175e-20
1.258925411794e+00 6.500187907880e-01 -3.774358356496e-03 1.000000000000e+00 0.000000000000e+00 1.000000000000e+00 -8.217619780117e-20
1.412537544623e+00 6.500131145851e-01 -4.234862736413e-03 1.000000000000e+00 0.000000000000e+00 1.000000000000e+00 -7.323897382735e-20
1.584893192461e+00 6.500059688039e-01 -4.751541889064e-03 1.000000000000e+00 0.000000000000e+00 1.000000000000e+00 -6.527358655237e-20
1.778279410039e+00 6.499969730402e-01 -5.331243879105e-03 1.000000000000e+00 0.000000000000e+00 1.000000000000e+00 -5.817434013469e-20
1.995262314969e+00 6.499856483817e-01 -5.981649764947e-03 1.000000000000e+00 0.000000000000e+00 1.000000000000e+00 -5.184703189282e-20
2.238721138568e+00 6.499713920584e-01 -6.711374169830e-03 1.000000000000e+00 0.000000000000e+00 1.000000000000e+00 -4.620770230479e-20
2.511886431510e+00 6.499534452811e-01 -7.530077681107e-03 1.000000000000e+00 0.000000000000e+00 1.000000000000e+00 -4.118152090735e-20
2.818382931264e+00 6.499308530669e-01 -8.448592343916e-03 1.000000000000e+00 0.000000000000e+00 1.000000000000e+00 -3.670179335322e-20
3.162277660168e+00 6.499024133620e-01 -9.479061584464e-03 1.000000000000e+00 0.000000000000e+00 1.000000000000e+00 -3.270907640931e-20
3.548133892336e+00 6.498666134356e-01 -1.063509596929e-02 1.000000000000e+00 0.000000000000e+00 1.000000000000e+00 -2.915038919531e-20
3.981071705535e+00 6.498215496178e-01 -1.193194621519e-02 1.000000000000e+00 0.000000000000e+00 1.000000000000e+00 -2.597851015984e-20
4.466835921510e+00 6.497648265144e-01 -1.338669483869e-02 1.000000000000e+00 0.000000000000e+00 1.000000000000e+00 -2.315135048705e-20
5.011872336273e+00 6.496934304625e-01 -1.501846770607e-02 1.000000000000e+00 0.000000000000e+00 1.000000000000e+00 -2.063139561718e-20
5.623413251903e+00 6.496035704532e-01 -1.684866647813e-02 1.000000000000e+00 0.000000000000e+00 1.000000000000e+00 -1.838520746324e-20
6.309573444802e+00 6.494904787511e-01 -1.890122249646e-02 1.000000000000e+00 0.000000000000e+00 1.000000000000e+00 -1.638298073375e-20
7.079457843841e+00 6.493481607325e-01 -2.120287189129e-02 1.000000000000e+00 0.000000000000e+00 1.000000000000e+00 -1.459814746381e-20
7.943282347243e+00 6.491690816457e-01 -2.378345053280e-02 1.000000000000e+00 0.000000000000e+00 1.000000000000e+00 -1.300702451830e-20
8.912509381337e+00 6.489437748888e-01 -2.667620567752e-02 1.000000000000e+00 0.000000000000e+00 1.000000000000e+00 -1.158849939373e-20
1.000000000000e+01 6.486603528334e-01 -2.991811854447e-02 1.000000000000e+00 0.000000000000e+00 1.000000000000e+00 -1.032375015412e-20
1.122018454302e+01 6.483038975587e-01 -3.355022827420e-02 1.000000000000e+00 0.000000000000e+00 1.000000000000e+00 -9.195995799053e-21
1.258925411794e+01 6.478557037977e-01 -3.761794226907e-02 1.000000000000e+00 0.000000000000e+00 1.000000000000e+00 -8.190273760757e-21
1.412537544623e+01 6.472923419449e-01 -4.217131024217e-02 1.000000000000e+00 0.000000000000e+00 1.000000000000e+00 -7.293241601842e-21
1.584893192461e+01 6.465845034995e-01 -4.726522853624e-02 1.000000000000e+00 0.000000000000e+00 1.000000000000e+00 -6.493000307406e-21
1.778279410039e+01 6.456955865855e-01 -5.295952641783e-02 1.000000000000e+00 0.000000000000e+00 1.000000000000e+00 -5.778936862090e-21
1.995262314969e+01 6.445799770349e-01 -5.931886592414e-02 1.000000000000e+00 0.000000000000e+00 1.000000000000e+00 -5.141584081127e-21
2.238721138568e+01 6.431809791682e-01 -6.641235971739e-02 1.000000000000e+00 0.000000000000e+00 1.000000000000e+00 -4.572495893918e-21
2.511886431510e+01 6.414283594418e-01 -7.431277626957e-02 1.000000000000e+00 0.000000000000e+00 1.000000000000e+00 -4.064136529578e-21
2.818382931264e+01 6.392354813031e-01 -8.309515666422e-02 1.000000000000e+00 0.000000000000e+00 1.000000000000e+00 -3.609782245008e-21
3.162277660168e+01 6.364960466668e-01 -9.283461284626e-02 1.000000000000e+00 0.000000000000e+00 1.000000000000e+00 -3.203434453636e-21
3.548133892336e+01 6.330805204561e-01 -1.036030146278e-01 1.000000000000e+00 0.000000000000e+00 1.000000000000e+00 -2.839743292197e-21
3.981071705535e+01 6.288324170989e-01 -1.154642089053e-01 1.000000000000e+00 0.000000000000e+00 1.000000000000e+00 -2.513940842075e-21
4.466835921510e+01 6.235647843054e-01 -1.284673630042e-01 1.000000000000e+00 0.000000000000e+00 1.000000000000e+00 -2.221783372036e-21
5.011872336273e+01 6.170574460515e-01 -1.426380108941e-01 1.000000000000e+00 0.000000000000e+00 1.000000000000e+00 -1.959502080689e-21
5.623413251903e+01 6.090558720040e-01 -1.579664494299e-01 1.000000000000e+00 0.000000000000e+00 1.000000000000e+00 -1.723761856125e-21
6.309573444802e+01 5.992729167800e-01 -1.743933468156e-01 1.000000000000e+00 0.000000000000e+00 1.000000000000e+00 -1.511627494331e-21
7.079457843841e+01 5.873950712802e-01 -1.917928717558e-01 1.000000000000e+00 0.000000000000e+00 1.000000000000e+00 -1.320536560909e-21
7.943282347243e+01 5.730951786309e-01 -2.099544185901e-01 1.000000000000e+00 0.000000000000e+00 1.000000000000e+00 -1.148277582918e-21
8.912509381337e+01 5.560535808563e-01 -2.285651414389e-01 1.000000000000e+00 0.000000000000e+00 1.000000000000e+00 -9.929714767262e-22
1.000000000000e+02 5.359890778957e-01 -2.471969536334e-01 1.000000000000e+00 0.000000000000e+00 1.000000000000e+00 -8.530531119037e-22
1.122018454302e+02 5.126995473277e-01 -2.653031019455e-01 1.000000000000e+00 0.000000000000e+00 1.000000000000e+00 -7.272488876214e-22
1.258925411794e+02 4.861093713476e-01 -2.822302707940e-01 1.000000000000e+00 0.000000000000e+00 1.000000000000e+00 -6.145456165112e-22
1.412537544623e+02 4.563171464919e-01 -2.972515008490e-01 1.000000000000e+00 0.000000000000e+00 1.000000000000e+00 -5.141465425698e-22
1.584893192461e+02 4.236334386211e-01 -3.096221185131e-01 1.000000000000e+00 0.000000000000e+00 1.000000000000e+00 -4.254126154133e-22
1.778279410039e+02 3.885963374770e-01 -3.186551240185e-01 1.000000000000e+00 0.000000000000e+00 1.000000000000e+00 -3.477913967159e-22
1.995262314969e+02 3.519542657161e-01 -3.238052131052e-01 1.000000000000e+00 0.000000000000e+00 1.000000000000e+00 -2.807413376715e-22
2.238721138568e+02 3.146119721134e-01 -3.247445567998e-01 1.000000000000e+00 0.000000000000e+00 1.000000000000e+00 -2.236636339162e-22
2.511886431510e+02 2.775456705120e-01 -3.214120163838e-01 1.000000000000e+00 0.000000000000e+00 1.000000000000e+00 -1.758549464722e-22
2.818382931264e+02 2.417031705233e-01 -3.140226164220e-01 1.000000000000e+00 0.000000000000e+00 1.000000000000e+00 -1.364905170374e-22
3.162277660168e+02 2.079100386423e-01 -3.030346359251e-01 1.000000000000e+00 0.000000000000e+00 1.000000000000e+00 -1.046394843348e-22
3.548133892336e+02 1.768007144610e-01 -2.890833476729e-01 1.000000000000e+00 0.000000000000e+00 1.000000000000e+00 -7.930565334480e-23
3.981071705535e+02 1.487851665148e-01 -2.728983010842e-01 1.000000000000e+00 0.000000000000e+00 1.000000000000e+00 -5.948120622058e-23
4.466835921510e+02 1.240511411195e-01 -2.552224006415e-01 1.000000000000e+00 0.000000000000e+00 1.000000000000e+00 -4.419986015221e-23
5.011872336273e+02 1.025937111582e-01 -2.367466009724e-01 1.000000000000e+00 0.000000000000e+00 1.000000000000e+00 -3.257923419715e-23
5.623413251903e+02 8.426007316141e-02 -2.180669115817e-01 1.000000000000e+00 0.000000000000e+00 1.000000000000e+00 -2.384745091317e-23
6.309573444802e+02 6.879813286517e-02 -1.996637101714e-01 1.000000000000e+00 0.000000000000e+00 1.000000000000e+00 -1.735388773389e-23
7.079457843841e+02 5.590065644066e-02 -1.818991121631e-01 1.000000000000e+00 0.000000000000e+00 1.000000000000e+00 -1.256715696436e-23
7.943282347243e+02 4.524060799277e-02 -1.650264825885e-01 1.000000000000e+00 0.000000000000e+00 1.000000000000e+00 -9.064598330728e-24
8.912509381337e+02 3.649648576950e-02 -1.492064882132e-01 1.000000000000e+00 0.000000000000e+00 1.000000000000e+00 -6.517352035401e-24
1.000000000000e+03 2.936850271166e-02 -1.345253710016e-01 1.000000000000e+00 0.000000000000e+00 1.000000000000e+00 -4.674142377768e-24
1.122018454302e+03 2.358741598168e-02 -1.210126233679e-01 1.000000000000e+00 0.000000000000e+00 1.000000000000e+00 -3.345804014057e-24
1.258925411794e+03 1.891801701105e-02 -1.086565406721e-01 1.000000000000e+00 0.000000000000e+00 1.000000000000e+00 -2.391639641712e-24
1.412537544623e+03 1.515908003169e-02 -9.741704792607e-02 1.000000000000e+00 0.000000000000e+00 1.000000000000e+00 -1.708020101096e-24
1.584893192461e+03 1.214118919518e-02 -8.723577774542e-02 1.000000000000e+00 0.000000000000e+00 1.000000000000e+00 -1.219217979242e-24
1.778279410039e+03 9.723469458956e-03 -7.804368309281e-02 1.000000000000e+00 0.000000000000e+00 1.000000000000e+00 -8.702446981389e-25
1.995262314969e+03 7.789906368622e-03 -6.976658524141e-02 1.000000000000e+00 0.000000000000e+00 1.000000000000e+00 -6.213729871446e-25
2.238721138568e+03 6.245680689050e-03 -6.232908386391e-02 1.000000000000e+00 0.000000000000e+00 1.000000000000e+00 -4.440173175260e-25
2.511886431510e+03 5.013756536349e-03 -5.565720385744e-02 1.000000000000e+00 0.000000000000e+00 1.000000000000e+00 -3.176752444734e-25
2.818382931264e+03 4.031839399333e-03 -4.968010460961e-02 1.000000000000e+00 0.000000000000e+00 1.000000000000e+00 -2.276791996709e-25
3.162277660168e+03 3.249741843071e-03 -4.433110882700e-02 1.000000000000e+00 0.000000000000e+00 1.000000000000e+00 -1.635569465048e-25
3.548133892336e+03 2.627148827926e-03 -3.954824623329e-02 1.000000000000e+00 0.000000000000e+00 1.000000000000e+00 -1.178432761812e-25
3.981071705535e+03 2.131750783195e-03 -3.527446353698e-02 1.000000000000e+00 0.000000000000e+00 1.000000000000e+00 -8.522294991919e-26
4.466835921510e+03 1.737701492840e-03 -3.145760977998e-02 1.000000000000e+00 0.000000000000e+00 1.000000000000e+00 -6.191491853816e-26
5.011872336273e+03 1.424355262532e-03 -2.805027710415e-02 1.000000000000e+00 0.000000000000e+00 1.000000000000e+00 -4.523123606129e-26
5.623413251903e+03 1.175239538777e-03 -2.500955176104e-02 1.000000000000e+00 0.000000000000e+00 1.000000000000e+00 -3.326185957435e-26
6.309573444802e+03 9.772234598926e-04 -2.229671710494e-02 1.000000000000e+00 0.000000000000e+00 1.000000000000e+00 -2.464983497029e-26
7.079457843841e+03 8.198475126399e-04 -1.987693225038e-02 1.000000000000e+00 0.000000000000e+00 1.000000000000e+00 -1.843118316352e-26
7.943282347243e+03 6.947849202873e-04 -1.771890862478e-02 1.000000000000e+00 0.000000000000e+00 1.000000000000e+00 -1.392100263033e-26
8.912509381337e+03 5.954097863151e-04 -1.579459205697e-02 1.000000000000e+00 0.000000000000e+00 1.000000000000e+00 -1.063251735317e-26
1.000000000000e+04 5.164515731074e-04 -1.407885986209e-02 1.000000000000e+00 0.000000000000e+00 1.000000000000e+00 -8.219582072763e-27
1.122018454302e+04 4.537190808061e-04 -1.254923729634e-02 1.000000000000e+00 0.000000000000e+00 1.000000000000e+00 -6.435868697928e-27
1.258925411794e+04 4.038801613277e-04 -1.118563380323e-02 1.000000000000e+00 0.000000000000e+00 1.000000000000e+00 -5.105904090096e-27
1.412537544623e+04 3.642861360126e-04 -9.970101718312e-03 1.000000000000e+00 0.000000000000e+00 1.000000000000e+00 -4.104523767667e-27
1.584893192461e+04 3.328318977603e-04 -8.886615275950e-03 1.000000000000e+00 0.000000000000e+00 1.000000000000e+00 -3.342297260104e-27
1.778279410039e+04 3.078445539920e-04 -7.920870720162e-03 1.000000000000e+00 0.000000000000e+00 1.000000000000e+00 -2.755190337084e-27
1.995262314969e+04 2.879948015829e-04 -7.060105237544e-03 1.000000000000e+00 0.000000000000e+00 1.000000000000e+00 -2.297231592700e-27
2.238721138568e+04 2.722264273519e-04 -6.292933766283e-03 1.000000000000e+00 0.000000000000e+00 1.000000000000e+00 -1.935309441041e-27
2.511886431510e+04 2.597002531041e-04 -5.609202541210e-03 1.000000000000e+00 0.000000000000e+00 1.000000000000e+00 -1.645479607885e-27
2.818382931264e+04 2.497495535713e-04 -4.999857237251e-03 1.000000000000e+00 0.000000000000e+00 1.000000000000e+00 -1.410343340677e-27
3.162277660168e+04 2.418446358150e-04 -4.456825330448e-03 1.000000000000e+00 0.000000000000e+00 1.000000000000e+00 -1.217184997226e-27
3.548133892336e+04 2.355646691318e-04 -3.972910338994e-03 1.000000000000e+00 0.000000000000e+00 1.000000000000e+00 -1.056647878794e-27
3.981071705535e+04 2.305753112997e-04 -3.541697610694e-03 1.000000000000e+00 0.000000000000e+00 1.000000000000e+00 -9.217920013168e-28
4.466835921510e+04 2.266109110776e-04 -3.157469775425e-03 1.000000000000e+00 0.000000000000e+00 1.000000000000e+00 -8.074226877887e-28
5.011872336273e+04 2.234603880976e-04 -2.815131716239e-03 1.000000000000e+00 0.000000000000e+00 1.000000000000e+00 -7.096115576125e-28
5.623413251903e+04 2.209559832235e-04 -2.510143076204e-03 1.000000000000e+00 0.000000000000e+00 1.000000000000e+00 -6.253539507139e-28
6.309573444802e+04 2.189643442823e-04 -2.238458526456e-03 1.000000000000e+00 0.000000000000e+00 1.000000000000e+00 -5.523235137568e-28
7.079457843841e+04 2.173794170398e-04 -1.996474126605e-03 1.000000000000e+00 0.000000000000e+00 1.000000000000e+00 -4.886957378863e-28
7.943282347243e+04 2.161168030554e-04 -1.780979703070e-03 1.000000000000e+00 0.000000000000e+00 1.000000000000e+00 -4.330207084156e-28
8.912509381337e+04 2.151092681525e-04 -1.589116364110e-03 1.000000000000e+00 0.000000000000e+00 1.000000000000e+00 -3.841309093378e-28
1.000000000000e+05 2.143031586328e-04 -1.418338593406e-03 1.000000000000e+00 0.000000000000e+00 1.000000000000e+00 -3.410740701661e-28
1.122018454302e+05 2.136555488004e-04 -1.266380561191e-03 1.000000000000e+00 0.000000000000e+00 1.000000000000e+00 -3.030639699394e-28
1.258925411794e+05 2.131319507968e-04 -1.131226054170e-03 1.000000000000e+00 0.000000000000e+00 1.000000000000e+00 -2.694441083033e-28
1.412537544623e+05 2.127044835236e-04 -1.011081782859e-03 1.000000000000e+00 0.000000000000e+00 1.000000000000e+00 -2.396606737957e-28
1.584893192461e+05 2.123503820347e-04 -9.043535603565e-04 1.000000000000e+00 0.000000000000e+00 1.000000000000e+00 -2.132422117088e-28
1.778279410039e+05 2.120507917908e-04 -8.096251942104e-04 1.000000000000e+00 0.000000000000e+00 1.000000000000e+00 -1.897841897597e-28
1.995262314969e+05 2.117897596654e-04 -7.256396689824e-04 1.000000000000e+00 0.000000000000e+00 1.000000000000e+00 -1.689371211701e-28
2.238721138568e+05 2.115533863746e-04 -6.512824659020e-04 1.000000000000e+00 0.000000000000e+00 1.000000000000e+00 -1.503973254609e-28
2.511886431510e+05 2.113290886470e-04 -5.855667854348e-04 1.000000000000e+00 0.000000000000e+00 1.000000000000e+00 -1.338996407455e-28
2.818382931264e+05 2.111049271275e-04 -5.276204133472e-04 1.000000000000e+00 0.000000000000e+00 1.000000000000e+00 -1.192115957370e-28
3.162277660168e+05 2.108689720296e-04 -4.766741340262e-04 1.000000000000e+00 0.000000000000e+00 1.000000000000e+00 -1.061286921953e-28
3.548133892336e+05 2.106086740318e-04 -4.320514917996e-04 1.000000000000e+00 0.000000000000e+00 1.000000000000e+00 -9.447053732272e-29
3.981071705535e+05 2.103101926229e-04 -3.931597497020e-04 1.000000000000e+00 0.000000000000e+00 1.000000000000e+00 -8.407762837328e-29
4.466835921510e+05 2.099576689661e-04 -3.594819590918e-04 1.000000000000e+00 0.000000000000e+00 1.000000000000e+00 -7.480865973854e-29
5.011872336273e+05 2.095323842016e-04 -3.305699895941e-04 1.000000000000e+00 0.000000000000e+00 1.000000000000e+00 -6.653823650328e-29
5.623413251903e+05 2.090117788395e-04 -3.060384358918e-04 1.000000000000e+00 0.000000000000e+00 1.000000000000e+00 -5.915492295624e-29
6.309573444802e+05 2.083682711456e-04 -2.855592977780e-04 1.000000000000e+00 0.000000000000e+00 1.000000000000e+00 -5.255955989173e-29
7.079457843841e+05 2.075678134234e-04 -2.688573184604e-04 1.000000000000e+00 0.000000000000e+00 1.000000000000e+00 -4.666380429378e-29
7.943282347243e+05 2.065681297955e-04 -2.557059221510e-04 1.000000000000e+00 0.000000000000e+00 1.000000000000e+00 -4.138885854109e-29
8.912509381337e+05 2.053165433817e-04 -2.459236163183e-04 1.000000000000e+00 0.000000000000e+00 1.000000000000e+00 -3.666435723048e-29
1.000000000000e+06 2.037472840374e-04 -2.393707502150e-04 1.000000000000e+00 0.000000000000e+00 1.000000000000e+00 -3.242738739610e-29
1.122018454302e+06 2.017781795770e-04 -2.359464985662e-04 1.000000000000e+00 0.000000000000e+00 1.000000000000e+00 -2.862162789269e-29
1.258925411794e+06 1.993065748685e-04 -2.355858869057e-04 1.000000000000e+00 0.000000000000e+00 1.000000000000e+00 -2.519658931646e-29
1.412537544623e+06 1.962043404457e-04 -2.382566457986e-04 1.000000000000e+00 0.000000000000e+00 1.000000000000e+00 -2.210694558661e-29
1.584893192461e+06 1.923117794744e-04 -2.439555726817e-04 1.000000000000e+00 0.000000000000e+00 1.000000000000e+00 -1.931194509746e-29
1.778279410039e+06 1.874302946209e-04 -2.527040449920e-04 1.000000000000e+00 0.000000000000e+00 1.000000000000e+00 -1.677489921195e-29
1.995262314969e+06 1.813136273815e-04 -2.645421153609e-04 1.000000000000e+00 0.000000000000e+00 1.000000000000e+00 -1.446273997719e-29
2.238721138568e+06 1.736576064774e-04 -2.795205102437e-04 1.000000000000e+00 0.000000000000e+00 1.000000000000e+00 -1.234564948721e-29
2.511886431510e+06 1.640883825097e-04 -2.976895758217e-04 1.000000000000e+00 0.000000000000e+00 1.000000000000e+00 -1.039675872793e-29
2.818382931264e+06 1.521494210301e-04 -3.190839810875e-04 1.000000000000e+00 0.000000000000e+00 1.000000000000e+00 -8.591924176411e-30
3.162277660168e+06 1.372878412689e-04 -3.437016464775e-04 1.000000000000e+00 0.000000000000e+00 1.000000000000e+00 -6.909588882590e-30
3.548133892336e+06 1.188412858001e-04 -3.714750467414e-04 1.000000000000e+00 0.000000000000e+00 1.000000000000e+00 -5.330739665530e-30
3.981071705535e+06 9.602744334257e-05 -4.022328000402e-04 1.000000000000e+00 0.000000000000e+00 1.000000000000e+00 -3.838976891373e-30
4.466835921510e+06 6.793964052656e-05 -4.356494064324e-04 1.000000000000e+00 0.000000000000e+00 1.000000000000e+00 -2.420713411393e-30
5.011872336273e+06 3.355375609826e-05 -4.711814336210e-04 1.000000000000e+00 0.000000000000e+00 1.000000000000e+00 -1.065519188047e-30
5.623413251903e+06 -8.246026432987e-06 -5.079897222717e-04 1.000000000000e+00 0.000000000000e+00 1.000000000000e+00 2.333806549309e-31
6.309573444802e+06 -5.861247014070e-05 -5.448499117973e-04 1.000000000000e+00 0.000000000000e+00 1.000000000000e+00 1.478461964398e-30
7.079457843841e+06 -1.186392110172e-04 -5.800583296065e-04 1.000000000000e+00 0.000000000000e+00 1.000000000000e+00 2.667155775824e-30
7.943282347243e+06 -1.892102185434e-04 -6.113477919193e-04 1.000000000000e+00 0.000000000000e+00 1.000000000000e+00 3.791095449999e-30
8.912509381337e+06 -2.707845629684e-04 -6.358380266186e-04 1.000000000000e+00 0.000000000000e+00 1.000000000000e+00 4.835529463749e-30
1.000000000000e+07 -3.631153972578e-04 -6.500571863159e-04 1.000000000000e+00 0.000000000000e+00 1.000000000000e+00 5.779161038635e-30
1.122018454302e+07 -4.649205449241e-04 -6.500805308155e-04 1.000000000000e+00 0.000000000000e+00 1.000000000000e+00 6.594758097422e-30
1.258925411794e+07 -5.735506441318e-04 -6.318334637903e-04 1.000000000000e+00 0.000000000000e+00 1.000000000000e+00 7.250899796916e-30
1.412537544623e+07 -6.847362189406e-04 -5.915894633602e-04 1.000000000000e+00 0.000000000000e+00 1.000000000000e+00 7.715133263064e-30
1.584893192461e+07 -7.925257049967e-04 -5.266514489274e-04 1.000000000000e+00 0.000000000000e+00 1.000000000000e+00 7.958541564669e-30
1.778279410039e+07 -8.895336614814e-04 -4.361373802175e-04 1.000000000000e+00 0.000000000000e+00 1.000000000000e+00 7.961273041356e-30
1.995262314969e+07 -9.675811600626e-04 -3.217126295025e-04 1.000000000000e+00 0.000000000000e+00 1.000000000000e+00 7.718049066092e-30
2.238721138568e+07 -1.018719410992e-03 -1.880547173323e-04 1.000000000000e+00 0.000000000000e+00 1.000000000000e+00 7.242270021482e-30
2.511886431510e+07 -1.036498891204e-03 -4.283933683982e-05 1.000000000000e+00 0.000000000000e+00 1.000000000000e+00 6.567332024850e-30
2.818382931264e+07 -1.017224637896e-03 1.038761365450e-04 1.000000000000e+00 0.000000000000e+00 1.000000000000e+00 5.744298532329e-30
3.162277660168e+07 -9.608817637929e-04 2.408367561902e-04 1.000000000000e+00 0.000000000000e+00 1.000000000000e+00 4.836042209727e-30
3.548133892336e+07 -8.714639886557e-04 3.571299177233e-04 1.000000000000e+00 0.000000000000e+00 1.000000000000e+00 3.909035164111e-30
3.981071705535e+07 -7.565877592566e-04 4.437462276565e-04 1.000000000000e+00 0.000000000000e+00 1.000000000000e+00 3.024680052889e-30
4.466835921510e+07 -6.264724556778e-04 4.948125905287e-04 1.000000000000e+00 0.000000000000e+00 1.000000000000e+00 2.232143507934e-30
5.011872336273e+07 -4.925350537276e-04 5.082514750819e-04 1.000000000000e+00 0.000000000000e+00 1.000000000000e+00 1.564073926613e-30
5.623413251903e+07 -3.659212782688e-04 4.857941382460e-04 1.000000000000e+00 0.000000000000e+00 1.000000000000e+00 1.035637567616e-30
6.309573444802e+07 -2.562569741923e-04 4.324460781299e-04 1.000000000000e+00 0.000000000000e+00 1.000000000000e+00 6.463917807008e-31
7.079457843841e+07 -1.707874978437e-04 3.556063394778e-04 1.000000000000e+00 0.000000000000e+00 1.000000000000e+00 3.839513575713e-31
7.943282347243e+07 -1.139417186001e-04 2.640566129392e-04 1.000000000000e+00 0.000000000000e+00 1.000000000000e+00 2.282984155271e-31
8.912509381337e+07 -8.726427327269e-05 1.669842953877e-04 1.000000000000e+00 0.000000000000e+00 1.000000000000e+00 1.558319868448e-31
1.000000000000e+08 -8.962507156876e-05 7.313135112129e-05 1.000000000000e+00 0.000000000000e+00 1.000000000000e+00 1.426427316513e-31
1.122018454302e+08 -1.176243529632e-04 -9.893152788472e-06 1.000000000000e+00 0.000000000000e+00 1.000000000000e+00 1.668466069368e-31
1.258925411794e+08 -1.661342439228e-04 -7.612062159130e-05 1.000000000000e+00 0.000000000000e+00 1.000000000000e+00 2.100290127552e-31
1.412537544623e+08 -2.289283084095e-04 -1.215343896905e-04 1.000000000000e+00 0.000000000000e+00 1.000000000000e+00 2.579405555325e-31
1.584893192461e+08 -2.993426909962e-04 -1.441691784163e-04 1.000000000000e+00 0.000000000000e+00 1.000000000000e+00 3.005998711907e-31
1.778279410039e+08 -3.708982748512e-04 -1.439991967585e-04 1.000000000000e+00 0.000000000000e+00 1.000000000000e+00 3.319517365695e-31
1.995262314969e+08 -4.378114984589e-04 -1.226473403253e-04 1.000000000000e+00 0.000000000000e+00 1.000000000000e+00 3.492265833893e-31
2.238721138568e+08 -4.953421153508e-04 -8.297971976987e-05 1.000000000000e+00 0.000000000000e+00 1.000000000000e+00 3.521481296688e-31
2.511886431510e+08 -5.399635343086e-04 -2.866427941726e-05 1.000000000000e+00 0.000000000000e+00 1.000000000000e+00 3.421248050731e-31
2.818382931264e+08 -5.693792091245e-04 3.623724159614e-05 1.000000000000e+00 0.000000000000e+00 1.000000000000e+00 3.215301746994e-31
3.162277660168e+08 -5.824318214328e-04 1.076015474194e-04 1.000000000000e+00 0.000000000000e+00 1.000000000000e+00 2.931333467729e-31
3.548133892336e+08 -5.789555033053e-04 1.814880214236e-04 1.000000000000e+00 0.000000000000e+00 1.000000000000e+00 2.596960345277e-31
3.981071705535e+08 -5.596100613970e-04 2.543047905761e-04 1.000000000000e+00 0.000000000000e+00 1.000000000000e+00 2.237204302336e-31
4.466835921510e+08 -5.257196583975e-04 3.229160008442e-04 1.000000000000e+00 0.000000000000e+00 1.000000000000e+00 1.873157729202e-31
5.011872336273e+08 -4.791244775505e-04 3.847093994830e-04 1.000000000000e+00 0.000000000000e+00 1.000000000000e+00 1.521487856077e-31
5.623413251903e+08 -4.220453783824e-04 4.376385476073e-04 1.000000000000e+00 0.000000000000e+00 1.000000000000e+00 1.194481094839e-31
6.309573444802e+08 -3.569572477113e-04 4.802485226320e-04 1.000000000000e+00 0.000000000000e+00 1.000000000000e+00 9.004017615888e-32
7.079457843841e+08 -2.864647774986e-04 5.116885066481e-04 1.000000000000e+00 0.000000000000e+00 1.000000000000e+00 6.440081481703e-32
7.943282347243e+08 -2.131748343953e-04 5.317086171952e-04 1.000000000000e+00 0.000000000000e+00 1.000000000000e+00 4.271260563788e-32
8.912509381337e+08 -1.395639357733e-04 5.406327940463e-04 1.000000000000e+00 0.000000000000e+00 1.000000000000e+00 2.492259957918e-32
1.000000000000e+09 -6.784755486876e-05 5.392978695315e-04 1.000000000000e+00 0.000000000000e+00 1.000000000000e+00 1.079827373406e-32
