# freq_hz Ad_dB Acm_dB CMRR_dB(Acm clamped at the numerical floor)
1.00000000e-01 9.45851901e+01 -3.74118975e+00 9.83263798e+01
1.12201845e-01 9.45851898e+01 -3.74118999e+00 9.83263798e+01
1.25892541e-01 9.45851895e+01 -3.74119029e+00 9.83263798e+01
1.41253754e-01 9.45851892e+01 -3.74119067e+00 9.83263798e+01
1.58489319e-01 9.45851887e+01 -3.74119115e+00 9.83263798e+01
1.77827941e-01 9.45851881e+01 -3.74119175e+00 9.83263798e+01
1.99526231e-01 9.45851873e+01 -3.74119251e+00 9.83263798e+01
2.23872114e-01 9.45851864e+01 -3.74119346e+00 9.83263798e+01
2.51188643e-01 9.45851852e+01 -3.74119466e+00 9.83263798e+01
2.81838293e-01 9.45851837e+01 -3.74119617e+00 9.83263798e+01
3.16227766e-01 9.45851818e+01 -3.74119807e+00 9.83263798e+01
3.54813389e-01 9.45851794e+01 -3.74120047e+00 9.83263798e+01
3.98107171e-01 9.45851763e+01 -3.74120348e+00 9.83263798e+01
4.46683592e-01 9.45851725e+01 -3.74120727e+00 9.83263798e+01
5.01187234e-01 9.45851678e+01 -3.74121205e+00 9.83263798e+01
5.62341325e-01 9.45851618e+01 -3.74121806e+00 9.83263798e+01
6.30957344e-01 9.45851542e+01 -3.74122563e+00 9.83263798e+01
7.07945784e-01 9.45851447e+01 -3.74123516e+00 9.83263798e+01
7.94328235e-01 9.45851327e+01 -3.74124716e+00 9.83263798e+01
8.91250938e-01 9.45851176e+01 -3.74126226e+00 9.83263798e+01
1.00000000e+00 9.45850985e+01 -3.74128128e+00 9.83263798e+01
1.12201845e+00 9.45850746e+01 -3.74130521e+00 9.83263798e+01
1.25892541e+00 9.45850445e+01 -3.74133535e+00 9.83263798e+01
1.41253754e+00 9.45850065e+01 -3.74137328e+00 9.83263798e+01
1.58489319e+00 9.45849588e+01 -3.74142104e+00 9.83263798e+01
1.77827941e+00 9.45848987e+01 -3.74148117e+00 9.83263798e+01
1.99526231e+00 9.45848230e+01 -3.74155686e+00 9.83263798e+01
2.23872114e+00 9.45847277e+01 -3.74165215e+00 9.83263798e+01
2.51188643e+00 9.45846077e+01 -3.74177210e+00 9.83263798e+01
2.81838293e+00 9.45844567e+01 -3.74192311e+00 9.83263798e+01
3.16227766e+00 9.45842666e+01 -3.74211322e+00 9.83263798e+01
3.54813389e+00 9.45840273e+01 -3.74235253e+00 9.83263798e+01
3.98107171e+00 9.45837260e+01 -3.74265380e+00 9.83263798e+01
4.46683592e+00 9.45833468e+01 -3.74303303e+00 9.83263798e+01
5.01187234e+00 9.45828694e+01 -3.74351042e+00 9.83263798e+01
5.62341325e+00 9.45822685e+01 -3.74411133e+00 9.83263798e+01
6.30957344e+00 9.45815121e+01 -3.74486772e+00 9.83263798e+01
7.07945784e+00 9.45805601e+01 -3.74581977e+00 9.83263798e+01
7.94328235e+00 9.45793618e+01 -3.74701804e+00 9.83263798e+01
8.91250938e+00 9.45778537e+01 -3.74852609e+00 9.83263798e+01
1.00000000e+01 9.45759559e+01 -3.75042388e+00 9.83263798e+01
1.12201845e+01 9.45735680e+01 -3.75281187e+00 9.83263798e+01
1.25892541e+01 9.45705635e+01 -3.75581631e+00 9.83263798e+01
1.41253754e+01 9.45667841e+01 -3.75959572e+00 9.83263798e+01
1.58489319e+01 9.45620308e+01 -3.76434904e+00 9.83263798e+01
1.77827941e+01 9.45560541e+01 -3.77032573e+00 9.83263798e+01
1.99526231e+01 9.45485416e+01 -3.77783827e+00 9.83263798e+01
2.23872114e+01 9.45391023e+01 -3.78727754e+00 9.83263798e+01
2.51188643e+01 9.45272480e+01 -3.79913179e+00 9.83263798e+01
2.81838293e+01 9.45123703e+01 -3.81400955e+00 9.83263798e+01
3.16227766e+01 9.44937125e+01 -3.83266735e+00 9.83263798e+01
3.54813389e+01 9.44703371e+01 -3.85604272e+00 9.83263798e+01
3.98107171e+01 9.44410870e+01 -3.88529280e+00 9.83263798e+01
4.46683592e+01 9.44045412e+01 -3.92183854e+00 9.83263798e+01
5.01187234e+01 9.43589659e+01 -3.96741390e+00 9.83263798e+01
5.62341325e+01 9.43022617e+01 -4.02411806e+00 9.83263798e+01
6.30957344e+01 9.42319123e+01 -4.09446749e+00 9.83263798e+01
7.07945784e+01 9.41449378e+01 -4.18144198e+00 9.83263797e+01
7.94328235e+01 9.40378633e+01 -4.28851640e+00 9.83263797e+01
8.91250938e+01 9.39067131e+01 -4.41966660e+00 9.83263797e+01
1.00000000e+02 9.37470443e+01 -4.57933539e+00 9.83263797e+01
1.12201845e+02 9.35540364e+01 -4.77234323e+00 9.83263796e+01
1.25892541e+02 9.33226490e+01 -5.00373054e+00 9.83263796e+01
1.41253754e+02 9.30478537e+01 -5.27852585e+00 9.83263795e+01
1.58489319e+02 9.27249329e+01 -5.60144657e+00 9.83263794e+01
1.77827941e+02 9.23498221e+01 -5.97655720e+00 9.83263793e+01
1.99526231e+02 9.19194514e+01 -6.40692779e+00 9.83263792e+01
2.23872114e+02 9.14320318e+01 -6.89434722e+00 9.83263790e+01
2.51188643e+02 9.08872341e+01 -7.43914477e+00 9.83263788e+01
2.81838293e+02 9.02862222e+01 -8.04015637e+00 9.83263786e+01
3.16227766e+02 8.96315356e+01 -8.69484269e+00 9.83263782e+01
3.54813389e+02 8.89268435e+01 -9.39953430e+00 9.83263778e+01
3.98107171e+02 8.81766210e+01 -1.01497563e+01 9.83263773e+01
4.46683592e+02 8.73858004e+01 -1.09405762e+01 9.83263766e+01
5.01187234e+02 8.65594499e+01 -1.17669259e+01 9.83263758e+01
5.62341325e+02 8.57025099e+01 -1.26238649e+01 9.83263748e+01
6.30957344e+02 8.48196033e+01 -1.35067702e+01 9.83263735e+01
7.07945784e+02 8.39149174e+01 -1.44114544e+01 9.83263719e+01
7.94328235e+02 8.29921477e+01 -1.53342221e+01 9.83263698e+01
8.91250938e+02 8.20544878e+01 -1.62718794e+01 9.83263672e+01
1.00000000e+03 8.11046521e+01 -1.72217119e+01 9.83263640e+01
1.12201845e+03 8.01449161e+01 -1.81814438e+01 9.83263598e+01
1.25892541e+03 7.91771671e+01 -1.91491876e+01 9.83263547e+01
1.41253754e+03 7.82029567e+01 -2.01233914e+01 9.83263481e+01
1.58489319e+03 7.72235518e+01 -2.11027881e+01 9.83263399e+01
1.77827941e+03 7.62399810e+01 -2.20863485e+01 9.83263296e+01
1.99526231e+03 7.52530756e+01 -2.30732410e+01 9.83263166e+01
2.23872114e+03 7.42635053e+01 -2.40627950e+01 9.83263002e+01
2.51188643e+03 7.32718077e+01 -2.50544719e+01 9.83262796e+01
2.81838293e+03 7.22784138e+01 -2.60478398e+01 9.83262537e+01
3.16227766e+03 7.12836685e+01 -2.70425525e+01 9.83262210e+01
3.54813389e+03 7.02878469e+01 -2.80383330e+01 9.83261799e+01
3.98107171e+03 6.92911688e+01 -2.90349593e+01 9.83261281e+01
4.46683592e+03 6.82938093e+01 -3.00322537e+01 9.83260630e+01
5.01187234e+03 6.72959078e+01 -3.10300731e+01 9.83259810e+01
5.62341325e+03 6.62975754e+01 -3.20283023e+01 9.83258777e+01
6.30957344e+03 6.52989005e+01 -3.30268471e+01 9.83257477e+01
7.07945784e+03 6.42999533e+01 -3.40256307e+01 9.83255840e+01
7.94328235e+03 6.33007897e+01 -3.50245883e+01 9.83253780e+01
8.91250938e+03 6.23014541e+01 -3.60236645e+01 9.83251186e+01
1.00000000e+04 6.13019819e+01 -3.70228102e+01 9.83247922e+01
1.12201845e+04 6.03024011e+01 -3.80219800e+01 9.83243811e+01
1.25892541e+04 5.93027340e+01 -3.90211298e+01 9.83238638e+01
1.41253754e+04 5.83029983e+01 -4.00202142e+01 9.83232125e+01
1.58489319e+04 5.73032081e+01 -4.10191847e+01 9.83223928e+01
1.77827941e+04 5.63033745e+01 -4.20179865e+01 9.83213610e+01
1.99526231e+04 5.53035064e+01 -4.30165560e+01 9.83200624e+01
2.23872114e+04 5.43036108e+01 -4.40148172e+01 9.83184281e+01
2.51188643e+04 5.33036933e+01 -4.50126780e+01 9.83163714e+01
2.81838293e+04 5.23037583e+01 -4.60100252e+01 9.83137835e+01
3.16227766e+04 5.13038092e+01 -4.70067184e+01 9.83105276e+01
3.54813389e+04 5.03038488e+01 -4.80025833e+01 9.83064321e+01
3.98107171e+04 4.93038791e+01 -4.89974022e+01 9.83012812e+01
4.46683592e+04 4.83039017e+01 -4.99909033e+01 9.82948050e+01
5.01187234e+04 4.73039179e+01 -5.09827469e+01 9.82866649e+01
5.62341325e+04 4.63039286e+01 -5.19725091e+01 9.82764377e+01
6.30957344e+04 4.53039342e+01 -5.29596606e+01 9.82635948e+01
7.07945784e+04 4.43039351e+01 -5.39435425e+01 9.82474777e+01
7.94328235e+04 4.33039314e+01 -5.49233364e+01 9.82272679e+01
8.91250938e+04 4.23039229e+01 -5.58980286e+01 9.82019515e+01
1.00000000e+05 4.13039090e+01 -5.68663689e+01 9.81702779e+01
1.12201845e+05 4.03038890e+01 -5.78268233e+01 9.81307123e+01
1.25892541e+05 3.93038620e+01 -5.87775213e+01 9.80813833e+01
1.41253754e+05 3.83038264e+01 -5.97162009e+01 9.80200273e+01
1.58489319e+05 3.73037804e+01 -6.06401535e+01 9.79439339e+01
1.77827941e+05 3.63037215e+01 -6.15461759e+01 9.78498974e+01
1.99526231e+05 3.53036465e+01 -6.24305381e+01 9.77341846e+01
2.23872114e+05 3.43035515e+01 -6.32889783e+01 9.75925298e+01
2.51188643e+05 3.33034314e+01 -6.41167400e+01 9.74201715e+01
2.81838293e+05 3.23032799e+01 -6.49086661e+01 9.72119460e+01
3.16227766e+05 3.13030888e+01 -6.56593601e+01 9.69624489e+01
3.54813389e+05 3.03028480e+01 -6.63634195e+01 9.66662675e+01
3.98107171e+05 2.93025447e+01 -6.70157277e+01 9.63182724e+01
4.46683592e+05 2.83021627e+01 -6.76117763e+01 9.59139390e+01
5.01187234e+05 2.73016818e+01 -6.81479698e+01 9.54496516e+01
5.62341325e+05 2.63010763e+01 -6.86218573e+01 9.49229336e+01
6.30957344e+05 2.53003141e+01 -6.90322395e+01 9.43325535e+01
7.07945784e+05 2.42993546e+01 -6.93791217e+01 9.36784763e+01
7.94328235e+05 2.32981470e+01 -6.96635147e+01 9.29616617e+01
8.91250938e+05 2.22966271e+01 -6.98871167e+01 9.21837438e+01
1.00000000e+06 2.12947144e+01 -7.00519334e+01 9.13466478e+01
1.12201845e+06 2.02923077e+01 -7.01598972e+01 9.04522049e+01
1.25892541e+06 1.92892798e+01 -7.02125440e+01 8.95018238e+01
1.41253754e+06 1.82854709e+01 -7.02107861e+01 8.84962569e+01
1.58489319e+06 1.72806805e+01 -7.01548105e+01 8.74354910e+01
1.77827941e+06 1.62746575e+01 -7.00441109e+01 8.63187684e+01
1.99526231e+06 1.52670870e+01 -6.98776546e+01 8.51447416e+01
2.23872114e+06 1.42575754e+01 -6.96541694e+01 8.39117448e+01
2.51188643e+06 1.32456310e+01 -6.93725230e+01 8.26181540e+01
2.81838293e+06 1.22306413e+01 -6.90321497e+01 8.12627910e+01
3.16227766e+06 1.12118450e+01 -6.86334673e+01 7.98453123e+01
3.54813389e+06 1.01882990e+01 -6.81782236e+01 7.83665226e+01
3.98107171e+06 9.15883988e+00 -6.76697216e+01 7.68285614e+01
4.46683592e+06 8.12203986e+00 -6.71128989e+01 7.52349387e+01
5.01187234e+06 7.07615800e+00 -6.65142686e+01 7.35904266e+01
5.62341325e+06 6.01908856e+00 -6.58817573e+01 7.19008458e+01
6.30957344e+06 4.94831014e+00 -6.52244923e+01 7.01728024e+01
7.07945784e+06 3.86084114e+00 -6.45525879e+01 6.84134290e+01
7.94328235e+06 2.75321021e+00 -6.38769664e+01 6.66301766e+01
8.91250938e+06 1.62145296e+00 -6.32092270e+01 6.48306800e+01
1.00000000e+07 4.61148726e-01 -6.25615552e+01 6.30227039e+01
1.12201845e+07 -7.32488202e-01 -6.19466514e+01 6.12141632e+01
1.25892541e+07 -1.96445144e+00 -6.13776491e+01 5.94131977e+01
1.41253754e+07 -3.23971581e+00 -6.08680000e+01 5.76282842e+01
1.58489319e+07 -4.56295089e+00 -6.04313133e+01 5.58683625e+01
1.77827941e+07 -5.93820235e+00 -6.00811591e+01 5.41429568e+01
1.99526231e+07 -7.36858480e+00 -5.98308681e+01 5.24622833e+01
2.23872114e+07 -8.85603916e+00 -5.96933803e+01 5.08373411e+01
2.51188643e+07 -1.04012019e+01 -5.96812107e+01 4.92800088e+01
2.81838293e+07 -1.20034127e+01 -5.98066092e+01 4.78031965e+01
3.16227766e+07 -1.36608549e+01 -6.00819992e+01 4.64211444e+01
3.54813389e+07 -1.53707943e+01 -6.05208066e+01 4.51500123e+01
3.98107171e+07 -1.71298603e+01 -6.11388408e+01 4.40089805e+01
4.46683592e+07 -1.89343135e+01 -6.19565115e+01 4.30221980e+01
5.01187234e+07 -2.07802535e+01 -6.30024000e+01 4.22221465e+01
5.62341325e+07 -2.26637391e+01 -6.43192233e+01 4.16554842e+01
6.30957344e+07 -2.45808081e+01 -6.59743386e+01 4.13935306e+01
7.07945784e+07 -2.65273988e+01 -6.80792276e+01 4.15518288e+01
7.94328235e+07 -2.84991825e+01 -7.08244928e+01 4.23253103e+01
8.91250938e+07 -3.04913322e+01 -7.44978623e+01 4.40065301e+01
1.00000000e+08 -3.24982654e+01 -7.87351636e+01 4.62368982e+01
1.12201845e+08 -3.45134167e+01 -7.85594405e+01 4.40460238e+01
1.25892541e+08 -3.65291042e+01 -7.47631938e+01 3.82340896e+01
1.41253754e+08 -3.85365519e+01 -7.17276790e+01 3.31911271e+01
1.58489319e+08 -4.05261045e+01 -6.95706712e+01 2.90445668e+01
1.77827941e+08 -4.24876317e+01 -6.80051552e+01 2.55175235e+01
1.99526231e+08 -4.44110707e+01 -6.68461482e+01 2.24350774e+01
2.23872114e+08 -4.62870201e+01 -6.59816978e+01 1.96946777e+01
2.51188643e+08 -4.81072834e+01 -6.53404898e+01 1.72332065e+01
2.81838293e+08 -4.98652739e+01 -6.48744124e+01 1.50091385e+01
3.16227766e+08 -5.15562262e+01 -6.45493432e+01 1.29931170e+01
3.54813389e+08 -5.31771971e+01 -6.43400188e+01 1.11628217e+01
3.98107171e+08 -5.47268824e+01 -6.42269856e+01 9.50010327e+00
4.46683592e+08 -5.62053028e+01 -6.41946743e+01 7.98937146e+00
5.01187234e+08 -5.76134256e+01 -6.42301220e+01 6.61669633e+00
5.62341325e+08 -5.89527829e+01 -6.43220952e+01 5.36931230e+00
6.30957344e+08 -6.02251304e+01 -6.44604769e+01 4.23534650e+00
7.07945784e+08 -6.14321630e+01 -6.46358399e+01 3.20367691e+00
7.94328235e+08 -6.25752914e+01 -6.48391758e+01 2.26388442e+00
8.91250938e+08 -6.36554735e+01 -6.50617695e+01 1.40629598e+00
1.00000000e+09 -6.46731073e+01 -6.52952265e+01 6.22119122e-01
