# freq_hz Ad_dB Acm_dB CMRR_dB(Acm clamped at the numerical floor)
1.00000000e-01 9.52080838e+01 -5.08042138e+00 1.00288505e+02
1.12201845e-01 9.52080836e+01 -5.08042166e+00 1.00288505e+02
1.25892541e-01 9.52080832e+01 -5.08042201e+00 1.00288505e+02
1.41253754e-01 9.52080828e+01 -5.08042244e+00 1.00288505e+02
1.58489319e-01 9.52080822e+01 -5.08042299e+00 1.00288505e+02
1.77827941e-01 9.52080816e+01 -5.08042368e+00 1.00288505e+02
1.99526231e-01 9.52080807e+01 -5.08042455e+00 1.00288505e+02
2.23872114e-01 9.52080796e+01 -5.08042564e+00 1.00288505e+02
2.51188643e-01 9.52080782e+01 -5.08042702e+00 1.00288505e+02
2.81838293e-01 9.52080765e+01 -5.08042875e+00 1.00288505e+02
3.16227766e-01 9.52080743e+01 -5.08043093e+00 1.00288505e+02
3.54813389e-01 9.52080716e+01 -5.08043368e+00 1.00288505e+02
3.98107171e-01 9.52080681e+01 -5.08043714e+00 1.00288505e+02
4.46683592e-01 9.52080637e+01 -5.08044149e+00 1.00288505e+02
5.01187234e-01 9.52080583e+01 -5.08044697e+00 1.00288505e+02
5.62341325e-01 9.52080514e+01 -5.08045387e+00 1.00288505e+02
6.30957344e-01 9.52080427e+01 -5.08046255e+00 1.00288505e+02
7.07945784e-01 9.52080317e+01 -5.08047348e+00 1.00288505e+02
7.94328235e-01 9.52080180e+01 -5.08048725e+00 1.00288505e+02
8.91250938e-01 9.52080007e+01 -5.08050458e+00 1.00288505e+02
1.00000000e+00 9.52079788e+01 -5.08052639e+00 1.00288505e+02
1.12201845e+00 9.52079514e+01 -5.08055386e+00 1.00288505e+02
1.25892541e+00 9.52079168e+01 -5.08058843e+00 1.00288505e+02
1.41253754e+00 9.52078733e+01 -5.08063196e+00 1.00288505e+02
1.58489319e+00 9.52078185e+01 -5.08068675e+00 1.00288505e+02
1.77827941e+00 9.52077495e+01 -5.08075574e+00 1.00288505e+02
1.99526231e+00 9.52076627e+01 -5.08084258e+00 1.00288505e+02
2.23872114e+00 9.52075533e+01 -5.08095190e+00 1.00288505e+02
2.51188643e+00 9.52074157e+01 -5.08108953e+00 1.00288505e+02
2.81838293e+00 9.52072424e+01 -5.08126279e+00 1.00288505e+02
3.16227766e+00 9.52070243e+01 -5.08148090e+00 1.00288505e+02
3.54813389e+00 9.52067498e+01 -5.08175547e+00 1.00288505e+02
3.98107171e+00 9.52064041e+01 -5.08210110e+00 1.00288505e+02
4.46683592e+00 9.52059690e+01 -5.08253619e+00 1.00288505e+02
5.01187234e+00 9.52054214e+01 -5.08308388e+00 1.00288505e+02
5.62341325e+00 9.52047320e+01 -5.08377327e+00 1.00288505e+02
6.30957344e+00 9.52038642e+01 -5.08464101e+00 1.00288505e+02
7.07945784e+00 9.52027720e+01 -5.08573319e+00 1.00288505e+02
7.94328235e+00 9.52013975e+01 -5.08710777e+00 1.00288505e+02
8.91250938e+00 9.51996676e+01 -5.08883764e+00 1.00288505e+02
1.00000000e+01 9.51974908e+01 -5.09101444e+00 1.00288505e+02
1.12201845e+01 9.51947519e+01 -5.09375332e+00 1.00288505e+02
1.25892541e+01 9.51913063e+01 -5.09719891e+00 1.00288505e+02
1.41253754e+01 9.51869725e+01 -5.10153277e+00 1.00288505e+02
1.58489319e+01 9.51815226e+01 -5.10698263e+00 1.00288505e+02
1.77827941e+01 9.51746713e+01 -5.11383389e+00 1.00288505e+02
1.99526231e+01 9.51660615e+01 -5.12244377e+00 1.00288505e+02
2.23872114e+01 9.51552465e+01 -5.13325876e+00 1.00288505e+02
2.51188643e+01 9.51416694e+01 -5.14683584e+00 1.00288505e+02
2.81838293e+01 9.51246370e+01 -5.16386824e+00 1.00288505e+02
3.16227766e+01 9.51032890e+01 -5.18521621e+00 1.00288505e+02
3.54813389e+01 9.50765619e+01 -5.21194336e+00 1.00288505e+02
3.98107171e+01 9.50431466e+01 -5.24535864e+00 1.00288505e+02
4.46683592e+01 9.50014415e+01 -5.28706367e+00 1.00288505e+02
5.01187234e+01 9.49495011e+01 -5.33900407e+00 1.00288505e+02
5.62341325e+01 9.48849831e+01 -5.40352208e+00 1.00288505e+02
6.30957344e+01 9.48050993e+01 -5.48340589e+00 1.00288505e+02
7.07945784e+01 9.47065768e+01 -5.58192835e+00 1.00288505e+02
7.94328235e+01 9.45856402e+01 -5.70286490e+00 1.00288505e+02
8.91250938e+01 9.44380277e+01 -5.85047743e+00 1.00288505e+02
1.00000000e+02 9.42590560e+01 -6.02944906e+00 1.00288505e+02
1.12201845e+02 9.40437497e+01 -6.24475526e+00 1.00288505e+02
1.25892541e+02 9.37870430e+01 -6.50146193e+00 1.00288505e+02
1.41253754e+02 9.34840535e+01 -6.80445136e+00 1.00288505e+02
1.58489319e+02 9.31304113e+01 -7.15809347e+00 1.00288505e+02
1.77827941e+02 9.27226066e+01 -7.56589801e+00 1.00288505e+02
1.99526231e+02 9.22583056e+01 -8.03019888e+00 1.00288504e+02
2.23872114e+02 9.17365779e+01 -8.55192638e+00 1.00288504e+02
2.51188643e+02 9.11579916e+01 -9.13051248e+00 1.00288504e+02
2.81838293e+02 9.05245548e+01 -9.76394893e+00 1.00288504e+02
3.16227766e+02 8.98395174e+01 -1.04489860e+01 1.00288503e+02
3.54813389e+02 8.91070712e+01 -1.11814316e+01 1.00288503e+02
3.98107171e+02 8.83320056e+01 -1.19564967e+01 1.00288502e+02
4.46683592e+02 8.75193694e+01 -1.27691321e+01 1.00288501e+02
5.01187234e+02 8.66741815e+01 -1.36143190e+01 1.00288501e+02
5.62341325e+02 8.58012110e+01 -1.44872883e+01 1.00288499e+02
6.30957344e+02 8.49048307e+01 -1.53836670e+01 1.00288498e+02
7.07945784e+02 8.39889377e+01 -1.62995581e+01 1.00288496e+02
7.94328235e+02 8.30569268e+01 -1.72315666e+01 1.00288493e+02
8.91250938e+02 8.21117014e+01 -1.81767889e+01 1.00288490e+02
1.00000000e+03 8.11557081e+01 -1.91327783e+01 1.00288486e+02
1.12201845e+03 8.01909845e+01 -2.00974971e+01 1.00288482e+02
1.25892541e+03 7.92192111e+01 -2.10692643e+01 1.00288475e+02
1.41253754e+03 7.82417638e+01 -2.20467038e+01 1.00288468e+02
1.58489319e+03 7.72597619e+01 -2.30286960e+01 1.00288458e+02
1.77827941e+03 7.62741117e+01 -2.40143340e+01 1.00288446e+02
1.99526231e+03 7.52855439e+01 -2.50028864e+01 1.00288430e+02
2.23872114e+03 7.42946464e+01 -2.59937645e+01 1.00288411e+02
2.51188643e+03 7.33018904e+01 -2.69864961e+01 1.00288387e+02
2.81838293e+03 7.23076531e+01 -2.79807027e+01 1.00288356e+02
3.16227766e+03 7.13122360e+01 -2.89760810e+01 1.00288317e+02
3.54813389e+03 7.03158798e+01 -2.99723885e+01 1.00288268e+02
3.98107171e+03 6.93187763e+01 -3.09694307e+01 1.00288207e+02
4.46683592e+03 6.83210785e+01 -3.19670513e+01 1.00288130e+02
5.01187234e+03 6.73229080e+01 -3.29651246e+01 1.00288033e+02
5.62341325e+03 6.63243618e+01 -3.39635484e+01 1.00287910e+02
6.30957344e+03 6.53255169e+01 -3.49622393e+01 1.00287756e+02
7.07945784e+03 6.43264346e+01 -3.59611276e+01 1.00287562e+02
7.94328235e+03 6.33271637e+01 -3.69601544e+01 1.00287318e+02
8.91250938e+03 6.23277428e+01 -3.79592680e+01 1.00287011e+02
1.00000000e+04 6.13282028e+01 -3.89584210e+01 1.00286624e+02
1.12201845e+04 6.03285682e+01 -3.99575687e+01 1.00286137e+02
1.25892541e+04 5.93288583e+01 -4.09566655e+01 1.00285524e+02
1.41253754e+04 5.83290886e+01 -4.19556636e+01 1.00284752e+02
1.58489319e+04 5.73292714e+01 -4.29545095e+01 1.00283781e+02
1.77827941e+04 5.63294163e+01 -4.39531420e+01 1.00282558e+02
1.99526231e+04 5.53295312e+01 -4.49514887e+01 1.00281020e+02
2.23872114e+04 5.43296221e+01 -4.59494616e+01 1.00279084e+02
2.51188643e+04 5.33296939e+01 -4.69469535e+01 1.00276647e+02
2.81838293e+04 5.23297503e+01 -4.79438317e+01 1.00273582e+02
3.16227766e+04 5.13297945e+01 -4.89399314e+01 1.00269726e+02
3.54813389e+04 5.03298286e+01 -4.99350473e+01 1.00264876e+02
3.98107171e+04 4.93298547e+01 -5.09289228e+01 1.00258777e+02
4.46683592e+04 4.83298739e+01 -5.19212374e+01 1.00251111e+02
5.01187234e+04 4.73298875e+01 -5.29115910e+01 1.00241479e+02
5.62341325e+04 4.63298960e+01 -5.38994840e+01 1.00229380e+02
6.30957344e+04 4.53299000e+01 -5.48842941e+01 1.00214194e+02
7.07945784e+04 4.43298996e+01 -5.58652475e+01 1.00195147e+02
7.94328235e+04 4.33298949e+01 -5.68413851e+01 1.00171280e+02
8.91250938e+04 4.23298856e+01 -5.78115223e+01 1.00141408e+02
1.00000000e+05 4.13298711e+01 -5.87742034e+01 1.00104075e+02
1.12201845e+05 4.03298508e+01 -5.97276499e+01 1.00057501e+02
1.25892541e+05 3.93298235e+01 -6.06697055e+01 9.99995290e+01
1.41253754e+05 3.83297878e+01 -6.15977798e+01 9.99275676e+01
1.58489319e+05 3.73297418e+01 -6.25087977e+01 9.98385395e+01
1.77827941e+05 3.63296830e+01 -6.33991607e+01 9.97288436e+01
1.99526231e+05 3.53296083e+01 -6.42647321e+01 9.95943404e+01
2.23872114e+05 3.43295137e+01 -6.51008610e+01 9.94303747e+01
2.51188643e+05 3.33293943e+01 -6.59024566e+01 9.92318508e+01
2.81838293e+05 3.23292435e+01 -6.66641299e+01 9.89933734e+01
3.16227766e+05 3.13290535e+01 -6.73804056e+01 9.87094591e+01
3.54813389e+05 3.03288140e+01 -6.80459979e+01 9.83748119e+01
3.98107171e+05 2.93285125e+01 -6.86561258e+01 9.79846383e+01
4.46683592e+05 2.83281327e+01 -6.92068260e+01 9.75349587e+01
5.01187234e+05 2.73276545e+01 -6.96952074e+01 9.70228619e+01
5.62341325e+05 2.63270525e+01 -7.01195930e+01 9.64466455e+01
6.30957344e+05 2.53262947e+01 -7.04795145e+01 9.58058092e+01
7.07945784e+05 2.43253408e+01 -7.07755509e+01 9.51008917e+01
7.94328235e+05 2.33241402e+01 -7.10090375e+01 9.43331777e+01
8.91250938e+05 2.23226291e+01 -7.11816988e+01 9.35043280e+01
1.00000000e+06 2.13207276e+01 -7.12952670e+01 9.26159946e+01
1.12201845e+06 2.03183348e+01 -7.13511491e+01 9.16694839e+01
1.25892541e+06 1.93153245e+01 -7.13501867e+01 9.06655112e+01
1.41253754e+06 1.83115376e+01 -7.12925423e+01 8.96040799e+01
1.58489319e+06 1.73067750e+01 -7.11777236e+01 8.84844986e+01
1.77827941e+06 1.63007868e+01 -7.10047467e+01 8.73055335e+01
1.99526231e+06 1.52932600e+01 -7.07724219e+01 8.60656819e+01
2.23872114e+06 1.42838031e+01 -7.04797289e+01 8.47635320e+01
2.51188643e+06 1.32719273e+01 -7.01262324e+01 8.33981597e+01
2.81838293e+06 1.22570234e+01 -6.97124794e+01 8.19695028e+01
3.16227766e+06 1.12383342e+01 -6.92403139e+01 8.04786481e+01
3.54813389e+06 1.02149215e+01 -6.87130638e+01 7.89279854e+01
3.98107171e+06 9.18562815e+00 -6.81355812e+01 7.73212094e+01
4.46683592e+06 8.14903336e+00 -6.75141480e+01 7.56631814e+01
5.01187234e+06 7.10340460e+00 -6.68562904e+01 7.39596950e+01
5.62341325e+06 6.04664576e+00 -6.61705554e+01 7.22172012e+01
6.30957344e+06 4.97624610e+00 -6.54663014e+01 7.04425475e+01
7.07945784e+06 3.88923550e+00 -6.47535365e+01 6.86427720e+01
7.94328235e+06 2.78215422e+00 -6.40428192e+01 6.68249734e+01
8.91250938e+06 1.65104875e+00 -6.33452141e+01 6.49962628e+01
1.00000000e+07 4.91507179e-01 -6.26722802e+01 6.31637874e+01
1.12201845e+07 -7.01251263e-01 -6.20360623e+01 6.13348110e+01
1.25892541e+07 -1.93222094e+00 -6.14490545e+01 5.95168336e+01
1.41253754e+07 -3.20638493e+00 -6.09241135e+01 5.77177286e+01
1.58489319e+07 -4.52842983e+00 -6.04743119e+01 5.59458821e+01
1.77827941e+07 -5.90242720e+00 -6.01127446e+01 5.42103174e+01
1.99526231e+07 -7.33152510e+00 -5.98523224e+01 5.25207973e+01
2.23872114e+07 -8.81770256e+00 -5.97056076e+01 5.08879050e+01
2.51188643e+07 -1.03616347e+01 -5.96847609e+01 4.93231262e+01
2.81838293e+07 -1.19626961e+01 -5.98016773e+01 4.78389813e+01
3.16227766e+07 -1.36190974e+01 -6.00683949e+01 4.64492975e+01
3.54813389e+07 -1.53281222e+01 -6.04978844e+01 4.51697622e+01
3.98107171e+07 -1.70864080e+01 -6.11053754e+01 4.40189675e+01
4.46683592e+07 -1.88902157e+01 -6.19104872e+01 4.30202715e+01
5.01187234e+07 -2.07356409e+01 -6.29406552e+01 4.22050143e+01
5.62341325e+07 -2.26187376e+01 -6.42368354e+01 4.16180978e+01
6.30957344e+07 -2.45355424e+01 -6.58635305e+01 4.13279880e+01
7.07945784e+07 -2.64819985e+01 -6.79274752e+01 4.14454767e+01
7.94328235e+07 -2.84537907e+01 -7.06124349e+01 4.21586442e+01
8.91250938e+07 -3.04461147e+01 -7.42132313e+01 4.37671166e+01
1.00000000e+08 -3.24534186e+01 -7.86045226e+01 4.61511040e+01
1.12201845e+08 -3.44691726e+01 -7.91449281e+01 4.46757555e+01
1.25892541e+08 -3.64857302e+01 -7.53162271e+01 3.88304969e+01
1.41253754e+08 -3.84943443e+01 -7.21479572e+01 3.36536129e+01
1.58489319e+08 -4.04853756e+01 -6.99089748e+01 2.94235993e+01
1.77827941e+08 -4.24486913e+01 -6.82926794e+01 2.58439881e+01
1.99526231e+08 -4.43742057e+01 -6.71000489e+01 2.27258432e+01
2.23872114e+08 -4.62524741e+01 -6.62119667e+01 1.99594926e+01
2.51188643e+08 -4.80752413e+01 -6.55533104e+01 1.74780691e+01
2.81838293e+08 -4.98358530e+01 -6.50737944e+01 1.52379414e+01
3.16227766e+08 -5.15294754e+01 -6.47379730e+01 1.32084977e+01
3.54813389e+08 -5.31531042e+01 -6.45197353e+01 1.13666312e+01
3.98107171e+08 -5.47053892e+01 -6.43990682e+01 9.69367905e+00
4.46683592e+08 -5.61863248e+01 -6.43600311e+01 8.17370630e+00
5.01187234e+08 -5.75968745e+01 -6.43894235e+01 6.79254905e+00
5.62341325e+08 -5.89385886e+01 -6.44758748e+01 5.53728620e+00
6.30957344e+08 -6.02132604e+01 -6.46092082e+01 4.39594779e+00
7.07945784e+08 -6.14226373e+01 -6.47799953e+01 3.35735801e+00
7.94328235e+08 -6.25681908e+01 -6.49792637e+01 2.41107284e+00
8.91250938e+08 -6.36509429e+01 -6.51983507e+01 1.54740784e+00
1.00000000e+09 -6.46713513e+01 -6.54289091e+01 7.57557781e-01
