# freq_hz Ad_dB Acm_dB CMRR_dB(Acm clamped at the numerical floor)
1.00000000e-01 9.62689736e+01 -4.32345768e+00 1.00592431e+02
1.12201845e-01 9.62689733e+01 -4.32345792e+00 1.00592431e+02
1.25892541e-01 9.62689730e+01 -4.32345823e+00 1.00592431e+02
1.41253754e-01 9.62689727e+01 -4.32345859e+00 1.00592431e+02
1.58489319e-01 9.62689722e+01 -4.32345907e+00 1.00592431e+02
1.77827941e-01 9.62689716e+01 -4.32345968e+00 1.00592431e+02
1.99526231e-01 9.62689708e+01 -4.32346042e+00 1.00592431e+02
2.23872114e-01 9.62689699e+01 -4.32346138e+00 1.00592431e+02
2.51188643e-01 9.62689687e+01 -4.32346256e+00 1.00592431e+02
2.81838293e-01 9.62689672e+01 -4.32346408e+00 1.00592431e+02
3.16227766e-01 9.62689653e+01 -4.32346597e+00 1.00592431e+02
3.54813389e-01 9.62689629e+01 -4.32346834e+00 1.00592431e+02
3.98107171e-01 9.62689599e+01 -4.32347135e+00 1.00592431e+02
4.46683592e-01 9.62689561e+01 -4.32347512e+00 1.00592431e+02
5.01187234e-01 9.62689514e+01 -4.32347987e+00 1.00592431e+02
5.62341325e-01 9.62689454e+01 -4.32348587e+00 1.00592431e+02
6.30957344e-01 9.62689379e+01 -4.32349339e+00 1.00592431e+02
7.07945784e-01 9.62689284e+01 -4.32350288e+00 1.00592431e+02
7.94328235e-01 9.62689164e+01 -4.32351483e+00 1.00592431e+02
8.91250938e-01 9.62689014e+01 -4.32352987e+00 1.00592431e+02
1.00000000e+00 9.62688825e+01 -4.32354878e+00 1.00592431e+02
1.12201845e+00 9.62688586e+01 -4.32357261e+00 1.00592431e+02
1.25892541e+00 9.62688287e+01 -4.32360261e+00 1.00592431e+02
1.41253754e+00 9.62687909e+01 -4.32364036e+00 1.00592431e+02
1.58489319e+00 9.62687434e+01 -4.32368791e+00 1.00592431e+02
1.77827941e+00 9.62686835e+01 -4.32374775e+00 1.00592431e+02
1.99526231e+00 9.62686082e+01 -4.32382309e+00 1.00592431e+02
2.23872114e+00 9.62685133e+01 -4.32391795e+00 1.00592431e+02
2.51188643e+00 9.62683939e+01 -4.32403735e+00 1.00592431e+02
2.81838293e+00 9.62682436e+01 -4.32418766e+00 1.00592431e+02
3.16227766e+00 9.62680544e+01 -4.32437688e+00 1.00592431e+02
3.54813389e+00 9.62678162e+01 -4.32461509e+00 1.00592431e+02
3.98107171e+00 9.62675163e+01 -4.32491496e+00 1.00592431e+02
4.46683592e+00 9.62671388e+01 -4.32529244e+00 1.00592431e+02
5.01187234e+00 9.62666636e+01 -4.32576762e+00 1.00592431e+02
5.62341325e+00 9.62660655e+01 -4.32636576e+00 1.00592431e+02
6.30957344e+00 9.62653126e+01 -4.32711865e+00 1.00592431e+02
7.07945784e+00 9.62643649e+01 -4.32806631e+00 1.00592431e+02
7.94328235e+00 9.62631722e+01 -4.32925904e+00 1.00592431e+02
8.91250938e+00 9.62616711e+01 -4.33076012e+00 1.00592431e+02
1.00000000e+01 9.62597821e+01 -4.33264917e+00 1.00592431e+02
1.12201845e+01 9.62574051e+01 -4.33502614e+00 1.00592431e+02
1.25892541e+01 9.62544145e+01 -4.33801672e+00 1.00592431e+02
1.41253754e+01 9.62506525e+01 -4.34177873e+00 1.00592431e+02
1.58489319e+01 9.62459211e+01 -4.34651017e+00 1.00592431e+02
1.77827941e+01 9.62399719e+01 -4.35245940e+00 1.00592431e+02
1.99526231e+01 9.62324938e+01 -4.35993747e+00 1.00592431e+02
2.23872114e+01 9.62230977e+01 -4.36933350e+00 1.00592431e+02
2.51188643e+01 9.62112977e+01 -4.38113360e+00 1.00592431e+02
2.81838293e+01 9.61964877e+01 -4.39594358e+00 1.00592431e+02
3.16227766e+01 9.61779145e+01 -4.41451672e+00 1.00592431e+02
3.54813389e+01 9.61546447e+01 -4.43778655e+00 1.00592431e+02
3.98107171e+01 9.61255259e+01 -4.46690534e+00 1.00592431e+02
4.46683592e+01 9.60891429e+01 -4.50328829e+00 1.00592431e+02
5.01187234e+01 9.60437687e+01 -4.54866251e+00 1.00592431e+02
5.62341325e+01 9.59873119e+01 -4.60511936e+00 1.00592431e+02
6.30957344e+01 9.59172648e+01 -4.67516640e+00 1.00592431e+02
7.07945784e+01 9.58306575e+01 -4.76177372e+00 1.00592431e+02
7.94328235e+01 9.57240251e+01 -4.86840603e+00 1.00592431e+02
8.91250938e+01 9.55934018e+01 -4.99902933e+00 1.00592431e+02
1.00000000e+02 9.54343535e+01 -5.15807766e+00 1.00592431e+02
1.12201845e+02 9.52420659e+01 -5.35036520e+00 1.00592431e+02
1.25892541e+02 9.50115011e+01 -5.58092999e+00 1.00592431e+02
1.41253754e+02 9.47376275e+01 -5.85480354e+00 1.00592431e+02
1.58489319e+02 9.44157181e+01 -6.17671281e+00 1.00592431e+02
1.77827941e+02 9.40416919e+01 -6.55073892e+00 1.00592431e+02
1.99526231e+02 9.36124557e+01 -6.97997502e+00 1.00592431e+02
2.23872114e+02 9.31261926e+01 -7.46623796e+00 1.00592431e+02
2.51188643e+02 9.25825431e+01 -8.00988728e+00 1.00592430e+02
2.81838293e+02 9.19826419e+01 -8.60978829e+00 1.00592430e+02
3.16227766e+02 9.13290027e+01 -9.26342728e+00 1.00592430e+02
3.54813389e+02 9.06252751e+01 -9.96715453e+00 1.00592430e+02
3.98107171e+02 8.98759213e+01 -1.07165079e+01 1.00592429e+02
4.46683592e+02 8.90858678e+01 -1.15065608e+01 1.00592429e+02
5.01187234e+02 8.82601829e+01 -1.23322451e+01 1.00592428e+02
5.62341325e+02 8.74038116e+01 -1.31886155e+01 1.00592427e+02
6.30957344e+02 8.65213848e+01 -1.40710413e+01 1.00592426e+02
7.07945784e+02 8.56170991e+01 -1.49753256e+01 1.00592425e+02
7.94328235e+02 8.46946602e+01 -1.58977628e+01 1.00592423e+02
8.91250938e+02 8.37572717e+01 -1.68351492e+01 1.00592421e+02
1.00000000e+03 8.28076572e+01 -1.77847610e+01 1.00592418e+02
1.12201845e+03 8.18481006e+01 -1.87443142e+01 1.00592415e+02
1.25892541e+03 8.08804965e+01 -1.97119140e+01 1.00592410e+02
1.41253754e+03 7.99064028e+01 -2.06860023e+01 1.00592405e+02
1.58489319e+03 7.89270917e+01 -2.16653067e+01 1.00592398e+02
1.77827941e+03 7.79435959e+01 -2.26487939e+01 1.00592390e+02
1.99526231e+03 7.69567505e+01 -2.36356285e+01 1.00592379e+02
2.23872114e+03 7.59672281e+01 -2.46251375e+01 1.00592366e+02
2.51188643e+03 7.49755688e+01 -2.56167798e+01 1.00592349e+02
2.81838293e+03 7.39822054e+01 -2.66101217e+01 1.00592327e+02
3.16227766e+03 7.29874843e+01 -2.76048158e+01 1.00592300e+02
3.54813389e+03 7.19916821e+01 -2.86005841e+01 1.00592266e+02
3.98107171e+03 7.09950194e+01 -2.95972041e+01 1.00592223e+02
4.46683592e+03 6.99976721e+01 -3.05944975e+01 1.00592170e+02
5.01187234e+03 6.89997804e+01 -3.15923215e+01 1.00592102e+02
5.62341325e+03 6.80014558e+01 -3.25905609e+01 1.00592017e+02
6.30957344e+03 6.70027870e+01 -3.35891223e+01 1.00591909e+02
7.07945784e+03 6.60038447e+01 -3.45879294e+01 1.00591774e+02
7.94328235e+03 6.50046851e+01 -3.55869190e+01 1.00591604e+02
8.91250938e+03 6.40053526e+01 -3.65860373e+01 1.00591390e+02
1.00000000e+04 6.30058829e+01 -3.75852374e+01 1.00591120e+02
1.12201845e+04 6.20063041e+01 -3.85844768e+01 1.00590781e+02
1.25892541e+04 6.10066387e+01 -3.95837151e+01 1.00590354e+02
1.41253754e+04 6.00069043e+01 -4.05829117e+01 1.00589816e+02
1.58489319e+04 5.90071152e+01 -4.15820238e+01 1.00589139e+02
1.77827941e+04 5.80072826e+01 -4.25810044e+01 1.00588287e+02
1.99526231e+04 5.70074154e+01 -4.35797991e+01 1.00587215e+02
2.23872114e+04 5.60075206e+01 -4.45783441e+01 1.00585865e+02
2.51188643e+04 5.50076039e+01 -4.55765621e+01 1.00584166e+02
2.81838293e+04 5.40076697e+01 -4.65743586e+01 1.00582028e+02
3.16227766e+04 5.30077215e+01 -4.75716171e+01 1.00579339e+02
3.54813389e+04 5.20077620e+01 -4.85681925e+01 1.00575954e+02
3.98107171e+04 5.10077934e+01 -4.95639043e+01 1.00571698e+02
4.46683592e+04 5.00078174e+01 -5.05585270e+01 1.00566344e+02
5.01187234e+04 4.90078353e+01 -5.15517783e+01 1.00559614e+02
5.62341325e+04 4.80078480e+01 -5.25433060e+01 1.00551154e+02
6.30957344e+04 4.70078562e+01 -5.35326696e+01 1.00540526e+02
7.07945784e+04 4.60078603e+01 -5.45193198e+01 1.00527180e+02
7.94328235e+04 4.50078606e+01 -5.55025727e+01 1.00510433e+02
8.91250938e+04 4.40078570e+01 -5.64815786e+01 1.00489436e+02
1.00000000e+05 4.30078493e+01 -5.74552858e+01 1.00463135e+02
1.12201845e+05 4.20078373e+01 -5.84223977e+01 1.00430235e+02
1.25892541e+05 4.10078201e+01 -5.93813240e+01 1.00389144e+02
1.41253754e+05 4.00077970e+01 -6.03301270e+01 1.00337924e+02
1.58489319e+05 3.90077666e+01 -6.12664653e+01 1.00274232e+02
1.77827941e+05 3.80077274e+01 -6.21875381e+01 1.00195265e+02
1.99526231e+05 3.70076773e+01 -6.30900370e+01 1.00097714e+02
2.23872114e+05 3.60076135e+01 -6.39701151e+01 9.99777286e+01
2.51188643e+05 3.50075328e+01 -6.48233842e+01 9.98309170e+01
2.81838293e+05 3.40074307e+01 -6.56449562e+01 9.96523870e+01
3.16227766e+05 3.30073020e+01 -6.64295418e+01 9.94368438e+01
3.54813389e+05 3.20071396e+01 -6.71716177e+01 9.91787573e+01
3.98107171e+05 3.10069350e+01 -6.78656635e+01 9.88725985e+01
4.46683592e+05 3.00066773e+01 -6.85064546e+01 9.85131320e+01
5.01187234e+05 2.90063528e+01 -6.90893789e+01 9.80957317e+01
5.62341325e+05 2.80059442e+01 -6.96107278e+01 9.76166720e+01
6.30957344e+05 2.70054298e+01 -7.00679072e+01 9.70733370e+01
7.07945784e+05 2.60047822e+01 -7.04595188e+01 9.64643010e+01
7.94328235e+05 2.50039670e+01 -7.07852866e+01 9.57892536e+01
8.91250938e+05 2.40029409e+01 -7.10458380e+01 9.50487790e+01
1.00000000e+06 2.30016495e+01 -7.12423781e+01 9.42440276e+01
1.12201845e+06 2.20000242e+01 -7.13763185e+01 9.33763427e+01
1.25892541e+06 2.09979789e+01 -7.14489263e+01 9.24469052e+01
1.41253754e+06 1.99954055e+01 -7.14610524e+01 9.14564578e+01
1.58489319e+06 1.89921678e+01 -7.14129786e+01 9.04051464e+01
1.77827941e+06 1.79880953e+01 -7.13044079e+01 8.92925032e+01
1.99526231e+06 1.69829738e+01 -7.11345992e+01 8.81175729e+01
2.23872114e+06 1.59765348e+01 -7.09026322e+01 8.68791670e+01
2.51188643e+06 1.49684422e+01 -7.06077663e+01 8.55762086e+01
2.81838293e+06 1.39582759e+01 -7.02498407e+01 8.42081166e+01
3.16227766e+06 1.29455112e+01 -6.98296518e+01 8.27751631e+01
3.54813389e+06 1.19294951e+01 -6.93492461e+01 8.12787412e+01
3.98107171e+06 1.09094162e+01 -6.88120816e+01 7.97214978e+01
4.46683592e+06 9.88427063e+00 -6.82230429e+01 7.81073135e+01
5.01187234e+06 8.85282142e+00 -6.75883254e+01 7.64411468e+01
5.62341325e+06 7.81355263e+00 -6.69152348e+01 7.47287874e+01
6.30957344e+06 6.76461922e+00 -6.62119556e+01 7.29765748e+01
7.07945784e+06 5.70379460e+00 -6.54873401e+01 7.11911347e+01
7.94328235e+06 4.62842011e+00 -6.47507521e+01 6.93791722e+01
8.91250938e+06 3.53536268e+00 -6.40119782e+01 6.75473409e+01
1.00000000e+07 2.42099011e+00 -6.32812002e+01 6.57021903e+01
1.12201845e+07 1.28117581e+00 -6.25690074e+01 6.38501832e+01
1.25892541e+07 1.11347323e-01 -6.18864195e+01 6.19977669e+01
1.41253754e+07 -1.09340750e+00 -6.12448887e+01 6.01514812e+01
1.58489319e+07 -2.33816681e+00 -6.06562511e+01 5.83180843e+01
1.77827941e+07 -3.62793305e+00 -6.01326119e+01 5.65046789e+01
1.99526231e+07 -4.96733770e+00 -5.96861596e+01 5.47188218e+01
2.23872114e+07 -6.36032486e+00 -5.93289283e+01 5.29686035e+01
2.51188643e+07 -7.80986101e+00 -5.90725462e+01 5.12626852e+01
2.81838293e+07 -9.31772440e+00 -5.89280216e+01 4.96102972e+01
3.16227766e+07 -1.08844170e+01 -5.89056275e+01 4.80212105e+01
3.54813389e+07 -1.25092172e+01 -5.90149429e+01 4.65057256e+01
3.98107171e+07 -1.41903598e+01 -5.92651055e+01 4.50747457e+01
4.46683592e+07 -1.59252972e+01 -5.96653368e+01 4.37400396e+01
5.01187234e+07 -1.77109861e+01 -6.02258195e+01 4.25148335e+01
5.62341325e+07 -1.95441390e+01 -6.09590562e+01 4.14149173e+01
6.30957344e+07 -2.14213985e+01 -6.18819343e+01 4.04605358e+01
7.07945784e+07 -2.33394057e+01 -6.30189284e+01 3.96795227e+01
7.94328235e+07 -2.52947515e+01 -6.44073247e+01 3.91125733e+01
8.91250938e+07 -2.72838114e+01 -6.61063925e+01 3.88225811e+01
1.00000000e+08 -2.93024765e+01 -6.82149056e+01 3.89124291e+01
1.12201845e+08 -3.13458088e+01 -7.09069935e+01 3.95611847e+01
1.25892541e+08 -3.34076713e+01 -7.44993503e+01 4.10916790e+01
1.41253754e+08 -3.54804047e+01 -7.93329925e+01 4.38525878e+01
1.58489319e+08 -3.75546366e+01 -8.19448969e+01 4.43902603e+01
1.77827941e+08 -3.96193079e+01 -7.80129832e+01 3.83936753e+01
1.99526231e+08 -4.16619743e+01 -7.44507762e+01 3.27888019e+01
2.23872114e+08 -4.36693912e+01 -7.20155019e+01 2.83461107e+01
2.51188643e+08 -4.56283269e+01 -7.02929654e+01 2.46646385e+01
2.81838293e+08 -4.75264916e+01 -6.90293434e+01 2.15028518e+01
3.16227766e+08 -4.93534330e+01 -6.80810168e+01 1.87275839e+01
3.54813389e+08 -5.11012445e+01 -6.73614081e+01 1.62601635e+01
3.98107171e+08 -5.27649700e+01 -6.68150261e+01 1.40500561e+01
4.46683592e+08 -5.43426465e+01 -6.64045769e+01 1.20619304e+01
5.01187234e+08 -5.58350029e+01 -6.61040341e+01 1.02690312e+01
5.62341325e+08 -5.72448936e+01 -6.58945772e+01 8.64968362e+00
6.30957344e+08 -5.85765833e+01 -6.57620122e+01 7.18542889e+00
7.07945784e+08 -5.98350026e+01 -6.56950250e+01 5.86002241e+00
7.94328235e+08 -6.10250736e+01 -6.56839599e+01 4.65888625e+00
8.91250938e+08 -6.21511688e+01 -6.57199759e+01 3.56880711e+00
1.00000000e+09 -6.32167311e+01 -6.57945195e+01 2.57778834e+00
