# freq_hz rev(vout) imv(vout) rev(vinp) imv(vinp) rev(vinn) imv(vinn)
1.000000000000e-01 5.014539466751e-01 -2.448661760229e-04 1.000000000000e+00 0.000000000000e+00 1.000000000000e+00 -7.980887434629e-19
1.122018454302e-01 5.014539157050e-01 -2.747443513688e-04 1.000000000000e+00 0.000000000000e+00 1.000000000000e+00 -7.112972973950e-19
1.258925411794e-01 5.014538767158e-01 -3.082682084841e-04 1.000000000000e+00 0.000000000000e+00 1.000000000000e+00 -6.339443343047e-19
1.412537544623e-01 5.014538276313e-01 -3.458825849346e-04 1.000000000000e+00 0.000000000000e+00 1.000000000000e+00 -5.650034273687e-19
1.584893192461e-01 5.014537658377e-01 -3.880865954863e-04 1.000000000000e+00 0.000000000000e+00 1.000000000000e+00 -5.035597726380e-19
1.778279410039e-01 5.014536880442e-01 -4.354402544344e-04 1.000000000000e+00 0.000000000000e+00 1.000000000000e+00 -4.487980501452e-19
1.995262314969e-01 5.014535901079e-01 -4.885719057748e-04 1.000000000000e+00 0.000000000000e+00 1.000000000000e+00 -3.999916051043e-19
2.238721138568e-01 5.014534668135e-01 -5.481865597079e-04 1.000000000000e+00 0.000000000000e+00 1.000000000000e+00 -3.564928056425e-19
2.511886431510e-01 5.014533115823e-01 -6.150752459287e-04 1.000000000000e+00 0.000000000000e+00 1.000000000000e+00 -3.177244491112e-19
2.818382931264e-01 5.014531161741e-01 -6.901255076989e-04 1.000000000000e+00 0.000000000000e+00 1.000000000000e+00 -2.831721029907e-19
3.162277660168e-01 5.014528701700e-01 -7.743331754236e-04 1.000000000000e+00 0.000000000000e+00 1.000000000000e+00 -2.523772786319e-19
3.548133892336e-01 5.014525604694e-01 -8.688155758390e-04 1.000000000000e+00 0.000000000000e+00 1.000000000000e+00 -2.249313474252e-19
3.981071705535e-01 5.014521705802e-01 -9.748263512757e-04 1.000000000000e+00 0.000000000000e+00 1.000000000000e+00 -2.004701185388e-19
4.466835921510e-01 5.014516797266e-01 -1.093772084857e-03 1.000000000000e+00 0.000000000000e+00 1.000000000000e+00 -1.786690063226e-19
5.011872336273e-01 5.014510617962e-01 -1.227230951203e-03 1.000000000000e+00 0.000000000000e+00 1.000000000000e+00 -1.592387232730e-19
5.623413251903e-01 5.014502838571e-01 -1.376973638012e-03 1.000000000000e+00 0.000000000000e+00 1.000000000000e+00 -1.419214413305e-19
6.309573444802e-01 5.014493045096e-01 -1.544986814507e-03 1.000000000000e+00 0.000000000000e+00 1.000000000000e+00 -1.264873706929e-19
7.079457843841e-01 5.014480715766e-01 -1.733499453857e-03 1.000000000000e+00 0.000000000000e+00 1.000000000000e+00 -1.127317106136e-19
7.943282347243e-01 5.014465194179e-01 -1.945012355197e-03 1.000000000000e+00 0.000000000000e+00 1.000000000000e+00 -1.004719318448e-19
8.912509381337e-01 5.014445653700e-01 -2.182331249311e-03 1.000000000000e+00 0.000000000000e+00 1.000000000000e+00 -8.954535456908e-20
1.000000000000e+00 5.014421054108e-01 -2.448603918779e-03 1.000000000000e+00 0.000000000000e+00 1.000000000000e+00 -7.980698975054e-20
1.122018454302e+00 5.014390085173e-01 -2.747361810667e-03 1.000000000000e+00 0.000000000000e+00 1.000000000000e+00 -7.112761519977e-20
1.258925411794e+00 5.014351098369e-01 -3.082566677013e-03 1.000000000000e+00 0.000000000000e+00 1.000000000000e+00 -6.339206089790e-20
1.412537544623e+00 5.014302017560e-01 -3.458662832816e-03 1.000000000000e+00 0.000000000000e+00 1.000000000000e+00 -5.649768073694e-20
1.584893192461e+00 5.014240229983e-01 -3.880635690629e-03 1.000000000000e+00 0.000000000000e+00 1.000000000000e+00 -5.035299048846e-20
1.778279410039e+00 5.014162446075e-01 -4.354077292349e-03 1.000000000000e+00 0.000000000000e+00 1.000000000000e+00 -4.487645384935e-20
1.995262314969e+00 5.014064525439e-01 -4.885259636019e-03 1.000000000000e+00 0.000000000000e+00 1.000000000000e+00 -3.999540051544e-20
2.238721138568e+00 5.013941256208e-01 -5.481216662749e-03 1.000000000000e+00 0.000000000000e+00 1.000000000000e+00 -3.564506188601e-20
2.511886431510e+00 5.013786078061e-01 -6.149835844020e-03 1.000000000000e+00 0.000000000000e+00 1.000000000000e+00 -3.176771162576e-20
2.818382931264e+00 5.013590733922e-01 -6.899960374357e-03 1.000000000000e+00 0.000000000000e+00 1.000000000000e+00 -2.831189967452e-20
3.162277660168e+00 5.013344831885e-01 -7.741503028691e-03 1.000000000000e+00 0.000000000000e+00 1.000000000000e+00 -2.523176953969e-20
3.548133892336e+00 5.013035293619e-01 -8.685572775519e-03 1.000000000000e+00 0.000000000000e+00 1.000000000000e+00 -2.248644980949e-20
3.981071705535e+00 5.012645662387e-01 -9.744615238407e-03 1.000000000000e+00 0.000000000000e+00 1.000000000000e+00 -2.003951182361e-20
4.466835921510e+00 5.012155232231e-01 -1.093256803392e-02 1.000000000000e+00 0.000000000000e+00 1.000000000000e+00 -1.785848629255e-20
5.011872336273e+00 5.011537953601e-01 -1.226503187334e-02 1.000000000000e+00 0.000000000000e+00 1.000000000000e+00 -1.591443245742e-20
5.623413251903e+00 5.010761062241e-01 -1.375945805291e-02 1.000000000000e+00 0.000000000000e+00 1.000000000000e+00 -1.418155408440e-20
6.309573444802e+00 5.009783356145e-01 -1.543535248322e-02 1.000000000000e+00 0.000000000000e+00 1.000000000000e+00 -1.263685718100e-20
7.079457843841e+00 5.008553039849e-01 -1.731449570876e-02 1.000000000000e+00 0.000000000000e+00 1.000000000000e+00 -1.125984491487e-20
7.943282347243e+00 5.007005022554e-01 -1.942117722674e-02 1.000000000000e+00 0.000000000000e+00 1.000000000000e+00 -1.003224567111e-20
8.912509381337e+00 5.005057545042e-01 -2.178244079080e-02 1.000000000000e+00 0.000000000000e+00 1.000000000000e+00 -8.937770662220e-21
1.000000000000e+01 5.002607969653e-01 -2.442833492088e-02 1.000000000000e+00 0.000000000000e+00 1.000000000000e+00 -7.961897867213e-21
1.122018454302e+01 4.999527545675e-01 -2.739215937551e-02 1.000000000000e+00 0.000000000000e+00 1.000000000000e+00 -7.091679454713e-21
1.258925411794e+01 4.995654913293e-01 -3.071069330571e-02 1.000000000000e+00 0.000000000000e+00 1.000000000000e+00 -6.315570136112e-21
1.412537544623e+01 4.990788083325e-01 -3.442438385236e-02 1.000000000000e+00 0.000000000000e+00 1.000000000000e+00 -5.623274201872e-21
1.584893192461e+01 4.984674578747e-01 -3.857746413941e-02 1.000000000000e+00 0.000000000000e+00 1.000000000000e+00 -5.005609227712e-21
1.778279410039e+01 4.976999403759e-01 -4.321795630846e-02 1.000000000000e+00 0.000000000000e+00 1.000000000000e+00 -4.454384684443e-21
1.995262314969e+01 4.967370485403e-01 -4.839749716153e-02 1.000000000000e+00 0.000000000000e+00 1.000000000000e+00 -3.962293884817e-21
2.238721138568e+01 4.955301261813e-01 -5.417090014701e-02 1.000000000000e+00 0.000000000000e+00 1.000000000000e+00 -3.522817901436e-21
2.511886431510e+01 4.940190177307e-01 -6.059533661998e-02 1.000000000000e+00 0.000000000000e+00 1.000000000000e+00 -3.130140266970e-21
2.818382931264e+01 4.921297038128e-01 -6.772898090672e-02 1.000000000000e+00 0.000000000000e+00 1.000000000000e+00 -2.779071436152e-21
3.162277660168e+01 4.897716549119e-01 -7.562891825804e-02 1.000000000000e+00 0.000000000000e+00 1.000000000000e+00 -2.464982150283e-21
3.548133892336e+01 4.868349967618e-01 -8.434806513306e-02 1.000000000000e+00 0.000000000000e+00 1.000000000000e+00 -2.183744992604e-21
3.981071705535e+01 4.831876794449e-01 -9.393080492230e-02 1.000000000000e+00 0.000000000000e+00 1.000000000000e+00 -1.931683559426e-21
4.466835921510e+01 4.786729877501e-01 -1.044070137926e-01 1.000000000000e+00 0.000000000000e+00 1.000000000000e+00 -1.705528778394e-21
5.011872336273e+01 4.731079357150e-01 -1.157841673289e-01 1.000000000000e+00 0.000000000000e+00 1.000000000000e+00 -1.502381974898e-21
5.623413251903e+01 4.662833525454e-01 -1.280373200674e-01 1.000000000000e+00 0.000000000000e+00 1.000000000000e+00 -1.319684275630e-21
6.309573444802e+01 4.579667735015e-01 -1.410969955576e-01 1.000000000000e+00 0.000000000000e+00 1.000000000000e+00 -1.155191811495e-21
7.079457843841e+01 4.479095375747e-01 -1.548354834756e-01 1.000000000000e+00 0.000000000000e+00 1.000000000000e+00 -1.006955879044e-21
7.943282347243e+01 4.358596451399e-01 -1.690527727657e-01 1.000000000000e+00 0.000000000000e+00 1.000000000000e+00 -8.733067010059e-22
8.912509381337e+01 4.215817435670e-01 -1.834643594565e-01 1.000000000000e+00 0.000000000000e+00 1.000000000000e+00 -7.528386847646e-22
1.000000000000e+02 4.048848264086e-01 -1.976943276288e-01 1.000000000000e+00 0.000000000000e+00 1.000000000000e+00 -6.443942150583e-22
1.122018454302e+02 3.856566101953e-01 -2.112780670321e-01 1.000000000000e+00 0.000000000000e+00 1.000000000000e+00 -5.470423023196e-22
1.258925411794e+02 3.639010481180e-01 -2.236791590137e-01 1.000000000000e+00 0.000000000000e+00 1.000000000000e+00 -4.600483083565e-22
1.412537544623e+02 3.397724603493e-01 -2.343235901012e-01 1.000000000000e+00 0.000000000000e+00 1.000000000000e+00 -3.828320655755e-22
1.584893192461e+02 3.135973510500e-01 -2.426510215868e-01 1.000000000000e+00 0.000000000000e+00 1.000000000000e+00 -3.149143980020e-22
1.778279410039e+02 2.858746763922e-01 -2.481776341744e-01 1.000000000000e+00 0.000000000000e+00 1.000000000000e+00 -2.558561247224e-22
1.995262314969e+02 2.572484537344e-01 -2.505595988939e-01 1.000000000000e+00 0.000000000000e+00 1.000000000000e+00 -2.051978965744e-22
2.238721138568e+02 2.284532057839e-01 -2.496430172700e-01 1.000000000000e+00 0.000000000000e+00 1.000000000000e+00 -1.624117284609e-22
2.511886431510e+02 2.002408605604e-01 -2.454875202524e-01 1.000000000000e+00 0.000000000000e+00 1.000000000000e+00 -1.268740591429e-22
2.818382931264e+02 1.733039532463e-01 -2.383570345567e-01 1.000000000000e+00 0.000000000000e+00 1.000000000000e+00 -9.786527057962e-23
3.162277660168e+02 1.482112741490e-01 -2.286802878753e-01 1.000000000000e+00 0.000000000000e+00 1.000000000000e+00 -7.459356652921e-23
3.548133892336e+02 1.253678115124e-01 -2.169915838972e-01 1.000000000000e+00 0.000000000000e+00 1.000000000000e+00 -5.623493225525e-23
3.981071705535e+02 1.050031076628e-01 -2.038660510160e-01 1.000000000000e+00 0.000000000000e+00 1.000000000000e+00 -4.197805229509e-23
4.466835921510e+02 8.718450420797e-02 -1.898621852966e-01 1.000000000000e+00 0.000000000000e+00 1.000000000000e+00 -3.106414708205e-23
5.011872336273e+02 7.184696680064e-02 -1.754797132179e-01 1.000000000000e+00 0.000000000000e+00 1.000000000000e+00 -2.281542534458e-23
5.623413251903e+02 5.883006660626e-02 -1.611352077067e-01 1.000000000000e+00 0.000000000000e+00 1.000000000000e+00 -1.665020065819e-23
6.309573444802e+02 4.791437067366e-02 -1.471535733965e-01 1.000000000000e+00 0.000000000000e+00 1.000000000000e+00 -1.208609267261e-23
7.079457843841e+02 3.885237847268e-02 -1.337712394720e-01 1.000000000000e+00 0.000000000000e+00 1.000000000000e+00 -8.734493828767e-24
7.943282347243e+02 3.139195243587e-02 -1.211464869113e-01 1.000000000000e+00 0.000000000000e+00 1.000000000000e+00 -6.289823507544e-24
8.912509381337e+02 2.529221687840e-02 -1.093730240438e-01 1.000000000000e+00 0.000000000000e+00 1.000000000000e+00 -4.516552146782e-24
1.000000000000e+03 2.033303419429e-02 -9.849405671102e-02 1.000000000000e+00 0.000000000000e+00 1.000000000000e+00 -3.236102900079e-24
1.122018454302e+03 1.631958616840e-02 -8.851520965317e-02 1.000000000000e+00 0.000000000000e+00 1.000000000000e+00 -2.314884214210e-24
1.258925411794e+03 1.308355462525e-02 -7.941550218669e-02 1.000000000000e+00 0.000000000000e+00 1.000000000000e+00 -1.654039526340e-24
1.412537544623e+03 1.048215399210e-02 -7.115617945412e-02 1.000000000000e+00 0.000000000000e+00 1.000000000000e+00 -1.181056481255e-24
1.584893192461e+03 8.395954046182e-03 -6.368750440631e-02 1.000000000000e+00 0.000000000000e+00 1.000000000000e+00 -8.431215395324e-25
1.778279410039e+03 6.726149282952e-03 -5.695380303883e-02 1.000000000000e+00 0.000000000000e+00 1.000000000000e+00 -6.019863359563e-25
1.995262314969e+03 5.391694509488e-03 -5.089707645566e-02 1.000000000000e+00 0.000000000000e+00 1.000000000000e+00 -4.300761991988e-25
2.238721138568e+03 4.326558045912e-03 -4.545949907877e-02 1.000000000000e+00 0.000000000000e+00 1.000000000000e+00 -3.075832392512e-25
2.511886431510e+03 3.477224823689e-03 -4.058507697658e-02 1.000000000000e+00 0.000000000000e+00 1.000000000000e+00 -2.203194825967e-25
2.818382931264e+03 2.800504470515e-03 -3.622068250241e-02 1.000000000000e+00 0.000000000000e+00 1.000000000000e+00 -1.581453409645e-25
3.162277660168e+03 2.261654228797e-03 -3.231664562150e-02 1.000000000000e+00 0.000000000000e+00 1.000000000000e+00 -1.138272753881e-25
3.548133892336e+03 1.832799633628e-03 -2.882703466028e-02 1.000000000000e+00 0.000000000000e+00 1.000000000000e+00 -8.221198247873e-26
3.981071705535e+03 1.491622833302e-03 -2.570972211572e-02 1.000000000000e+00 0.000000000000e+00 1.000000000000e+00 -5.963196965751e-26
4.466835921510e+03 1.220284224085e-03 -2.292631273680e-02 1.000000000000e+00 0.000000000000e+00 1.000000000000e+00 -4.347915832434e-26
5.011872336273e+03 1.004542317570e-03 -2.044198094054e-02 1.000000000000e+00 0.000000000000e+00 1.000000000000e+00 -3.189982997555e-26
5.623413251903e+03 8.330397495588e-04 -1.822525757178e-02 1.000000000000e+00 0.000000000000e+00 1.000000000000e+00 -2.357685412671e-26
6.309573444802e+03 6.967266116695e-04 -1.624778981796e-02 1.000000000000e+00 0.000000000000e+00 1.000000000000e+00 -1.757448188866e-26
7.079457843841e+03 5.883963042116e-04 -1.448409054729e-02 1.000000000000e+00 0.000000000000e+00 1.000000000000e+00 -1.322787456016e-26
7.943282347243e+03 5.023130497830e-04 -1.291129011468e-02 1.000000000000e+00 0.000000000000e+00 1.000000000000e+00 -1.006455535101e-26
8.912509381337e+03 4.339135692993e-04 -1.150889651916e-02 1.000000000000e+00 0.000000000000e+00 1.000000000000e+00 -7.748602158359e-27
1.000000000000e+04 3.795685769102e-04 -1.025856866399e-02 1.000000000000e+00 0.000000000000e+00 1.000000000000e+00 -6.041021525762e-27
1.122018454302e+04 3.363923615433e-04 -9.143905248412e-03 1.000000000000e+00 0.000000000000e+00 1.000000000000e+00 -4.771624473082e-27
1.258925411794e+04 3.020909103609e-04 -8.150249871004e-03 1.000000000000e+00 0.000000000000e+00 1.000000000000e+00 -3.819071503096e-27
1.412537544623e+04 2.748408706870e-04 -7.264512376825e-03 1.000000000000e+00 0.000000000000e+00 1.000000000000e+00 -3.096716494371e-27
1.584893192461e+04 2.531931823446e-04 -6.475007060034e-03 1.000000000000e+00 0.000000000000e+00 1.000000000000e+00 -2.542565437154e-27
1.778279410039e+04 2.359963525496e-04 -5.771305385540e-03 1.000000000000e+00 0.000000000000e+00 1.000000000000e+00 -2.112153233507e-27
1.995262314969e+04 2.223354243235e-04 -5.144103464095e-03 1.000000000000e+00 0.000000000000e+00 1.000000000000e+00 -1.773490209285e-27
2.238721138568e+04 2.114834319132e-04 -4.585102652307e-03 1.000000000000e+00 0.000000000000e+00 1.000000000000e+00 -1.503475935040e-27
2.511886431510e+04 2.028627996166e-04 -4.086902272852e-03 1.000000000000e+00 0.000000000000e+00 1.000000000000e+00 -1.285353387137e-27
2.818382931264e+04 1.960146572815e-04 -3.642903501448e-03 1.000000000000e+00 0.000000000000e+00 1.000000000000e+00 -1.106900743641e-27
3.162277660168e+04 1.905744495006e-04 -3.247223251070e-03 1.000000000000e+00 0.000000000000e+00 1.000000000000e+00 -9.591461890613e-28
3.548133892336e+04 1.862525494871e-04 -2.894617106800e-03 1.000000000000e+00 0.000000000000e+00 1.000000000000e+00 -8.354536444741e-28
3.981071705535e+04 1.828188536404e-04 -2.580410464655e-03 1.000000000000e+00 0.000000000000e+00 1.000000000000e+00 -7.308716446079e-28
4.466835921510e+04 1.800905369749e-04 -2.300436978786e-03 1.000000000000e+00 0.000000000000e+00 1.000000000000e+00 -6.416689501759e-28
5.011872336273e+04 1.779223281612e-04 -2.050983713981e-03 1.000000000000e+00 0.000000000000e+00 1.000000000000e+00 -5.650027796663e-28
5.623413251903e+04 1.761987767686e-04 -1.828742105976e-03 1.000000000000e+00 0.000000000000e+00 1.000000000000e+00 -4.986812285223e-28
6.309573444802e+04 1.748281035302e-04 -1.630764179742e-03 1.000000000000e+00 0.000000000000e+00 1.000000000000e+00 -4.409926774233e-28
7.079457843841e+04 1.737373217613e-04 -1.454423662743e-03 1.000000000000e+00 0.000000000000e+00 1.000000000000e+00 -3.905829255260e-28
7.943282347243e+04 1.728683469639e-04 -1.297381157793e-03 1.000000000000e+00 0.000000000000e+00 1.000000000000e+00 -3.463662843733e-28
8.912509381337e+04 1.721749038431e-04 -1.157553167561e-03 1.000000000000e+00 0.000000000000e+00 1.000000000000e+00 -3.074609613358e-28
1.000000000000e+05 1.716200674015e-04 -1.033084539737e-03 1.000000000000e+00 0.000000000000e+00 1.000000000000e+00 -2.731418206072e-28
1.122018454302e+05 1.711742900195e-04 -9.223238200583e-04 1.000000000000e+00 0.000000000000e+00 1.000000000000e+00 -2.428055820507e-28
1.258925411794e+05 1.708138330234e-04 -8.238013999859e-04 1.000000000000e+00 0.000000000000e+00 1.000000000000e+00 -2.159450084926e-28
1.412537544623e+05 1.705195025735e-04 -7.362100324828e-04 1.000000000000e+00 0.000000000000e+00 1.000000000000e+00 -1.921295602474e-28
1.584893192461e+05 1.702756232155e-04 -6.583874631331e-04 1.000000000000e+00 0.000000000000e+00 1.000000000000e+00 -1.709907472107e-28
1.778279410039e+05 1.700692103871e-04 -5.893010552383e-04 1.000000000000e+00 0.000000000000e+00 1.000000000000e+00 -1.522109256174e-28
1.995262314969e+05 1.698892714700e-04 -5.280340476741e-04 1.000000000000e+00 0.000000000000e+00 1.000000000000e+00 -1.355145994082e-28
2.238721138568e+05 1.697262262501e-04 -4.737734139503e-04 1.000000000000e+00 0.000000000000e+00 1.000000000000e+00 -1.206616019060e-28
2.511886431510e+05 1.695713934449e-04 -4.257990572747e-04 1.000000000000e+00 0.000000000000e+00 1.000000000000e+00 -1.074416627089e-28
2.818382931264e+05 1.694165323018e-04 -3.834742486139e-04 1.000000000000e+00 0.000000000000e+00 1.000000000000e+00 -9.567003212449e-29
3.162277660168e+05 1.692534009557e-04 -3.462371574856e-04 1.000000000000e+00 0.000000000000e+00 1.000000000000e+00 -8.518390316104e-29
3.548133892336e+05 1.690733213126e-04 -3.135933750913e-04 1.000000000000e+00 0.000000000000e+00 1.000000000000e+00 -7.583945715798e-29
3.981071705535e+05 1.688667194012e-04 -2.851093197144e-04 1.000000000000e+00 0.000000000000e+00 1.000000000000e+00 -6.750939220472e-29
4.466835921510e+05 1.686226161533e-04 -2.604064276074e-04 1.000000000000e+00 0.000000000000e+00 1.000000000000e+00 -6.008083428508e-29
5.011872336273e+05 1.683280474820e-04 -2.391560554019e-04 1.000000000000e+00 0.000000000000e+00 1.000000000000e+00 -5.345355791262e-29
5.623413251903e+05 1.679673853670e-04 -2.210750291405e-04 1.000000000000e+00 0.000000000000e+00 1.000000000000e+00 -4.753845833815e-29
6.309573444802e+05 1.675215168571e-04 -2.059217360361e-04 1.000000000000e+00 0.000000000000e+00 1.000000000000e+00 -4.225622811954e-29
7.079457843841e+05 1.669668423671e-04 -1.934927120239e-04 1.000000000000e+00 0.000000000000e+00 1.000000000000e+00 -3.753620528764e-29
7.943282347243e+05 1.662740574086e-04 -1.836196678520e-04 1.000000000000e+00 0.000000000000e+00 1.000000000000e+00 -3.331536887104e-29
8.912509381337e+05 1.654066356620e-04 -1.761668446021e-04 1.000000000000e+00 0.000000000000e+00 1.000000000000e+00 -2.953745411020e-29
1.000000000000e+06 1.643189647462e-04 -1.710286517142e-04 1.000000000000e+00 0.000000000000e+00 1.000000000000e+00 -2.615217548311e-29
1.122018454302e+06 1.629540424100e-04 -1.681274700960e-04 1.000000000000e+00 0.000000000000e+00 1.000000000000e+00 -2.311454080538e-29
1.258925411794e+06 1.612406378525e-04 -1.674115120464e-04 1.000000000000e+00 0.000000000000e+00 1.000000000000e+00 -2.038424540573e-29
1.412537544623e+06 1.590898052704e-04 -1.688525680121e-04 1.000000000000e+00 0.000000000000e+00 1.000000000000e+00 -1.792513692872e-29
1.584893192461e+06 1.563906379809e-04 -1.724434524316e-04 1.000000000000e+00 0.000000000000e+00 1.000000000000e+00 -1.570474477798e-29
1.778279410039e+06 1.530051335478e-04 -1.781948690853e-04 1.000000000000e+00 0.000000000000e+00 1.000000000000e+00 -1.369386789562e-29
1.995262314969e+06 1.487620372497e-04 -1.861313182562e-04 1.000000000000e+00 0.000000000000e+00 1.000000000000e+00 -1.186621598327e-29
2.238721138568e+06 1.434496267056e-04 -1.962855848646e-04 1.000000000000e+00 0.000000000000e+00 1.000000000000e+00 -1.019810675906e-29
2.511886431510e+06 1.368073687484e-04 -2.086911236889e-04 1.000000000000e+00 0.000000000000e+00 1.000000000000e+00 -8.668213942548e-30
2.818382931264e+06 1.285166301281e-04 -2.233715242570e-04 1.000000000000e+00 0.000000000000e+00 1.000000000000e+00 -7.257373271566e-30
3.162277660168e+06 1.181907838535e-04 -2.403259598320e-04 1.000000000000e+00 0.000000000000e+00 1.000000000000e+00 -5.948449029356e-30
3.548133892336e+06 1.053655074790e-04 -2.595093137339e-04 1.000000000000e+00 0.000000000000e+00 1.000000000000e+00 -4.726270725830e-30
3.981071705535e+06 8.949063687070e-05 -2.808054385271e-04 1.000000000000e+00 0.000000000000e+00 1.000000000000e+00 -3.577649003059e-30
4.466835921510e+06 6.992589517772e-05 -3.039919336111e-04 1.000000000000e+00 0.000000000000e+00 1.000000000000e+00 -2.491484366836e-30
5.011872336273e+06 4.594406350826e-05 -3.286950223790e-04 1.000000000000e+00 0.000000000000e+00 1.000000000000e+00 -1.458980660809e-30
5.623413251903e+06 1.674683976607e-05 -3.543338688772e-04 1.000000000000e+00 0.000000000000e+00 1.000000000000e+00 -4.739723386034e-31
6.309573444802e+06 -1.849943251066e-05 -3.800553793599e-04 1.000000000000e+00 0.000000000000e+00 1.000000000000e+00 4.666363192732e-31
7.079457843841e+06 -6.059904538120e-05 -4.046637148274e-04 1.000000000000e+00 0.000000000000e+00 1.000000000000e+00 1.362341274122e-30
7.943282347243e+06 -1.102230700003e-04 -4.265538644163e-04 1.000000000000e+00 0.000000000000e+00 1.000000000000e+00 2.208475749247e-30
8.912509381337e+06 -1.677573276403e-04 -4.436660098298e-04 1.000000000000e+00 0.000000000000e+00 1.000000000000e+00 2.995722842070e-30
1.000000000000e+07 -2.330985527686e-04 -4.534864815124e-04 1.000000000000e+00 0.000000000000e+00 1.000000000000e+00 3.709878690070e-30
1.122018454302e+07 -3.054071663116e-04 -4.531297628856e-04 1.000000000000e+00 0.000000000000e+00 1.000000000000e+00 4.332108798016e-30
1.258925411794e+07 -3.828454052689e-04 -4.395398071405e-04 1.000000000000e+00 0.000000000000e+00 1.000000000000e+00 4.839980043117e-30
1.412537544623e+07 -4.623568321476e-04 -4.098411453323e-04 1.000000000000e+00 0.000000000000e+00 1.000000000000e+00 5.209516418784e-30
1.584893192461e+07 -5.395708968307e-04 -3.618434619736e-04 1.000000000000e+00 0.000000000000e+00 1.000000000000e+00 5.418369880545e-30
1.778279410039e+07 -6.089304304241e-04 -2.946544249065e-04 1.000000000000e+00 0.000000000000e+00 1.000000000000e+00 5.449890914440e-30
1.995262314969e+07 -6.641231197947e-04 -2.092917537809e-04 1.000000000000e+00 0.000000000000e+00 1.000000000000e+00 5.297472745512e-30
2.238721138568e+07 -6.988371423275e-04 -1.091288925922e-04 1.000000000000e+00 0.000000000000e+00 1.000000000000e+00 4.968166141888e-30
2.511886431510e+07 -7.077608604909e-04 8.210272959761e-09 1.000000000000e+00 0.000000000000e+00 1.000000000000e+00 4.484424059189e-30
2.818382931264e+07 -6.876370254175e-04 1.102254104140e-04 1.000000000000e+00 0.000000000000e+00 1.000000000000e+00 3.883107239764e-30
3.162277660168e+07 -6.381120784624e-04 2.124388897175e-04 1.000000000000e+00 0.000000000000e+00 1.000000000000e+00 3.211567814337e-30
3.548133892336e+07 -5.621344589682e-04 2.976085016937e-04 1.000000000000e+00 0.000000000000e+00 1.000000000000e+00 2.521507940282e-30
3.981071705535e+07 -4.657629110939e-04 3.580623613202e-04 1.000000000000e+00 0.000000000000e+00 1.000000000000e+00 1.862022970006e-30
4.466835921510e+07 -3.574111278303e-04 3.886099895728e-04 1.000000000000e+00 0.000000000000e+00 1.000000000000e+00 1.273468484399e-30
5.011872336273e+07 -2.467118221025e-04 3.872073820226e-04 1.000000000000e+00 0.000000000000e+00 1.000000000000e+00 7.834478488736e-31
5.623413251903e+07 -1.432677305201e-04 3.550781967648e-04 1.000000000000e+00 0.000000000000e+00 1.000000000000e+00 4.054791365390e-31
6.309573444802e+07 -5.554296858372e-05 2.963471744617e-04 1.000000000000e+00 0.000000000000e+00 1.000000000000e+00 1.401035756447e-31
7.079457843841e+07 9.941957500617e-06 2.173437833532e-04 1.000000000000e+00 0.000000000000e+00 1.000000000000e+00 -2.235074655624e-32
7.943282347243e+07 4.906119957109e-05 1.257589154285e-04 1.000000000000e+00 0.000000000000e+00 1.000000000000e+00 -9.830108114522e-32
8.912509381337e+07 6.021587278739e-05 2.980005887241e-05 1.000000000000e+00 0.000000000000e+00 1.000000000000e+00 -1.075303643077e-31
1.000000000000e+08 4.421808240205e-05 -6.257038878544e-05 1.000000000000e+00 0.000000000000e+00 1.000000000000e+00 -7.037526388330e-32
1.122018454302e+08 3.991342806373e-06 -1.442764788013e-04 1.000000000000e+00 0.000000000000e+00 1.000000000000e+00 -5.661599724790e-33
1.258925411794e+08 -5.586787958663e-05 -2.096308963867e-04 1.000000000000e+00 0.000000000000e+00 1.000000000000e+00 7.062888009865e-32
1.412537544623e+08 -1.296320458875e-04 -2.546759591050e-04 1.000000000000e+00 0.000000000000e+00 1.000000000000e+00 1.460604071350e-31
1.584893192461e+08 -2.110423139321e-04 -2.773371970610e-04 1.000000000000e+00 0.000000000000e+00 1.000000000000e+00 2.119286499786e-31
1.778279410039e+08 -2.939012378464e-04 -2.773754646940e-04 1.000000000000e+00 0.000000000000e+00 1.000000000000e+00 2.630398491937e-31
1.995262314969e+08 -3.725835748836e-04 -2.561543656191e-04 1.000000000000e+00 0.000000000000e+00 1.000000000000e+00 2.971966002300e-31
2.238721138568e+08 -4.424033267404e-04 -2.162758062050e-04 1.000000000000e+00 0.000000000000e+00 1.000000000000e+00 3.145129381146e-31
2.511886431510e+08 -4.998089309241e-04 -1.611591265078e-04 1.000000000000e+00 0.000000000000e+00 1.000000000000e+00 3.166825576196e-31
2.818382931264e+08 -5.424184065216e-04 -9.463797625923e-05 1.000000000000e+00 0.000000000000e+00 1.000000000000e+00 3.063053273006e-31
3.162277660168e+08 -5.689357171600e-04 -2.062713726048e-05 1.000000000000e+00 0.000000000000e+00 1.000000000000e+00 2.863408638276e-31
3.548133892336e+08 -5.790002305866e-04 5.711866119179e-05 1.000000000000e+00 0.000000000000e+00 1.000000000000e+00 2.597160973780e-31
3.981071705535e+08 -5.730151400194e-04 1.351577040364e-04 1.000000000000e+00 0.000000000000e+00 1.000000000000e+00 2.290795010645e-31
4.466835921510e+08 -5.519861500585e-04 2.104449992970e-04 1.000000000000e+00 0.000000000000e+00 1.000000000000e+00 1.966746167618e-31
5.011872336273e+08 -5.173863218528e-04 2.803708904745e-04 1.000000000000e+00 0.000000000000e+00 1.000000000000e+00 1.642990584877e-31
5.623413251903e+08 -4.710503250208e-04 3.427776470780e-04 1.000000000000e+00 0.000000000000e+00 1.000000000000e+00 1.333175854482e-31
6.309573444802e+08 -4.150915493215e-04 3.959725726070e-04 1.000000000000e+00 0.000000000000e+00 1.000000000000e+00 1.047041808581e-31
7.079457843841e+08 -3.518282239584e-04 4.387485683010e-04 1.000000000000e+00 0.000000000000e+00 1.000000000000e+00 7.909532367783e-32
7.943282347243e+08 -2.837014745681e-04 4.704122014386e-04 1.000000000000e+00 0.000000000000e+00 1.000000000000e+00 5.684361963496e-32
8.912509381337e+08 -2.131719890045e-04 4.908072817382e-04 1.000000000000e+00 0.000000000000e+00 1.000000000000e+00 3.806714172985e-32
1.000000000000e+09 -1.425934189632e-04 5.003139854488e-04 1.000000000000e+00 0.000000000000e+00 1.000000000000e+00 2.269444748037e-32
