# freq_hz Ad_dB Acm_dB CMRR_dB(Acm clamped at the numerical floor)
1.00000000e-01 9.72911470e+01 -3.30396653e+00 1.00595114e+02
1.12201845e-01 9.72911468e+01 -3.30396673e+00 1.00595114e+02
1.25892541e-01 9.72911466e+01 -3.30396697e+00 1.00595114e+02
1.41253754e-01 9.72911463e+01 -3.30396729e+00 1.00595114e+02
1.58489319e-01 9.72911459e+01 -3.30396768e+00 1.00595114e+02
1.77827941e-01 9.72911454e+01 -3.30396816e+00 1.00595114e+02
1.99526231e-01 9.72911448e+01 -3.30396878e+00 1.00595114e+02
2.23872114e-01 9.72911440e+01 -3.30396956e+00 1.00595114e+02
2.51188643e-01 9.72911430e+01 -3.30397054e+00 1.00595114e+02
2.81838293e-01 9.72911418e+01 -3.30397177e+00 1.00595114e+02
3.16227766e-01 9.72911403e+01 -3.30397331e+00 1.00595114e+02
3.54813389e-01 9.72911383e+01 -3.30397526e+00 1.00595114e+02
3.98107171e-01 9.72911359e+01 -3.30397772e+00 1.00595114e+02
4.46683592e-01 9.72911328e+01 -3.30398082e+00 1.00595114e+02
5.01187234e-01 9.72911289e+01 -3.30398471e+00 1.00595114e+02
5.62341325e-01 9.72911240e+01 -3.30398961e+00 1.00595114e+02
6.30957344e-01 9.72911178e+01 -3.30399578e+00 1.00595114e+02
7.07945784e-01 9.72911100e+01 -3.30400355e+00 1.00595114e+02
7.94328235e-01 9.72911003e+01 -3.30401332e+00 1.00595114e+02
8.91250938e-01 9.72910880e+01 -3.30402562e+00 1.00595114e+02
1.00000000e+00 9.72910725e+01 -3.30404112e+00 1.00595114e+02
1.12201845e+00 9.72910530e+01 -3.30406063e+00 1.00595114e+02
1.25892541e+00 9.72910284e+01 -3.30408519e+00 1.00595114e+02
1.41253754e+00 9.72909975e+01 -3.30411610e+00 1.00595114e+02
1.58489319e+00 9.72909586e+01 -3.30415502e+00 1.00595114e+02
1.77827941e+00 9.72909096e+01 -3.30420402e+00 1.00595114e+02
1.99526231e+00 9.72908479e+01 -3.30426570e+00 1.00595114e+02
2.23872114e+00 9.72907702e+01 -3.30434335e+00 1.00595114e+02
2.51188643e+00 9.72906725e+01 -3.30444112e+00 1.00595114e+02
2.81838293e+00 9.72905494e+01 -3.30456418e+00 1.00595114e+02
3.16227766e+00 9.72903945e+01 -3.30471911e+00 1.00595114e+02
3.54813389e+00 9.72901994e+01 -3.30491415e+00 1.00595114e+02
3.98107171e+00 9.72899539e+01 -3.30515967e+00 1.00595114e+02
4.46683592e+00 9.72896448e+01 -3.30546874e+00 1.00595114e+02
5.01187234e+00 9.72892558e+01 -3.30585782e+00 1.00595114e+02
5.62341325e+00 9.72887660e+01 -3.30634759e+00 1.00595114e+02
6.30957344e+00 9.72881495e+01 -3.30696408e+00 1.00595114e+02
7.07945784e+00 9.72873735e+01 -3.30774008e+00 1.00595114e+02
7.94328235e+00 9.72863968e+01 -3.30871681e+00 1.00595114e+02
8.91250938e+00 9.72851675e+01 -3.30994612e+00 1.00595114e+02
1.00000000e+01 9.72836203e+01 -3.31149325e+00 1.00595114e+02
1.12201845e+01 9.72816734e+01 -3.31344017e+00 1.00595114e+02
1.25892541e+01 9.72792236e+01 -3.31588997e+00 1.00595114e+02
1.41253754e+01 9.72761415e+01 -3.31897212e+00 1.00595114e+02
1.58489319e+01 9.72722644e+01 -3.32284921e+00 1.00595114e+02
1.77827941e+01 9.72673883e+01 -3.32772525e+00 1.00595114e+02
1.99526231e+01 9.72612575e+01 -3.33385605e+00 1.00595114e+02
2.23872114e+01 9.72535516e+01 -3.34156198e+00 1.00595114e+02
2.51188643e+01 9.72438698e+01 -3.35124378e+00 1.00595114e+02
2.81838293e+01 9.72317117e+01 -3.36340183e+00 1.00595114e+02
3.16227766e+01 9.72164539e+01 -3.37865968e+00 1.00595114e+02
3.54813389e+01 9.71973213e+01 -3.39779226e+00 1.00595114e+02
3.98107171e+01 9.71733541e+01 -3.42175951e+00 1.00595114e+02
4.46683592e+01 9.71433679e+01 -3.45174564e+00 1.00595114e+02
5.01187234e+01 9.71059097e+01 -3.48920389e+00 1.00595114e+02
5.62341325e+01 9.70592073e+01 -3.53590625e+00 1.00595114e+02
6.30957344e+01 9.70011177e+01 -3.59399582e+00 1.00595114e+02
7.07945784e+01 9.69290751e+01 -3.66603847e+00 1.00595114e+02
7.94328235e+01 9.68400457e+01 -3.75506788e+00 1.00595114e+02
8.91250938e+01 9.67304986e+01 -3.86461495e+00 1.00595114e+02
1.00000000e+02 9.65964035e+01 -3.99871005e+00 1.00595114e+02
1.12201845e+02 9.64332699e+01 -4.16184358e+00 1.00595113e+02
1.25892541e+02 9.62362439e+01 -4.35886956e+00 1.00595113e+02
1.41253754e+02 9.60002735e+01 -4.59483995e+00 1.00595113e+02
1.58489319e+02 9.57203489e+01 -4.87476450e+00 1.00595113e+02
1.77827941e+02 9.53918080e+01 -5.20330532e+00 1.00595113e+02
1.99526231e+02 9.50106806e+01 -5.58443269e+00 1.00595113e+02
2.23872114e+02 9.45740265e+01 -6.02108673e+00 1.00595113e+02
2.51188643e+02 9.40802128e+01 -6.51490035e+00 1.00595113e+02
2.81838293e+02 9.35290775e+01 -7.06603555e+00 1.00595113e+02
3.16227766e+02 9.29219461e+01 -7.67316681e+00 1.00595113e+02
3.54813389e+02 9.22614977e+01 -8.33361502e+00 1.00595113e+02
3.98107171e+02 9.15515082e+01 -9.04360423e+00 1.00595112e+02
4.46683592e+02 9.07965206e+01 -9.79859155e+00 1.00595112e+02
5.01187234e+02 9.00014975e+01 -1.05936143e+01 1.00595112e+02
5.62341325e+02 8.91715044e+01 -1.14236069e+01 1.00595111e+02
6.30957344e+02 8.83114545e+01 -1.22836562e+01 1.00595111e+02
7.07945784e+02 8.74259269e+01 -1.31691831e+01 1.00595110e+02
7.94328235e+02 8.65190559e+01 -1.40760532e+01 1.00595109e+02
8.91250938e+02 8.55944810e+01 -1.50006270e+01 1.00595108e+02
1.00000000e+03 8.46553409e+01 -1.59397655e+01 1.00595106e+02
1.12201845e+03 8.37042989e+01 -1.68908056e+01 1.00595105e+02
1.25892541e+03 8.27435849e+01 -1.78515174e+01 1.00595102e+02
1.41253754e+03 8.17750460e+01 -1.88200533e+01 1.00595099e+02
1.58489319e+03 8.08002000e+01 -1.97948956e+01 1.00595096e+02
1.77827941e+03 7.98202848e+01 -2.07748062e+01 1.00595091e+02
1.99526231e+03 7.88363052e+01 -2.17587799e+01 1.00595085e+02
2.23872114e+03 7.78490729e+01 -2.27460048e+01 1.00595078e+02
2.51188643e+03 7.68592415e+01 -2.37358270e+01 1.00595068e+02
2.81838293e+03 7.58673356e+01 -2.47277211e+01 1.00595057e+02
3.16227766e+03 7.48737758e+01 -2.57212662e+01 1.00595042e+02
3.54813389e+03 7.38788983e+01 -2.67161252e+01 1.00595023e+02
3.98107171e+03 7.28829715e+01 -2.77120287e+01 1.00595000e+02
4.46683592e+03 7.18862097e+01 -2.87087611e+01 1.00594971e+02
5.01187234e+03 7.08887835e+01 -2.97061503e+01 1.00594934e+02
5.62341325e+03 6.98908291e+01 -3.07040581e+01 1.00594887e+02
6.30957344e+03 6.88924547e+01 -3.17023740e+01 1.00594829e+02
7.07945784e+03 6.78937463e+01 -3.27010086e+01 1.00594755e+02
7.94328235e+03 6.68947726e+01 -3.36998895e+01 1.00594662e+02
8.91250938e+03 6.58955879e+01 -3.46989573e+01 1.00594545e+02
1.00000000e+04 6.48962356e+01 -3.56981624e+01 1.00594398e+02
1.12201845e+04 6.38967501e+01 -3.66974626e+01 1.00594213e+02
1.25892541e+04 6.28971588e+01 -3.76968207e+01 1.00593979e+02
1.41253754e+04 6.18974834e+01 -3.86962025e+01 1.00593686e+02
1.58489319e+04 6.08977412e+01 -3.96955751e+01 1.00593316e+02
1.77827941e+04 5.98979459e+01 -4.06949052e+01 1.00592851e+02
1.99526231e+04 5.88981084e+01 -4.16941571e+01 1.00592265e+02
2.23872114e+04 5.78982373e+01 -4.26932909e+01 1.00591528e+02
2.51188643e+04 5.68983395e+01 -4.36922609e+01 1.00590600e+02
2.81838293e+04 5.58984204e+01 -4.46910121e+01 1.00589432e+02
3.16227766e+04 5.48984844e+01 -4.56894782e+01 1.00587963e+02
3.54813389e+04 5.38985349e+01 -4.66875780e+01 1.00586113e+02
3.98107171e+04 5.28985745e+01 -4.76852107e+01 1.00583785e+02
4.46683592e+04 5.18986053e+01 -4.86822512e+01 1.00580857e+02
5.01187234e+04 5.08986291e+01 -4.96785431e+01 1.00577172e+02
5.62341325e+04 4.98986470e+01 -5.06738910e+01 1.00572538e+02
6.30957344e+04 4.88986600e+01 -5.16680505e+01 1.00566711e+02
7.07945784e+04 4.78986689e+01 -5.26607158e+01 1.00559385e+02
7.94328235e+04 4.68986740e+01 -5.36515044e+01 1.00550178e+02
8.91250938e+04 4.58986756e+01 -5.46399386e+01 1.00538614e+02
1.00000000e+05 4.48986739e+01 -5.56254230e+01 1.00524097e+02
1.12201845e+05 4.38986688e+01 -5.66072164e+01 1.00505885e+02
1.25892541e+05 4.28986599e+01 -5.75843996e+01 1.00483060e+02
1.41253754e+05 4.18986469e+01 -5.85558359e+01 1.00454483e+02
1.58489319e+05 4.08986289e+01 -5.95201267e+01 1.00418756e+02
1.77827941e+05 3.98986051e+01 -6.04755610e+01 1.00374166e+02
1.99526231e+05 3.88985742e+01 -6.14200599e+01 1.00318634e+02
2.23872114e+05 3.78985345e+01 -6.23511209e+01 1.00249655e+02
2.51188643e+05 3.68984839e+01 -6.32657643e+01 1.00164248e+02
2.81838293e+05 3.58984198e+01 -6.41604906e+01 1.00058910e+02
3.16227766e+05 3.48983386e+01 -6.50312598e+01 9.99295984e+01
3.54813389e+05 3.38982362e+01 -6.58735037e+01 9.97717399e+01
3.98107171e+05 3.28981070e+01 -6.66821889e+01 9.95802960e+01
4.46683592e+05 3.18979442e+01 -6.74519416e+01 9.93498858e+01
5.01187234e+05 3.08977391e+01 -6.81772427e+01 9.90749818e+01
5.62341325e+05 2.98974808e+01 -6.88526909e+01 9.87501717e+01
6.30957344e+05 2.88971555e+01 -6.94733101e+01 9.83704656e+01
7.07945784e+05 2.78967459e+01 -7.00348654e+01 9.79316114e+01
7.94328235e+05 2.68962303e+01 -7.05341316e+01 9.74303619e+01
8.91250938e+05 2.58955813e+01 -7.09690617e+01 9.68646430e+01
1.00000000e+06 2.48947642e+01 -7.13388120e+01 9.62335762e+01
1.12201845e+06 2.38937358e+01 -7.16436112e+01 9.55373470e+01
1.25892541e+06 2.28924415e+01 -7.18844945e+01 9.47769360e+01
1.41253754e+06 2.18908125e+01 -7.20629504e+01 9.39537629e+01
1.58489319e+06 2.08887627e+01 -7.21805438e+01 9.30693064e+01
1.77827941e+06 1.98861834e+01 -7.22385806e+01 9.21247640e+01
1.99526231e+06 1.88829385e+01 -7.22378637e+01 9.11208022e+01
2.23872114e+06 1.78788569e+01 -7.21785748e+01 9.00574317e+01
2.51188643e+06 1.68737239e+01 -7.20603001e+01 8.89340240e+01
2.81838293e+06 1.58672705e+01 -7.18821974e+01 8.77494679e+01
3.16227766e+06 1.48591598e+01 -7.16432866e+01 8.65024464e+01
3.54813389e+06 1.38489708e+01 -7.13428275e+01 8.51917983e+01
3.98107171e+06 1.28361776e+01 -7.09807310e+01 8.38169086e+01
4.46683592e+06 1.18201258e+01 -7.05579412e+01 8.23780670e+01
5.01187234e+06 1.08000023e+01 -7.00767274e+01 8.08767297e+01
5.62341325e+06 9.77480094e+00 -6.95408426e+01 7.93156435e+01
6.30957344e+06 8.74328220e+00 -6.89555347e+01 7.76988169e+01
7.07945784e+06 7.70392692e+00 -6.83274317e+01 7.60313586e+01
7.94328235e+06 6.65488623e+00 -6.76643438e+01 7.43192300e+01
8.91250938e+06 5.59392902e+00 -6.69750388e+01 7.25689678e+01
1.00000000e+07 4.51839136e+00 -6.62690376e+01 7.07874290e+01
1.12201845e+07 3.42513417e+00 -6.55564605e+01 6.89815947e+01
1.25892541e+07 2.31051856e+00 -6.48479320e+01 6.71584506e+01
1.41253754e+07 1.17041070e+00 -6.41545330e+01 6.53249437e+01
1.58489319e+07 2.30653038e-04 -6.34877741e+01 6.34880047e+01
1.77827941e+07 -1.20494108e+00 -6.28595586e+01 6.16546175e+01
1.99526231e+07 -2.45018925e+00 -6.22821041e+01 5.98319149e+01
2.23872114e+07 -3.74052141e+00 -6.17678002e+01 5.80272788e+01
2.51188643e+07 -5.08057158e+00 -6.13289954e+01 5.62484238e+01
2.81838293e+07 -6.47428224e+00 -6.09777287e+01 5.45034464e+01
3.16227766e+07 -7.92461184e+00 -6.07254377e+01 5.28008258e+01
3.54813389e+07 -9.43332064e+00 -6.05826963e+01 5.11493757e+01
3.98107171e+07 -1.10008775e+01 -6.05590370e+01 4.95581595e+01
4.46683592e+07 -1.26265061e+01 -6.06629123e+01 4.80364062e+01
5.01187234e+07 -1.43083555e+01 -6.09018418e+01 4.65934863e+01
5.62341325e+07 -1.60437531e+01 -6.12827842e+01 4.52390310e+01
6.30957344e+07 -1.78294815e+01 -6.18127689e+01 4.39832874e+01
7.07945784e+07 -1.96620226e+01 -6.24998269e+01 4.28378043e+01
7.94328235e+07 -2.15377260e+01 -6.33542590e+01 4.18165331e+01
8.91250938e+07 -2.34528755e+01 -6.43902743e+01 4.09373989e+01
1.00000000e+08 -2.54036458e+01 -6.56279500e+01 4.02243042e+01
1.12201845e+08 -2.73859548e+01 -6.70950779e+01 3.97091231e+01
1.25892541e+08 -2.93952319e+01 -6.88267561e+01 3.94315242e+01
1.41253754e+08 -3.14261411e+01 -7.08534405e+01 3.94272994e+01
1.58489319e+08 -3.34723092e+01 -7.31396680e+01 3.96673588e+01
1.77827941e+08 -3.55261253e+01 -7.53552175e+01 3.98290922e+01
1.99526231e+08 -3.75786721e+01 -7.65039697e+01 3.89252976e+01
2.23872114e+08 -3.96198324e+01 -7.58112287e+01 3.61913963e+01
2.51188643e+08 -4.16385841e+01 -7.41346423e+01 3.24960582e+01
2.81838293e+08 -4.36234577e+01 -7.24197402e+01 2.87962825e+01
3.16227766e+08 -4.55631077e+01 -7.09572512e+01 2.53941435e+01
3.54813389e+08 -4.74469302e+01 -6.97682644e+01 2.23213342e+01
3.98107171e+08 -4.92656602e+01 -6.88154708e+01 1.95498106e+01
4.46683592e+08 -5.10118797e+01 -6.80581773e+01 1.70462976e+01
5.01187234e+08 -5.26803740e+01 -6.74627457e+01 1.47823717e+01
5.62341325e+08 -5.42682808e+01 -6.70028337e+01 1.27345530e+01
6.30957344e+08 -5.57750037e+01 -6.66578076e+01 1.08828039e+01
7.07945784e+08 -5.72018996e+01 -6.64111817e+01 9.20928208e+00
7.94328235e+08 -5.85517893e+01 -6.62493819e+01 7.69759265e+00
8.91250938e+08 -5.98283719e+01 -6.61607934e+01 6.33242146e+00
1.00000000e+09 -6.10356298e+01 -6.61350180e+01 5.09938817e+00
