# freq_hz rev(vout) imv(vout) rev(vinp) imv(vinp) rev(vinn) imv(vinn)
1.000000000000e-01 6.323211522226e-01 -2.512573463604e-04 1.000000000000e+00 0.000000000000e+00 1.000000000000e+00 -1.006370369978e-18
1.122018454302e-01 6.323211263634e-01 -2.819153678758e-04 1.000000000000e+00 0.000000000000e+00 1.000000000000e+00 -8.969284996723e-19
1.258925411794e-01 6.323210938085e-01 -3.163142290292e-04 1.000000000000e+00 0.000000000000e+00 1.000000000000e+00 -7.993883256156e-19
1.412537544623e-01 6.323210528244e-01 -3.549103793285e-04 1.000000000000e+00 0.000000000000e+00 1.000000000000e+00 -7.124555489600e-19
1.584893192461e-01 6.323210012285e-01 -3.982159627351e-04 1.000000000000e+00 0.000000000000e+00 1.000000000000e+00 -6.349766245766e-19
1.778279410039e-01 6.323209362731e-01 -4.468056130813e-04 1.000000000000e+00 0.000000000000e+00 1.000000000000e+00 -5.659234542121e-19
1.995262314969e-01 6.323208544990e-01 -5.013240785159e-04 1.000000000000e+00 0.000000000000e+00 1.000000000000e+00 -5.043797442502e-19
2.238721138568e-01 6.323207515517e-01 -5.624947760780e-04 1.000000000000e+00 0.000000000000e+00 1.000000000000e+00 -4.495288470515e-19
2.511886431510e-01 6.323206219487e-01 -6.311293898120e-04 1.000000000000e+00 0.000000000000e+00 1.000000000000e+00 -4.006429245354e-19
2.818382931264e-01 6.323204587780e-01 -7.081386396303e-04 1.000000000000e+00 0.000000000000e+00 1.000000000000e+00 -3.570732902058e-19
3.162277660168e-01 6.323202533713e-01 -7.945443636838e-04 1.000000000000e+00 0.000000000000e+00 1.000000000000e+00 -3.182418014989e-19
3.548133892336e-01 6.323199947797e-01 -8.914930741156e-04 1.000000000000e+00 0.000000000000e+00 1.000000000000e+00 -2.836331881455e-19
3.981071705535e-01 6.323196692326e-01 -1.000271165887e-03 1.000000000000e+00 0.000000000000e+00 1.000000000000e+00 -2.527882148736e-19
4.466835921510e-01 6.323192593935e-01 -1.122321979757e-03 1.000000000000e+00 0.000000000000e+00 1.000000000000e+00 -2.252975876281e-19
5.011872336273e-01 6.323187434271e-01 -1.259264945068e-03 1.000000000000e+00 0.000000000000e+00 1.000000000000e+00 -2.007965224847e-19
5.623413251903e-01 6.323180938781e-01 -1.412917055322e-03 1.000000000000e+00 0.000000000000e+00 1.000000000000e+00 -1.789599052018e-19
6.309573444802e-01 6.323172761358e-01 -1.585316959583e-03 1.000000000000e+00 0.000000000000e+00 1.000000000000e+00 -1.594979771292e-19
7.079457843841e-01 6.323162466651e-01 -1.778751987631e-03 1.000000000000e+00 0.000000000000e+00 1.000000000000e+00 -1.421524903091e-19
7.943282347243e-01 6.323149506456e-01 -1.995788463735e-03 1.000000000000e+00 0.000000000000e+00 1.000000000000e+00 -1.266932806702e-19
8.912509381337e-01 6.323133190640e-01 -2.239305707108e-03 1.000000000000e+00 0.000000000000e+00 1.000000000000e+00 -1.129152138932e-19
1.000000000000e+00 6.323112650391e-01 -2.512534163667e-03 1.000000000000e+00 0.000000000000e+00 1.000000000000e+00 -1.006354634037e-19
1.122018454302e+00 6.323086791862e-01 -2.819098166041e-03 1.000000000000e+00 0.000000000000e+00 1.000000000000e+00 -8.969108437259e-20
1.258925411794e+00 6.323054238155e-01 -3.163063876600e-03 1.000000000000e+00 0.000000000000e+00 1.000000000000e+00 -7.993685154122e-20
1.412537544623e+00 6.323013256023e-01 -3.548993031492e-03 1.000000000000e+00 0.000000000000e+00 1.000000000000e+00 -7.124333216930e-20
1.584893192461e+00 6.322961663443e-01 -3.982003173314e-03 1.000000000000e+00 0.000000000000e+00 1.000000000000e+00 -6.349516853907e-20
1.778279410039e+00 6.322896713367e-01 -4.467835135758e-03 1.000000000000e+00 0.000000000000e+00 1.000000000000e+00 -5.658954722812e-20
1.995262314969e+00 6.322814947865e-01 -5.012928625223e-03 1.000000000000e+00 0.000000000000e+00 1.000000000000e+00 -5.043483484144e-20
2.238721138568e+00 6.322712014157e-01 -5.624506830175e-03 1.000000000000e+00 0.000000000000e+00 1.000000000000e+00 -4.494936209175e-20
2.511886431510e+00 6.322582433072e-01 -6.310671079771e-03 1.000000000000e+00 0.000000000000e+00 1.000000000000e+00 -4.006034009765e-20
2.818382931264e+00 6.322419307798e-01 -7.080506664944e-03 1.000000000000e+00 0.000000000000e+00 1.000000000000e+00 -3.570289452059e-20
3.162277660168e+00 6.322213957189e-01 -7.944201023883e-03 1.000000000000e+00 0.000000000000e+00 1.000000000000e+00 -3.181920472213e-20
3.548133892336e+00 6.321955454911e-01 -8.913175575848e-03 1.000000000000e+00 0.000000000000e+00 1.000000000000e+00 -2.835773652255e-20
3.981071705535e+00 6.321630050089e-01 -1.000023255083e-02 1.000000000000e+00 0.000000000000e+00 1.000000000000e+00 -2.527255837847e-20
4.466835921510e+00 6.321220437280e-01 -1.121971819347e-02 1.000000000000e+00 0.000000000000e+00 1.000000000000e+00 -2.252273189893e-20
5.011872336273e+00 6.320704840753e-01 -1.258770371098e-02 1.000000000000e+00 0.000000000000e+00 1.000000000000e+00 -2.007176862727e-20
5.623413251903e+00 6.320055862742e-01 -1.412218523443e-02 1.000000000000e+00 0.000000000000e+00 1.000000000000e+00 -1.788714586878e-20
6.309573444802e+00 6.319239037715e-01 -1.584330385982e-02 1.000000000000e+00 0.000000000000e+00 1.000000000000e+00 -1.593987514735e-20
7.079457843841e+00 6.318211015983e-01 -1.777358644432e-02 1.000000000000e+00 0.000000000000e+00 1.000000000000e+00 -1.420411755917e-20
7.943282347243e+00 6.316917288965e-01 -1.993820721318e-02 1.000000000000e+00 0.000000000000e+00 1.000000000000e+00 -1.265684093416e-20
8.912509381337e+00 6.315289336524e-01 -2.236526920769e-02 1.000000000000e+00 0.000000000000e+00 1.000000000000e+00 -1.127751424383e-20
1.000000000000e+01 6.313241058867e-01 -2.508610309808e-02 1.000000000000e+00 0.000000000000e+00 1.000000000000e+00 -1.004783521449e-20
1.122018454302e+01 6.310664319392e-01 -2.813557860823e-02 1.000000000000e+00 0.000000000000e+00 1.000000000000e+00 -8.951487533685e-21
1.258925411794e+01 6.307423386549e-01 -3.155242048124e-02 1.000000000000e+00 0.000000000000e+00 1.000000000000e+00 -7.973924433792e-21
1.412537544623e+01 6.303348026103e-01 -3.537951617939e-02 1.000000000000e+00 0.000000000000e+00 1.000000000000e+00 -7.102175798455e-21
1.584893192461e+01 6.298224935753e-01 -3.966419569574e-02 1.000000000000e+00 0.000000000000e+00 1.000000000000e+00 -6.324676236846e-21
1.778279410039e+01 6.291787180034e-01 -4.445845443848e-02 1.000000000000e+00 0.000000000000e+00 1.000000000000e+00 -5.631111876635e-21
1.995262314969e+01 6.283701221400e-01 -4.981907693166e-02 1.000000000000e+00 0.000000000000e+00 1.000000000000e+00 -5.012283862606e-21
2.238721138568e+01 6.273551117057e-01 -5.580760115090e-02 1.000000000000e+00 0.000000000000e+00 1.000000000000e+00 -4.459986792539e-21
2.511886431510e+01 6.260819439882e-01 -6.249003914787e-02 1.000000000000e+00 0.000000000000e+00 1.000000000000e+00 -3.966900530070e-21
2.818382931264e+01 6.244864523229e-01 -6.993623777827e-02 1.000000000000e+00 0.000000000000e+00 1.000000000000e+00 -3.526494028848e-21
3.162277660168e+01 6.224893769326e-01 -7.821872260105e-02 1.000000000000e+00 0.000000000000e+00 1.000000000000e+00 -3.132939988443e-21
3.548133892336e+01 6.199933033806e-01 -8.741081751385e-02 1.000000000000e+00 0.000000000000e+00 1.000000000000e+00 -2.781039326899e-21
3.981071705535e+01 6.168792628234e-01 -9.758377394217e-02 1.000000000000e+00 0.000000000000e+00 1.000000000000e+00 -2.466154624463e-21
4.466835921510e+01 6.130031333005e-01 -1.088025805283e-01 1.000000000000e+00 0.000000000000e+00 1.000000000000e+00 -2.184151836108e-21
5.011872336273e+01 6.081921175407e-01 -1.211200687515e-01 1.000000000000e+00 0.000000000000e+00 1.000000000000e+00 -1.931349710478e-21
5.623413251903e+01 6.022417705596e-01 -1.345689024108e-01 1.000000000000e+00 0.000000000000e+00 1.000000000000e+00 -1.704476452776e-21
6.309573444802e+01 5.949143253787e-01 -1.491510766003e-01 1.000000000000e+00 0.000000000000e+00 1.000000000000e+00 -1.500633227088e-21
7.079457843841e+01 5.859394135748e-01 -1.648247111991e-01 1.000000000000e+00 0.000000000000e+00 1.000000000000e+00 -1.317264062868e-21
7.943282347243e+01 5.750186655641e-01 -1.814882821250e-01 1.000000000000e+00 0.000000000000e+00 1.000000000000e+00 -1.152131562167e-21
8.912509381337e+01 5.618360205496e-01 -1.989630800018e-01 1.000000000000e+00 0.000000000000e+00 1.000000000000e+00 -1.003297455875e-21
1.000000000000e+02 5.460757003291e-01 -2.169756858645e-01 1.000000000000e+00 0.000000000000e+00 1.000000000000e+00 -8.691064700974e-22
1.122018454302e+02 5.274494394779e-01 -2.351435875129e-01 1.000000000000e+00 0.000000000000e+00 1.000000000000e+00 -7.481711660098e-22
1.258925411794e+02 5.057333768322e-01 -2.529685179888e-01 1.000000000000e+00 0.000000000000e+00 1.000000000000e+00 -6.393545324873e-22
1.412537544623e+02 4.808127256543e-01 -2.698431767802e-01 1.000000000000e+00 0.000000000000e+00 1.000000000000e+00 -5.417464638776e-22
1.584893192461e+02 4.527289884687e-01 -2.850768767370e-01 1.000000000000e+00 0.000000000000e+00 1.000000000000e+00 -4.546303608251e-22
1.778279410039e+02 4.217207388843e-01 -2.979434168331e-01 1.000000000000e+00 0.000000000000e+00 1.000000000000e+00 -3.774375377620e-22
1.995262314969e+02 3.882463416932e-01 -3.077496083085e-01 1.000000000000e+00 0.000000000000e+00 1.000000000000e+00 -3.096902294713e-22
2.238721138568e+02 3.529773972673e-01 -3.139160305503e-01 1.000000000000e+00 0.000000000000e+00 1.000000000000e+00 -2.509383442492e-22
2.511886431510e+02 3.167566312953e-01 -3.160550116383e-01 1.000000000000e+00 0.000000000000e+00 1.000000000000e+00 -2.006992951409e-22
2.818382931264e+02 2.805229697970e-01 -3.140277966669e-01 1.000000000000e+00 0.000000000000e+00 1.000000000000e+00 -1.584121759990e-22
3.162277660168e+02 2.452166679179e-01 -3.079659455673e-01 1.000000000000e+00 0.000000000000e+00 1.000000000000e+00 -1.234156169120e-22
3.548133892336e+02 2.116841561129e-01 -2.982510328166e-01 1.000000000000e+00 0.000000000000e+00 1.000000000000e+00 -9.495295510796e-23
3.981071705535e+02 1.806023662352e-01 -2.854582769119e-01 1.000000000000e+00 0.000000000000e+00 1.000000000000e+00 -7.220105902757e-23
4.466835921510e+02 1.524356533625e-01 -2.702788834226e-01 1.000000000000e+00 0.000000000000e+00 1.000000000000e+00 -5.431336221520e-23
5.011872336273e+02 1.274283305436e-01 -2.534391424557e-01 1.000000000000e+00 0.000000000000e+00 1.000000000000e+00 -4.046561311863e-23
5.623413251903e+02 1.056267352532e-01 -2.356314300888e-01 1.000000000000e+00 0.000000000000e+00 1.000000000000e+00 -2.989468546085e-23
6.309573444802e+02 8.691968191408e-02 -2.174657267155e-01 1.000000000000e+00 0.000000000000e+00 1.000000000000e+00 -2.192493224720e-23
7.079457843841e+02 7.108563934338e-02 -1.994434032031e-01 1.000000000000e+00 0.000000000000e+00 1.000000000000e+00 -1.598092839014e-23
7.943282347243e+02 5.783755348504e-02 -1.819500537526e-01 1.000000000000e+00 0.000000000000e+00 1.000000000000e+00 -1.158857526534e-23
8.912509381337e+02 4.685998690409e-02 -1.652618746080e-01 1.000000000000e+00 0.000000000000e+00 1.000000000000e+00 -8.368012004143e-24
1.000000000000e+03 3.783661193482e-02 -1.495599060992e-01 1.000000000000e+00 0.000000000000e+00 1.000000000000e+00 -6.021883819276e-24
1.122018454302e+03 3.046841621770e-02 -1.349475187001e-01 1.000000000000e+00 0.000000000000e+00 1.000000000000e+00 -4.321853201821e-24
1.258925411794e+03 2.448419440310e-02 -1.214679848301e-01 1.000000000000e+00 0.000000000000e+00 1.000000000000e+00 -3.095322828795e-24
1.412537544623e+03 1.964527676385e-02 -1.091203065359e-01 1.000000000000e+00 0.000000000000e+00 1.000000000000e+00 -2.213493664135e-24
1.584893192461e+03 1.574633359812e-02 -9.787249852338e-02 1.000000000000e+00 0.000000000000e+00 1.000000000000e+00 -1.581246508998e-24
1.778279410039e+03 1.261374896718e-02 -8.767215736083e-02 1.000000000000e+00 0.000000000000e+00 1.000000000000e+00 -1.128922984608e-24
1.995262314969e+03 1.010267253639e-02 -7.845453688457e-02 1.000000000000e+00 0.000000000000e+00 1.000000000000e+00 -8.058540777033e-25
2.238721138568e+03 8.093504553870e-03 -7.014849289074e-02 1.000000000000e+00 0.000000000000e+00 1.000000000000e+00 -5.753826300621e-25
2.511886431510e+03 6.488295134465e-03 -6.268071500519e-02 1.000000000000e+00 0.000000000000e+00 1.000000000000e+00 -4.111030777250e-25
2.818382931264e+03 5.207336590762e-03 -5.597862754639e-02 1.000000000000e+00 0.000000000000e+00 1.000000000000e+00 -2.940598843292e-25
3.162277660168e+03 4.186092053815e-03 -4.997229405722e-02 1.000000000000e+00 0.000000000000e+00 1.000000000000e+00 -2.106827148654e-25
3.548133892336e+03 3.372515238416e-03 -4.459558882313e-02 1.000000000000e+00 0.000000000000e+00 1.000000000000e+00 -1.512774002148e-25
3.981071705535e+03 2.724764742019e-03 -3.978684875412e-02 1.000000000000e+00 0.000000000000e+00 1.000000000000e+00 -1.089304110880e-25
4.466835921510e+03 2.209286616460e-03 -3.548915995465e-02 1.000000000000e+00 0.000000000000e+00 1.000000000000e+00 -7.871766321733e-26
5.011872336273e+03 1.799225858787e-03 -3.165039948394e-02 1.000000000000e+00 0.000000000000e+00 1.000000000000e+00 -5.713547152672e-26
5.623413251903e+03 1.473122463634e-03 -2.822311441433e-02 1.000000000000e+00 0.000000000000e+00 1.000000000000e+00 -4.169260044825e-26
6.309573444802e+03 1.213848828532e-03 -2.516430151206e-02 1.000000000000e+00 0.000000000000e+00 1.000000000000e+00 -3.061855811922e-26
7.079457843841e+03 1.007748518794e-03 -2.243512840919e-02 1.000000000000e+00 0.000000000000e+00 1.000000000000e+00 -2.265542951133e-26
7.943282347243e+03 8.439412468381e-04 -2.000062612795e-02 1.000000000000e+00 0.000000000000e+00 1.000000000000e+00 -1.690956146863e-26
8.912509381337e+03 7.137638894923e-04 -1.782937348653e-02 1.000000000000e+00 0.000000000000e+00 1.000000000000e+00 -1.274602318524e-26
1.000000000000e+04 6.103220540248e-04 -1.589318525269e-02 1.000000000000e+00 0.000000000000e+00 1.000000000000e+00 -9.713577177604e-27
1.122018454302e+04 5.281310926113e-04 -1.416681284391e-02 1.000000000000e+00 0.000000000000e+00 1.000000000000e+00 -7.491380704777e-27
1.258925411794e+04 4.628291987755e-04 -1.262766267997e-02 1.000000000000e+00 0.000000000000e+00 1.000000000000e+00 -5.851145278528e-27
1.412537544623e+04 4.109483755777e-04 -1.125553371360e-02 1.000000000000e+00 0.000000000000e+00 1.000000000000e+00 -4.630281550941e-27
1.584893192461e+04 3.697318236212e-04 -1.003237639952e-02 1.000000000000e+00 0.000000000000e+00 1.000000000000e+00 -3.712846242738e-27
1.778279410039e+04 3.369884186209e-04 -8.942071702303e-03 1.000000000000e+00 0.000000000000e+00 1.000000000000e+00 -3.016026181570e-27
1.995262314969e+04 3.109768638409e-04 -7.970231106198e-03 1.000000000000e+00 0.000000000000e+00 1.000000000000e+00 -2.480551288730e-27
2.238721138568e+04 2.903134671354e-04 -7.104014860279e-03 1.000000000000e+00 0.000000000000e+00 1.000000000000e+00 -2.063893646454e-27
2.511886431510e+04 2.738987840674e-04 -6.331968410832e-03 1.000000000000e+00 0.000000000000e+00 1.000000000000e+00 -1.735442528147e-27
2.818382931264e+04 2.608592793238e-04 -5.643875292167e-03 1.000000000000e+00 0.000000000000e+00 1.000000000000e+00 -1.473080300594e-27
3.162277660168e+04 2.505009320511e-04 -5.030624770450e-03 1.000000000000e+00 0.000000000000e+00 1.000000000000e+00 -1.260751454157e-27
3.548133892336e+04 2.422723633264e-04 -4.484093459421e-03 1.000000000000e+00 0.000000000000e+00 1.000000000000e+00 -1.086735883368e-27
3.981071705535e+04 2.357355242566e-04 -3.997039195144e-03 1.000000000000e+00 0.000000000000e+00 1.000000000000e+00 -9.424214564043e-28
4.466835921510e+04 2.305424000894e-04 -3.563006113641e-03 1.000000000000e+00 0.000000000000e+00 1.000000000000e+00 -8.214307221317e-28
5.011872336273e+04 2.264164974921e-04 -3.176239835363e-03 1.000000000000e+00 0.000000000000e+00 1.000000000000e+00 -7.189988562283e-28
5.623413251903e+04 2.231381369774e-04 -2.831611771141e-03 1.000000000000e+00 0.000000000000e+00 1.000000000000e+00 -6.315299250015e-28
6.309573444802e+04 2.205327563875e-04 -2.524551392421e-03 1.000000000000e+00 0.000000000000e+00 1.000000000000e+00 -5.562797326921e-28
7.079457843841e+04 2.184616260137e-04 -2.250985981580e-03 1.000000000000e+00 0.000000000000e+00 1.000000000000e+00 -4.911286771234e-28
7.943282347243e+04 2.168144596128e-04 -2.007286735883e-03 1.000000000000e+00 0.000000000000e+00 1.000000000000e+00 -4.344185624114e-28
8.912509381337e+04 2.155035461355e-04 -1.790220805370e-03 1.000000000000e+00 0.000000000000e+00 1.000000000000e+00 -3.848349903914e-28
1.000000000000e+05 2.144590782641e-04 -1.596908478463e-03 1.000000000000e+00 0.000000000000e+00 1.000000000000e+00 -3.413222239667e-28
1.122018454302e+05 2.136254363045e-04 -1.424785055294e-03 1.000000000000e+00 0.000000000000e+00 1.000000000000e+00 -3.030212562696e-28
1.258925411794e+05 2.129582274083e-04 -1.271566866316e-03 1.000000000000e+00 0.000000000000e+00 1.000000000000e+00 -2.692244849980e-28
1.412537544623e+05 2.124219222766e-04 -1.135221018751e-03 1.000000000000e+00 0.000000000000e+00 1.000000000000e+00 -2.393423033611e-28
1.584893192461e+05 2.119879613907e-04 -1.013938424940e-03 1.000000000000e+00 0.000000000000e+00 1.000000000000e+00 -2.128782689698e-28
1.778279410039e+05 2.116332344391e-04 -9.061098200872e-04 1.000000000000e+00 0.000000000000e+00 1.000000000000e+00 -1.894104784285e-28
1.995262314969e+05 2.113388515686e-04 -8.103044316018e-04 1.000000000000e+00 0.000000000000e+00 1.000000000000e+00 -1.685774478983e-28
2.238721138568e+05 2.110891380123e-04 -7.252509888504e-04 1.000000000000e+00 0.000000000000e+00 1.000000000000e+00 -1.500672824716e-28
2.511886431510e+05 2.108707959853e-04 -6.498208534439e-04 1.000000000000e+00 0.000000000000e+00 1.000000000000e+00 -1.336092631967e-28
2.818382931264e+05 2.106722008884e-04 -5.830130491909e-04 1.000000000000e+00 0.000000000000e+00 1.000000000000e+00 -1.189672339110e-28
3.162277660168e+05 2.104827786314e-04 -5.239409521203e-04 1.000000000000e+00 0.000000000000e+00 1.000000000000e+00 -1.059343241008e-28
3.548133892336e+05 2.102924475720e-04 -4.718205366194e-04 1.000000000000e+00 0.000000000000e+00 1.000000000000e+00 -9.432869091630e-29
3.981071705535e+05 2.100910791910e-04 -4.259599334694e-04 1.000000000000e+00 0.000000000000e+00 1.000000000000e+00 -8.399003139348e-29
4.466835921510e+05 2.098679617934e-04 -3.857502155517e-04 1.000000000000e+00 0.000000000000e+00 1.000000000000e+00 -7.477669675575e-29
5.011872336273e+05 2.096112345031e-04 -3.506572936213e-04 1.000000000000e+00 0.000000000000e+00 1.000000000000e+00 -6.656327587861e-29
5.623413251903e+05 2.093072549408e-04 -3.202147339692e-04 1.000000000000e+00 0.000000000000e+00 1.000000000000e+00 -5.923854918106e-29
6.309573444802e+05 2.089398843828e-04 -2.940174976714e-04 1.000000000000e+00 0.000000000000e+00 1.000000000000e+00 -5.270374566439e-29
7.079457843841e+05 2.084896353781e-04 -2.717164302345e-04 1.000000000000e+00 0.000000000000e+00 1.000000000000e+00 -4.687104123760e-29
7.943282347243e+05 2.079326541759e-04 -2.530134472552e-04 1.000000000000e+00 0.000000000000e+00 1.000000000000e+00 -4.166226038005e-29
8.912509381337e+05 2.072394702619e-04 -2.376573128506e-04 1.000000000000e+00 0.000000000000e+00 1.000000000000e+00 -3.700774348131e-29
1.000000000000e+06 2.063734765202e-04 -2.254399506621e-04 1.000000000000e+00 0.000000000000e+00 1.000000000000e+00 -3.284535891124e-29
1.122018454302e+06 2.052890402701e-04 -2.161931610394e-04 1.000000000000e+00 0.000000000000e+00 1.000000000000e+00 -2.911963292253e-29
1.258925411794e+06 2.039291788772e-04 -2.097856715052e-04 1.000000000000e+00 0.000000000000e+00 1.000000000000e+00 -2.578098476281e-29
1.412537544623e+06 2.022226863747e-04 -2.061203744621e-04 1.000000000000e+00 0.000000000000e+00 1.000000000000e+00 -2.278505110492e-29
1.584893192461e+06 2.000806075826e-04 -2.051316204652e-04 1.000000000000e+00 0.000000000000e+00 1.000000000000e+00 -2.009209066268e-29
1.778279410039e+06 1.973918964576e-04 -2.067823440468e-04 1.000000000000e+00 0.000000000000e+00 1.000000000000e+00 -1.766645661540e-29
1.995262314969e+06 1.940181612666e-04 -2.110607942780e-04 1.000000000000e+00 0.000000000000e+00 1.000000000000e+00 -1.547613523471e-29
2.238721138568e+06 1.897872908561e-04 -2.179764893096e-04 1.000000000000e+00 0.000000000000e+00 1.000000000000e+00 -1.349233942334e-29
2.511886431510e+06 1.844858861102e-04 -2.275549608622e-04 1.000000000000e+00 0.000000000000e+00 1.000000000000e+00 -1.168915932536e-29
2.818382931264e+06 1.778503663311e-04 -2.398306469833e-04 1.000000000000e+00 0.000000000000e+00 1.000000000000e+00 -1.004326439048e-29
3.162277660168e+06 1.695567990208e-04 -2.548371282678e-04 1.000000000000e+00 0.000000000000e+00 1.000000000000e+00 -8.533660101678e-30
3.548133892336e+06 1.592096547229e-04 -2.725936534088e-04 1.000000000000e+00 0.000000000000e+00 1.000000000000e+00 -7.141501506420e-30
3.981071705535e+06 1.463300052280e-04 -2.930866046478e-04 1.000000000000e+00 0.000000000000e+00 1.000000000000e+00 -5.849968394771e-30
4.466835921510e+06 1.303442253055e-04 -3.162442987140e-04 1.000000000000e+00 0.000000000000e+00 1.000000000000e+00 -4.644210829631e-30
5.011872336273e+06 1.105750448825e-04 -3.419032729668e-04 1.000000000000e+00 0.000000000000e+00 1.000000000000e+00 -3.511375349348e-30
5.623413251903e+06 8.623795219841e-05 -3.697641830192e-04 1.000000000000e+00 0.000000000000e+00 1.000000000000e+00 -2.440723411151e-30
6.309573444802e+06 5.644757105495e-05 -3.993357930843e-04 1.000000000000e+00 0.000000000000e+00 1.000000000000e+00 -1.423853773559e-30
7.079457843841e+06 2.024063525461e-05 -4.298666615482e-04 1.000000000000e+00 0.000000000000e+00 1.000000000000e+00 -4.550344423469e-31
7.943282347243e+06 -2.337547277469e-05 -4.602664910117e-04 1.000000000000e+00 0.000000000000e+00 1.000000000000e+00 4.683607955210e-31
8.912509381337e+06 -7.533767147571e-05 -4.890232910170e-04 1.000000000000e+00 0.000000000000e+00 1.000000000000e+00 1.345340835377e-30
1.000000000000e+07 -1.363938642407e-04 -5.141291250582e-04 1.000000000000e+00 0.000000000000e+00 1.000000000000e+00 2.170775770132e-30
1.122018454302e+07 -2.069120389742e-04 -5.330362763884e-04 1.000000000000e+00 0.000000000000e+00 1.000000000000e+00 2.934985040728e-30
1.258925411794e+07 -2.866304280115e-04 -5.426762352252e-04 1.000000000000e+00 0.000000000000e+00 1.000000000000e+00 3.623618129494e-30
1.412537544623e+07 -3.743636105000e-04 -5.395828493363e-04 1.000000000000e+00 0.000000000000e+00 1.000000000000e+00 4.218069767535e-30
1.584893192461e+07 -4.677050399206e-04 -5.201624709862e-04 1.000000000000e+00 0.000000000000e+00 1.000000000000e+00 4.696693087360e-30
1.778279410039e+07 -5.627985460794e-04 -4.811397819727e-04 1.000000000000e+00 0.000000000000e+00 1.000000000000e+00 5.037013310046e-30
1.995262314969e+07 -6.542799687853e-04 -4.201708135417e-04 1.000000000000e+00 0.000000000000e+00 1.000000000000e+00 5.218957448200e-30
2.238721138568e+07 -7.354982122901e-04 -3.365534739636e-04 1.000000000000e+00 0.000000000000e+00 1.000000000000e+00 5.228796660047e-30
2.511886431510e+07 -7.990929586807e-04 -2.318937950465e-04 1.000000000000e+00 0.000000000000e+00 1.000000000000e+00 5.063110846438e-30
2.818382931264e+07 -8.379244086884e-04 -1.105317538761e-04 1.000000000000e+00 0.000000000000e+00 1.000000000000e+00 4.731784673429e-30
3.162277660168e+07 -8.462316649286e-04 2.046931976824e-05 1.000000000000e+00 0.000000000000e+00 1.000000000000e+00 4.259017295372e-30
3.548133892336e+07 -8.207818608639e-04 1.518873281858e-04 1.000000000000e+00 0.000000000000e+00 1.000000000000e+00 3.681695627068e-30
3.981071705535e+07 -7.617166463651e-04 2.734305972870e-04 1.000000000000e+00 0.000000000000e+00 1.000000000000e+00 3.045184273768e-30
4.466835921510e+07 -6.728460599389e-04 3.751557803865e-04 1.000000000000e+00 0.000000000000e+00 1.000000000000e+00 2.397374299412e-30
5.011872336273e+07 -5.612799172616e-04 4.489018015818e-04 1.000000000000e+00 0.000000000000e+00 1.000000000000e+00 1.782377269347e-30
5.623413251903e+07 -4.364735313900e-04 4.894137545452e-04 1.000000000000e+00 0.000000000000e+00 1.000000000000e+00 1.235315936028e-30
6.309573444802e+07 -3.089226659646e-04 4.949283798338e-04 1.000000000000e+00 0.000000000000e+00 1.000000000000e+00 7.792376101415e-31
7.079457843841e+07 -1.888105875240e-04 4.671574648478e-04 1.000000000000e+00 0.000000000000e+00 1.000000000000e+00 4.244694858755e-31
7.943282347243e+07 -8.487196482489e-05 4.107656627797e-04 1.000000000000e+00 0.000000000000e+00 1.000000000000e+00 1.700530352732e-31
8.912509381337e+07 -3.628152243987e-06 3.325349464735e-04 1.000000000000e+00 0.000000000000e+00 1.000000000000e+00 6.478965005407e-33
1.000000000000e+08 5.097468875705e-05 2.404201739673e-04 1.000000000000e+00 0.000000000000e+00 1.000000000000e+00 -8.112873688256e-32
1.122018454302e+08 7.758001524310e-05 1.426519314943e-04 1.000000000000e+00 0.000000000000e+00 1.000000000000e+00 -1.100449182787e-31
1.258925411794e+08 7.717711330418e-05 4.697627450477e-05 1.000000000000e+00 0.000000000000e+00 1.000000000000e+00 -9.756828292487e-32
1.412537544623e+08 5.268331947693e-05 -3.992974086989e-05 1.000000000000e+00 0.000000000000e+00 1.000000000000e+00 -5.935991397299e-32
1.584893192461e+08 8.419738133349e-06 -1.128519773621e-04 1.000000000000e+00 0.000000000000e+00 1.000000000000e+00 -8.455099370961e-33
1.778279410039e+08 -5.046041793603e-05 -1.682357970512e-04 1.000000000000e+00 0.000000000000e+00 1.000000000000e+00 4.516177210209e-32
1.995262314969e+08 -1.185289337861e-04 -2.041879505144e-04 1.000000000000e+00 0.000000000000e+00 1.000000000000e+00 9.454629383788e-32
2.238721138568e+08 -1.905606344234e-04 -2.203071258349e-04 1.000000000000e+00 0.000000000000e+00 1.000000000000e+00 1.354731788820e-31
2.511886431510e+08 -2.618789820446e-04 -2.173939306091e-04 1.000000000000e+00 0.000000000000e+00 1.000000000000e+00 1.659284192209e-31
2.818382931264e+08 -3.285444761713e-04 -1.971112136503e-04 1.000000000000e+00 0.000000000000e+00 1.000000000000e+00 1.855300670045e-31
3.162277660168e+08 -3.873983702669e-04 -1.616664781633e-04 1.000000000000e+00 0.000000000000e+00 1.000000000000e+00 1.949745474610e-31
3.548133892336e+08 -4.360053807329e-04 -1.135681192319e-04 1.000000000000e+00 0.000000000000e+00 1.000000000000e+00 1.955743882952e-31
3.981071705535e+08 -4.725530195069e-04 -5.547512902629e-05 1.000000000000e+00 0.000000000000e+00 1.000000000000e+00 1.889168407164e-31
4.466835921510e+08 -4.957597864391e-04 9.871511664609e-06 1.000000000000e+00 0.000000000000e+00 1.000000000000e+00 1.766409646211e-31
5.011872336273e+08 -5.048254207605e-04 7.966855594660e-05 1.000000000000e+00 0.000000000000e+00 1.000000000000e+00 1.603102707365e-31
5.623413251903e+08 -4.994325233871e-04 1.510612269247e-04 1.000000000000e+00 0.000000000000e+00 1.000000000000e+00 1.413503708108e-31
6.309573444802e+08 -4.797874671201e-04 2.211798594092e-04 1.000000000000e+00 0.000000000000e+00 1.000000000000e+00 1.210233111537e-31
7.079457843841e+08 -4.466735417240e-04 2.872242855707e-04 1.000000000000e+00 0.000000000000e+00 1.000000000000e+00 1.004177207942e-31
7.943282347243e+08 -4.014820889166e-04 3.466003511014e-04 1.000000000000e+00 0.000000000000e+00 1.000000000000e+00 8.044263847188e-32
8.912509381337e+08 -3.461887673034e-04 3.970938604165e-04 1.000000000000e+00 0.000000000000e+00 1.000000000000e+00 6.182058408219e-32
1.000000000000e+09 -2.832530560316e-04 4.370499630509e-04 1.000000000000e+00 0.000000000000e+00 1.000000000000e+00 4.508112401331e-32
