# freq_hz Ad_dB Acm_dB CMRR_dB(Acm clamped at the numerical floor)
1.00000000e-01 9.41415393e+01 -3.65614315e+00 9.77976824e+01
1.12201845e-01 9.41415391e+01 -3.65614335e+00 9.77976824e+01
1.25892541e-01 9.41415388e+01 -3.65614360e+00 9.77976824e+01
1.41253754e-01 9.41415385e+01 -3.65614392e+00 9.77976824e+01
1.58489319e-01 9.41415381e+01 -3.65614432e+00 9.77976824e+01
1.77827941e-01 9.41415376e+01 -3.65614482e+00 9.77976824e+01
1.99526231e-01 9.41415370e+01 -3.65614545e+00 9.77976824e+01
2.23872114e-01 9.41415362e+01 -3.65614625e+00 9.77976824e+01
2.51188643e-01 9.41415352e+01 -3.65614725e+00 9.77976824e+01
2.81838293e-01 9.41415339e+01 -3.65614851e+00 9.77976824e+01
3.16227766e-01 9.41415323e+01 -3.65615010e+00 9.77976824e+01
3.54813389e-01 9.41415303e+01 -3.65615210e+00 9.77976824e+01
3.98107171e-01 9.41415278e+01 -3.65615461e+00 9.77976824e+01
4.46683592e-01 9.41415247e+01 -3.65615778e+00 9.77976824e+01
5.01187234e-01 9.41415207e+01 -3.65616177e+00 9.77976824e+01
5.62341325e-01 9.41415157e+01 -3.65616679e+00 9.77976824e+01
6.30957344e-01 9.41415093e+01 -3.65617311e+00 9.77976824e+01
7.07945784e-01 9.41415014e+01 -3.65618107e+00 9.77976824e+01
7.94328235e-01 9.41414914e+01 -3.65619108e+00 9.77976824e+01
8.91250938e-01 9.41414788e+01 -3.65620369e+00 9.77976824e+01
1.00000000e+00 9.41414629e+01 -3.65621957e+00 9.77976824e+01
1.12201845e+00 9.41414429e+01 -3.65623956e+00 9.77976824e+01
1.25892541e+00 9.41414177e+01 -3.65626472e+00 9.77976824e+01
1.41253754e+00 9.41413861e+01 -3.65629639e+00 9.77976824e+01
1.58489319e+00 9.41413462e+01 -3.65633627e+00 9.77976824e+01
1.77827941e+00 9.41412960e+01 -3.65638647e+00 9.77976824e+01
1.99526231e+00 9.41412328e+01 -3.65644967e+00 9.77976824e+01
2.23872114e+00 9.41411532e+01 -3.65652923e+00 9.77976824e+01
2.51188643e+00 9.41410531e+01 -3.65662939e+00 9.77976824e+01
2.81838293e+00 9.41409270e+01 -3.65675548e+00 9.77976824e+01
3.16227766e+00 9.41407682e+01 -3.65691421e+00 9.77976824e+01
3.54813389e+00 9.41405684e+01 -3.65711403e+00 9.77976824e+01
3.98107171e+00 9.41403169e+01 -3.65736558e+00 9.77976824e+01
4.46683592e+00 9.41400002e+01 -3.65768225e+00 9.77976824e+01
5.01187234e+00 9.41396016e+01 -3.65808087e+00 9.77976824e+01
5.62341325e+00 9.41390998e+01 -3.65858265e+00 9.77976824e+01
6.30957344e+00 9.41384682e+01 -3.65921427e+00 9.77976824e+01
7.07945784e+00 9.41376731e+01 -3.66000931e+00 9.77976824e+01
7.94328235e+00 9.41366724e+01 -3.66101000e+00 9.77976824e+01
8.91250938e+00 9.41354130e+01 -3.66226946e+00 9.77976824e+01
1.00000000e+01 9.41338279e+01 -3.66385451e+00 9.77976824e+01
1.12201845e+01 9.41318333e+01 -3.66584914e+00 9.77976824e+01
1.25892541e+01 9.41293235e+01 -3.66835894e+00 9.77976824e+01
1.41253754e+01 9.41261659e+01 -3.67151652e+00 9.77976824e+01
1.58489319e+01 9.41221940e+01 -3.67548842e+00 9.77976824e+01
1.77827941e+01 9.41171988e+01 -3.68048359e+00 9.77976824e+01
1.99526231e+01 9.41109185e+01 -3.68676398e+00 9.77976824e+01
2.23872114e+01 9.41030248e+01 -3.69465762e+00 9.77976824e+01
2.51188643e+01 9.40931077e+01 -3.70457478e+00 9.77976824e+01
2.81838293e+01 9.40806548e+01 -3.71702762e+00 9.77976824e+01
3.16227766e+01 9.40650282e+01 -3.73265422e+00 9.77976824e+01
3.54813389e+01 9.40454351e+01 -3.75224732e+00 9.77976824e+01
3.98107171e+01 9.40208939e+01 -3.77678855e+00 9.77976824e+01
4.46683592e+01 9.39901942e+01 -3.80748824e+00 9.77976824e+01
5.01187234e+01 9.39518516e+01 -3.84583083e+00 9.77976824e+01
5.62341325e+01 9.39040575e+01 -3.89362487e+00 9.77976824e+01
6.30957344e+01 9.38446268e+01 -3.95305563e+00 9.77976824e+01
7.07945784e+01 9.37709460e+01 -4.02673636e+00 9.77976824e+01
7.94328235e+01 9.36799303e+01 -4.11775207e+00 9.77976824e+01
8.91250938e+01 9.35679956e+01 -4.22968678e+00 9.77976823e+01
1.00000000e+02 9.34310603e+01 -4.36662203e+00 9.77976823e+01
1.12201845e+02 9.32645901e+01 -4.53309220e+00 9.77976823e+01
1.25892541e+02 9.30637010e+01 -4.73398127e+00 9.77976822e+01
1.41253754e+02 9.28233329e+01 -4.97434931e+00 9.77976822e+01
1.58489319e+02 9.25384973e+01 -5.25918483e+00 9.77976821e+01
1.77827941e+02 9.22045885e+01 -5.59309356e+00 9.77976820e+01
1.99526231e+02 9.18177293e+01 -5.97995261e+00 9.77976819e+01
2.23872114e+02 9.13751059e+01 -6.42257589e+00 9.77976818e+01
2.51188643e+02 9.08752350e+01 -6.92244668e+00 9.77976816e+01
2.81838293e+02 9.03181131e+01 -7.47956836e+00 9.77976814e+01
3.16227766e+02 8.97052171e+01 -8.09246403e+00 9.77976812e+01
3.54813389e+02 8.90393556e+01 -8.75832521e+00 9.77976808e+01
3.98107171e+02 8.83244016e+01 -9.47327883e+00 9.77976804e+01
4.46683592e+02 8.75649583e+01 -1.02327216e+01 9.77976799e+01
5.01187234e+02 8.67660132e+01 -1.10316660e+01 9.77976792e+01
5.62341325e+02 8.59326268e+01 -1.18650516e+01 9.77976784e+01
6.30957344e+02 8.50696842e+01 -1.27279931e+01 9.77976773e+01
7.07945784e+02 8.41817216e+01 -1.36159543e+01 9.77976760e+01
7.94328235e+02 8.32728229e+01 -1.45248514e+01 9.77976743e+01
8.91250938e+02 8.23465742e+01 -1.54510980e+01 9.77976722e+01
1.00000000e+03 8.14060627e+01 -1.63916068e+01 9.77976696e+01
1.12201845e+03 8.04539038e+01 -1.73437624e+01 9.77976662e+01
1.25892541e+03 7.94922845e+01 -1.83053775e+01 9.77976620e+01
1.41253754e+03 7.85230150e+01 -1.92746417e+01 9.77976567e+01
1.58489319e+03 7.75475810e+01 -2.02500691e+01 9.77976500e+01
1.77827941e+03 7.65671939e+01 -2.12304477e+01 9.77976416e+01
1.99526231e+03 7.55828364e+01 -2.22147947e+01 9.77976311e+01
2.23872114e+03 7.45953020e+01 -2.32023158e+01 9.77976178e+01
2.51188643e+03 7.36052293e+01 -2.41923718e+01 9.77976011e+01
2.81838293e+03 7.26131310e+01 -2.51844490e+01 9.77975799e+01
3.16227766e+03 7.16194178e+01 -2.61781356e+01 9.77975534e+01
3.54813389e+03 7.06244181e+01 -2.71731019e+01 9.77975200e+01
3.98107171e+03 6.96283941e+01 -2.81690839e+01 9.77974780e+01
4.46683592e+03 6.86315549e+01 -2.91658702e+01 9.77974250e+01
5.01187234e+03 6.76340672e+01 -3.01632912e+01 9.77973584e+01
5.62341325e+03 6.66360638e+01 -3.11612106e+01 9.77972745e+01
6.30957344e+03 6.56376505e+01 -3.21595184e+01 9.77971689e+01
7.07945784e+03 6.46389111e+01 -3.31581248e+01 9.77970359e+01
7.94328235e+03 6.36399127e+01 -3.41569557e+01 9.77968685e+01
8.91250938e+03 6.26407085e+01 -3.51559493e+01 9.77966578e+01
1.00000000e+04 6.16413406e+01 -3.61550519e+01 9.77963925e+01
1.12201845e+04 6.06418426e+01 -3.71542159e+01 9.77960585e+01
1.25892541e+04 5.96422414e+01 -3.81533968e+01 9.77956382e+01
1.41253754e+04 5.86425580e+01 -3.91525509e+01 9.77951090e+01
1.58489319e+04 5.76428094e+01 -4.01516335e+01 9.77944429e+01
1.77827941e+04 5.66430089e+01 -4.11505956e+01 9.77936045e+01
1.99526231e+04 5.56431671e+01 -4.21493821e+01 9.77925492e+01
2.23872114e+04 5.46432924e+01 -4.31479286e+01 9.77912211e+01
2.51188643e+04 5.36433916e+01 -4.41461580e+01 9.77895495e+01
2.81838293e+04 5.26434698e+01 -4.51439763e+01 9.77874461e+01
3.16227766e+04 5.16435313e+01 -4.61412682e+01 9.77847995e+01
3.54813389e+04 5.06435793e+01 -4.71378905e+01 9.77814698e+01
3.98107171e+04 4.96436165e+01 -4.81336650e+01 9.77772815e+01
4.46683592e+04 4.86436447e+01 -4.91283695e+01 9.77720142e+01
5.01187234e+04 4.76436654e+01 -5.01217266e+01 9.77653920e+01
5.62341325e+04 4.66436798e+01 -5.11133890e+01 9.77570689e+01
6.30957344e+04 4.56436887e+01 -5.21029239e+01 9.77466126e+01
7.07945784e+04 4.46436925e+01 -5.30897911e+01 9.77334836e+01
7.94328235e+04 4.36436914e+01 -5.40733181e+01 9.77170096e+01
8.91250938e+04 4.26436854e+01 -5.50526702e+01 9.76963556e+01
1.00000000e+05 4.16436741e+01 -5.60268142e+01 9.76704883e+01
1.12201845e+05 4.06436569e+01 -5.69944768e+01 9.76381337e+01
1.25892541e+05 3.96436330e+01 -5.79540977e+01 9.75977306e+01
1.41253754e+05 3.86436010e+01 -5.89037766e+01 9.75473776e+01
1.58489319e+05 3.76435592e+01 -5.98412197e+01 9.74847790e+01
1.77827941e+05 3.66435055e+01 -6.07636862e+01 9.74071917e+01
1.99526231e+05 3.56434369e+01 -6.16679439e+01 9.73113809e+01
2.23872114e+05 3.46433499e+01 -6.25502420e+01 9.71935918e+01
2.51188643e+05 3.36432397e+01 -6.34063139e+01 9.70495535e+01
2.81838293e+05 3.26431005e+01 -6.42314252e+01 9.68745257e+01
3.16227766e+05 3.16429249e+01 -6.50204801e+01 9.66634050e+01
3.54813389e+05 3.06427035e+01 -6.57681987e+01 9.64109022e+01
3.98107171e+05 2.96424247e+01 -6.64693647e+01 9.61117893e+01
4.46683592e+05 2.86420734e+01 -6.71191320e+01 9.57612054e+01
5.01187234e+05 2.76416312e+01 -6.77133560e+01 9.53549872e+01
5.62341325e+05 2.66410743e+01 -6.82489013e+01 9.48899756e+01
6.30957344e+05 2.56403733e+01 -6.87238694e+01 9.43642427e+01
7.07945784e+05 2.46394908e+01 -6.91376971e+01 9.37771879e+01
7.94328235e+05 2.36383801e+01 -6.94910992e+01 9.31294792e+01
8.91250938e+05 2.26369821e+01 -6.97858590e+01 9.24228411e+01
1.00000000e+06 2.16352228e+01 -7.00245050e+01 9.16597278e+01
1.12201845e+06 2.06330089e+01 -7.02099251e+01 9.08429340e+01
1.25892541e+06 1.96302234e+01 -7.03449783e+01 8.99752017e+01
1.41253754e+06 1.86267192e+01 -7.04321517e+01 8.90588708e+01
1.58489319e+06 1.76223117e+01 -7.04732968e+01 8.80956085e+01
1.77827941e+06 1.66167694e+01 -7.04694636e+01 8.70862331e+01
1.99526231e+06 1.56098023e+01 -7.04208405e+01 8.60306428e+01
2.23872114e+06 1.46010472e+01 -7.03268042e+01 8.49278514e+01
2.51188643e+06 1.35900505e+01 -7.01860784e+01 8.37761289e+01
2.81838293e+06 1.25762465e+01 -6.99969991e+01 8.25732455e+01
3.16227766e+06 1.15589310e+01 -6.97578743e+01 8.13168053e+01
3.54813389e+06 1.05372310e+01 -6.94674135e+01 8.00046445e+01
3.98107171e+06 9.51006739e+00 -6.91251881e+01 7.86352555e+01
4.46683592e+06 8.47611287e+00 -6.87320681e+01 7.72081810e+01
5.01187234e+06 7.43374480e+00 -6.82905788e+01 7.57243236e+01
5.62341325e+06 6.38099386e+00 -6.78051307e+01 7.41861246e+01
6.30957344e+06 5.31549196e+00 -6.72821013e+01 7.25975932e+01
7.07945784e+06 4.23442409e+00 -6.67297767e+01 7.09642008e+01
7.94328235e+06 3.13449133e+00 -6.61581876e+01 6.92926789e+01
8.91250938e+06 2.01189545e+00 -6.55788850e+01 6.75907805e+01
1.00000000e+07 8.62358118e-01 -6.50046971e+01 6.58670552e+01
1.12201845e+07 -3.18810956e-01 -6.44494923e+01 6.41306814e+01
1.25892541e+07 -1.53658370e+00 -6.39279565e+01 6.23913728e+01
1.41253754e+07 -2.79601385e+00 -6.34553772e+01 6.06593634e+01
1.58489319e+07 -4.10197169e+00 -6.30474295e+01 5.89454578e+01
1.77827941e+07 -5.45883365e+00 -6.27199648e+01 5.72611311e+01
1.99526231e+07 -6.87016476e+00 -6.24888302e+01 5.56186654e+01
2.23872114e+07 -8.33844452e+00 -6.23697690e+01 5.40313244e+01
2.51188643e+07 -9.86488750e+00 -6.23784813e+01 5.25135938e+01
2.81838293e+07 -1.14493948e+01 -6.25309523e+01 5.10815576e+01
3.16227766e+07 -1.30906441e+01 -6.28441927e+01 4.97535486e+01
3.54813389e+07 -1.47862947e+01 -6.33376103e+01 4.85513156e+01
3.98107171e+07 -1.65332584e+01 -6.40353872e+01 4.75021288e+01
4.46683592e+07 -1.83279794e+01 -6.49705896e+01 4.66426102e+01
5.01187234e+07 -2.01666707e+01 -6.61925771e+01 4.60259064e+01
5.62341325e+07 -2.20454701e+01 -6.77814758e+01 4.57360056e+01
6.30957344e+07 -2.39604959e+01 -6.98800393e+01 4.59195433e+01
7.07945784e+07 -2.59077946e+01 -7.27767257e+01 4.68689311e+01
7.94328235e+07 -2.78831884e+01 -7.71821875e+01 4.92989991e+01
8.91250938e+07 -2.98820409e+01 -8.53210050e+01 5.54389641e+01
1.00000000e+08 -3.18989776e+01 -8.42690178e+01 5.23700402e+01
1.12201845e+08 -3.39276149e+01 -7.70201543e+01 4.30925394e+01
1.25892541e+08 -3.59603674e+01 -7.31308289e+01 3.71704615e+01
1.41253754e+08 -3.79884027e+01 -7.06169351e+01 3.26285324e+01
1.58489319e+08 -4.00017967e+01 -6.88385047e+01 2.88367081e+01
1.77827941e+08 -4.19899033e+01 -6.75242306e+01 2.55343273e+01
1.99526231e+08 -4.39419022e+01 -6.65336997e+01 2.25917975e+01
2.23872114e+08 -4.58474419e+01 -6.57840775e+01 1.99366355e+01
2.51188643e+08 -4.76972715e+01 -6.52217921e+01 1.75245206e+01
2.81838293e+08 -4.94837553e+01 -6.48097988e+01 1.53260436e+01
3.16227766e+08 -5.12011961e+01 -6.45211731e+01 1.33199770e+01
3.54813389e+08 -5.28459345e+01 -6.43355775e+01 1.14896430e+01
3.98107171e+08 -5.44162351e+01 -6.42371465e+01 9.82091146e+00
4.46683592e+08 -5.59120072e+01 -6.42131214e+01 8.30111421e+00
5.01187234e+08 -5.73344227e+01 -6.42529068e+01 6.91848413e+00
5.62341325e+08 -5.86854952e+01 -6.43473753e+01 5.66188015e+00
6.30957344e+08 -5.99676699e+01 -6.44883224e+01 4.52065251e+00
7.07945784e+08 -6.11834541e+01 -6.46680243e+01 3.48457013e+00
7.94328235e+08 -6.23351054e+01 -6.48788933e+01 2.54378787e+00
8.91250938e+08 -6.34243844e+01 -6.51132536e+01 1.68886914e+00
1.00000000e+09 -6.44523850e+01 -6.53632760e+01 9.10890970e-01
