# vin_v vout_v
0.000000000000000000e+00 3.286324270021816041e+00
5.000000000000000104e-03 3.284733125275720145e+00
1.000000000000000021e-02 3.282114187893546919e+00
1.499999999999999944e-02 3.278814181198205002e+00
2.000000000000000042e-02 3.275068861276412058e+00
2.500000000000000139e-02 3.270995971393968915e+00
2.999999999999999889e-02 3.266694720190606915e+00
3.500000000000000333e-02 3.262232255054664076e+00
4.000000000000000083e-02 3.257654079803272040e+00
4.499999999999999833e-02 3.252991092934347961e+00
5.000000000000000278e-02 3.248264612822894915e+00
5.499999999999999334e-02 3.243489638401225950e+00
5.999999999999999084e-02 3.238676937844132020e+00
6.499999999999998834e-02 3.233834396029637848e+00
6.999999999999999278e-02 3.228967893151911017e+00
7.499999999999999722e-02 3.224081889586662086e+00
8.000000000000000167e-02 3.219179822114063949e+00
8.500000000000000611e-02 3.214264376852384864e+00
9.000000000000001055e-02 3.209337681650236807e+00
9.500000000000001499e-02 3.204401442967605984e+00
1.000000000000000056e-01 3.199457045699401814e+00
1.049999999999999961e-01 3.194505625885136979e+00
1.100000000000000006e-01 3.189548125860432126e+00
1.150000000000000050e-01 3.184585335100889036e+00
1.199999999999999956e-01 3.179617922057328183e+00
1.250000000000000000e-01 3.174646457820244017e+00
1.300000000000000044e-01 3.169671435023595940e+00
1.350000000000000089e-01 3.164693282541612085e+00
1.400000000000000133e-01 3.159712376428414959e+00
1.449999999999999900e-01 3.154729048780455791e+00
1.499999999999999944e-01 3.149743594942353120e+00
1.550000000000001099e-01 3.144756277922866161e+00
1.600000000000000866e-01 3.139767332368796016e+00
1.650000000000000910e-01 3.134776968307119827e+00
1.700000000000000955e-01 3.129785372569652946e+00
1.750000000000000999e-01 3.124792711297263992e+00
1.800000000000001044e-01 3.119799131347769094e+00
1.850000000000001088e-01 3.114804761495030050e+00
1.900000000000001132e-01 3.109809714399065950e+00
1.950000000000000899e-01 3.104814087979427040e+00
2.000000000000000944e-01 3.099817966177515149e+00
2.050000000000000988e-01 3.094821421609989187e+00
2.100000000000001033e-01 3.089824515853714093e+00
2.150000000000001077e-01 3.084827301741967176e+00
2.200000000000001121e-01 3.079829823781806919e+00
2.250000000000000888e-01 3.074832119482579174e+00
2.300000000000000933e-01 3.069834220884310128e+00
2.350000000000000977e-01 3.064836154960985937e+00
2.400000000000001021e-01 3.059837944462720838e+00
2.450000000000001066e-01 3.054839608569607901e+00
2.500000000000001110e-01 3.049841163601897165e+00
2.550000000000001155e-01 3.044842623431109008e+00
2.600000000000001199e-01 3.039843999748867986e+00
2.650000000000001243e-01 3.034845302368352815e+00
2.700000000000000733e-01 3.029846540165110014e+00
2.750000000000000777e-01 3.024847720257000105e+00
2.800000000000000822e-01 3.019848848834215005e+00
2.850000000000000866e-01 3.014849931426028196e+00
2.900000000000000910e-01 3.009850972613762110e+00
2.950000000000002065e-01 3.004851976604741015e+00
3.000000000000002109e-01 2.999852946497767903e+00
3.050000000000002154e-01 2.994853885835993879e+00
3.100000000000002198e-01 2.989854797072823089e+00
3.150000000000002243e-01 2.984855682706780033e+00
3.200000000000001732e-01 2.979856544458101997e+00
3.250000000000001776e-01 2.974857384476009781e+00
3.300000000000001821e-01 2.969858204277783909e+00
3.350000000000001865e-01 2.964859005250530810e+00
3.400000000000001910e-01 2.959859788882852172e+00
3.450000000000001954e-01 2.954860556055308951e+00
3.500000000000001998e-01 2.949861307779229946e+00
3.550000000000002043e-01 2.944862045166075859e+00
3.600000000000002087e-01 2.939862769065455961e+00
3.650000000000002132e-01 2.934863480172281935e+00
3.700000000000002176e-01 2.929864179117259937e+00
3.750000000000002220e-01 2.924864866365397109e+00
3.800000000000002265e-01 2.919865542786055812e+00
3.850000000000001754e-01 2.914866208756222932e+00
3.900000000000001799e-01 2.909866864619317983e+00
3.950000000000001843e-01 2.904867511063883967e+00
4.000000000000001887e-01 2.899868148345575047e+00
4.050000000000001932e-01 2.894868776707426150e+00
4.100000000000003086e-01 2.889869396854293893e+00
4.150000000000003131e-01 2.884870008637562933e+00
4.200000000000003175e-01 2.879870612650905048e+00
4.250000000000003220e-01 2.874871209080537948e+00
4.300000000000003264e-01 2.869871798297510157e+00
4.350000000000002753e-01 2.864872380295253151e+00
4.400000000000002798e-01 2.859872955425430963e+00
4.450000000000002842e-01 2.854873524041920962e+00
4.500000000000002887e-01 2.849874086008953089e+00
4.550000000000002931e-01 2.844874641933926807e+00
4.600000000000002975e-01 2.839875191502499785e+00
4.650000000000003020e-01 2.834875735224159143e+00
4.700000000000003064e-01 2.829876273174448897e+00
4.750000000000003109e-01 2.824876805429710203e+00
4.800000000000003153e-01 2.819877332273363901e+00
4.850000000000003197e-01 2.814877853728205981e+00
4.900000000000003242e-01 2.809878369879385218e+00
4.950000000000002731e-01 2.804878880896410021e+00
5.000000000000003331e-01 2.799879387068073822e+00
5.050000000000003375e-01 2.794879888053515060e+00
5.100000000000003419e-01 2.789880384538009128e+00
5.150000000000003464e-01 2.784880876009510065e+00
5.200000000000003508e-01 2.779881363077748802e+00
5.250000000000003553e-01 2.774881845798347957e+00
5.300000000000003597e-01 2.769882323812823177e+00
5.350000000000003642e-01 2.764882797522944191e+00
5.400000000000003686e-01 2.759883267085626812e+00
5.450000000000003730e-01 2.754883732605123203e+00
5.500000000000003775e-01 2.749884193907178087e+00
5.550000000000003819e-01 2.744884651081775928e+00
5.600000000000003864e-01 2.739885104367715041e+00
5.650000000000003908e-01 2.734885553851028828e+00
5.700000000000003952e-01 2.729885999516142192e+00
5.750000000000003997e-01 2.724886441363053802e+00
5.800000000000004041e-01 2.719886879610498909e+00
5.850000000000004086e-01 2.714887314432615995e+00
5.900000000000004130e-01 2.709887745353456001e+00
5.950000000000004174e-01 2.704888172976097849e+00
6.000000000000004219e-01 2.699888596989354017e+00
6.050000000000004263e-01 2.694889017824095845e+00
6.100000000000004308e-01 2.689889435292457165e+00
6.150000000000004352e-01 2.684889849382897875e+00
6.200000000000004396e-01 2.679890260350135112e+00
6.250000000000004441e-01 2.674890668107309022e+00
6.300000000000004485e-01 2.669891072658061137e+00
6.350000000000004530e-01 2.664891474255454806e+00
6.400000000000004574e-01 2.659891872871753993e+00
6.450000000000004619e-01 2.654892268488822982e+00
6.500000000000004663e-01 2.649892661168565144e+00
6.550000000000004707e-01 2.644893050888355912e+00
6.600000000000004752e-01 2.639893437745798099e+00
6.650000000000004796e-01 2.634893821859690899e+00
6.700000000000004841e-01 2.629894203192521207e+00
6.750000000000004885e-01 2.624894581919249958e+00
6.800000000000004929e-01 2.619894957853432960e+00
6.850000000000004974e-01 2.614895331201864792e+00
6.900000000000005018e-01 2.609895701813230051e+00
6.950000000000005063e-01 2.604896069987092222e+00
7.000000000000005107e-01 2.599896435669791117e+00
7.050000000000005151e-01 2.594896798765149004e+00
7.100000000000005196e-01 2.589897159557096984e+00
7.150000000000005240e-01 2.584897517844638060e+00
7.200000000000005285e-01 2.579897873698940192e+00
7.250000000000005329e-01 2.574898227354652125e+00
7.300000000000005373e-01 2.569898578371009989e+00
7.350000000000005418e-01 2.564898927447416099e+00
7.400000000000005462e-01 2.559899274185454043e+00
7.450000000000005507e-01 2.554899618610023015e+00
7.500000000000005551e-01 2.549899960958554868e+00
7.550000000000005596e-01 2.544900301125380793e+00
7.600000000000005640e-01 2.539900639305869845e+00
7.650000000000005684e-01 2.534900975211484830e+00
7.700000000000005729e-01 2.529901309105014207e+00
7.750000000000005773e-01 2.524901640978952866e+00
7.800000000000005818e-01 2.519901970865192187e+00
7.850000000000005862e-01 2.514902298783055823e+00
7.900000000000005906e-01 2.509902624657569969e+00
7.950000000000005951e-01 2.504902948710935107e+00
8.000000000000005995e-01 2.499903270871072891e+00
8.050000000000006040e-01 2.494903591146908184e+00
8.100000000000006084e-01 2.489903909558961015e+00
8.150000000000006128e-01 2.484904226293621843e+00
8.200000000000006173e-01 2.479904541235554927e+00
8.250000000000006217e-01 2.474904854245437047e+00
8.300000000000006262e-01 2.469905165583099915e+00
8.350000000000006306e-01 2.464905475231433218e+00
8.400000000000006350e-01 2.459905783275133206e+00
8.450000000000006395e-01 2.454906089512463030e+00
8.500000000000006439e-01 2.449906394285732869e+00
8.550000000000006484e-01 2.444906697339944923e+00
8.600000000000006528e-01 2.439906998777984892e+00
8.650000000000006573e-01 2.434907298798918873e+00
8.700000000000006617e-01 2.429907597270868802e+00
8.750000000000006661e-01 2.424907894013642817e+00
8.800000000000006706e-01 2.419908189269222021e+00
8.850000000000006750e-01 2.414908483210127077e+00
8.900000000000006795e-01 2.409908775533438074e+00
8.950000000000006839e-01 2.404909066613754032e+00
9.000000000000006883e-01 2.399909356254851911e+00
9.050000000000006928e-01 2.394909644386472802e+00
9.100000000000006972e-01 2.389909931256341213e+00
9.150000000000007017e-01 2.384910216588253196e+00
9.200000000000007061e-01 2.379910500841959209e+00
9.250000000000007105e-01 2.374910783632969924e+00
9.300000000000007150e-01 2.369911065075256840e+00
9.350000000000007194e-01 2.364911345474525195e+00
9.400000000000007239e-01 2.359911624445317102e+00
9.450000000000007283e-01 2.354911902164474213e+00
9.500000000000007327e-01 2.349912178738180035e+00
9.550000000000007372e-01 2.344912453990616985e+00
9.600000000000007416e-01 2.339912727987779828e+00
9.650000000000007461e-01 2.334913001035943125e+00
9.700000000000007505e-01 2.329913272988391792e+00
9.750000000000007550e-01 2.324913543699778984e+00
9.800000000000007594e-01 2.319913813334267161e+00
9.850000000000007638e-01 2.314914081774190890e+00
9.900000000000007683e-01 2.309914349140569811e+00
9.950000000000007727e-01 2.304914615488656171e+00
1.000000000000001110e+00 2.299914880741254830e+00
1.005000000000001004e+00 2.294915145093796127e+00
1.010000000000000009e+00 2.289915408255524198e+00
1.014999999999999902e+00 2.284915670547264188e+00
1.020000000000000018e+00 2.279915931836625997e+00
1.024999999999999911e+00 2.274916192200009846e+00
1.030000000000000027e+00 2.269916451403843904e+00
1.034999999999999920e+00 2.264916709841997999e+00
1.040000000000000036e+00 2.259916967198364990e+00
1.044999999999999929e+00 2.254917223684798966e+00
1.050000000000000044e+00 2.249917479371732032e+00
1.054999999999999050e+00 2.244917734174066037e+00
1.059999999999998943e+00 2.239917988115109893e+00
1.064999999999999059e+00 2.234918241044454135e+00
1.069999999999998952e+00 2.229918493334821950e+00
1.074999999999999067e+00 2.224918744623153088e+00
1.079999999999998961e+00 2.219918995152908803e+00
1.084999999999999076e+00 2.214919244861504932e+00
1.089999999999998970e+00 2.209919493763778053e+00
1.094999999999999085e+00 2.204919741937886091e+00
1.099999999999998979e+00 2.199919989326132974e+00
1.104999999999997984e+00 2.194920235994289204e+00
1.109999999999998099e+00 2.189920481871979963e+00
1.114999999999997993e+00 2.184920726911287137e+00
1.119999999999998108e+00 2.179920971291550824e+00
1.124999999999998002e+00 2.174921215144934195e+00
1.129999999999997895e+00 2.169921457980080959e+00
1.134999999999998010e+00 2.164921700480476829e+00
1.139999999999997904e+00 2.159921941945697199e+00
1.144999999999998019e+00 2.154922183005623992e+00
1.149999999999997025e+00 2.149922423403609173e+00
1.154999999999996918e+00 2.144922662985834005e+00
1.159999999999997033e+00 2.139922902147020967e+00
1.164999999999996927e+00 2.134923140526665986e+00
1.169999999999997042e+00 2.129923378327135186e+00
1.174999999999996936e+00 2.124923615547232192e+00
1.179999999999997051e+00 2.119923852082195026e+00
1.184999999999996945e+00 2.114924088065095020e+00
1.189999999999997060e+00 2.109924323564371207e+00
1.194999999999996954e+00 2.104924558437800908e+00
1.199999999999995959e+00 2.099924792724834788e+00
1.204999999999996074e+00 2.094925026491296194e+00
1.209999999999995968e+00 2.089925259740482044e+00
1.214999999999996083e+00 2.084925492425043103e+00
1.219999999999995977e+00 2.079925724572774026e+00
1.224999999999996092e+00 2.074925956155595941e+00
1.229999999999995985e+00 2.069926187339433010e+00
1.234999999999996101e+00 2.064926418051414192e+00
1.239999999999995994e+00 2.059926648151816142e+00
1.244999999999995000e+00 2.054926877866193990e+00
1.249999999999994893e+00 2.049927107129974946e+00
1.254999999999995008e+00 2.044927335818556013e+00
1.259999999999994902e+00 2.039927564180401998e+00
1.264999999999995017e+00 2.034927791889742821e+00
1.269999999999994911e+00 2.029928019413091977e+00
1.274999999999995026e+00 2.024928246457136982e+00
1.279999999999994920e+00 2.019928472893524951e+00
1.284999999999995035e+00 2.014928699006532042e+00
1.289999999999994040e+00 2.009928924720724819e+00
1.294999999999993934e+00 2.004929150008365024e+00
1.299999999999994049e+00 1.999929374908220092e+00
1.304999999999993943e+00 1.994929599437682999e+00
1.309999999999994058e+00 1.989929823579813961e+00
1.314999999999993952e+00 1.984930047293232969e+00
1.319999999999994067e+00 1.979930270549743909e+00
1.324999999999993960e+00 1.974930493470538062e+00
1.329999999999994076e+00 1.969930716194880915e+00
1.334999999999993969e+00 1.964930938362954072e+00
1.339999999999992975e+00 1.959931160292740060e+00
1.344999999999993090e+00 1.954931381922393019e+00
1.349999999999992983e+00 1.949931603093546073e+00
1.354999999999993099e+00 1.944931823912610991e+00
1.359999999999992992e+00 1.939932044605938932e+00
1.364999999999993108e+00 1.934932264877375019e+00
1.369999999999993001e+00 1.929932484748406063e+00
1.374999999999992895e+00 1.924932704293268904e+00
1.379999999999993010e+00 1.919932923649753098e+00
1.384999999999992015e+00 1.914933142617996964e+00
1.389999999999991909e+00 1.909933361388993944e+00
1.394999999999992024e+00 1.904933579817452038e+00
1.399999999999991918e+00 1.899933797833113891e+00
1.404999999999992033e+00 1.894934015865828991e+00
1.409999999999991926e+00 1.889934233326471036e+00
1.414999999999992042e+00 1.884934450661035044e+00
1.419999999999991935e+00 1.879934667739121101e+00
1.424999999999992051e+00 1.874934884458866913e+00
1.429999999999991944e+00 1.869935100846533027e+00
1.434999999999990949e+00 1.864935317133245007e+00
1.439999999999991065e+00 1.859935533121416018e+00
1.444999999999990958e+00 1.854935748850720989e+00
1.449999999999991074e+00 1.849935964429392010e+00
1.454999999999990967e+00 1.844936179669047993e+00
1.459999999999991083e+00 1.839936394698725053e+00
1.464999999999990976e+00 1.834936609564123966e+00
1.469999999999991092e+00 1.829936824000014894e+00
1.474999999999990985e+00 1.824937038426355906e+00
1.479999999999989990e+00 1.819937252569957087e+00
1.484999999999990106e+00 1.814937466591231896e+00
1.489999999999989999e+00 1.809937680115921932e+00
1.494999999999989893e+00 1.804937893592410081e+00
1.499999999999990008e+00 1.799938106946342042e+00
1.504999999999989901e+00 1.794938320059259018e+00
1.509999999999990017e+00 1.789938532899782109e+00
1.514999999999989910e+00 1.784938745520775916e+00
1.519999999999990026e+00 1.779938958171441987e+00
1.524999999999989031e+00 1.774939170314496995e+00
1.529999999999988924e+00 1.769939382508709969e+00
1.534999999999989040e+00 1.764939594355269037e+00
1.539999999999988933e+00 1.759939806098373083e+00
1.544999999999989049e+00 1.754940017733815916e+00
1.549999999999988942e+00 1.749940229151434101e+00
1.554999999999989058e+00 1.744940440363961898e+00
1.559999999999988951e+00 1.739940651395613935e+00
1.564999999999989067e+00 1.734940862323469002e+00
1.569999999999988960e+00 1.729941073055784040e+00
1.574999999999987965e+00 1.724941283539350945e+00
1.579999999999988081e+00 1.719941494067370957e+00
1.584999999999987974e+00 1.714941704118928101e+00
1.589999999999988090e+00 1.709941914242222083e+00
1.594999999999987983e+00 1.704942124256489944e+00
1.599999999999988098e+00 1.699942333988246901e+00
1.604999999999987992e+00 1.694942543592901973e+00
1.609999999999988107e+00 1.689942753229388028e+00
1.614999999999988001e+00 1.684942962474565098e+00
1.619999999999987006e+00 1.679943171721220097e+00
1.624999999999986899e+00 1.674943380841455109e+00
1.629999999999987015e+00 1.669943589732383993e+00
1.634999999999986908e+00 1.664943798622402937e+00
1.639999999999987024e+00 1.659944007303010949e+00
1.644999999999986917e+00 1.654944215758177961e+00
1.649999999999987033e+00 1.649944424203682036e+00
1.654999999999986926e+00 1.644944632358146919e+00
1.659999999999987041e+00 1.639944840586962993e+00
1.664999999999986047e+00 1.634945048666508916e+00
1.669999999999985940e+00 1.629945256625318972e+00
1.674999999999986056e+00 1.624945464361758019e+00
1.679999999999985949e+00 1.619945672062385933e+00
1.684999999999986064e+00 1.614945879676269902e+00
1.689999999999985958e+00 1.609946087109165092e+00
1.694999999999986073e+00 1.604946294475666946e+00
1.699999999999985967e+00 1.599946501751106087e+00
1.704999999999986082e+00 1.594946708861016083e+00
1.709999999999985976e+00 1.589946915949099093e+00
1.714999999999984981e+00 1.584947122821404042e+00
1.719999999999985096e+00 1.579947329644596943e+00
1.724999999999984990e+00 1.574947536450963970e+00
1.729999999999985105e+00 1.569947742899443943e+00
1.734999999999984999e+00 1.564947949550060002e+00
1.739999999999984892e+00 1.559948155938172931e+00
1.744999999999985008e+00 1.554948362248750993e+00
1.749999999999984901e+00 1.549948568648574110e+00
1.754999999999985016e+00 1.544948774723593043e+00
1.759999999999984022e+00 1.539948980823738101e+00
1.764999999999983915e+00 1.534949186641370034e+00
1.769999999999984031e+00 1.529949392511638973e+00
1.774999999999983924e+00 1.524949598389526040e+00
1.779999999999984039e+00 1.519949804049361086e+00
1.784999999999983933e+00 1.514950009717153989e+00
1.789999999999984048e+00 1.509950215220215108e+00
1.794999999999983942e+00 1.504950420768522923e+00
1.799999999999984057e+00 1.499950626225881933e+00
1.804999999999983951e+00 1.494950831549203940e+00
1.809999999999982956e+00 1.489951036667775952e+00
1.814999999999983071e+00 1.484951241921294018e+00
1.819999999999982965e+00 1.479951446978247986e+00
1.824999999999983080e+00 1.474951651993023916e+00
1.829999999999982974e+00 1.469951857011893015e+00
1.834999999999983089e+00 1.464952061894905011e+00
1.839999999999982983e+00 1.459952266699815038e+00
1.844999999999983098e+00 1.454952471371484979e+00
1.849999999999982991e+00 1.449952676065322965e+00
1.854999999999981997e+00 1.444952880686400931e+00
1.859999999999981890e+00 1.439953085253137033e+00
1.864999999999982006e+00 1.434953289668214893e+00
1.869999999999981899e+00 1.429953494120923096e+00
1.874999999999982014e+00 1.424953698490639908e+00
1.879999999999981908e+00 1.419953902838414939e+00
1.884999999999982023e+00 1.414954106967230008e+00
1.889999999999981917e+00 1.409954311261345072e+00
1.894999999999982032e+00 1.404954515364920997e+00
1.899999999999981037e+00 1.399954719510787982e+00
1.904999999999980931e+00 1.394954923595377982e+00
1.909999999999981046e+00 1.389955127589473927e+00
1.914999999999980940e+00 1.384955331498531006e+00
1.919999999999981055e+00 1.379955535334034034e+00
1.924999999999980949e+00 1.374955739218534978e+00
1.929999999999981064e+00 1.369955943109858021e+00
1.934999999999980957e+00 1.364956146803478987e+00
1.939999999999981073e+00 1.359956350520632906e+00
1.944999999999980966e+00 1.354956554128647905e+00
1.949999999999979972e+00 1.349956757769632976e+00
1.954999999999980087e+00 1.344956961325806111e+00
1.959999999999979980e+00 1.339957164973839099e+00
1.964999999999980096e+00 1.334957368506024977e+00
1.969999999999979989e+00 1.329957571991599030e+00
1.974999999999980105e+00 1.324957775307324948e+00
1.979999999999979998e+00 1.319957978682622990e+00
1.984999999999979892e+00 1.314958182041892076e+00
1.989999999999980007e+00 1.309958385359891953e+00
1.994999999999979012e+00 1.304958588631051963e+00
1.999999999999978906e+00 1.299958791948939041e+00
2.004999999999979021e+00 1.294958995109368960e+00
2.009999999999978915e+00 1.289959198550945985e+00
2.014999999999978808e+00 1.284959401685455083e+00
2.019999999999979146e+00 1.279959604827012987e+00
2.024999999999979039e+00 1.274959807931167921e+00
2.029999999999978932e+00 1.269960011002126965e+00
2.034999999999978826e+00 1.264960214165057995e+00
2.039999999999979163e+00 1.259960417300930891e+00
2.044999999999979057e+00 1.254960620275823890e+00
2.049999999999978950e+00 1.249960823297215029e+00
2.054999999999977955e+00 1.244961026386363079e+00
2.059999999999977849e+00 1.239961229401955967e+00
2.064999999999978186e+00 1.234961432384011015e+00
2.069999999999978080e+00 1.229961635293534972e+00
2.074999999999977973e+00 1.224961838324134078e+00
2.079999999999977867e+00 1.219962041246958950e+00
2.084999999999978204e+00 1.214962244249476964e+00
2.089999999999978098e+00 1.209962447133420937e+00
2.094999999999977991e+00 1.204962650032711968e+00
2.099999999999976996e+00 1.199962853083093028e+00
2.104999999999976890e+00 1.194963055995686085e+00
2.109999999999976783e+00 1.189963258864850104e+00
2.114999999999977121e+00 1.184963461784604988e+00
2.119999999999977014e+00 1.179963664648993937e+00
2.124999999999976907e+00 1.174963867784299953e+00
2.129999999999976801e+00 1.169964070634136988e+00
2.134999999999977138e+00 1.164964273627220104e+00
2.139999999999977032e+00 1.159964476611321960e+00
2.144999999999976037e+00 1.154964679446492948e+00
2.149999999999975930e+00 1.149964882458448079e+00
2.154999999999975824e+00 1.144965085462444909e+00
2.159999999999976161e+00 1.139965288521239017e+00
2.164999999999976055e+00 1.134965491408707061e+00
2.169999999999975948e+00 1.129965694468979098e+00
2.174999999999975842e+00 1.124965897476158938e+00
2.179999999999976179e+00 1.119966100502324036e+00
2.184999999999976072e+00 1.114966303461415009e+00
2.189999999999975966e+00 1.109966506657543039e+00
2.194999999999974971e+00 1.104966709851737949e+00
2.199999999999974865e+00 1.099966912953959985e+00
2.204999999999975202e+00 1.094967116103475968e+00
2.209999999999975095e+00 1.089967319203082985e+00
2.214999999999974989e+00 1.084967522420583919e+00
2.219999999999974882e+00 1.079967725759275021e+00
2.224999999999975220e+00 1.074967929060334892e+00
2.229999999999975113e+00 1.069968132276472028e+00
2.234999999999975007e+00 1.064968335759318041e+00
2.239999999999974012e+00 1.059968539248870911e+00
2.244999999999973905e+00 1.054968742625761013e+00
2.249999999999973799e+00 1.049968946022999949e+00
2.254999999999974136e+00 1.044969149631014949e+00
2.259999999999974030e+00 1.039969353185711043e+00
2.264999999999973923e+00 1.034969556869441032e+00
2.269999999999973817e+00 1.029969760444374050e+00
2.274999999999974154e+00 1.024969964149931911e+00
2.279999999999974047e+00 1.019970168023859980e+00
2.284999999999973053e+00 1.014970371750564038e+00
2.289999999999972946e+00 1.009970575693273975e+00
2.294999999999972840e+00 1.004970779738642017e+00
2.299999999999973177e+00 9.999709837103409882e-01
2.304999999999973070e+00 9.949711877831077800e-01
2.309999999999972964e+00 9.899713917624239912e-01
2.314999999999972857e+00 9.849715959467175708e-01
2.319999999999973195e+00 9.799718002846020681e-01
2.324999999999973088e+00 9.749720046816037211e-01
2.329999999999972982e+00 9.699722090756495163e-01
2.334999999999971987e+00 9.649724135680344261e-01
2.339999999999971880e+00 9.599726181471623931e-01
2.344999999999972218e+00 9.549728228978437983e-01
2.349999999999972111e+00 9.499730276407944984e-01
2.354999999999972005e+00 9.449732324899287050e-01
2.359999999999971898e+00 9.399734374406989446e-01
2.364999999999971791e+00 9.349736425278933893e-01
2.369999999999972129e+00 9.299738474855985260e-01
2.374999999999972022e+00 9.249740527274070701e-01
2.379999999999971028e+00 9.199742580597103370e-01
2.384999999999970921e+00 9.149744635769820889e-01
2.389999999999970814e+00 9.099746690056917942e-01
2.394999999999971152e+00 9.049748745943588801e-01
2.399999999999971045e+00 8.999750804857740150e-01
2.404999999999970939e+00 8.949752862425839339e-01
2.409999999999970832e+00 8.899754922564397930e-01
2.414999999999971170e+00 8.849756985013073063e-01
2.419999999999971063e+00 8.799759046007693541e-01
2.424999999999970957e+00 8.749761110500458017e-01
2.429999999999969962e+00 8.699763175352472899e-01
2.434999999999969855e+00 8.649765241547129335e-01
2.439999999999970193e+00 8.599767308865011728e-01
2.444999999999970086e+00 8.549769377777920454e-01
2.449999999999969980e+00 8.499771448625779158e-01
2.454999999999969873e+00 8.449773521200540927e-01
2.459999999999970210e+00 8.399775594986067517e-01
2.464999999999970104e+00 8.349777669660625179e-01
2.469999999999969997e+00 8.299779747019329079e-01
2.474999999999969003e+00 8.249781825570607907e-01
2.479999999999968896e+00 8.199783906147786183e-01
2.484999999999968789e+00 8.149785987554878375e-01
2.489999999999969127e+00 8.099788072461251431e-01
2.494999999999969020e+00 8.049790157468805774e-01
2.499999999999968914e+00 7.999792244592072166e-01
2.504999999999968807e+00 7.949794334640500892e-01
2.509999999999969145e+00 7.899796425076601736e-01
2.514999999999969038e+00 7.849798518730040087e-01
2.519999999999968043e+00 7.799800614942569155e-01
2.524999999999967937e+00 7.749802710509356984e-01
2.529999999999967830e+00 7.699804810958994494e-01
2.534999999999968168e+00 7.649806912581880169e-01
2.539999999999968061e+00 7.599809016252265792e-01
2.544999999999967955e+00 7.549811123562903958e-01
2.549999999999967848e+00 7.499813232600445190e-01
2.554999999999968185e+00 7.449815343785530786e-01
2.559999999999968079e+00 7.399817456797563864e-01
2.564999999999967972e+00 7.349819572976912241e-01
2.569999999999966978e+00 7.299821692851082844e-01
2.574999999999966871e+00 7.249823814679530187e-01
2.579999999999967208e+00 7.199825938550930005e-01
2.584999999999967102e+00 7.149828066035297525e-01
2.589999999999966995e+00 7.099830196227685519e-01
2.594999999999966889e+00 7.049832329267928799e-01
2.599999999999966782e+00 6.999834465308367726e-01
2.604999999999967120e+00 6.949836604530901241e-01
2.609999999999967013e+00 6.899838746854811689e-01
2.614999999999966018e+00 6.849840892762131261e-01
2.619999999999965912e+00 6.799843042315387720e-01
2.624999999999965805e+00 6.749845194623276257e-01
2.629999999999966143e+00 6.699847350448635552e-01
2.634999999999966036e+00 6.649849508721672464e-01
2.639999999999965929e+00 6.599851673287275844e-01
2.644999999999965823e+00 6.549853838956778418e-01
2.649999999999966160e+00 6.499856010651683391e-01
2.654999999999966054e+00 6.449858184937511396e-01
2.659999999999965947e+00 6.399860363364950899e-01
2.664999999999964952e+00 6.349862547546081259e-01
2.669999999999964846e+00 6.299864735173059671e-01
2.674999999999965183e+00 6.249866925784317573e-01
2.679999999999965077e+00 6.199869123958023920e-01
2.684999999999964970e+00 6.149871325731055549e-01
2.689999999999964864e+00 6.099873530127979393e-01
2.694999999999965201e+00 6.049875740967536331e-01
2.699999999999965095e+00 5.999877956610362162e-01
2.704999999999964988e+00 5.949880177906834433e-01
2.709999999999963993e+00 5.899882404546588077e-01
2.714999999999963887e+00 5.849884636249953473e-01
2.719999999999963780e+00 5.799886873685409228e-01
2.724999999999964118e+00 5.749889117099655778e-01
2.729999999999964011e+00 5.699891365429721191e-01
2.734999999999963904e+00 5.649893619877275341e-01
2.739999999999963798e+00 5.599895882115788481e-01
2.744999999999964135e+00 5.549898150046601586e-01
2.749999999999964029e+00 5.499900425895134504e-01
2.754999999999963034e+00 5.449902705523186341e-01
2.759999999999962927e+00 5.399904994758344401e-01
2.764999999999962821e+00 5.349907291222848471e-01
2.769999999999963158e+00 5.299909593943539221e-01
2.774999999999963052e+00 5.249911905838189341e-01
2.779999999999962945e+00 5.199914225245265698e-01
2.784999999999962839e+00 5.149916552747981768e-01
2.789999999999963176e+00 5.099918888892034374e-01
2.794999999999963070e+00 5.049921233803615905e-01
2.799999999999962963e+00 4.999923586784689178e-01
2.804999999999961968e+00 4.949925950741089764e-01
2.809999999999961862e+00 4.899928323508220274e-01
2.814999999999962199e+00 4.849930705944984766e-01
2.819999999999962093e+00 4.799933099545797277e-01
2.824999999999961986e+00 4.749935504443100753e-01
2.829999999999961879e+00 4.699937919836543188e-01
2.834999999999962217e+00 4.649940346383231726e-01
2.839999999999962110e+00 4.599942785439453119e-01
2.844999999999962004e+00 4.549945237225188066e-01
2.849999999999961009e+00 4.499947702512940850e-01
2.854999999999960902e+00 4.449950179588312849e-01
2.859999999999960796e+00 4.399952673121561020e-01
2.864999999999961133e+00 4.349955179196741129e-01
2.869999999999961027e+00 4.299957702703522955e-01
2.874999999999960920e+00 4.249960240568952941e-01
2.879999999999960814e+00 4.199962794674548250e-01
2.884999999999961151e+00 4.149965368014250089e-01
2.889999999999961044e+00 4.099967958370597798e-01
2.894999999999960050e+00 4.049970566535989747e-01
2.899999999999959943e+00 3.999973196670226216e-01
2.904999999999959837e+00 3.949975848054236849e-01
2.909999999999960174e+00 3.899978519811497790e-01
2.914999999999960067e+00 3.849981216002901774e-01
2.919999999999959961e+00 3.799983935174395810e-01
2.924999999999959854e+00 3.749986681494875129e-01
2.929999999999960192e+00 3.699989454622141238e-01
2.934999999999960085e+00 3.649992256779341915e-01
2.939999999999959979e+00 3.599995088919171748e-01
2.944999999999958984e+00 3.549997954430069158e-01
2.949999999999958877e+00 3.500000854664904182e-01
2.954999999999959215e+00 3.450003790078994825e-01
2.959999999999959108e+00 3.400006765662055841e-01
2.964999999999959002e+00 3.350009781942731024e-01
2.969999999999958895e+00 3.300012844341608798e-01
2.974999999999958789e+00 3.250015956074320811e-01
2.979999999999959126e+00 3.200019118939395057e-01
2.984999999999959019e+00 3.150022335999552170e-01
2.989999999999958025e+00 3.100025616602125056e-01
2.994999999999957918e+00 3.050028961170028197e-01
2.999999999999957812e+00 3.000032380454059067e-01
3.004999999999958149e+00 2.950035876204423757e-01
3.009999999999958042e+00 2.900039461824234777e-01
3.014999999999957936e+00 2.850043139915782731e-01
3.019999999999957829e+00 2.800046923450735803e-01
3.024999999999958167e+00 2.750050826099367796e-01
3.029999999999958060e+00 2.700054858036651240e-01
3.034999999999957954e+00 2.650059035919127837e-01
3.039999999999956959e+00 2.600063378559128169e-01
3.044999999999956852e+00 2.550067907540948808e-01
3.049999999999957190e+00 2.500072649769152222e-01
3.054999999999957083e+00 2.450077635166962864e-01
3.059999999999956977e+00 2.400082900155950938e-01
3.064999999999956870e+00 2.350088490939583885e-01
3.069999999999957208e+00 2.300094461934918122e-01
3.074999999999957101e+00 2.250100880250159030e-01
3.079999999999956994e+00 2.200107827694637030e-01
3.084999999999956000e+00 2.150115406251700001e-01
3.089999999999955893e+00 2.100123745839113099e-01
3.094999999999955786e+00 2.050133006686820913e-01
3.099999999999956124e+00 2.000143389067829958e-01
3.104999999999956017e+00 1.950155151013887866e-01
3.109999999999955911e+00 1.900168614769625897e-01
3.114999999999955804e+00 1.850184186478572024e-01
3.119999999999956142e+00 1.800202373425960900e-01
3.124999999999956035e+00 1.750223804228668023e-01
3.129999999999955040e+00 1.700249244555677997e-01
3.134999999999954934e+00 1.650279600358360022e-01
3.139999999999954827e+00 1.600315926215785112e-01
3.144999999999955165e+00 1.550359394768179022e-01
3.149999999999955058e+00 1.500411268499952933e-01
3.154999999999954952e+00 1.450472857315290021e-01
3.159999999999954845e+00 1.400545461696686977e-01
3.164999999999955183e+00 1.350630347709529111e-01
3.169999999999955076e+00 1.300728709539882011e-01
3.174999999999954969e+00 1.250841664176665091e-01
3.179999999999953975e+00 1.200970269606483065e-01
3.184999999999953868e+00 1.151115533115447953e-01
3.189999999999954206e+00 1.101278445010809015e-01
3.194999999999954099e+00 1.051460010821178986e-01
3.199999999999953992e+00 1.001661283037593997e-01
3.204999999999953886e+00 9.518833942085258570e-02
3.209999999999953779e+00 9.021275997236077870e-02
3.214999999999954117e+00 8.523953177758913924e-02
3.219999999999954010e+00 8.026881811249930720e-02
3.224999999999953015e+00 7.530080970593244771e-02
3.229999999999952909e+00 7.033573317784513890e-02
3.234999999999952802e+00 6.537386128690014786e-02
3.239999999999953140e+00 6.041552748288304270e-02
3.244999999999953033e+00 5.546114698647475194e-02
3.249999999999952927e+00 5.051124716531130154e-02
3.254999999999952820e+00 4.556651636577568887e-02
3.259999999999953157e+00 4.062786854662570057e-02
3.264999999999953051e+00 3.569656432727685846e-02
3.269999999999952944e+00 3.077441897372578880e-02
3.274999999999951950e+00 2.586419745357071073e-02
3.279999999999951843e+00 2.097043712994461906e-02
3.284999999999952180e+00 1.610142342491316034e-02
3.289999999999952074e+00 1.127496936585192962e-02
3.294999999999951967e+00 6.551801965095582769e-03
3.299999999999951861e+00 2.437735998949946969e-03
3.304999999999952198e+00 2.143622365892921839e-03
3.309999999999952092e+00 2.146889056318396043e-03
3.314999999999951985e+00 2.150155837341473017e-03
3.319999999999950990e+00 2.153422526292276141e-03
3.324999999999950884e+00 2.156689177096830085e-03
3.329999999999951221e+00 2.159955858934455974e-03
3.334999999999951115e+00 2.163222586683887037e-03
3.339999999999951008e+00 2.166489364576393989e-03
3.344999999999950901e+00 2.169756197639551975e-03
3.349999999999950795e+00 2.173023089421161069e-03
3.354999999999951132e+00 2.176290042310481936e-03
3.359999999999951026e+00 2.179557057898605984e-03
3.364999999999950031e+00 2.182824137519280994e-03
3.369999999999949925e+00 2.186091282175795132e-03
3.374999999999949818e+00 2.189358492555277137e-03
3.379999999999950155e+00 2.192625769362709087e-03
3.384999999999950049e+00 2.195893113150363188e-03
3.389999999999949942e+00 2.199160524219011866e-03
3.394999999999949836e+00 2.202428002876120981e-03
3.399999999999950173e+00 2.205695549594574850e-03
3.404999999999950067e+00 2.208963164599553157e-03
3.409999999999949960e+00 2.212230848047615998e-03
3.414999999999948965e+00 2.215498600107931003e-03
3.419999999999948859e+00 2.218766420981402136e-03
3.424999999999949196e+00 2.222034310832135973e-03
3.429999999999949090e+00 2.225302269775914898e-03
3.434999999999948983e+00 2.228570298037746856e-03
3.439999999999948876e+00 2.231838395600877021e-03
3.444999999999949214e+00 2.235106562589499885e-03
3.449999999999949107e+00 2.238374799082969938e-03
3.454999999999949001e+00 2.241643105206188140e-03
3.459999999999948006e+00 2.244911481069606935e-03
3.464999999999947899e+00 2.248179926526835178e-03
3.469999999999947793e+00 2.251448441871535099e-03
3.474999999999948130e+00 2.254717027067192937e-03
3.479999999999948024e+00 2.257985682269866151e-03
3.484999999999947917e+00 2.261254407371725197e-03
3.489999999999947811e+00 2.264523202485965985e-03
3.494999999999948148e+00 2.267792067678488059e-03
3.499999999999948042e+00 2.271061002990743937e-03
3.504999999999947047e+00 2.274330008447079162e-03
3.509999999999946940e+00 2.277599084165587203e-03
3.514999999999946834e+00 2.280868229986500028e-03
3.519999999999947171e+00 2.284137446021284028e-03
3.524999999999947065e+00 2.287406732407634181e-03
3.529999999999946958e+00 2.290676089163206069e-03
3.534999999999946851e+00 2.293945516148076895e-03
3.539999999999947189e+00 2.297215013575284147e-03
3.544999999999947082e+00 2.300484581441353173e-03
3.549999999999946976e+00 2.303754219672654938e-03
3.554999999999945981e+00 2.307023928372883836e-03
3.559999999999945874e+00 2.310293707509601842e-03
3.564999999999946212e+00 2.313563557193901079e-03
3.569999999999946105e+00 2.316833477397930996e-03
3.574999999999945999e+00 2.320103468165224045e-03
3.579999999999945892e+00 2.323373529559526109e-03
3.584999999999945786e+00 2.326643661485609110e-03
3.589999999999946123e+00 2.329913864019970016e-03
3.594999999999946017e+00 2.333184137242753052e-03
3.599999999999945022e+00 2.336454481181457054e-03
3.604999999999944915e+00 2.339724895663345197e-03
3.609999999999944809e+00 2.342995381057312067e-03
3.614999999999945146e+00 2.346265937060915997e-03
3.619999999999945040e+00 2.349536563818603943e-03
3.624999999999944933e+00 2.352807261296600838e-03
3.629999999999944826e+00 2.356078029703109929e-03
