# vin_v vout_v
0.000000000000000000e+00 3.610771421174414186e+00
5.000000000000000104e-03 3.610299616944787182e+00
1.000000000000000021e-02 3.608666694773709160e+00
1.499999999999999944e-02 3.605962507933683003e+00
2.000000000000000042e-02 3.602616416151795065e+00
2.500000000000000139e-02 3.598888010704697216e+00
2.999999999999999889e-02 3.594870637973120786e+00
3.500000000000000333e-02 3.590643281516422203e+00
4.000000000000000083e-02 3.586260556630441965e+00
4.499999999999999833e-02 3.581761100031104039e+00
5.000000000000000278e-02 3.577172527037427052e+00
5.499999999999999334e-02 3.572514845443636844e+00
5.999999999999999084e-02 3.567802761839527825e+00
6.499999999999998834e-02 3.563047249052234022e+00
6.999999999999999278e-02 3.558256613410700986e+00
7.499999999999999722e-02 3.553437232209729846e+00
8.000000000000000167e-02 3.548594065422094879e+00
8.500000000000000611e-02 3.543731019215833111e+00
9.000000000000001055e-02 3.538851204680970142e+00
9.500000000000001499e-02 3.533957126124358972e+00
1.000000000000000056e-01 3.529050819682233886e+00
1.049999999999999961e-01 3.524133956447216942e+00
1.100000000000000006e-01 3.519207919109590854e+00
1.150000000000000050e-01 3.514273862356068978e+00
1.199999999999999956e-01 3.509332757663397029e+00
1.250000000000000000e-01 3.504385427930651886e+00
1.300000000000000044e-01 3.499432576532626182e+00
1.350000000000000089e-01 3.494474808814246103e+00
1.400000000000000133e-01 3.489512648023183061e+00
1.449999999999999900e-01 3.484546552088260807e+00
1.499999999999999944e-01 3.479576922127885830e+00
1.550000000000001099e-01 3.474604114097564089e+00
1.600000000000000866e-01 3.469628444229801989e+00
1.650000000000000910e-01 3.464650196610234101e+00
1.700000000000000955e-01 3.459669626711657120e+00
1.750000000000000999e-01 3.454686966772503087e+00
1.800000000000001044e-01 3.449702428280057909e+00
1.850000000000001088e-01 3.444716204560582806e+00
1.900000000000001132e-01 3.439728472332951981e+00
1.950000000000000899e-01 3.434739393882891179e+00
2.000000000000000944e-01 3.429749117934048019e+00
2.050000000000000988e-01 3.424757780080236014e+00
2.100000000000001033e-01 3.419765503997676870e+00
2.150000000000001077e-01 3.414772401537724988e+00
2.200000000000001121e-01 3.409778573564964166e+00
2.250000000000000888e-01 3.404784110799592867e+00
2.300000000000000933e-01 3.399789093856426803e+00
2.350000000000000977e-01 3.394793593622750905e+00
2.400000000000001021e-01 3.389797672916763815e+00
2.450000000000001066e-01 3.384801386826972180e+00
2.500000000000001110e-01 3.379804783170349936e+00
2.550000000000001155e-01 3.374807903448228785e+00
2.600000000000001199e-01 3.369810783337413795e+00
2.650000000000001243e-01 3.364813454095540113e+00
2.700000000000000733e-01 3.359815942185441884e+00
2.750000000000000777e-01 3.354818270664210900e+00
2.800000000000000822e-01 3.349820459303145981e+00
2.850000000000000866e-01 3.344822524878793946e+00
2.900000000000000910e-01 3.339824481921283006e+00
2.950000000000002065e-01 3.334826342999634097e+00
3.000000000000002109e-01 3.329828119101016171e+00
3.050000000000002154e-01 3.324829819321131197e+00
3.100000000000002198e-01 3.319831451587419213e+00
3.150000000000002243e-01 3.314833023408084944e+00
3.200000000000001732e-01 3.309834540035736961e+00
3.250000000000001776e-01 3.304836007162891054e+00
3.300000000000001821e-01 3.299837429419412160e+00
3.350000000000001865e-01 3.294838810859075817e+00
3.400000000000001910e-01 3.289840154593051125e+00
3.450000000000001954e-01 3.284841463972397957e+00
3.500000000000001998e-01 3.279842741874829937e+00
3.550000000000002043e-01 3.274843990313697883e+00
3.600000000000002087e-01 3.269845211597143031e+00
3.650000000000002132e-01 3.264846407806431206e+00
3.700000000000002176e-01 3.259847580213573792e+00
3.750000000000002220e-01 3.254848730549610991e+00
3.800000000000002265e-01 3.249849859941519981e+00
3.850000000000001754e-01 3.244850970128609902e+00
3.900000000000001799e-01 3.239852061623722079e+00
3.950000000000001843e-01 3.234853135565530113e+00
4.000000000000001887e-01 3.229854192845423189e+00
4.050000000000001932e-01 3.224855234223297895e+00
4.100000000000003086e-01 3.219856260639943013e+00
4.150000000000003131e-01 3.214857272462638083e+00
4.200000000000003175e-01 3.209858270558357152e+00
4.250000000000003220e-01 3.204859255347357827e+00
4.300000000000003264e-01 3.199860227203898955e+00
4.350000000000002753e-01 3.194861186732595115e+00
4.400000000000002798e-01 3.189862134310744057e+00
4.450000000000002842e-01 3.184863070547109043e+00
4.500000000000002887e-01 3.179863995654030884e+00
4.550000000000002931e-01 3.174864909809854918e+00
4.600000000000002975e-01 3.169865813508323971e+00
4.650000000000003020e-01 3.164866707179044170e+00
4.700000000000003064e-01 3.159867590841515028e+00
4.750000000000003109e-01 3.154868464920169924e+00
4.800000000000003153e-01 3.149869329277506846e+00
4.850000000000003197e-01 3.144870184659296797e+00
4.900000000000003242e-01 3.139871031287555070e+00
4.950000000000002731e-01 3.134871868896254909e+00
5.000000000000003331e-01 3.129872697966816997e+00
5.050000000000003375e-01 3.124873518650077120e+00
5.100000000000003419e-01 3.119874331146946123e+00
5.150000000000003464e-01 3.114875135644667115e+00
5.200000000000003508e-01 3.109875932339690952e+00
5.250000000000003553e-01 3.104876721266493167e+00
5.300000000000003597e-01 3.099877502425528064e+00
5.350000000000003642e-01 3.094878276159449104e+00
5.400000000000003686e-01 3.089879042660669040e+00
5.450000000000003730e-01 3.084879801850604952e+00
5.500000000000003775e-01 3.079880553868263870e+00
5.550000000000003819e-01 3.074881299044478045e+00
5.600000000000003864e-01 3.069882037388651952e+00
5.650000000000003908e-01 3.064882768746060027e+00
5.700000000000003952e-01 3.059883493817097122e+00
5.750000000000003997e-01 3.054884212177341851e+00
5.800000000000004041e-01 3.049884923971859951e+00
5.850000000000004086e-01 3.044885629529118898e+00
5.900000000000004130e-01 3.039886328698485851e+00
5.950000000000004174e-01 3.034887021805019014e+00
6.000000000000004219e-01 3.029887708660567114e+00
6.050000000000004263e-01 3.024888389783797038e+00
6.100000000000004308e-01 3.019889064621083197e+00
6.150000000000004352e-01 3.014889733722128984e+00
6.200000000000004396e-01 3.009890397320134969e+00
6.250000000000004441e-01 3.004891054996534194e+00
6.300000000000004485e-01 2.999891707030740928e+00
6.350000000000004530e-01 2.994892353587971012e+00
6.400000000000004574e-01 2.989892994705825924e+00
6.450000000000004619e-01 2.984893630330731185e+00
6.500000000000004663e-01 2.979894260741189793e+00
6.550000000000004707e-01 2.974894885601087946e+00
6.600000000000004752e-01 2.969895505369549937e+00
6.650000000000004796e-01 2.964896120023694959e+00
6.700000000000004841e-01 2.959896729657315984e+00
6.750000000000004885e-01 2.954897333983694807e+00
6.800000000000004929e-01 2.949897933555292173e+00
6.850000000000004974e-01 2.944898528299717100e+00
6.900000000000005018e-01 2.939899118045503190e+00
6.950000000000005063e-01 2.934899703254529868e+00
7.000000000000005107e-01 2.929900283481429835e+00
7.050000000000005151e-01 2.924900859127972819e+00
7.100000000000005196e-01 2.919901430081722982e+00
7.150000000000005240e-01 2.914901996472082146e+00
7.200000000000005285e-01 2.909902558516022975e+00
7.250000000000005329e-01 2.904903116042675038e+00
7.300000000000005373e-01 2.899903668771627974e+00
7.350000000000005418e-01 2.894904217587367157e+00
7.400000000000005462e-01 2.889904761970598202e+00
7.450000000000005507e-01 2.884905302009315164e+00
7.500000000000005551e-01 2.879905837954936043e+00
7.550000000000005596e-01 2.874906369767189052e+00
7.600000000000005640e-01 2.869906897326757189e+00
7.650000000000005684e-01 2.864907420895661971e+00
7.700000000000005729e-01 2.859907940309199148e+00
7.750000000000005773e-01 2.854908455907605003e+00
7.800000000000005818e-01 2.849908967346181043e+00
7.850000000000005862e-01 2.844909475323731840e+00
7.900000000000005906e-01 2.839909979159700004e+00
7.950000000000005951e-01 2.834910479212453982e+00
8.000000000000005995e-01 2.829910975497455183e+00
8.050000000000006040e-01 2.824911468212491172e+00
8.100000000000006084e-01 2.819911957183962148e+00
8.150000000000006128e-01 2.814912442438668005e+00
8.200000000000006173e-01 2.809912924158850966e+00
8.250000000000006217e-01 2.804913402472009931e+00
8.300000000000006262e-01 2.799913876988825212e+00
8.350000000000006306e-01 2.794914348165832951e+00
8.400000000000006350e-01 2.789914816235465889e+00
8.450000000000006395e-01 2.784915280541866878e+00
8.500000000000006439e-01 2.779915741540008867e+00
8.550000000000006484e-01 2.774916199242654091e+00
8.600000000000006528e-01 2.769916653755899016e+00
8.650000000000006573e-01 2.764917105113398055e+00
8.700000000000006617e-01 2.759917553162238857e+00
8.750000000000006661e-01 2.754917997960773857e+00
8.800000000000006706e-01 2.749918439821100957e+00
8.850000000000006750e-01 2.744918878626264824e+00
8.900000000000006795e-01 2.739919314300550024e+00
8.950000000000006839e-01 2.734919747002436008e+00
9.000000000000006883e-01 2.729920176507846019e+00
9.050000000000006928e-01 2.724920603338262026e+00
9.100000000000006972e-01 2.719921027177917949e+00
9.150000000000007017e-01 2.714921448226676137e+00
9.200000000000007061e-01 2.709921866208901964e+00
9.250000000000007105e-01 2.704922281344352086e+00
9.300000000000007150e-01 2.699922694133703782e+00
9.350000000000007194e-01 2.694923103819462984e+00
9.400000000000007239e-01 2.689923510945050111e+00
9.450000000000007283e-01 2.684923915438275799e+00
9.500000000000007327e-01 2.679924317316420002e+00
9.550000000000007372e-01 2.674924716409066150e+00
9.600000000000007416e-01 2.669925113073816192e+00
9.650000000000007461e-01 2.664925507030659002e+00
9.700000000000007505e-01 2.659925898682444778e+00
9.750000000000007550e-01 2.654926287896386849e+00
9.800000000000007594e-01 2.649926674178174846e+00
9.850000000000007638e-01 2.644927058497557937e+00
9.900000000000007683e-01 2.639927440423492033e+00
9.950000000000007727e-01 2.634927819786582859e+00
1.000000000000001110e+00 2.629928196716435185e+00
1.005000000000001004e+00 2.624928571629936869e+00
1.010000000000000009e+00 2.619928944131971082e+00
1.014999999999999902e+00 2.614929314519259140e+00
1.020000000000000018e+00 2.609929682530947037e+00
1.024999999999999911e+00 2.604930048349729077e+00
1.030000000000000027e+00 2.599930412061440155e+00
1.034999999999999920e+00 2.594930773726617179e+00
1.040000000000000036e+00 2.589931133136872177e+00
1.044999999999999929e+00 2.584931490397365916e+00
1.050000000000000044e+00 2.579931845874909868e+00
1.054999999999999050e+00 2.574932198968554076e+00
1.059999999999998943e+00 2.569932550318299036e+00
1.064999999999999059e+00 2.564932899758674001e+00
1.069999999999998952e+00 2.559933247013248092e+00
1.074999999999999067e+00 2.554933592498854988e+00
1.079999999999998961e+00 2.549933935887111147e+00
1.084999999999999076e+00 2.544934277547838963e+00
1.089999999999998970e+00 2.539934617554592933e+00
1.094999999999999085e+00 2.534934955338314921e+00
1.099999999999998979e+00 2.529935291381320894e+00
1.104999999999997984e+00 2.524935626032685843e+00
1.109999999999998099e+00 2.519935958725171066e+00
1.114999999999997993e+00 2.514936289666195979e+00
1.119999999999998108e+00 2.509936618692507171e+00
1.124999999999998002e+00 2.504936946365149186e+00
1.129999999999997895e+00 2.499937272001603095e+00
1.134999999999998010e+00 2.494937596200771157e+00
1.139999999999997904e+00 2.489937918862950017e+00
1.144999999999998019e+00 2.484938239901679946e+00
1.149999999999997025e+00 2.479938559143250121e+00
1.154999999999996918e+00 2.474938877021713779e+00
1.159999999999997033e+00 2.469939193420145784e+00
1.164999999999996927e+00 2.464939508182225847e+00
1.169999999999997042e+00 2.459939821676072835e+00
1.174999999999996936e+00 2.454940133419655002e+00
1.179999999999997051e+00 2.449940443955484159e+00
1.184999999999996945e+00 2.444940752877982959e+00
1.189999999999997060e+00 2.439941060317324162e+00
1.194999999999996954e+00 2.434941366673967877e+00
1.199999999999995959e+00 2.429941671572009909e+00
1.204999999999996074e+00 2.424941975016508877e+00
1.209999999999995968e+00 2.419942277235293204e+00
1.214999999999996083e+00 2.414942578102682091e+00
1.219999999999995977e+00 2.409942877562344155e+00
1.224999999999996092e+00 2.404943175780318132e+00
1.229999999999995985e+00 2.399943472926338028e+00
1.234999999999996101e+00 2.394943768688222008e+00
1.239999999999995994e+00 2.389944063359735082e+00
1.244999999999995000e+00 2.384944356655978037e+00
1.249999999999994893e+00 2.379944648925174988e+00
1.254999999999995008e+00 2.374944939978092862e+00
1.259999999999994902e+00 2.369945229836786904e+00
1.264999999999995017e+00 2.364945518552814985e+00
1.269999999999994911e+00 2.359945806266750878e+00
1.274999999999995026e+00 2.354946092896966992e+00
1.279999999999994920e+00 2.349946378443859896e+00
1.284999999999995035e+00 2.344946662798462977e+00
1.289999999999994040e+00 2.339946945881138163e+00
1.294999999999993934e+00 2.334947228332338920e+00
1.299999999999994049e+00 2.329947509695386998e+00
1.304999999999993943e+00 2.324947789814303167e+00
1.309999999999994058e+00 2.319948069392125944e+00
1.314999999999993952e+00 2.314948347785275029e+00
1.319999999999994067e+00 2.309948625147796974e+00
1.324999999999993960e+00 2.304948901596787891e+00
1.329999999999994076e+00 2.299949177238033826e+00
1.334999999999993969e+00 2.294949451891682202e+00
1.339999999999992975e+00 2.289949725562053118e+00
1.344999999999993090e+00 2.284949998350668920e+00
1.349999999999992983e+00 2.279950270252470990e+00
1.354999999999993099e+00 2.274950541440717178e+00
1.359999999999992992e+00 2.269950811664215973e+00
1.364999999999993108e+00 2.264951081345885076e+00
1.369999999999993001e+00 2.259951350020060090e+00
1.374999999999992895e+00 2.254951617655934104e+00
1.379999999999993010e+00 2.249951884855136086e+00
1.384999999999992015e+00 2.244952151188841061e+00
1.389999999999991909e+00 2.239952416661707968e+00
1.394999999999992024e+00 2.234952681590300028e+00
1.399999999999991918e+00 2.229952945455294877e+00
1.404999999999992033e+00 2.224953208820636963e+00
1.409999999999991926e+00 2.219953471421944879e+00
1.414999999999992042e+00 2.214953733251149970e+00
1.419999999999991935e+00 2.209953994510727160e+00
1.424999999999992051e+00 2.204954255014910824e+00
1.429999999999991944e+00 2.199954514937985994e+00
1.434999999999990949e+00 2.194954774231404837e+00
1.439999999999991065e+00 2.189955032599868900e+00
1.444999999999990958e+00 2.184955290359312130e+00
1.449999999999991074e+00 2.179955547708174901e+00
1.454999999999990967e+00 2.174955804504406842e+00
1.459999999999991083e+00 2.169956060500965123e+00
1.464999999999990976e+00 2.164956316077109033e+00
1.469999999999991092e+00 2.159956570916505836e+00
1.474999999999990985e+00 2.154956825348505856e+00
1.479999999999989990e+00 2.149957079060072829e+00
1.484999999999990106e+00 2.144957332192972910e+00
1.489999999999989999e+00 2.139957584867261176e+00
1.494999999999989893e+00 2.134957837081287835e+00
1.499999999999990008e+00 2.129958088618877809e+00
1.504999999999989901e+00 2.124958339760269155e+00
1.509999999999990017e+00 2.119958590308954172e+00
1.514999999999989910e+00 2.114958840448991850e+00
1.519999999999990026e+00 2.109959090090967049e+00
1.524999999999989031e+00 2.104959339127901785e+00
1.529999999999988924e+00 2.099959587764714808e+00
1.534999999999989040e+00 2.094959835926716085e+00
1.539999999999988933e+00 2.089960083683763958e+00
1.544999999999989049e+00 2.084960330891589830e+00
1.549999999999988942e+00 2.079960577732264948e+00
1.554999999999989058e+00 2.074960824039408180e+00
1.559999999999988951e+00 2.069961070050397201e+00
1.564999999999989067e+00 2.064961315673485842e+00
1.569999999999988960e+00 2.059961560717625151e+00
1.574999999999987965e+00 2.054961805578387146e+00
1.579999999999988081e+00 2.049962049936993935e+00
1.584999999999987974e+00 2.044962293959769806e+00
1.589999999999988090e+00 2.039962537305996193e+00
1.594999999999987983e+00 2.034962780578553065e+00
1.599999999999988098e+00 2.029963023384425025e+00
1.604999999999987992e+00 2.024963265814449187e+00
1.609999999999988107e+00 2.019963507913530965e+00
1.614999999999988001e+00 2.014963749786943037e+00
1.619999999999987006e+00 2.009963991177642129e+00
1.624999999999986899e+00 2.004964232343127151e+00
1.629999999999987015e+00 1.999964472990769071e+00
1.634999999999986908e+00 1.994964713481409024e+00
1.639999999999987024e+00 1.989964953651564894e+00
1.644999999999986917e+00 1.984965193445304976e+00
1.649999999999987033e+00 1.979965432859899011e+00
1.654999999999986926e+00 1.974965672161943075e+00
1.659999999999987041e+00 1.969965910974111001e+00
1.664999999999986047e+00 1.964966149663383010e+00
1.669999999999985940e+00 1.959966387998975046e+00
1.674999999999986056e+00 1.954966626105373972e+00
1.679999999999985949e+00 1.949966863930171934e+00
1.684999999999986064e+00 1.944967101402540033e+00
1.689999999999985958e+00 1.939967338599104085e+00
1.694999999999986073e+00 1.934967575675387019e+00
1.699999999999985967e+00 1.929967812301810914e+00
1.704999999999986082e+00 1.924968048901178008e+00
1.709999999999985976e+00 1.919968285132426900e+00
1.714999999999984981e+00 1.914968521222248921e+00
1.719999999999985096e+00 1.909968756948841939e+00
1.724999999999984990e+00 1.904968992475688072e+00
1.729999999999985105e+00 1.899969227715814890e+00
1.734999999999984999e+00 1.894969462859990017e+00
1.739999999999984892e+00 1.889969697896163092e+00
1.744999999999985008e+00 1.884969932364924938e+00
1.749999999999984901e+00 1.879970166767976014e+00
1.754999999999985016e+00 1.874970401066206938e+00
1.759999999999984022e+00 1.869970635224377009e+00
1.764999999999983915e+00 1.864970868991350006e+00
1.769999999999984031e+00 1.859971102695680889e+00
1.774999999999983924e+00 1.854971336031439932e+00
1.779999999999984039e+00 1.849971569285230988e+00
1.784999999999983933e+00 1.844971802406575989e+00
1.789999999999984048e+00 1.839972035297136932e+00
1.794999999999983942e+00 1.834972267964076087e+00
1.799999999999984057e+00 1.829972500623284981e+00
1.804999999999983951e+00 1.824972732919718954e+00
1.809999999999982956e+00 1.819972965185342906e+00
1.814999999999983071e+00 1.814973197262019999e+00
1.819999999999982965e+00 1.809973429287879076e+00
1.824999999999983080e+00 1.804973660888891107e+00
1.829999999999982974e+00 1.799973892517527929e+00
1.834999999999983089e+00 1.794974123800102017e+00
1.839999999999982983e+00 1.789974355251046978e+00
1.844999999999983098e+00 1.784974586245767103e+00
1.849999999999982991e+00 1.779974817231390949e+00
1.854999999999981997e+00 1.774975048175065018e+00
1.859999999999981890e+00 1.769975278880792979e+00
1.864999999999982006e+00 1.764975509304349988e+00
1.869999999999981899e+00 1.759975739829882979e+00
1.874999999999982014e+00 1.754975970215469028e+00
1.879999999999981908e+00 1.749976200250330072e+00
1.884999999999982023e+00 1.744976430388305966e+00
1.889999999999981917e+00 1.739976660403727005e+00
1.894999999999982032e+00 1.734976890055917931e+00
1.899999999999981037e+00 1.729977119841918931e+00
1.904999999999980931e+00 1.724977349463528986e+00
1.909999999999981046e+00 1.719977578693373976e+00
1.914999999999980940e+00 1.714977808242565960e+00
1.919999999999981055e+00 1.709978037563133046e+00
1.924999999999980949e+00 1.704978266476472992e+00
1.929999999999981064e+00 1.699978495568644110e+00
1.934999999999980957e+00 1.694978724525413094e+00
1.939999999999981073e+00 1.689978953344279944e+00
1.944999999999980966e+00 1.684979182207940074e+00
1.949999999999979972e+00 1.679979410689725006e+00
1.954999999999980087e+00 1.674979639136608967e+00
1.959999999999979980e+00 1.669979867556776076e+00
1.964999999999980096e+00 1.664980095858368037e+00
1.969999999999979989e+00 1.659980324290359022e+00
1.974999999999980105e+00 1.654980552258620952e+00
1.979999999999979998e+00 1.649980780462896979e+00
1.984999999999979892e+00 1.644981008458217042e+00
1.989999999999980007e+00 1.639981236342463955e+00
1.994999999999979012e+00 1.634981464025258902e+00
1.999999999999978906e+00 1.629981691904162977e+00
2.004999999999979021e+00 1.624981919600485991e+00
2.009999999999978915e+00 1.619982147285667917e+00
2.014999999999978808e+00 1.614982374612623062e+00
2.019999999999979146e+00 1.609982602132504104e+00
2.024999999999979039e+00 1.604982829427286095e+00
2.029999999999978932e+00 1.599983056746169030e+00
2.034999999999978826e+00 1.594983283978991029e+00
2.039999999999979163e+00 1.589983510995125027e+00
2.044999999999979057e+00 1.584983738201686032e+00
2.049999999999978950e+00 1.579983965342194097e+00
2.054999999999977955e+00 1.574984192301031038e+00
2.059999999999977849e+00 1.569984419050342916e+00
2.064999999999978186e+00 1.564984645997469892e+00
2.069999999999978080e+00 1.559984872869677019e+00
2.074999999999977973e+00 1.554985099430495898e+00
2.079999999999977867e+00 1.549985326293040089e+00
2.084999999999978204e+00 1.544985552766320103e+00
2.089999999999978098e+00 1.539985779381709108e+00
2.094999999999977991e+00 1.534986005983909996e+00
2.099999999999976996e+00 1.529986232315081907e+00
2.104999999999976890e+00 1.524986458721514060e+00
2.109999999999976783e+00 1.519986685279377969e+00
2.114999999999977121e+00 1.514986911424103022e+00
2.119999999999977014e+00 1.509987137660232071e+00
2.124999999999976907e+00 1.504987363939904066e+00
2.129999999999976801e+00 1.499987590268688109e+00
2.134999999999977138e+00 1.494987816306093009e+00
2.139999999999977032e+00 1.489988042351001019e+00
2.144999999999976037e+00 1.484988268410915913e+00
2.149999999999975930e+00 1.479988494443774005e+00
2.154999999999975824e+00 1.474988720426722022e+00
2.159999999999976161e+00 1.469988946308830924e+00
2.164999999999976055e+00 1.464989172274500095e+00
2.169999999999975948e+00 1.459989398214474932e+00
2.174999999999975842e+00 1.454989624091354017e+00
2.179999999999976179e+00 1.449989849915255036e+00
2.184999999999976072e+00 1.444990075841815047e+00
2.189999999999975966e+00 1.439990301518492055e+00
2.194999999999974971e+00 1.434990527363311008e+00
2.199999999999974865e+00 1.429990752917092101e+00
2.204999999999975202e+00 1.424990978705523048e+00
2.209999999999975095e+00 1.419991204268967966e+00
2.214999999999974989e+00 1.414991430001351080e+00
2.219999999999974882e+00 1.409991655778866981e+00
2.224999999999975220e+00 1.404991881220666983e+00
2.229999999999975113e+00 1.399992107051617030e+00
2.234999999999975007e+00 1.394992332582319028e+00
2.239999999999974012e+00 1.389992558054359950e+00
2.244999999999973905e+00 1.384992783584038989e+00
2.249999999999973799e+00 1.379993009291297090e+00
2.254999999999974136e+00 1.374993234663862030e+00
2.259999999999974030e+00 1.369993460196156088e+00
2.264999999999973923e+00 1.364993685815875102e+00
2.269999999999973817e+00 1.359993911355104945e+00
2.274999999999974154e+00 1.354994136750292011e+00
2.279999999999974047e+00 1.349994362307370022e+00
2.284999999999973053e+00 1.344994587921974016e+00
2.289999999999972946e+00 1.339994813369002946e+00
2.294999999999972840e+00 1.334995038848318938e+00
2.299999999999973177e+00 1.329995264372997088e+00
2.304999999999973070e+00 1.324995489938487037e+00
2.309999999999972964e+00 1.319995715384606916e+00
2.314999999999972857e+00 1.314995940927133011e+00
2.319999999999973195e+00 1.309996166376891091e+00
2.324999999999973088e+00 1.304996391887015994e+00
2.329999999999972982e+00 1.299996617433861967e+00
2.334999999999971987e+00 1.294996842920568048e+00
2.339999999999971880e+00 1.289997068502430011e+00
2.344999999999972218e+00 1.284997294133404022e+00
2.349999999999972111e+00 1.279997519843391052e+00
2.354999999999972005e+00 1.274997745323843912e+00
2.359999999999971898e+00 1.269997970978693047e+00
2.364999999999971791e+00 1.264998196816349951e+00
2.369999999999972129e+00 1.259998422429247977e+00
2.374999999999972022e+00 1.254998647910952059e+00
2.379999999999971028e+00 1.249998873759637030e+00
2.384999999999970921e+00 1.244999099603206094e+00
2.389999999999970814e+00 1.239999325370491068e+00
2.394999999999971152e+00 1.234999551137776042e+00
2.399999999999971045e+00 1.229999777061153043e+00
2.404999999999970939e+00 1.225000002758519946e+00
2.409999999999970832e+00 1.220000228751245919e+00
2.414999999999971170e+00 1.215000454608798020e+00
2.419999999999971063e+00 1.210000680762391090e+00
2.424999999999970957e+00 1.205000906748977973e+00
2.429999999999969962e+00 1.200001132924626068e+00
2.434999999999969855e+00 1.195001358998865948e+00
2.439999999999970193e+00 1.190001585045252108e+00
2.444999999999970086e+00 1.185001811437814023e+00
2.449999999999969980e+00 1.180002037722716057e+00
2.454999999999969873e+00 1.175002264045132971e+00
2.459999999999970210e+00 1.170002490221123015e+00
2.464999999999970104e+00 1.165002716861750054e+00
2.469999999999969997e+00 1.160002943290010080e+00
2.474999999999969003e+00 1.155003169789778905e+00
2.479999999999968896e+00 1.150003396338207029e+00
2.484999999999968789e+00 1.145003623235993029e+00
2.489999999999969127e+00 1.140003849783965961e+00
2.494999999999969020e+00 1.135004076614563928e+00
2.499999999999968914e+00 1.130004303560895096e+00
2.504999999999968807e+00 1.125004530412069936e+00
2.509999999999969145e+00 1.120004757408310070e+00
2.514999999999969038e+00 1.115004984770507912e+00
2.519999999999968043e+00 1.110005211780616952e+00
2.524999999999967937e+00 1.105005439078013074e+00
2.529999999999967830e+00 1.100005666533093063e+00
2.534999999999968168e+00 1.095005893969982935e+00
2.539999999999968061e+00 1.090006121477927081e+00
2.544999999999967955e+00 1.085006349136734105e+00
2.549999999999967848e+00 1.080006576931169082e+00
2.554999999999968185e+00 1.075006804734470967e+00
2.559999999999968079e+00 1.070007032706598915e+00
2.564999999999967972e+00 1.065007260748416007e+00
2.569999999999966978e+00 1.060007488750442928e+00
2.574999999999966871e+00 1.055007717180274085e+00
2.579999999999967208e+00 1.050007945602829063e+00
2.584999999999967102e+00 1.045008173989800060e+00
2.589999999999966995e+00 1.040008402710782098e+00
2.594999999999966889e+00 1.035008631311483907e+00
2.599999999999966782e+00 1.030008860230281931e+00
2.604999999999967120e+00 1.025009089131003970e+00
2.609999999999967013e+00 1.020009318233747075e+00
2.614999999999966018e+00 1.015009547412319080e+00
2.619999999999965912e+00 1.010009776978562979e+00
2.624999999999965805e+00 1.005010006512633947e+00
2.629999999999966143e+00 1.000010235977697004e+00
2.634999999999966036e+00 9.950104658374812061e-01
2.639999999999965929e+00 9.900106957709340350e-01
2.644999999999965823e+00 9.850109258885595409e-01
2.649999999999966160e+00 9.800111562626625528e-01
2.654999999999966054e+00 9.750113867008849411e-01
2.659999999999965947e+00 9.700116172722346164e-01
2.664999999999964952e+00 9.650118480280980293e-01
2.669999999999964846e+00 9.600120789428956414e-01
2.674999999999965183e+00 9.550123101229246458e-01
2.679999999999965077e+00 9.500125414961075876e-01
2.684999999999964970e+00 9.450127729138557697e-01
2.689999999999964864e+00 9.400130045751211583e-01
2.694999999999965201e+00 9.350132363949796854e-01
2.699999999999965095e+00 9.300134684810927865e-01
2.704999999999964988e+00 9.250137008749561573e-01
2.709999999999963993e+00 9.200139333723882373e-01
2.714999999999963887e+00 9.150141660550161760e-01
2.719999999999963780e+00 9.100143990336846400e-01
2.724999999999964118e+00 9.050146320807925804e-01
2.729999999999964011e+00 9.000148654457689190e-01
2.734999999999963904e+00 8.950150989977601057e-01
2.739999999999963798e+00 8.900153328136184427e-01
2.744999999999964135e+00 8.850155668017123389e-01
2.749999999999964029e+00 8.800158012626297932e-01
2.754999999999963034e+00 8.750160357075174034e-01
2.759999999999962927e+00 8.700162705787306550e-01
2.764999999999962821e+00 8.650165058568290988e-01
2.769999999999963158e+00 8.600167410289714098e-01
2.774999999999963052e+00 8.550169767144097932e-01
2.779999999999962945e+00 8.500172127525047472e-01
2.784999999999962839e+00 8.450174487312551719e-01
2.789999999999963176e+00 8.400176854150913641e-01
2.794999999999963070e+00 8.350179221753251113e-01
2.799999999999962963e+00 8.300181592911712869e-01
2.804999999999961968e+00 8.250183968340252250e-01
2.809999999999961862e+00 8.200186345823112788e-01
2.814999999999962199e+00 8.150188725351199537e-01
2.819999999999962093e+00 8.100191108781018556e-01
2.824999999999961986e+00 8.050193496260362735e-01
2.829999999999961879e+00 8.000195888181451664e-01
2.834999999999962217e+00 7.950198281844222947e-01
2.839999999999962110e+00 7.900200680653597374e-01
2.844999999999962004e+00 7.850203082407460897e-01
2.849999999999961009e+00 7.800205488514393437e-01
2.854999999999960902e+00 7.750207895857101903e-01
2.859999999999960796e+00 7.700210309837984823e-01
2.864999999999961133e+00 7.650212726637164451e-01
2.869999999999961027e+00 7.600215147757580780e-01
2.874999999999960920e+00 7.550217575884516918e-01
2.879999999999960814e+00 7.500220006544395801e-01
2.884999999999961151e+00 7.450222440030529469e-01
2.889999999999961044e+00 7.400224878697372333e-01
2.894999999999960050e+00 7.350227322403952712e-01
2.899999999999959943e+00 7.300229770575015209e-01
2.904999999999959837e+00 7.250232224228057021e-01
2.909999999999960174e+00 7.200234682374002659e-01
2.914999999999960067e+00 7.150237145558548946e-01
2.919999999999959961e+00 7.100239614347856332e-01
2.924999999999959854e+00 7.050242087040601291e-01
2.929999999999960192e+00 7.000244566191895501e-01
2.934999999999960085e+00 6.950247051543669841e-01
2.939999999999959979e+00 6.900249542720189311e-01
2.944999999999958984e+00 6.850252037973518782e-01
2.949999999999958877e+00 6.800254539759293948e-01
2.954999999999959215e+00 6.750257047432910440e-01
2.959999999999959108e+00 6.700259560831227645e-01
2.964999999999959002e+00 6.650262081863047570e-01
2.969999999999958895e+00 6.600264609348869271e-01
2.974999999999958789e+00 6.550267143492760624e-01
2.979999999999959126e+00 6.500269682999828547e-01
2.984999999999959019e+00 6.450272229822644476e-01
2.989999999999958025e+00 6.400274785024180346e-01
2.994999999999957918e+00 6.350277345911763405e-01
2.999999999999957812e+00 6.300279914595421360e-01
3.004999999999958149e+00 6.250282491537291207e-01
3.009999999999958042e+00 6.200285076333784673e-01
3.014999999999957936e+00 6.150287669136105251e-01
3.019999999999957829e+00 6.100290269642982821e-01
3.024999999999958167e+00 6.050292877887955001e-01
3.029999999999958060e+00 6.000295496071430534e-01
3.034999999999957954e+00 5.950298123069046596e-01
3.039999999999956959e+00 5.900300761207404321e-01
3.044999999999956852e+00 5.850303405089789521e-01
3.049999999999957190e+00 5.800306061138940095e-01
3.054999999999957083e+00 5.750308724735759824e-01
3.059999999999956977e+00 5.700311401346311868e-01
3.064999999999956870e+00 5.650314086224170751e-01
3.069999999999957208e+00 5.600316783148286959e-01
3.074999999999957101e+00 5.550319491613890932e-01
3.079999999999956994e+00 5.500322210818922031e-01
3.084999999999956000e+00 5.450324942247561921e-01
3.089999999999955893e+00 5.400327684702688202e-01
3.094999999999955786e+00 5.350330439806612048e-01
3.099999999999956124e+00 5.300333208887764158e-01
3.104999999999956017e+00 5.250335988333176829e-01
3.109999999999955911e+00 5.200338784206337550e-01
3.114999999999955804e+00 5.150341594296605763e-01
3.119999999999956142e+00 5.100344417309088385e-01
3.124999999999956035e+00 5.050347256383815875e-01
3.129999999999955040e+00 5.000350110439057971e-01
3.134999999999954934e+00 4.950352982529580004e-01
3.139999999999954827e+00 4.900355868819588068e-01
3.144999999999955165e+00 4.850358772814615804e-01
3.149999999999955058e+00 4.800361696741787809e-01
3.154999999999954952e+00 4.750364638176733934e-01
3.159999999999954845e+00 4.700367598373417777e-01
3.164999999999955183e+00 4.650370576357544805e-01
3.169999999999955076e+00 4.600373580337305257e-01
3.174999999999954969e+00 4.550376602751384780e-01
3.179999999999953975e+00 4.500379649196589171e-01
3.184999999999953868e+00 4.450382718213746203e-01
3.189999999999954206e+00 4.400385811565569738e-01
3.194999999999954099e+00 4.350388932859345914e-01
3.199999999999953992e+00 4.300392079076686969e-01
3.204999999999953886e+00 4.250395255194803212e-01
3.209999999999953779e+00 4.200398458405060764e-01
3.214999999999954117e+00 4.150401695522418777e-01
3.219999999999954010e+00 4.100404963215282805e-01
3.224999999999953015e+00 4.050408267514172267e-01
3.229999999999952909e+00 4.000411606400576248e-01
3.234999999999952802e+00 3.950414985026782233e-01
3.239999999999953140e+00 3.900418404352308244e-01
3.244999999999953033e+00 3.850421865832345247e-01
3.249999999999952927e+00 3.800425372884888020e-01
3.254999999999952820e+00 3.750428930656540261e-01
3.259999999999953157e+00 3.700432539629331941e-01
3.264999999999953051e+00 3.650436203710115124e-01
3.269999999999952944e+00 3.600439927704996990e-01
3.274999999999951950e+00 3.550443716613357892e-01
3.279999999999951843e+00 3.500447574538724793e-01
3.284999999999952180e+00 3.450451508320497851e-01
3.289999999999952074e+00 3.400455521519348268e-01
3.294999999999951967e+00 3.350459625450525891e-01
3.299999999999951861e+00 3.300463823501900151e-01
3.304999999999952198e+00 3.250468129310775112e-01
3.309999999999952092e+00 3.200472548671199902e-01
3.314999999999951985e+00 3.150477097734381005e-01
3.319999999999950990e+00 3.100481789605566973e-01
3.324999999999950884e+00 3.050486638487939217e-01
3.329999999999951221e+00 3.000491664396349734e-01
3.334999999999951115e+00 2.950496890400132188e-01
3.339999999999951008e+00 2.900502340580998761e-01
3.344999999999950901e+00 2.850508045504511756e-01
3.349999999999950795e+00 2.800514044673719227e-01
3.354999999999951132e+00 2.750520377496741276e-01
3.359999999999951026e+00 2.700527101574721200e-01
3.364999999999950031e+00 2.650534275074675761e-01
3.369999999999949925e+00 2.600541979769275258e-01
3.374999999999949818e+00 2.550550306187063243e-01
3.379999999999950155e+00 2.500559372457190066e-01
3.384999999999950049e+00 2.450569317636422106e-01
3.389999999999949942e+00 2.400580321582453103e-01
3.394999999999949836e+00 2.350592596017548885e-01
3.399999999999950173e+00 2.300606408412874948e-01
3.404999999999950067e+00 2.250622082456459061e-01
3.409999999999949960e+00 2.200640016783310948e-01
3.414999999999948965e+00 2.150660684556129076e-01
3.419999999999948859e+00 2.100684650574607126e-01
3.424999999999949196e+00 2.050712568141931924e-01
3.429999999999949090e+00 2.000745183412213912e-01
3.434999999999948983e+00 1.950783310602801912e-01
3.439999999999948876e+00 1.900827830652715988e-01
3.444999999999949214e+00 1.850879641882982873e-01
3.449999999999949107e+00 1.800939659827988926e-01
3.454999999999949001e+00 1.751008765573764947e-01
3.459999999999948006e+00 1.701087801525816012e-01
3.464999999999947899e+00 1.651177558459036021e-01
3.469999999999947793e+00 1.601278767899393940e-01
3.474999999999948130e+00 1.551392112393550071e-01
3.479999999999948024e+00 1.501518232412077936e-01
3.484999999999947917e+00 1.451657743427219038e-01
3.489999999999947811e+00 1.401811250407573872e-01
3.494999999999948148e+00 1.351979359569872863e-01
3.499999999999948042e+00 1.302162691560911079e-01
3.504999999999947047e+00 1.252361910032684100e-01
3.509999999999946940e+00 1.202577718050497069e-01
3.514999999999946834e+00 1.152810892131928000e-01
3.519999999999947171e+00 1.103062287074045994e-01
3.524999999999947065e+00 1.053332859948881012e-01
3.529999999999946958e+00 1.003623694895833945e-01
3.534999999999946851e+00 9.539360289504417167e-02
3.539999999999947189e+00 9.042712848541922810e-02
3.544999999999947082e+00 8.546311150420793368e-02
3.549999999999946976e+00 8.050174603974102894e-02
3.554999999999945981e+00 7.554326138230393894e-02
3.559999999999945874e+00 7.058793239927485530e-02
3.564999999999946212e+00 6.563609242916257358e-02
3.569999999999946105e+00 6.068815100858415690e-02
3.574999999999945999e+00 5.574462028991100659e-02
3.579999999999945892e+00 5.080615329242311323e-02
3.584999999999945786e+00 4.587360197388568039e-02
3.589999999999946123e+00 4.094810968330864220e-02
3.594999999999946017e+00 3.603126400279332842e-02
3.599999999999945022e+00 3.112536841758184111e-02
3.604999999999944915e+00 2.623395970991270962e-02
3.609999999999944809e+00 2.136289973369953979e-02
3.614999999999945146e+00 1.652302122279258878e-02
3.619999999999945040e+00 1.173796128282061924e-02
3.624999999999944933e+00 7.091085246858030988e-03
3.629999999999944826e+00 3.256837583373434902e-03
