# vin_v vout_v
0.000000000000000000e+00 3.616305868547331936e+00
5.000000000000000104e-03 3.614386932093069937e+00
1.000000000000000021e-02 3.611684709699030105e+00
1.499999999999999944e-02 3.608406949796238106e+00
2.000000000000000042e-02 3.604690613640800123e+00
2.500000000000000139e-02 3.600653418154709851e+00
2.999999999999999889e-02 3.596386578157594993e+00
3.500000000000000333e-02 3.591955143925268157e+00
4.000000000000000083e-02 3.587404187872881067e+00
4.499999999999999833e-02 3.582764856542604015e+00
5.000000000000000278e-02 3.578058907323800941e+00
5.499999999999999334e-02 3.573301791075960132e+00
5.999999999999999084e-02 3.568504684233996915e+00
6.499999999999998834e-02 3.563675819418234969e+00
6.999999999999999278e-02 3.558821368824049980e+00
7.499999999999999722e-02 3.553946035438761086e+00
8.000000000000000167e-02 3.549053456394423822e+00
8.500000000000000611e-02 3.544146484151858179e+00
9.000000000000001055e-02 3.539227384558586209e+00
9.500000000000001499e-02 3.534297979322874816e+00
1.000000000000000056e-01 3.529359749337467100e+00
1.049999999999999961e-01 3.524413910540288075e+00
1.100000000000000006e-01 3.519461473304957178e+00
1.150000000000000050e-01 3.514503283924041099e+00
1.199999999999999956e-01 3.509540058487373937e+00
1.250000000000000000e-01 3.504572409000806132e+00
1.300000000000000044e-01 3.499600862742043184e+00
1.350000000000000089e-01 3.494625878236635952e+00
1.400000000000000133e-01 3.489647857547370169e+00
1.449999999999999900e-01 3.484667155083712942e+00
1.499999999999999944e-01 3.479684086926416953e+00
1.550000000000001099e-01 3.474698934467158828e+00
1.600000000000000866e-01 3.469711950055543781e+00
1.650000000000000910e-01 3.464723360091619853e+00
1.700000000000000955e-01 3.459733367607908949e+00
1.750000000000000999e-01 3.454742154211360106e+00
1.800000000000001044e-01 3.449749881573444199e+00
1.850000000000001088e-01 3.444756693530241165e+00
1.900000000000001132e-01 3.439762716397992914e+00
1.950000000000000899e-01 3.434768060669718182e+00
2.000000000000000944e-01 3.429772823171144847e+00
2.050000000000000988e-01 3.424777087155640221e+00
2.100000000000001033e-01 3.419780924215412909e+00
2.150000000000001077e-01 3.414784395708998943e+00
2.200000000000001121e-01 3.409787554172233115e+00
2.250000000000000888e-01 3.404790444170387786e+00
2.300000000000000933e-01 3.399793103310286835e+00
2.350000000000000977e-01 3.394795563525982107e+00
2.400000000000001021e-01 3.389797852049397875e+00
2.450000000000001066e-01 3.384799991644214856e+00
2.500000000000001110e-01 3.379802001969408831e+00
2.550000000000001155e-01 3.374803899099135140e+00
2.600000000000001199e-01 3.369805697260475075e+00
2.650000000000001243e-01 3.364807408177525883e+00
2.700000000000000733e-01 3.359809042167456017e+00
2.750000000000000777e-01 3.354810607650720033e+00
2.800000000000000822e-01 3.349812112151823840e+00
2.850000000000000866e-01 3.344813562020390929e+00
2.900000000000000910e-01 3.339814962910125029e+00
2.950000000000002065e-01 3.334816319410009999e+00
3.000000000000002109e-01 3.329817635759766858e+00
3.050000000000002154e-01 3.324818915215474124e+00
3.100000000000002198e-01 3.319820161458693963e+00
3.150000000000002243e-01 3.314821376752859816e+00
3.200000000000001732e-01 3.309822563850516985e+00
3.250000000000001776e-01 3.304823724548683117e+00
3.300000000000001821e-01 3.299824860744735133e+00
3.350000000000001865e-01 3.294825974397908919e+00
3.400000000000001910e-01 3.289827066941314104e+00
3.450000000000001954e-01 3.284828139279014181e+00
3.500000000000001998e-01 3.279829192941036808e+00
3.550000000000002043e-01 3.274830228881854044e+00
3.600000000000002087e-01 3.269831248050409034e+00
3.650000000000002132e-01 3.264832251411220909e+00
3.700000000000002176e-01 3.259833239454152931e+00
3.750000000000002220e-01 3.254834213455878977e+00
3.800000000000002265e-01 3.249835173214946860e+00
3.850000000000001754e-01 3.244836119997088986e+00
3.900000000000001799e-01 3.239837054148011930e+00
3.950000000000001843e-01 3.234837975950227928e+00
4.000000000000001887e-01 3.229838885986823005e+00
4.050000000000001932e-01 3.224839785034617989e+00
4.100000000000003086e-01 3.219840672718504049e+00
4.150000000000003131e-01 3.214841549979411184e+00
4.200000000000003175e-01 3.209842416982866098e+00
4.250000000000003220e-01 3.204843273972813211e+00
4.300000000000003264e-01 3.199844121509385797e+00
4.350000000000002753e-01 3.194844959358448033e+00
4.400000000000002798e-01 3.189845787990976067e+00
4.450000000000002842e-01 3.184846607990237999e+00
4.500000000000002887e-01 3.179847419117293850e+00
4.550000000000002931e-01 3.174848221648232993e+00
4.600000000000002975e-01 3.169849015971295092e+00
4.650000000000003020e-01 3.164849802131470824e+00
4.700000000000003064e-01 3.159850580439297119e+00
4.750000000000003109e-01 3.154851350772133856e+00
4.800000000000003153e-01 3.149852113573615053e+00
4.850000000000003197e-01 3.144852868932957790e+00
4.900000000000003242e-01 3.139853616749376908e+00
4.950000000000002731e-01 3.134854357511585032e+00
5.000000000000003331e-01 3.129855091101632070e+00
5.050000000000003375e-01 3.124855817709374151e+00
5.100000000000003419e-01 3.119856537649071004e+00
5.150000000000003464e-01 3.114857250717448789e+00
5.200000000000003508e-01 3.109857957276631168e+00
5.250000000000003553e-01 3.104858657217561824e+00
5.300000000000003597e-01 3.099859350801353219e+00
5.350000000000003642e-01 3.094860038029623173e+00
5.400000000000003686e-01 3.089860719077194062e+00
5.450000000000003730e-01 3.084861393945089958e+00
5.500000000000003775e-01 3.079862062826833835e+00
5.550000000000003819e-01 3.074862725850266987e+00
5.600000000000003864e-01 3.069863382794637108e+00
5.650000000000003908e-01 3.064864034109887836e+00
5.700000000000003952e-01 3.059864679694413780e+00
5.750000000000003997e-01 3.054865319637543042e+00
5.800000000000004041e-01 3.049865953926484963e+00
5.850000000000004086e-01 3.044866582909747876e+00
5.900000000000004130e-01 3.039867206487314899e+00
5.950000000000004174e-01 3.034867824658305846e+00
6.000000000000004219e-01 3.029868437504291023e+00
6.050000000000004263e-01 3.024869045201996176e+00
6.100000000000004308e-01 3.019869647748663954e+00
6.150000000000004352e-01 3.014870245265655058e+00
6.200000000000004396e-01 3.009870837742794958e+00
6.250000000000004441e-01 3.004871425199041823e+00
6.300000000000004485e-01 2.999872007713833000e+00
6.350000000000004530e-01 2.994872585425071065e+00
6.400000000000004574e-01 2.989873158465713221e+00
6.450000000000004619e-01 2.984873726940207916e+00
6.500000000000004663e-01 2.979874290407337867e+00
6.550000000000004707e-01 2.974874849440396929e+00
6.600000000000004752e-01 2.969875403842280992e+00
6.650000000000004796e-01 2.964875953797787123e+00
6.700000000000004841e-01 2.959876499212811041e+00
6.750000000000004885e-01 2.954877040324134896e+00
6.800000000000004929e-01 2.949877577078212187e+00
6.850000000000004974e-01 2.944878109607373062e+00
6.900000000000005018e-01 2.939878637610917167e+00
6.950000000000005063e-01 2.934879161703265016e+00
7.000000000000005107e-01 2.929879681485601850e+00
7.050000000000005151e-01 2.924880197084548161e+00
7.100000000000005196e-01 2.919880708697974114e+00
7.150000000000005240e-01 2.914881216409839215e+00
7.200000000000005285e-01 2.909881719885020868e+00
7.250000000000005329e-01 2.904882219555986023e+00
7.300000000000005373e-01 2.899882715407017031e+00
7.350000000000005418e-01 2.894883207379563839e+00
7.400000000000005462e-01 2.889883695499662952e+00
7.450000000000005507e-01 2.884884179890946143e+00
7.500000000000005551e-01 2.879884660666959917e+00
7.550000000000005596e-01 2.874885137588847783e+00
7.600000000000005640e-01 2.869885611058550001e+00
7.650000000000005684e-01 2.864886080621261044e+00
7.700000000000005729e-01 2.859886546860479939e+00
7.750000000000005773e-01 2.854887009448589197e+00
7.800000000000005818e-01 2.849887468716531203e+00
7.850000000000005862e-01 2.844887924521060985e+00
7.900000000000005906e-01 2.839888376813461957e+00
7.950000000000005951e-01 2.834888825778194121e+00
8.000000000000005995e-01 2.829889271569583808e+00
8.050000000000006040e-01 2.824889713914557898e+00
8.100000000000006084e-01 2.819890153038841163e+00
8.150000000000006128e-01 2.814890588965511142e+00
8.200000000000006173e-01 2.809891021661143906e+00
8.250000000000006217e-01 2.804891451348452858e+00
8.300000000000006262e-01 2.799891877515846783e+00
8.350000000000006306e-01 2.794892301027005033e+00
8.400000000000006350e-01 2.789892721314914059e+00
8.450000000000006395e-01 2.784893138792596812e+00
8.500000000000006439e-01 2.779893553046634214e+00
8.550000000000006484e-01 2.774893964447301187e+00
8.600000000000006528e-01 2.769894372952875994e+00
8.650000000000006573e-01 2.764894778594510161e+00
8.700000000000006617e-01 2.759895181393801966e+00
8.750000000000006661e-01 2.754895581335234045e+00
8.800000000000006706e-01 2.749895978589222967e+00
8.850000000000006750e-01 2.744896373030314862e+00
8.900000000000006795e-01 2.739896764717514088e+00
8.950000000000006839e-01 2.734897153810607051e+00
9.000000000000006883e-01 2.729897540024068814e+00
9.050000000000006928e-01 2.724897923874323169e+00
9.100000000000006972e-01 2.719898305139964112e+00
9.150000000000007017e-01 2.714898683603167218e+00
9.200000000000007061e-01 2.709899059757901796e+00
9.250000000000007105e-01 2.704899433351727112e+00
9.300000000000007150e-01 2.699899804422670968e+00
9.350000000000007194e-01 2.694900172966526952e+00
9.400000000000007239e-01 2.689900539254778788e+00
9.450000000000007283e-01 2.684900902894753028e+00
9.500000000000007327e-01 2.679901264397357874e+00
9.550000000000007372e-01 2.674901623616960933e+00
9.600000000000007416e-01 2.669901980272300079e+00
9.650000000000007461e-01 2.664902334875819179e+00
9.700000000000007505e-01 2.659902687094643170e+00
9.750000000000007550e-01 2.654903037266421961e+00
9.800000000000007594e-01 2.649903385097104991e+00
9.850000000000007638e-01 2.644903730673377140e+00
9.900000000000007683e-01 2.639904074360230890e+00
9.950000000000007727e-01 2.634904415575249015e+00
1.000000000000001110e+00 2.629904755007772099e+00
1.005000000000001004e+00 2.624905092258870809e+00
1.010000000000000009e+00 2.619905427396474806e+00
1.014999999999999902e+00 2.614905760576732963e+00
1.020000000000000018e+00 2.609906091729385036e+00
1.024999999999999911e+00 2.604906420962549873e+00
1.030000000000000027e+00 2.599906748254796174e+00
1.034999999999999920e+00 2.594907073377839879e+00
1.040000000000000036e+00 2.589907396960541064e+00
1.044999999999999929e+00 2.584907718458567150e+00
1.050000000000000044e+00 2.579908038066264009e+00
1.054999999999999050e+00 2.574908355981563091e+00
1.059999999999998943e+00 2.569908671901146135e+00
1.064999999999999059e+00 2.564908986346154052e+00
1.069999999999998952e+00 2.559909298722061965e+00
1.074999999999999067e+00 2.554909609431376794e+00
1.079999999999998961e+00 2.549909918674301945e+00
1.084999999999999076e+00 2.544910226117054197e+00
1.089999999999998970e+00 2.539910531746158995e+00
1.094999999999999085e+00 2.534910835716232214e+00
1.099999999999998979e+00 2.529911138089062206e+00
1.104999999999997984e+00 2.524911438913818973e+00
1.109999999999998099e+00 2.519911738041968885e+00
1.114999999999997993e+00 2.514912035593965811e+00
1.119999999999998108e+00 2.509912331732721213e+00
1.124999999999998002e+00 2.504912626266104780e+00
1.129999999999997895e+00 2.499912919326447991e+00
1.134999999999998010e+00 2.494913210912101942e+00
1.139999999999997904e+00 2.489913500895625020e+00
1.144999999999998019e+00 2.484913789708571130e+00
1.149999999999997025e+00 2.479914076885847862e+00
1.154999999999996918e+00 2.474914362646416066e+00
1.159999999999997033e+00 2.469914647165694976e+00
1.164999999999996927e+00 2.464914930078180078e+00
1.169999999999997042e+00 2.459915211739712948e+00
1.174999999999996936e+00 2.454915492159556845e+00
1.179999999999997051e+00 2.449915771298207812e+00
1.184999999999996945e+00 2.444916048868947200e+00
1.189999999999997060e+00 2.439916325342779135e+00
1.194999999999996954e+00 2.434916600612552884e+00
1.199999999999995959e+00 2.429916874510411162e+00
1.204999999999996074e+00 2.424917147098426984e+00
1.209999999999995968e+00 2.419917418745284987e+00
1.214999999999996083e+00 2.414917688993738931e+00
1.219999999999995977e+00 2.409917958168875884e+00
1.224999999999996092e+00 2.404918226087203958e+00
1.229999999999995985e+00 2.399918492921131019e+00
1.234999999999996101e+00 2.394918758624783095e+00
1.239999999999995994e+00 2.389919023275866028e+00
1.244999999999995000e+00 2.384919286745855960e+00
1.249999999999994893e+00 2.379919549089435815e+00
1.254999999999995008e+00 2.374919810392214004e+00
1.259999999999994902e+00 2.369920070790839883e+00
1.264999999999995017e+00 2.364920330014513183e+00
1.269999999999994911e+00 2.359920588336705816e+00
1.274999999999995026e+00 2.354920845464790080e+00
1.279999999999994920e+00 2.349921101733115858e+00
1.284999999999995035e+00 2.344921357128271211e+00
1.289999999999994040e+00 2.339921611309307981e+00
1.294999999999993934e+00 2.334921864736827946e+00
1.299999999999994049e+00 2.329922117176919993e+00
1.304999999999993943e+00 2.324922368525789818e+00
1.309999999999994058e+00 2.319922619149223930e+00
1.314999999999993952e+00 2.314922868955931801e+00
1.319999999999994067e+00 2.309923117800735781e+00
1.324999999999993960e+00 2.304923365784247835e+00
1.329999999999994076e+00 2.299923612915562909e+00
1.334999999999993969e+00 2.294923859094864849e+00
1.339999999999992975e+00 2.289924104727560916e+00
1.344999999999993090e+00 2.284924349110724950e+00
1.349999999999992983e+00 2.279924593045393966e+00
1.354999999999993099e+00 2.274924836223477076e+00
1.359999999999992992e+00 2.269925078309257049e+00
1.364999999999993108e+00 2.264925319927214797e+00
1.369999999999993001e+00 2.259925560712985781e+00
1.374999999999992895e+00 2.254925800786053980e+00
1.379999999999993010e+00 2.249926040002150796e+00
1.384999999999992015e+00 2.244926278568187161e+00
1.389999999999991909e+00 2.239926516515196919e+00
1.394999999999992024e+00 2.234926753819194811e+00
1.399999999999991918e+00 2.229926990225977068e+00
1.404999999999992033e+00 2.224927226058297958e+00
1.409999999999991926e+00 2.219927461243286881e+00
1.414999999999992042e+00 2.214927695826987009e+00
1.419999999999991935e+00 2.209927929641025912e+00
1.424999999999992051e+00 2.204928162885494203e+00
1.429999999999991944e+00 2.199928395471146825e+00
1.434999999999990949e+00 2.194928627537024113e+00
1.439999999999991065e+00 2.189928858995472183e+00
1.444999999999990958e+00 2.184929089733146146e+00
1.449999999999991074e+00 2.179929320021415151e+00
1.454999999999990967e+00 2.174929549731472900e+00
1.459999999999991083e+00 2.169929778872414783e+00
1.464999999999990976e+00 2.164930007266207213e+00
1.469999999999991092e+00 2.159930235507318219e+00
1.474999999999990985e+00 2.154930462973879912e+00
1.479999999999989990e+00 2.149930689981601972e+00
1.484999999999990106e+00 2.144930916422368217e+00
1.489999999999989999e+00 2.139931142394857044e+00
1.494999999999989893e+00 2.134931367855755990e+00
1.499999999999990008e+00 2.129931592762205117e+00
1.504999999999989901e+00 2.124931817177980964e+00
1.509999999999990017e+00 2.119932041387415200e+00
1.514999999999989910e+00 2.114932264811840934e+00
1.519999999999990026e+00 2.109932487983542160e+00
1.524999999999989031e+00 2.104932710519279215e+00
1.529999999999988924e+00 2.099932932724640988e+00
1.534999999999989040e+00 2.094933154517661933e+00
1.539999999999988933e+00 2.089933375803412208e+00
1.544999999999989049e+00 2.084933596794940058e+00
1.549999999999988942e+00 2.079933817257256123e+00
1.554999999999989058e+00 2.074934037327124781e+00
1.559999999999988951e+00 2.069934257027056912e+00
1.564999999999989067e+00 2.064934476484495018e+00
1.569999999999988960e+00 2.059934695327684029e+00
1.574999999999987965e+00 2.054934913920078987e+00
1.579999999999988081e+00 2.049935132196424092e+00
1.584999999999987974e+00 2.044935349996308105e+00
1.589999999999988090e+00 2.039935567465590793e+00
1.594999999999987983e+00 2.034935784544587012e+00
1.599999999999988098e+00 2.029936001255122857e+00
1.604999999999987992e+00 2.024936217700997076e+00
1.609999999999988107e+00 2.019936433832981049e+00
1.614999999999988001e+00 2.014936649714968997e+00
1.619999999999987006e+00 2.009936865063195910e+00
1.624999999999986899e+00 2.004937080292166218e+00
1.629999999999987015e+00 1.999937295037738982e+00
1.634999999999986908e+00 1.994937509570376966e+00
1.639999999999987024e+00 1.989937723842104100e+00
1.644999999999986917e+00 1.984937937766857896e+00
1.649999999999987033e+00 1.979938151481519970e+00
1.654999999999986926e+00 1.974938364801801072e+00
1.659999999999987041e+00 1.969938577857420103e+00
1.664999999999986047e+00 1.964938790817087000e+00
1.669999999999985940e+00 1.959939003461727003e+00
1.674999999999986056e+00 1.954939215646164019e+00
1.679999999999985949e+00 1.949939427817412030e+00
1.684999999999986064e+00 1.944939639579047030e+00
1.689999999999985958e+00 1.939939851211192945e+00
1.694999999999986073e+00 1.934940062427471963e+00
1.699999999999985967e+00 1.929940273497209091e+00
1.704999999999986082e+00 1.924940484369245031e+00
1.709999999999985976e+00 1.919940694990259988e+00
1.714999999999984981e+00 1.914940905393222925e+00
1.719999999999985096e+00 1.909941115554034008e+00
1.724999999999984990e+00 1.904941325489289961e+00
1.729999999999985105e+00 1.899941535150446947e+00
1.734999999999984999e+00 1.894941744673702022e+00
1.739999999999984892e+00 1.889941954045752937e+00
1.744999999999985008e+00 1.884942163177357077e+00
1.749999999999984901e+00 1.879942372023605923e+00
1.754999999999985016e+00 1.874942580752986032e+00
1.759999999999984022e+00 1.869942789455421917e+00
1.764999999999983915e+00 1.864942997706179995e+00
1.769999999999984031e+00 1.859943205806984912e+00
1.774999999999983924e+00 1.854943413849583056e+00
1.779999999999984039e+00 1.849943621649912995e+00
1.784999999999983933e+00 1.844943829412158953e+00
1.789999999999984048e+00 1.839944036831524965e+00
1.794999999999983942e+00 1.834944244152439063e+00
1.799999999999984057e+00 1.829944451233586955e+00
1.804999999999983951e+00 1.824944658233790040e+00
1.809999999999982956e+00 1.819944865231718945e+00
1.814999999999983071e+00 1.814945071815373012e+00
1.819999999999982965e+00 1.809945278301257066e+00
1.824999999999983080e+00 1.804945484782251919e+00
1.829999999999982974e+00 1.799945690971185064e+00
1.834999999999983089e+00 1.794945897113052968e+00
1.839999999999982983e+00 1.789946103099850916e+00
1.844999999999983098e+00 1.784946308867233933e+00
1.849999999999982991e+00 1.779946514584026085e+00
1.854999999999981997e+00 1.774946720236699083e+00
1.859999999999981890e+00 1.769946925546947103e+00
1.864999999999982006e+00 1.764947131010216941e+00
1.869999999999981899e+00 1.759947336165736953e+00
1.874999999999982014e+00 1.754947541057163107e+00
1.879999999999981908e+00 1.749947746007592064e+00
1.884999999999982023e+00 1.744947950933465108e+00
1.889999999999981917e+00 1.739948155630486104e+00
1.894999999999982032e+00 1.734948360183353078e+00
1.899999999999981037e+00 1.729948564625942931e+00
1.904999999999980931e+00 1.724948768985882008e+00
1.909999999999981046e+00 1.719948973194050046e+00
1.914999999999980940e+00 1.714949177362200095e+00
1.919999999999981055e+00 1.709949381484306974e+00
1.924999999999980949e+00 1.704949585469534901e+00
1.929999999999981064e+00 1.699949789479318962e+00
1.934999999999980957e+00 1.694949993255590925e+00
1.939999999999981073e+00 1.689950196858035047e+00
1.944999999999980966e+00 1.684950400383514069e+00
1.949999999999979972e+00 1.679950603959468935e+00
1.954999999999980087e+00 1.674950807410710008e+00
1.959999999999979980e+00 1.669951010604223018e+00
1.964999999999980096e+00 1.664951213878794078e+00
1.969999999999979989e+00 1.659951417022853093e+00
1.974999999999980105e+00 1.654951620192492090e+00
1.979999999999979998e+00 1.649951823057222100e+00
1.984999999999979892e+00 1.644952025943666962e+00
1.989999999999980007e+00 1.639952228878768903e+00
1.994999999999979012e+00 1.634952431552733065e+00
1.999999999999978906e+00 1.629952634266941924e+00
2.004999999999979021e+00 1.624952836842908033e+00
2.009999999999978915e+00 1.619953039440928944e+00
2.014999999999978808e+00 1.614953242009391943e+00
2.019999999999979146e+00 1.609953444365942010e+00
2.024999999999979039e+00 1.604953646603461959e+00
2.029999999999978932e+00 1.599953848926815914e+00
2.034999999999978826e+00 1.594954051157400965e+00
2.039999999999979163e+00 1.589954253320229105e+00
2.044999999999979057e+00 1.584954455437582954e+00
2.049999999999978950e+00 1.579954657534472062e+00
2.054999999999977955e+00 1.574954859557579079e+00
2.059999999999977849e+00 1.569955061276687047e+00
2.064999999999978186e+00 1.564955263297520105e+00
2.069999999999978080e+00 1.559955465073016967e+00
2.074999999999977973e+00 1.554955666849195950e+00
2.079999999999977867e+00 1.549955868497363998e+00
2.084999999999978204e+00 1.544956070262059944e+00
2.089999999999978098e+00 1.539956271799268972e+00
2.094999999999977991e+00 1.534956473372631081e+00
2.099999999999976996e+00 1.529956674885510903e+00
2.104999999999976890e+00 1.524956876442842946e+00
2.109999999999976783e+00 1.519957077864205974e+00
2.114999999999977121e+00 1.514957279137548074e+00
2.119999999999977014e+00 1.509957480428510967e+00
2.124999999999976907e+00 1.504957681719929052e+00
2.129999999999976801e+00 1.499957883001683978e+00
2.134999999999977138e+00 1.494958084488529959e+00
2.139999999999977032e+00 1.489958285514604075e+00
2.144999999999976037e+00 1.484958486614800899e+00
2.149999999999975930e+00 1.479958687803331951e+00
2.154999999999975824e+00 1.474958888864194018e+00
2.159999999999976161e+00 1.469959089987469048e+00
2.164999999999976055e+00 1.464959291119384943e+00
2.169999999999975948e+00 1.459959491996186909e+00
2.174999999999975842e+00 1.454959693170053026e+00
2.179999999999976179e+00 1.449959893902474040e+00
2.184999999999976072e+00 1.444960094913313009e+00
2.189999999999975966e+00 1.439960295708260896e+00
2.194999999999974971e+00 1.434960496857911050e+00
2.199999999999974865e+00 1.429960697416049920e+00
2.204999999999975202e+00 1.424960898354129091e+00
2.209999999999975095e+00 1.419961099062220011e+00
2.214999999999974989e+00 1.414961300075106010e+00
2.219999999999974882e+00 1.409961500742838103e+00
2.224999999999975220e+00 1.404961701640218052e+00
2.229999999999975113e+00 1.399961902344899034e+00
2.234999999999975007e+00 1.394962103077659998e+00
2.239999999999974012e+00 1.389962303738230043e+00
2.244999999999973905e+00 1.384962504423129070e+00
2.249999999999973799e+00 1.379962705093249031e+00
2.254999999999974136e+00 1.374962905845904970e+00
2.259999999999974030e+00 1.369963106437467104e+00
2.264999999999973923e+00 1.364963307226390032e+00
2.269999999999973817e+00 1.359963507803171989e+00
2.274999999999974154e+00 1.354963708470563910e+00
2.279999999999974047e+00 1.349963909142501972e+00
2.284999999999973053e+00 1.344964109852867074e+00
2.289999999999972946e+00 1.339964310456025043e+00
2.294999999999972840e+00 1.334964511099884010e+00
2.299999999999973177e+00 1.329964711770230901e+00
2.304999999999973070e+00 1.324964912479571932e+00
2.309999999999972964e+00 1.319965113191188033e+00
2.314999999999972857e+00 1.314965313824814075e+00
2.319999999999973195e+00 1.309965514511417961e+00
2.324999999999973088e+00 1.304965715178922903e+00
2.329999999999972982e+00 1.299965915909182979e+00
2.334999999999971987e+00 1.294966116635918985e+00
2.339999999999971880e+00 1.289966317356630032e+00
2.344999999999972218e+00 1.284966518010151049e+00
2.349999999999972111e+00 1.279966718929131053e+00
2.354999999999972005e+00 1.274966919485337025e+00
2.359999999999971898e+00 1.269967120325190990e+00
2.364999999999971791e+00 1.264967321115022969e+00
2.369999999999972129e+00 1.259967521850626104e+00
2.374999999999972022e+00 1.254967722709239064e+00
2.379999999999971028e+00 1.249967923730765040e+00
2.384999999999970921e+00 1.244968124524348019e+00
2.389999999999970814e+00 1.239968325476638933e+00
2.394999999999971152e+00 1.234968526356396978e+00
2.399999999999971045e+00 1.229968727426921982e+00
2.404999999999970939e+00 1.224968928327484941e+00
2.409999999999970832e+00 1.219969129524087981e+00
2.414999999999971170e+00 1.214969330502299050e+00
2.419999999999971063e+00 1.209969531675141985e+00
2.424999999999970957e+00 1.204969732785684977e+00
2.429999999999969962e+00 1.199969934049250009e+00
2.434999999999969855e+00 1.194970135197308991e+00
2.439999999999970193e+00 1.189970336559440955e+00
2.444999999999970086e+00 1.184970537756385056e+00
2.449999999999969980e+00 1.179970739164446059e+00
2.454999999999969873e+00 1.174970940533625940e+00
2.459999999999970210e+00 1.169971142024905930e+00
2.464999999999970104e+00 1.164971343580077923e+00
2.469999999999969997e+00 1.159971545202437948e+00
2.474999999999969003e+00 1.154971746750562023e+00
2.479999999999968896e+00 1.149971948514348918e+00
2.484999999999968789e+00 1.144972150176158943e+00
2.489999999999969127e+00 1.139972352139579925e+00
2.494999999999969020e+00 1.134972553862781064e+00
2.499999999999968914e+00 1.129972755809603990e+00
2.504999999999968807e+00 1.124972957669228890e+00
2.509999999999969145e+00 1.119973159730192958e+00
2.514999999999969038e+00 1.114973361926218098e+00
2.519999999999968043e+00 1.109973564272535906e+00
2.524999999999967937e+00 1.104973766441617045e+00
2.529999999999967830e+00 1.099973968814766057e+00
2.534999999999968168e+00 1.094974171255217010e+00
2.539999999999968061e+00 1.089974373822542031e+00
2.544999999999967955e+00 1.084974576477975017e+00
2.549999999999967848e+00 1.079974779191047896e+00
2.554999999999968185e+00 1.074974981964033072e+00
2.559999999999968079e+00 1.069975184757482101e+00
2.564999999999967972e+00 1.064975387786148975e+00
2.569999999999966978e+00 1.059975590877684004e+00
2.574999999999966871e+00 1.054975794020037938e+00
2.579999999999967208e+00 1.049975997287220020e+00
2.584999999999967102e+00 1.044976200782115949e+00
2.589999999999966995e+00 1.039976404179242087e+00
2.594999999999966889e+00 1.034976607841713081e+00
2.599999999999966782e+00 1.029976811483265919e+00
2.604999999999967120e+00 1.024977015328091046e+00
2.609999999999967013e+00 1.019977219254541989e+00
2.614999999999966018e+00 1.014977423238974996e+00
2.619999999999965912e+00 1.009977627393709998e+00
2.624999999999965805e+00 1.004977831812198019e+00
2.629999999999966143e+00 9.999780362300043635e-01
2.634999999999966036e+00 9.949782407860539024e-01
2.639999999999965929e+00 9.899784456288216461e-01
2.644999999999965823e+00 9.849786504785242869e-01
2.649999999999966160e+00 9.799788554723818379e-01
2.654999999999966054e+00 9.749790606011856653e-01
2.659999999999965947e+00 9.699792658416299673e-01
2.664999999999964952e+00 9.649794713255914758e-01
2.669999999999964846e+00 9.599796768632131716e-01
2.674999999999965183e+00 9.549798827242739208e-01
2.679999999999965077e+00 9.499800885844251752e-01
2.684999999999964970e+00 9.449802948137175918e-01
2.689999999999964864e+00 9.399805010726822729e-01
2.694999999999965201e+00 9.349807074569298493e-01
2.699999999999965095e+00 9.299809141144805835e-01
2.704999999999964988e+00 9.249811209084555230e-01
2.709999999999963993e+00 9.199813280275748184e-01
2.714999999999963887e+00 9.149815350614289855e-01
2.719999999999963780e+00 9.099817426290428557e-01
2.724999999999964118e+00 9.049819500289686403e-01
2.729999999999964011e+00 8.999821578162254809e-01
2.734999999999963904e+00 8.949823658023206008e-01
2.739999999999963798e+00 8.899825739118796264e-01
2.744999999999964135e+00 8.849827823636360336e-01
2.749999999999964029e+00 8.799829911216647815e-01
2.754999999999963034e+00 8.749831998683248457e-01
2.759999999999962927e+00 8.699834089387650238e-01
2.764999999999962821e+00 8.649836182889885094e-01
2.769999999999963158e+00 8.599838279451432754e-01
2.774999999999963052e+00 8.549840376822430699e-01
2.779999999999962945e+00 8.499842478096297782e-01
2.784999999999962839e+00 8.449844581830348034e-01
2.789999999999963176e+00 8.399846686279488495e-01
2.794999999999963070e+00 8.349848796050309829e-01
2.799999999999962963e+00 8.299850906213350754e-01
2.804999999999961968e+00 8.249853020616910726e-01
2.809999999999961862e+00 8.199855137944496164e-01
2.814999999999962199e+00 8.149857256685208995e-01
2.819999999999962093e+00 8.099859380057523595e-01
2.824999999999961986e+00 8.049861505887747626e-01
2.829999999999961879e+00 7.999863635018300556e-01
2.834999999999962217e+00 7.949865766258881195e-01
2.839999999999962110e+00 7.899867902040114132e-01
2.844999999999962004e+00 7.849870040209907529e-01
2.849999999999961009e+00 7.799872181985847419e-01
2.854999999999960902e+00 7.749874328584382965e-01
2.859999999999960796e+00 7.699876475668361309e-01
2.864999999999961133e+00 7.649878628361648225e-01
2.869999999999961027e+00 7.599880785838877273e-01
2.874999999999960920e+00 7.549882943317243189e-01
2.879999999999960814e+00 7.499885108526314070e-01
2.884999999999961151e+00 7.449887275072342163e-01
2.889999999999961044e+00 7.399889447810892307e-01
2.894999999999960050e+00 7.349891622292261673e-01
2.899999999999959943e+00 7.299893799838628183e-01
2.904999999999959837e+00 7.249895984846261854e-01
2.909999999999960174e+00 7.199898173228120868e-01
2.914999999999960067e+00 7.149900365110397615e-01
2.919999999999959961e+00 7.099902562154056795e-01
2.924999999999959854e+00 7.049904762952792225e-01
2.929999999999960192e+00 6.999906970064557754e-01
2.934999999999960085e+00 6.949909180277700216e-01
2.939999999999959979e+00 6.899911395884146259e-01
2.944999999999958984e+00 6.849913616257481408e-01
2.949999999999958877e+00 6.799915841905885827e-01
2.954999999999959215e+00 6.749918073104481664e-01
2.959999999999959108e+00 6.699920309628168980e-01
2.964999999999959002e+00 6.649922550503788443e-01
2.969999999999958895e+00 6.599924797714038505e-01
2.974999999999958789e+00 6.549927051183885851e-01
2.979999999999959126e+00 6.499929308605487677e-01
2.984999999999959019e+00 6.449931574243237264e-01
2.989999999999958025e+00 6.399933845353871220e-01
2.994999999999957918e+00 6.349936122340977818e-01
2.999999999999957812e+00 6.299938406019691683e-01
3.004999999999958149e+00 6.249940694918905137e-01
3.009999999999958042e+00 6.199942991931948200e-01
3.014999999999957936e+00 6.149945294899907822e-01
3.019999999999957829e+00 6.099947604445787874e-01
3.024999999999958167e+00 6.049949922276027792e-01
3.029999999999958060e+00 5.999952246878592632e-01
3.034999999999957954e+00 5.949954579540417399e-01
3.039999999999956959e+00 5.899956917858162342e-01
3.044999999999956852e+00 5.849959267417261799e-01
3.049999999999957190e+00 5.799961621423790348e-01
3.054999999999957083e+00 5.749963985816748391e-01
3.059999999999956977e+00 5.699966356108916443e-01
3.064999999999956870e+00 5.649968737293420418e-01
3.069999999999957208e+00 5.599971129001914960e-01
3.074999999999957101e+00 5.549973527876090884e-01
3.079999999999956994e+00 5.499975933706764408e-01
3.084999999999956000e+00 5.449978351944082533e-01
3.089999999999955893e+00 5.399980779178576995e-01
3.094999999999955786e+00 5.349983217249700829e-01
3.099999999999956124e+00 5.299985664429414101e-01
3.104999999999956017e+00 5.249988124564879399e-01
3.109999999999955911e+00 5.199990593530401384e-01
3.114999999999955804e+00 5.149993073702034962e-01
3.119999999999956142e+00 5.099995566339430297e-01
3.124999999999956035e+00 5.049998071096979402e-01
3.129999999999955040e+00 5.000000587402837482e-01
3.134999999999954934e+00 4.950003116774723821e-01
3.139999999999954827e+00 4.900005658697637045e-01
3.144999999999955165e+00 4.850008214459649025e-01
3.149999999999955058e+00 4.800010784258005869e-01
3.154999999999954952e+00 4.750013368796999202e-01
3.159999999999954845e+00 4.700015967488865853e-01
3.164999999999955183e+00 4.650018581608605928e-01
3.169999999999955076e+00 4.600021211860508275e-01
3.174999999999954969e+00 4.550023858531631049e-01
3.179999999999953975e+00 4.500026522446204935e-01
3.184999999999953868e+00 4.450029201071287743e-01
3.189999999999954206e+00 4.400031901591888173e-01
3.194999999999954099e+00 4.350034621706412863e-01
3.199999999999953992e+00 4.300037358302120083e-01
3.204999999999953886e+00 4.250040116987178762e-01
3.209999999999953779e+00 4.200042896257514258e-01
3.214999999999954117e+00 4.150045698761459789e-01
3.219999999999954010e+00 4.100048523718555771e-01
3.224999999999953015e+00 4.050051372748840195e-01
3.229999999999952909e+00 4.000054247480306913e-01
3.234999999999952802e+00 3.950057150257749172e-01
3.239999999999953140e+00 3.900060077392594748e-01
3.244999999999953033e+00 3.850063035520748245e-01
3.249999999999952927e+00 3.800066023302974827e-01
3.254999999999952820e+00 3.750069044675115038e-01
3.259999999999953157e+00 3.700072097840915730e-01
3.264999999999953051e+00 3.650075187576931057e-01
3.269999999999952944e+00 3.600078315317318811e-01
3.274999999999951950e+00 3.550081483048757036e-01
3.279999999999951843e+00 3.500084694978227162e-01
3.284999999999952180e+00 3.450087948683631112e-01
3.289999999999952074e+00 3.400091252896685901e-01
3.294999999999951967e+00 3.350094608037466060e-01
3.299999999999951861e+00 3.300098017957112106e-01
3.304999999999952198e+00 3.250101487565189018e-01
3.309999999999952092e+00 3.200105018515841948e-01
3.314999999999951985e+00 3.150108620718015118e-01
3.319999999999950990e+00 3.100112296670545220e-01
3.324999999999950884e+00 3.050116051086320113e-01
3.329999999999951221e+00 3.000119895045826879e-01
3.334999999999951115e+00 2.950123833363135772e-01
3.339999999999951008e+00 2.900127879343016857e-01
3.344999999999950901e+00 2.850132040347829743e-01
3.349999999999950795e+00 2.800136329860266060e-01
3.354999999999951132e+00 2.750140762975660791e-01
3.359999999999951026e+00 2.700145355668723823e-01
3.364999999999950031e+00 2.650150126928564887e-01
3.369999999999949925e+00 2.600155100825531918e-01
3.374999999999949818e+00 2.550160306316512915e-01
3.379999999999950155e+00 2.500165772944455966e-01
3.384999999999950049e+00 2.450171540478436050e-01
3.389999999999949942e+00 2.400177656697622119e-01
3.394999999999949836e+00 2.350184178957875070e-01
3.399999999999950173e+00 2.300191179930664021e-01
3.404999999999950067e+00 2.250198739664880931e-01
3.409999999999949960e+00 2.200206971514830911e-01
3.414999999999948965e+00 2.150216003923758890e-01
3.419999999999948859e+00 2.100226002955452032e-01
3.424999999999949196e+00 2.050237178687553119e-01
3.429999999999949090e+00 2.000249791440182889e-01
3.434999999999948983e+00 1.950264165466961963e-01
3.439999999999948876e+00 1.900280712105769099e-01
3.444999999999949214e+00 1.850299936188193051e-01
3.449999999999949107e+00 1.800322460078405129e-01
3.454999999999949001e+00 1.750349031268428057e-01
3.459999999999948006e+00 1.700380527401534891e-01
3.464999999999947899e+00 1.650417954991957870e-01
3.469999999999947793e+00 1.600462427235385121e-01
3.474999999999948130e+00 1.550515129151968097e-01
3.479999999999948024e+00 1.500577277180071001e-01
3.484999999999947917e+00 1.450650082293148124e-01
3.489999999999947811e+00 1.400734705258805946e-01
3.494999999999948148e+00 1.350832249062464130e-01
3.499999999999948042e+00 1.300943745204818924e-01
3.504999999999947047e+00 1.251070164266802898e-01
3.509999999999946940e+00 1.201212436817273993e-01
3.514999999999946834e+00 1.151371472731587964e-01
3.519999999999947171e+00 1.101548198873398970e-01
3.524999999999947065e+00 1.051743573275398941e-01
3.529999999999946958e+00 1.001958626226207016e-01
3.534999999999946851e+00 9.521944946290261669e-02
3.539999999999947189e+00 9.024524488760743424e-02
3.544999999999947082e+00 8.527339350971097076e-02
3.549999999999946976e+00 8.030406365096931509e-02
3.554999999999945981e+00 7.533745248528633809e-02
3.559999999999945874e+00 7.037379466349635848e-02
3.564999999999946212e+00 6.541337342452724357e-02
3.569999999999946105e+00 6.045653569056774757e-02
3.574999999999945999e+00 5.550371316620816842e-02
3.579999999999945892e+00 5.055545492913716271e-02
3.584999999999945786e+00 4.561247411628843729e-02
3.589999999999946123e+00 4.067572389572383235e-02
3.594999999999946017e+00 3.574652297017322233e-02
3.599999999999945022e+00 3.082677651126775054e-02
3.604999999999944915e+00 2.591940842537976061e-02
3.609999999999944809e+00 2.102923119603739011e-02
3.614999999999945146e+00 1.616508916345726909e-02
3.619999999999945040e+00 1.134620403380836966e-02
3.624999999999944933e+00 6.639895624686198428e-03
3.629999999999944826e+00 2.663428864296404214e-03
