# vin_v vout_v
0.000000000000000000e+00 2.948041154275172993e+00
5.000000000000000104e-03 2.947686824897818969e+00
1.000000000000000021e-02 2.946665161722080040e+00
1.499999999999999944e-02 2.944352356384380975e+00
2.000000000000000042e-02 2.941259984937414806e+00
2.500000000000000139e-02 2.937702171776234827e+00
2.999999999999999889e-02 2.933829281103094822e+00
3.500000000000000333e-02 2.929725560759282033e+00
4.000000000000000083e-02 2.925449827530442803e+00
4.499999999999999833e-02 2.921043395519383079e+00
5.000000000000000278e-02 2.916536019330499219e+00
5.499999999999999334e-02 2.911949514251042981e+00
5.999999999999999084e-02 2.907300121055893083e+00
6.499999999999998834e-02 2.902600103052222824e+00
6.999999999999999278e-02 2.897858842501269905e+00
7.499999999999999722e-02 2.893083609021116054e+00
8.000000000000000167e-02 2.888280101248791976e+00
8.500000000000000611e-02 2.883452836018003840e+00
9.000000000000001055e-02 2.878605431671870107e+00
9.500000000000001499e-02 2.873740814511751118e+00
1.000000000000000056e-01 2.868861373803580861e+00
1.049999999999999961e-01 2.863969076605409114e+00
1.100000000000000006e-01 2.859065556759177174e+00
1.150000000000000050e-01 2.854152181527541909e+00
1.199999999999999956e-01 2.849230103824976101e+00
1.250000000000000000e-01 2.844300303378938022e+00
1.300000000000000044e-01 2.839363617451818200e+00
1.350000000000000089e-01 2.834420768364966925e+00
1.400000000000000133e-01 2.829472385283239966e+00
1.449999999999999900e-01 2.824519013410493162e+00
1.499999999999999944e-01 2.819561130654856029e+00
1.550000000000001099e-01 2.814599159747201984e+00
1.600000000000000866e-01 2.809633476703496058e+00
1.650000000000000910e-01 2.804664418074893195e+00
1.700000000000000955e-01 2.799692287318236161e+00
1.750000000000000999e-01 2.794717359881386809e+00
1.800000000000001044e-01 2.789739886068652197e+00
1.850000000000001088e-01 2.784760095892702125e+00
1.900000000000001132e-01 2.779778201034006191e+00
1.950000000000000899e-01 2.774794396768173854e+00
2.000000000000000944e-01 2.769808864549780036e+00
2.050000000000000988e-01 2.764821772262267885e+00
2.100000000000001033e-01 2.759833275874683967e+00
2.150000000000001077e-01 2.754843519419421849e+00
2.200000000000001121e-01 2.749852636645671922e+00
2.250000000000000888e-01 2.744860750052477982e+00
2.300000000000000933e-01 2.739867972258700046e+00
2.350000000000000977e-01 2.734874405824918142e+00
2.400000000000001021e-01 2.729880143093367906e+00
2.450000000000001066e-01 2.724885268223048218e+00
2.500000000000001110e-01 2.719889855357681796e+00
2.550000000000001155e-01 2.714893971492874147e+00
2.600000000000001199e-01 2.709897675384588922e+00
2.650000000000001243e-01 2.704901018789691136e+00
2.700000000000000733e-01 2.699904047252231987e+00
2.750000000000000777e-01 2.694906800649341960e+00
2.800000000000000822e-01 2.689909312995765855e+00
2.850000000000000866e-01 2.684911615315471067e+00
2.900000000000000910e-01 2.679913732913043134e+00
2.950000000000002065e-01 2.674915688882720133e+00
3.000000000000002109e-01 2.669917502444703938e+00
3.050000000000002154e-01 2.664919191025418854e+00
3.100000000000002198e-01 2.659920768897606980e+00
3.150000000000002243e-01 2.654922249205072138e+00
3.200000000000001732e-01 2.649923642581044181e+00
3.250000000000001776e-01 2.644924959115058982e+00
3.300000000000001821e-01 2.639926206828619115e+00
3.350000000000001865e-01 2.634927392904685917e+00
3.400000000000001910e-01 2.629928524006530210e+00
3.450000000000001954e-01 2.624929605548090183e+00
3.500000000000001998e-01 2.619930642332462867e+00
3.550000000000002043e-01 2.614931638965444005e+00
3.600000000000002087e-01 2.609932598666730996e+00
3.650000000000002132e-01 2.604933525231330815e+00
3.700000000000002176e-01 2.599934421289589181e+00
3.750000000000002220e-01 2.594935289658138799e+00
3.800000000000002265e-01 2.589936132597614016e+00
3.850000000000001754e-01 2.584936952210568961e+00
3.900000000000001799e-01 2.579937750106807925e+00
3.950000000000001843e-01 2.574938528119644854e+00
4.000000000000001887e-01 2.569939287688611795e+00
4.050000000000001932e-01 2.564940030268957116e+00
4.100000000000003086e-01 2.559940756514948124e+00
4.150000000000003131e-01 2.554941468282208916e+00
4.200000000000003175e-01 2.549942165897704172e+00
4.250000000000003220e-01 2.544942850589337002e+00
4.300000000000003264e-01 2.539943523023878935e+00
4.350000000000002753e-01 2.534944184142489121e+00
4.400000000000002798e-01 2.529944834084659977e+00
4.450000000000002842e-01 2.524945474034125947e+00
4.500000000000002887e-01 2.519946104424889199e+00
4.550000000000002931e-01 2.514946725373932157e+00
4.600000000000002975e-01 2.509947337572072001e+00
4.650000000000003020e-01 2.504947941759468222e+00
4.700000000000003064e-01 2.499948538034288958e+00
4.750000000000003109e-01 2.494949126448744892e+00
4.800000000000003153e-01 2.489949708005780860e+00
4.850000000000003197e-01 2.484950282608679117e+00
4.900000000000003242e-01 2.479950850679415009e+00
4.950000000000002731e-01 2.474951412525939975e+00
5.000000000000003331e-01 2.469951968241787199e+00
5.050000000000003375e-01 2.464952518168217921e+00
5.100000000000003419e-01 2.459953062450523031e+00
5.150000000000003464e-01 2.454953601460858170e+00
5.200000000000003508e-01 2.449954135168042058e+00
5.250000000000003553e-01 2.444954663976715903e+00
5.300000000000003597e-01 2.439955187877103970e+00
5.350000000000003642e-01 2.434955707372778999e+00
5.400000000000003686e-01 2.429956221980490216e+00
5.450000000000003730e-01 2.424956732497577150e+00
5.500000000000003775e-01 2.419957238581730952e+00
5.550000000000003819e-01 2.414957740774639205e+00
5.600000000000003864e-01 2.409958238926947161e+00
5.650000000000003908e-01 2.404958733127187998e+00
5.700000000000003952e-01 2.399959223640053096e+00
5.750000000000003997e-01 2.394959710562375221e+00
5.800000000000004041e-01 2.389960193811929923e+00
5.850000000000004086e-01 2.384960673706245871e+00
5.900000000000004130e-01 2.379961150188365071e+00
5.950000000000004174e-01 2.374961623458204940e+00
6.000000000000004219e-01 2.369962093674018888e+00
6.050000000000004263e-01 2.364962560643845801e+00
6.100000000000004308e-01 2.359963024601540837e+00
6.150000000000004352e-01 2.354963485621340169e+00
6.200000000000004396e-01 2.349963943842794833e+00
6.250000000000004441e-01 2.344964399163587121e+00
6.300000000000004485e-01 2.339964851740888196e+00
6.350000000000004530e-01 2.334965301758132217e+00
6.400000000000004574e-01 2.329965749104701001e+00
6.450000000000004619e-01 2.324966193669637970e+00
6.500000000000004663e-01 2.319966635822027001e+00
6.550000000000004707e-01 2.314967075738990854e+00
6.600000000000004752e-01 2.309967513157233032e+00
6.650000000000004796e-01 2.304967948088858964e+00
6.700000000000004841e-01 2.299968380998222983e+00
6.750000000000004885e-01 2.294968811562910105e+00
6.800000000000004929e-01 2.289969239991989980e+00
6.850000000000004974e-01 2.284969666211167816e+00
6.900000000000005018e-01 2.279970090264896054e+00
6.950000000000005063e-01 2.274970512290054092e+00
7.000000000000005107e-01 2.269970932350247050e+00
7.050000000000005151e-01 2.264971350463611088e+00
7.100000000000005196e-01 2.259971766616046818e+00
7.150000000000005240e-01 2.254972180761456002e+00
7.200000000000005285e-01 2.249972592982317110e+00
7.250000000000005329e-01 2.244973003642940057e+00
7.300000000000005373e-01 2.239973412308814193e+00
7.350000000000005418e-01 2.234973819219022051e+00
7.400000000000005462e-01 2.229974224591388055e+00
7.450000000000005507e-01 2.224974628034885882e+00
7.500000000000005551e-01 2.219975030050874931e+00
7.550000000000005596e-01 2.214975430325921035e+00
7.600000000000005640e-01 2.209975828940400788e+00
7.650000000000005684e-01 2.204976226028577013e+00
7.700000000000005729e-01 2.199976621628990880e+00
7.750000000000005773e-01 2.194977015859138181e+00
7.800000000000005818e-01 2.189977408213394039e+00
7.850000000000005862e-01 2.184977799399404841e+00
7.900000000000005906e-01 2.179978188984761811e+00
7.950000000000005951e-01 2.174978577314107042e+00
8.000000000000005995e-01 2.169978964222138984e+00
8.050000000000006040e-01 2.164979349719374113e+00
8.100000000000006084e-01 2.159979734046487021e+00
8.150000000000006128e-01 2.154980116808133062e+00
8.200000000000006173e-01 2.149980498398064821e+00
8.250000000000006217e-01 2.144980878873013808e+00
8.300000000000006262e-01 2.139981257909142176e+00
8.350000000000006306e-01 2.134981635883207218e+00
8.400000000000006350e-01 2.129982012586879137e+00
8.450000000000006395e-01 2.124982388066711803e+00
8.500000000000006439e-01 2.119982762601865023e+00
8.550000000000006484e-01 2.114983135606621989e+00
8.600000000000006528e-01 2.109983507698245830e+00
8.650000000000006573e-01 2.104983878917948914e+00
8.700000000000006617e-01 2.099984248722250868e+00
8.750000000000006661e-01 2.094984617606201027e+00
8.800000000000006706e-01 2.089984985436387888e+00
8.850000000000006750e-01 2.084985352266528036e+00
8.900000000000006795e-01 2.079985718012209883e+00
8.950000000000006839e-01 2.074986082979819013e+00
9.000000000000006883e-01 2.069986446723930840e+00
9.050000000000006928e-01 2.064986809578329030e+00
9.100000000000006972e-01 2.059987171518628202e+00
9.150000000000007017e-01 2.054987532556709073e+00
9.200000000000007061e-01 2.049987892549609114e+00
9.250000000000007105e-01 2.044988251826907799e+00
9.300000000000007150e-01 2.039988610119281010e+00
9.350000000000007194e-01 2.034988967611127020e+00
9.400000000000007239e-01 2.029989324131236117e+00
9.450000000000007283e-01 2.024989679854229951e+00
9.500000000000007327e-01 2.019990034866112172e+00
9.550000000000007372e-01 2.014990389037051965e+00
9.600000000000007416e-01 2.009990742315097112e+00
9.650000000000007461e-01 2.004991094868784796e+00
9.700000000000007505e-01 1.999991446432999975e+00
9.750000000000007550e-01 1.994991797400587075e+00
9.800000000000007594e-01 1.989992147486987051e+00
9.850000000000007638e-01 1.984992497042241899e+00
9.900000000000007683e-01 1.979992845854269046e+00
9.950000000000007727e-01 1.974993193908801015e+00
1.000000000000001110e+00 1.969993541247391011e+00
1.005000000000001004e+00 1.964993888012827039e+00
1.010000000000000009e+00 1.959994233860925084e+00
1.014999999999999902e+00 1.954994579196239091e+00
1.020000000000000018e+00 1.949994923818052950e+00
1.024999999999999911e+00 1.944995267743137912e+00
1.030000000000000027e+00 1.939995611257302022e+00
1.034999999999999920e+00 1.934995953890791043e+00
1.040000000000000036e+00 1.929996295957209895e+00
1.044999999999999929e+00 1.924996637496632967e+00
1.050000000000000044e+00 1.919996978362120910e+00
1.054999999999999050e+00 1.914997318654400038e+00
1.059999999999998943e+00 1.909997658264501075e+00
1.064999999999999059e+00 1.904997997341411065e+00
1.069999999999998952e+00 1.899998335859891085e+00
1.074999999999999067e+00 1.894998673915551990e+00
1.079999999999998961e+00 1.889999011274255958e+00
1.084999999999999076e+00 1.884999348169855926e+00
1.089999999999998970e+00 1.879999684504128021e+00
1.094999999999999085e+00 1.875000020424919978e+00
1.099999999999998979e+00 1.870000355688433036e+00
1.104999999999997984e+00 1.865000690457804922e+00
1.109999999999998099e+00 1.860001024803352943e+00
1.114999999999997993e+00 1.855001358595870897e+00
1.119999999999998108e+00 1.850001691874638032e+00
1.124999999999998002e+00 1.845002024820360020e+00
1.129999999999997895e+00 1.840002357205321015e+00
1.134999999999998010e+00 1.835002689015710065e+00
1.139999999999997904e+00 1.830003020628395927e+00
1.144999999999998019e+00 1.825003351480688929e+00
1.149999999999997025e+00 1.820003681952300889e+00
1.154999999999996918e+00 1.815004011998893940e+00
1.159999999999997033e+00 1.810004341518264948e+00
1.164999999999996927e+00 1.805004670847609072e+00
1.169999999999997042e+00 1.800004999700036024e+00
1.174999999999996936e+00 1.795005328062416083e+00
1.179999999999997051e+00 1.790005655890922975e+00
1.184999999999996945e+00 1.785005983502514937e+00
1.189999999999997060e+00 1.780006310698069916e+00
1.194999999999996954e+00 1.775006637309672897e+00
1.199999999999995959e+00 1.770006963863864025e+00
1.204999999999996074e+00 1.765007289848540051e+00
1.209999999999995968e+00 1.760007615388986091e+00
1.214999999999996083e+00 1.755007940606049033e+00
1.219999999999995977e+00 1.750008265625865977e+00
1.224999999999996092e+00 1.745008590092425038e+00
1.229999999999995985e+00 1.740008914245323002e+00
1.234999999999996101e+00 1.735009238007592103e+00
1.239999999999995994e+00 1.730009561406973040e+00
1.244999999999995000e+00 1.725009884411861094e+00
1.249999999999994893e+00 1.720010207196480900e+00
1.254999999999995008e+00 1.715010529605820011e+00
1.259999999999994902e+00 1.710010851781589958e+00
1.264999999999995017e+00 1.705011173401772107e+00
1.269999999999994911e+00 1.700011494982391014e+00
1.274999999999995026e+00 1.695011816115084002e+00
1.279999999999994920e+00 1.690012136834809997e+00
1.284999999999995035e+00 1.685012457529240004e+00
1.289999999999994040e+00 1.680012777527621903e+00
1.294999999999993934e+00 1.675013097514125082e+00
1.299999999999994049e+00 1.670013416995743905e+00
1.304999999999993943e+00 1.665013736330422045e+00
1.309999999999994058e+00 1.660014055490875995e+00
1.314999999999993952e+00 1.655014374170888924e+00
1.319999999999994067e+00 1.650014692681792905e+00
1.324999999999993960e+00 1.645015010744315997e+00
1.329999999999994076e+00 1.640015328716003973e+00
1.334999999999993969e+00 1.635015646367208086e+00
1.339999999999992975e+00 1.630015963812355029e+00
1.344999999999993090e+00 1.625016280829469917e+00
1.349999999999992983e+00 1.620016597775872924e+00
1.354999999999993099e+00 1.615016914340628995e+00
1.359999999999992992e+00 1.610017230574783076e+00
1.364999999999993108e+00 1.605017546690362007e+00
1.369999999999993001e+00 1.600017862436913907e+00
1.374999999999992895e+00 1.595018178099848916e+00
1.379999999999993010e+00 1.590018493521881959e+00
1.384999999999992015e+00 1.585018808571476034e+00
1.389999999999991909e+00 1.580019123594069930e+00
1.394999999999992024e+00 1.575019438167601038e+00
1.399999999999991918e+00 1.570019752590724016e+00
1.404999999999992033e+00 1.565020066832631063e+00
1.409999999999991926e+00 1.560020380841478982e+00
1.414999999999992042e+00 1.555020694530413028e+00
1.419999999999991935e+00 1.550021008039663917e+00
1.424999999999992051e+00 1.545021321505487100e+00
1.429999999999991944e+00 1.540021634597507960e+00
1.434999999999990949e+00 1.535021947508653062e+00
1.439999999999991065e+00 1.530022260245744059e+00
1.444999999999990958e+00 1.525022572823558908e+00
1.449999999999991074e+00 1.520022885084983955e+00
1.454999999999990967e+00 1.515023197241192054e+00
1.459999999999991083e+00 1.510023509146436016e+00
1.464999999999990976e+00 1.505023820995347927e+00
1.469999999999991092e+00 1.500024132393547927e+00
1.474999999999990985e+00 1.495024443990075946e+00
1.479999999999989990e+00 1.490024754929833994e+00
1.484999999999990106e+00 1.485025066192918075e+00
1.489999999999989999e+00 1.480025376936850989e+00
1.494999999999989893e+00 1.475025687615812098e+00
1.499999999999990008e+00 1.470025998185974014e+00
1.504999999999989901e+00 1.465026308516029996e+00
1.509999999999990017e+00 1.460026618614677085e+00
1.514999999999989910e+00 1.455026928560301025e+00
1.519999999999990026e+00 1.450027238443283073e+00
1.524999999999989031e+00 1.445027548147947982e+00
1.529999999999988924e+00 1.440027857781843057e+00
1.534999999999989040e+00 1.435028167054668069e+00
1.539999999999988933e+00 1.430028476454765052e+00
1.544999999999989049e+00 1.425028785664550934e+00
1.549999999999988942e+00 1.420029094398671976e+00
1.554999999999989058e+00 1.415029402965501948e+00
1.559999999999988951e+00 1.410029711772267991e+00
1.564999999999989067e+00 1.405030020222910014e+00
1.569999999999988960e+00 1.400030328771834087e+00
1.574999999999987965e+00 1.395030636981231975e+00
1.579999999999988081e+00 1.390030945107298965e+00
1.584999999999987974e+00 1.385031253180500022e+00
1.589999999999988090e+00 1.380031561006205942e+00
1.594999999999987983e+00 1.375031868738971985e+00
1.599999999999988098e+00 1.370032176229130982e+00
1.604999999999987992e+00 1.365032483933759977e+00
1.609999999999988107e+00 1.360032791244804917e+00
1.614999999999988001e+00 1.355033098495880051e+00
1.619999999999987006e+00 1.350033405838076073e+00
1.624999999999986899e+00 1.345033712806753101e+00
1.629999999999987015e+00 1.340034019759400952e+00
1.634999999999986908e+00 1.335034326578182107e+00
1.639999999999987024e+00 1.330034633342791039e+00
1.644999999999986917e+00 1.325034940054762966e+00
1.649999999999987033e+00 1.320035246566817033e+00
1.654999999999986926e+00 1.315035552932898089e+00
1.659999999999987041e+00 1.310035859324272911e+00
1.664999999999986047e+00 1.305036165569787965e+00
1.669999999999985940e+00 1.300036471691726092e+00
1.674999999999986056e+00 1.295036777886763968e+00
1.679999999999985949e+00 1.290037083833738052e+00
1.684999999999986064e+00 1.285037390016555037e+00
1.689999999999985958e+00 1.280037695805787967e+00
1.694999999999986073e+00 1.275038001468147053e+00
1.699999999999985967e+00 1.270038307391132992e+00
1.704999999999986082e+00 1.265038613024217051e+00
1.709999999999985976e+00 1.260038918601765090e+00
1.714999999999984981e+00 1.255039224225527050e+00
1.719999999999985096e+00 1.250039529679042971e+00
1.724999999999984990e+00 1.245039834947079038e+00
1.729999999999985105e+00 1.240040140370695099e+00
1.734999999999984999e+00 1.235040445591607972e+00
1.739999999999984892e+00 1.230040751006697963e+00
1.744999999999985008e+00 1.225041056003987938e+00
1.749999999999984901e+00 1.220041361195796981e+00
1.754999999999985016e+00 1.215041666383910979e+00
1.759999999999984022e+00 1.210041971407292971e+00
1.764999999999983915e+00 1.205042276401514068e+00
1.769999999999984031e+00 1.200042581374304973e+00
1.774999999999983924e+00 1.195042886141663985e+00
1.779999999999984039e+00 1.190043191191819005e+00
1.784999999999983933e+00 1.185043496211334979e+00
1.789999999999984048e+00 1.180043801029170947e+00
1.794999999999983942e+00 1.175044105838140007e+00
1.799999999999984057e+00 1.170044410588332084e+00
1.804999999999983951e+00 1.165044715538555931e+00
1.809999999999982956e+00 1.160045020218489986e+00
1.814999999999983071e+00 1.155045325055596095e+00
1.819999999999982965e+00 1.150045629736383024e+00
1.824999999999983080e+00 1.145045934536824017e+00
1.829999999999982974e+00 1.140046239301512054e+00
1.834999999999983089e+00 1.135046544144244995e+00
1.839999999999982983e+00 1.130046848892390932e+00
1.844999999999983098e+00 1.125047153742229966e+00
1.849999999999982991e+00 1.120047458491399084e+00
1.854999999999981997e+00 1.115047763140808001e+00
1.859999999999981890e+00 1.110048067827563045e+00
1.864999999999982006e+00 1.105048372716908034e+00
1.869999999999981899e+00 1.100048677587039947e+00
1.874999999999982014e+00 1.095048982448191044e+00
1.879999999999981908e+00 1.090049287407226064e+00
1.884999999999982023e+00 1.085049592129053053e+00
1.889999999999981917e+00 1.080049897165225037e+00
1.894999999999982032e+00 1.075050202085322093e+00
1.899999999999981037e+00 1.070050507235577930e+00
1.904999999999980931e+00 1.065050812207005038e+00
1.909999999999981046e+00 1.060051117426723977e+00
1.914999999999980940e+00 1.055051422488191060e+00
1.919999999999981055e+00 1.050051727589903061e+00
1.924999999999980949e+00 1.045052032976172995e+00
1.929999999999981064e+00 1.040052338342035920e+00
1.934999999999980957e+00 1.035052643571986897e+00
1.939999999999981073e+00 1.030052949224057102e+00
1.944999999999980966e+00 1.025053254656939083e+00
1.949999999999979972e+00 1.020053560314466035e+00
1.954999999999980087e+00 1.015053865929588017e+00
1.959999999999979980e+00 1.010054171696481040e+00
1.964999999999980096e+00 1.005054477408747982e+00
1.969999999999979989e+00 1.000054783480492926e+00
1.974999999999980105e+00 9.950550894432694804e-01
1.979999999999979998e+00 9.900553954911401888e-01
1.984999999999979892e+00 9.850557018659173991e-01
1.989999999999980007e+00 9.800560081291109782e-01
1.994999999999979012e+00 9.750563145573210022e-01
1.999999999999978906e+00 9.700566209914427418e-01
2.004999999999979021e+00 9.650569277758336284e-01
2.009999999999978915e+00 9.600572346831199866e-01
2.014999999999978808e+00 9.550575415861999318e-01
2.019999999999979146e+00 9.500578485066171197e-01
2.024999999999979039e+00 9.450581555971098169e-01
2.029999999999978932e+00 9.400584630918729090e-01
2.034999999999978826e+00 9.350587706268811417e-01
2.039999999999979163e+00 9.300590781745654567e-01
2.044999999999979057e+00 9.250593859684386189e-01
2.049999999999978950e+00 9.200596939252250195e-01
2.054999999999977955e+00 9.150600020358297115e-01
2.059999999999977849e+00 9.100603103411231132e-01
2.064999999999978186e+00 9.050606186930281183e-01
2.069999999999978080e+00 9.000609273946338362e-01
2.074999999999977973e+00 8.950612362190213389e-01
2.079999999999977867e+00 8.900615454043077079e-01
2.084999999999978204e+00 8.850618545393444947e-01
2.089999999999978098e+00 8.800621639404084817e-01
2.094999999999977991e+00 8.750624736102281531e-01
2.099999999999976996e+00 8.700627834521128534e-01
2.104999999999976890e+00 8.650630935629806118e-01
2.109999999999976783e+00 8.600634039540864251e-01
2.114999999999977121e+00 8.550637144610959695e-01
2.119999999999977014e+00 8.500640253032543114e-01
2.124999999999976907e+00 8.450643362290293226e-01
2.129999999999976801e+00 8.400646476948168129e-01
2.134999999999977138e+00 8.350649593200500931e-01
2.139999999999977032e+00 8.300652710269105228e-01
2.144999999999976037e+00 8.250655833387554594e-01
2.149999999999975930e+00 8.200658956762936214e-01
2.154999999999975824e+00 8.150662084381679051e-01
2.159999999999976161e+00 8.100665215023354904e-01
2.164999999999976055e+00 8.050668347572127459e-01
2.169999999999975948e+00 8.000671484506369779e-01
2.174999999999975842e+00 7.950674624809153102e-01
2.179999999999976179e+00 7.900677768225250475e-01
2.184999999999976072e+00 7.850680915133807503e-01
2.189999999999975966e+00 7.800684066331200484e-01
2.194999999999974971e+00 7.750687219958081187e-01
2.199999999999974865e+00 7.700690379222123738e-01
2.204999999999975202e+00 7.650693541717146218e-01
2.209999999999975095e+00 7.600696707999645696e-01
2.214999999999974989e+00 7.550699876425710499e-01
2.219999999999974882e+00 7.500703050906736280e-01
2.224999999999975220e+00 7.450706231165895588e-01
2.229999999999975113e+00 7.400709413897743616e-01
2.234999999999975007e+00 7.350712603206943641e-01
2.239999999999974012e+00 7.300715795849441747e-01
2.244999999999973905e+00 7.250718992480642555e-01
2.249999999999973799e+00 7.200722196314472967e-01
2.254999999999974136e+00 7.150725404857212197e-01
2.259999999999974030e+00 7.100728617871254755e-01
2.264999999999973923e+00 7.050731834862062897e-01
2.269999999999973817e+00 7.000735059736484800e-01
2.274999999999974154e+00 6.950738290113918083e-01
2.279999999999974047e+00 6.900741523940610023e-01
2.284999999999973053e+00 6.850744768548793218e-01
2.289999999999972946e+00 6.800748016737543367e-01
2.294999999999972840e+00 6.750751271190438274e-01
2.299999999999973177e+00 6.700754532499786364e-01
2.304999999999973070e+00 6.650757800486530869e-01
2.309999999999972964e+00 6.600761076996946031e-01
2.314999999999972857e+00 6.550764359562890604e-01
2.319999999999973195e+00 6.500767650359762229e-01
2.324999999999973088e+00 6.450770949256821041e-01
2.329999999999972982e+00 6.400774254203156488e-01
2.334999999999971987e+00 6.350777569644492360e-01
2.339999999999971880e+00 6.300780892933062205e-01
2.344999999999972218e+00 6.250784223550454044e-01
2.349999999999972111e+00 6.200787565313135019e-01
2.354999999999972005e+00 6.150790915378365753e-01
2.359999999999971898e+00 6.100794274613576818e-01
2.364999999999971791e+00 6.050797644123235841e-01
2.369999999999972129e+00 6.000801025946884693e-01
2.374999999999972022e+00 5.950804416779646999e-01
2.379999999999971028e+00 5.900807819364786155e-01
2.384999999999970921e+00 5.850811232589308020e-01
2.389999999999970814e+00 5.800814658821877856e-01
2.394999999999971152e+00 5.750818096764191978e-01
2.399999999999971045e+00 5.700821548338126377e-01
2.404999999999970939e+00 5.650825012702966887e-01
2.409999999999970832e+00 5.600828490065055121e-01
2.414999999999971170e+00 5.550831981460078168e-01
2.419999999999971063e+00 5.500835488617212832e-01
2.424999999999970957e+00 5.450839012580104281e-01
2.429999999999969962e+00 5.400842551065352382e-01
2.434999999999969855e+00 5.350846106790640988e-01
2.439999999999970193e+00 5.300849679971975092e-01
2.444999999999970086e+00 5.250853270825359687e-01
2.449999999999969980e+00 5.200856880628066392e-01
2.454999999999969873e+00 5.150860510232178058e-01
2.459999999999970210e+00 5.100864161123581653e-01
2.464999999999970104e+00 5.050867834431187475e-01
2.469999999999969997e+00 5.000871529960591033e-01
2.474999999999969003e+00 4.950875248584907240e-01
2.479999999999968896e+00 4.900878992938829115e-01
2.484999999999968789e+00 4.850882764075664100e-01
2.489999999999969127e+00 4.800886562441065153e-01
2.494999999999969020e+00 4.750890389149731163e-01
2.499999999999968914e+00 4.700894246981874858e-01
2.504999999999968807e+00 4.650898137023772860e-01
2.509999999999969145e+00 4.600902060636257729e-01
2.514999999999969038e+00 4.550906021207197227e-01
2.519999999999968043e+00 4.500910021109235104e-01
2.524999999999967937e+00 4.450914061186495019e-01
2.529999999999967830e+00 4.400918143792865167e-01
2.534999999999968168e+00 4.350922273158062126e-01
2.539999999999968061e+00 4.300926450616203156e-01
2.544999999999967955e+00 4.250930681673708023e-01
2.549999999999967848e+00 4.200934968852151896e-01
2.554999999999968185e+00 4.150939318020618884e-01
2.559999999999968079e+00 4.100943731118604774e-01
2.564999999999967972e+00 4.050948217093833237e-01
2.569999999999966978e+00 4.000952775599557754e-01
2.574999999999966871e+00 3.950957420360055039e-01
2.579999999999967208e+00 3.900962153551291167e-01
2.584999999999967102e+00 3.850966983940792843e-01
2.589999999999966995e+00 3.800971922943858772e-01
2.594999999999966889e+00 3.750976978182051780e-01
2.599999999999966782e+00 3.700982165499623888e-01
2.604999999999967120e+00 3.650987496544075839e-01
2.609999999999967013e+00 3.600992984655135842e-01
2.614999999999966018e+00 3.550998654465332138e-01
2.619999999999965912e+00 3.501004522133825958e-01
2.624999999999965805e+00 3.451010611307481213e-01
2.629999999999966143e+00 3.401016956071600816e-01
2.634999999999966036e+00 3.351023584702375047e-01
2.639999999999965929e+00 3.301030543028958264e-01
2.644999999999965823e+00 3.251037875041902225e-01
2.649999999999966160e+00 3.201045637578943115e-01
2.654999999999966054e+00 3.151053898918689811e-01
2.659999999999965947e+00 3.101062742314866227e-01
2.664999999999964952e+00 3.051072262493618736e-01
2.669999999999964846e+00 3.001082579665990124e-01
2.674999999999965183e+00 2.951093833988664983e-01
2.679999999999965077e+00 2.901106195029540813e-01
2.684999999999964970e+00 2.851119874160161771e-01
2.689999999999964864e+00 2.801135116213230858e-01
2.694999999999965201e+00 2.751152214753673775e-01
2.699999999999965095e+00 2.701171520464455966e-01
2.704999999999964988e+00 2.651193442425424096e-01
2.709999999999963993e+00 2.601218445340692242e-01
2.714999999999963887e+00 2.551247060768488950e-01
2.719999999999963780e+00 2.501279879481828061e-01
2.724999999999964118e+00 2.451317530992689064e-01
2.729999999999964011e+00 2.401360689492086919e-01
2.734999999999963904e+00 2.351410038399918967e-01
2.739999999999963798e+00 2.301466266000246896e-01
2.744999999999964135e+00 2.251530042170948043e-01
2.749999999999964029e+00 2.201602006203841888e-01
2.754999999999963034e+00 2.151682764807922865e-01
2.759999999999962927e+00 2.101772881802813076e-01
2.764999999999962821e+00 2.051872874572940042e-01
2.769999999999963158e+00 2.001983230308201911e-01
2.774999999999963052e+00 1.952104407530229069e-01
2.779999999999962945e+00 1.902236835752403876e-01
2.784999999999962839e+00 1.852380936577998072e-01
2.789999999999963176e+00 1.802537123114822115e-01
2.794999999999963070e+00 1.752705810964982902e-01
2.799999999999962963e+00 1.702887427994249081e-01
2.804999999999961968e+00 1.653082415449365072e-01
2.809999999999961862e+00 1.603291241363979935e-01
2.814999999999962199e+00 1.553514407580776080e-01
2.819999999999962093e+00 1.503752453846791959e-01
2.824999999999961986e+00 1.454005965084315122e-01
2.829999999999961879e+00 1.404275585628340928e-01
2.834999999999962217e+00 1.354562021778198122e-01
2.839999999999962110e+00 1.304866062138043958e-01
2.844999999999962004e+00 1.255188574388421963e-01
2.849999999999961009e+00 1.205530543617086003e-01
2.854999999999960902e+00 1.155893066192957008e-01
2.859999999999960796e+00 1.106277383267087050e-01
2.864999999999961133e+00 1.056684914442369977e-01
2.869999999999961027e+00 1.007117270711704038e-01
2.874999999999960920e+00 9.575763132039982750e-02
2.879999999999960814e+00 9.080641928434429744e-02
2.884999999999961151e+00 8.585834250835144843e-02
2.889999999999961044e+00 8.091369715176455202e-02
2.894999999999960050e+00 7.597283502249840836e-02
2.899999999999959943e+00 7.103617907394954578e-02
2.904999999999959837e+00 6.610424435359441020e-02
2.909999999999960174e+00 6.117766614905306710e-02
2.914999999999960067e+00 5.625724196209901801e-02
2.919999999999959961e+00 5.134399236327080729e-02
2.924999999999959854e+00 4.643925279969440822e-02
2.929999999999960192e+00 4.154482086904320859e-02
2.934999999999960085e+00 3.666319759395553213e-02
2.939999999999959979e+00 3.179801350856203968e-02
2.944999999999958984e+00 2.695483133694143163e-02
2.949999999999958877e+00 2.214280732291007067e-02
2.954999999999959215e+00 1.737859103928907079e-02
2.959999999999959108e+00 1.269721648367611033e-02
2.964999999999959002e+00 8.208134742374917359e-03
2.969999999999958895e+00 4.393053989174577380e-03
2.974999999999958789e+00 3.260021452146973173e-03
2.979999999999959126e+00 3.208951891034142988e-03
2.984999999999959019e+00 3.203148406555118843e-03
2.989999999999958025e+00 3.203062623001956023e-03
2.994999999999957918e+00 3.205496845429839804e-03
2.999999999999957812e+00 3.208871658795997214e-03
3.004999999999958149e+00 3.212791526104430851e-03
3.009999999999958042e+00 3.217072109234928035e-03
3.014999999999957936e+00 3.221594174981108963e-03
3.019999999999957829e+00 3.226285490538125054e-03
3.024999999999958167e+00 3.231100323285863996e-03
3.029999999999958060e+00 3.236008157879171829e-03
3.034999999999957954e+00 3.240987817712755008e-03
3.039999999999956959e+00 3.246024129144414044e-03
3.044999999999956852e+00 3.251105923938354871e-03
3.049999999999957190e+00 3.256224792789823210e-03
3.054999999999957083e+00 3.261374279062193970e-03
3.059999999999956977e+00 3.266549341161367921e-03
3.064999999999956870e+00 3.271745984287967920e-03
3.069999999999957208e+00 3.276961001051673181e-03
3.074999999999957101e+00 3.282191786832938055e-03
3.079999999999956994e+00 3.287436204794433933e-03
3.084999999999956000e+00 3.292692484607966010e-03
3.089999999999955893e+00 3.297959148551835810e-03
3.094999999999955786e+00 3.303234952491834915e-03
3.099999999999956124e+00 3.308518842382104051e-03
3.104999999999956017e+00 3.313809918866862832e-03
3.109999999999955911e+00 3.319107410834490086e-03
3.114999999999955804e+00 3.324410653001123091e-03
3.119999999999956142e+00 3.329719068530923205e-03
3.124999999999956035e+00 3.335032155326750954e-03
3.129999999999955040e+00 3.340349473628026825e-03
3.134999999999954934e+00 3.345670637576991010e-03
3.139999999999954827e+00 3.350995306797653964e-03
3.144999999999955165e+00 3.356323180190615933e-03
3.149999999999955058e+00 3.361653990125462992e-03
3.154999999999954952e+00 3.366987498698278090e-03
3.159999999999954845e+00 3.372323493031894812e-03
3.164999999999955183e+00 3.377661782472232959e-03
3.169999999999955076e+00 3.383002195993481832e-03
3.174999999999954969e+00 3.388344578858793095e-03
3.179999999999953975e+00 3.393688792302263033e-03
3.184999999999953868e+00 3.399034710257764057e-03
3.189999999999954206e+00 3.404382218397049211e-03
3.194999999999954099e+00 3.409731212828460197e-03
3.199999999999953992e+00 3.415081598987746055e-03
3.204999999999953886e+00 3.420433290662936061e-03
3.209999999999953779e+00 3.425786209053711950e-03
3.214999999999954117e+00 3.431140281647285847e-03
3.219999999999954010e+00 3.436495442685200911e-03
3.224999999999953015e+00 3.441851631115351931e-03
3.229999999999952909e+00 3.447208790835197025e-03
3.234999999999952802e+00 3.452566870333048914e-03
3.239999999999953140e+00 3.457925822092340964e-03
3.244999999999953033e+00 3.463285601848282123e-03
3.249999999999952927e+00 3.468646169164550999e-03
3.254999999999952820e+00 3.474007486231051826e-03
3.259999999999953157e+00 3.479369517950076877e-03
3.264999999999953051e+00 3.484732231957699943e-03
3.269999999999952944e+00 3.490095597749947980e-03
3.274999999999951950e+00 3.495459587380064098e-03
3.279999999999951843e+00 3.500824174369003214e-03
3.284999999999952180e+00 3.506189334442428012e-03
3.289999999999952074e+00 3.511555044691591979e-03
3.294999999999951967e+00 3.516921283450858814e-03
3.299999999999951861e+00 3.522288030855585169e-03
3.304999999999952198e+00 3.527655268135988873e-03
3.309999999999952092e+00 3.533022977549999961e-03
3.314999999999951985e+00 3.538391142635913169e-03
3.319999999999950990e+00 3.543759747777542202e-03
3.324999999999950884e+00 3.549128778390810059e-03
3.329999999999951221e+00 3.554498220538590113e-03
3.334999999999951115e+00 3.559868061399279211e-03
3.339999999999951008e+00 3.565238288603503163e-03
3.344999999999950901e+00 3.570608890640287938e-03
3.349999999999950795e+00 3.575979856608603024e-03
3.354999999999951132e+00 3.581351175808302791e-03
3.359999999999951026e+00 3.586722838838860873e-03
3.364999999999950031e+00 3.592094836286945179e-03
3.369999999999949925e+00 3.597467159388061803e-03
3.374999999999949818e+00 3.602839799581758051e-03
3.379999999999950155e+00 3.608212749076006049e-03
3.384999999999950049e+00 3.613586000309193004e-03
3.389999999999949942e+00 3.618959546224749177e-03
3.394999999999949836e+00 3.624333379497388791e-03
3.399999999999950173e+00 3.629707494140657024e-03
3.404999999999950067e+00 3.635081883514983039e-03
3.409999999999949960e+00 3.640456541905741014e-03
3.414999999999948965e+00 3.645831463531599807e-03
3.419999999999948859e+00 3.651206643140642027e-03
3.424999999999949196e+00 3.656582075126175047e-03
3.429999999999949090e+00 3.661957754974303966e-03
3.434999999999948983e+00 3.667333677495043191e-03
3.439999999999948876e+00 3.672709838425989790e-03
3.444999999999949214e+00 3.678086233379823829e-03
3.449999999999949107e+00 3.683462857968698018e-03
3.454999999999949001e+00 3.688839708214158072e-03
3.459999999999948006e+00 3.694216780053025811e-03
3.464999999999947899e+00 3.699594070192969118e-03
3.469999999999947793e+00 3.704971574596747832e-03
3.474999999999948130e+00 3.710349290115897824e-03
3.479999999999948024e+00 3.715727213183145881e-03
3.484999999999947917e+00 3.721105340721969027e-03
3.489999999999947811e+00 3.726483669491274971e-03
3.494999999999948148e+00 3.731862196713842984e-03
3.499999999999948042e+00 3.737240919517549088e-03
3.504999999999947047e+00 3.742619834835925197e-03
3.509999999999946940e+00 3.747998940317685043e-03
3.514999999999946834e+00 3.753378233181905999e-03
3.519999999999947171e+00 3.758757711123493148e-03
3.524999999999947065e+00 3.764137371791801204e-03
3.529999999999946958e+00 3.769517212350964944e-03
3.534999999999946851e+00 3.774897231026001863e-03
3.539999999999947189e+00 3.780277425803986978e-03
3.544999999999947082e+00 3.785657794225483989e-03
3.549999999999946976e+00 3.791038334522067212e-03
3.554999999999945981e+00 3.796419044647488059e-03
3.559999999999945874e+00 3.801799922749907103e-03
3.564999999999946212e+00 3.807180967255620069e-03
3.569999999999946105e+00 3.812562176006301790e-03
3.574999999999945999e+00 3.817943547501671028e-03
3.579999999999945892e+00 3.823325080275484858e-03
3.584999999999945786e+00 3.828706772640232039e-03
3.589999999999946123e+00 3.834088623095740188e-03
3.594999999999946017e+00 3.839470630209632952e-03
3.599999999999945022e+00 3.844852792823677100e-03
3.604999999999944915e+00 3.850235109173922969e-03
3.609999999999944809e+00 3.855617578292106027e-03
3.614999999999945146e+00 3.861000198839936986e-03
3.619999999999945040e+00 3.866382969443792842e-03
3.624999999999944933e+00 3.871765889249095035e-03
3.629999999999944826e+00 3.877148956982877891e-03
