# vin_v vout_v
0.000000000000000000e+00 2.952688825197609113e+00
5.000000000000000104e-03 2.952011279879974026e+00
1.000000000000000021e-02 2.950016614245512869e+00
1.499999999999999944e-02 2.947084840945183970e+00
2.000000000000000042e-02 2.943593704216640905e+00
2.500000000000000139e-02 2.939735435544803099e+00
2.999999999999999889e-02 2.935611426866028051e+00
3.500000000000000333e-02 2.931296145469783898e+00
4.000000000000000083e-02 2.926840693112020997e+00
4.499999999999999833e-02 2.922280689188560210e+00
5.000000000000000278e-02 2.917641298098973213e+00
5.499999999999999334e-02 2.912940584392806898e+00
5.999999999999999084e-02 2.908191733898366049e+00
6.499999999999998834e-02 2.903404531509004016e+00
6.999999999999999278e-02 2.898586353242429858e+00
7.499999999999999722e-02 2.893742842859117204e+00
8.000000000000000167e-02 2.888878377663985031e+00
8.500000000000000611e-02 2.883996398183283016e+00
9.000000000000001055e-02 2.879099639523186038e+00
9.500000000000001499e-02 2.874190301168725981e+00
1.000000000000000056e-01 2.869270170891196958e+00
1.049999999999999961e-01 2.864340715497521117e+00
1.100000000000000006e-01 2.859403150852708020e+00
1.150000000000000050e-01 2.854458492947351989e+00
1.199999999999999956e-01 2.849507598970946187e+00
1.250000000000000000e-01 2.844551198240385048e+00
1.300000000000000044e-01 2.839589916108233858e+00
1.350000000000000089e-01 2.834624293622852953e+00
1.400000000000000133e-01 2.829654802697390892e+00
1.449999999999999900e-01 2.824681857502322035e+00
1.499999999999999944e-01 2.819705825487277995e+00
1.550000000000001099e-01 2.814727033859178995e+00
1.600000000000000866e-01 2.809745776354811042e+00
1.650000000000000910e-01 2.804762317761173129e+00
1.700000000000000955e-01 2.799776898181117968e+00
1.750000000000000999e-01 2.794789735985847123e+00
1.800000000000001044e-01 2.789801028942517025e+00
1.850000000000001088e-01 2.784810957378438090e+00
1.900000000000001132e-01 2.779819684434385874e+00
1.950000000000000899e-01 2.774827357652740911e+00
2.000000000000000944e-01 2.769834109581557957e+00
2.050000000000000988e-01 2.764840058381548005e+00
2.100000000000001033e-01 2.759845309660316826e+00
2.150000000000001077e-01 2.754849956273901057e+00
2.200000000000001121e-01 2.749854079727385159e+00
2.250000000000000888e-01 2.744857751400903823e+00
2.300000000000000933e-01 2.739861033222847908e+00
2.350000000000000977e-01 2.734863978512465099e+00
2.400000000000001021e-01 2.729866633208252846e+00
2.450000000000001066e-01 2.724869036899399077e+00
2.500000000000001110e-01 2.719871223554697792e+00
2.550000000000001155e-01 2.714873222136204856e+00
2.600000000000001199e-01 2.709875057367511886e+00
2.650000000000001243e-01 2.704876750610373914e+00
2.700000000000000733e-01 2.699878319750780964e+00
2.750000000000000777e-01 2.694879780500941013e+00
2.800000000000000822e-01 2.689881145949513996e+00
2.850000000000000866e-01 2.684882427535114857e+00
2.900000000000000910e-01 2.679883635068819103e+00
2.950000000000002065e-01 2.674884777104808098e+00
3.000000000000002109e-01 2.669885860613860018e+00
3.050000000000002154e-01 2.664886892270346141e+00
3.100000000000002198e-01 2.659887877216278174e+00
3.150000000000002243e-01 2.654888820303170860e+00
3.200000000000001732e-01 2.649889725900579140e+00
3.250000000000001776e-01 2.644890597331141180e+00
3.300000000000001821e-01 2.639891437854473111e+00
3.350000000000001865e-01 2.634892250119747814e+00
3.400000000000001910e-01 2.629893036926234107e+00
3.450000000000001954e-01 2.624893800039131975e+00
3.500000000000001998e-01 2.619894541679229860e+00
3.550000000000002043e-01 2.614895263553790983e+00
3.600000000000002087e-01 2.609895966859398175e+00
3.650000000000002132e-01 2.604896653322014810e+00
3.700000000000002176e-01 2.599897324052732994e+00
3.750000000000002220e-01 2.594897979940412824e+00
3.800000000000002265e-01 2.589898622123968153e+00
3.850000000000001754e-01 2.584899251578689938e+00
3.900000000000001799e-01 2.579899869058153161e+00
3.950000000000001843e-01 2.574900475104727082e+00
4.000000000000001887e-01 2.569901070585245861e+00
4.050000000000001932e-01 2.564901656027473109e+00
4.100000000000003086e-01 2.559902231933393058e+00
4.150000000000003131e-01 2.554902798911684147e+00
4.200000000000003175e-01 2.549903357261143810e+00
4.250000000000003220e-01 2.544903907505954965e+00
4.300000000000003264e-01 2.539904450275884074e+00
4.350000000000002753e-01 2.534904985354983875e+00
4.400000000000002798e-01 2.529905513501859105e+00
4.450000000000002842e-01 2.524906034989015780e+00
4.500000000000002887e-01 2.519906549962656062e+00
4.550000000000002931e-01 2.514907058855953892e+00
4.600000000000002975e-01 2.509907561594217906e+00
4.650000000000003020e-01 2.504908058823474004e+00
4.700000000000003064e-01 2.499908550493358916e+00
4.750000000000003109e-01 2.494909036804159985e+00
4.800000000000003153e-01 2.489909518198516025e+00
4.850000000000003197e-01 2.484909994455393178e+00
4.900000000000003242e-01 2.479910466084191967e+00
4.950000000000002731e-01 2.474910932993196866e+00
5.000000000000003331e-01 2.469911395445847813e+00
5.050000000000003375e-01 2.464911853713601886e+00
5.100000000000003419e-01 2.459912307747373017e+00
5.150000000000003464e-01 2.454912757629471809e+00
5.200000000000003508e-01 2.449913203669638051e+00
5.250000000000003553e-01 2.444913645879069009e+00
5.300000000000003597e-01 2.439914084396236138e+00
5.350000000000003642e-01 2.434914519206046180e+00
5.400000000000003686e-01 2.429914950307847210e+00
5.450000000000003730e-01 2.424915378286073064e+00
5.500000000000003775e-01 2.419915802772294011e+00
5.550000000000003819e-01 2.414916224148668800e+00
5.600000000000003864e-01 2.409916642221332950e+00
5.650000000000003908e-01 2.404917057275384185e+00
5.700000000000003952e-01 2.399917469295643979e+00
5.750000000000003997e-01 2.394917878314856807e+00
5.800000000000004041e-01 2.389918284526174830e+00
5.850000000000004086e-01 2.384918687884066912e+00
5.900000000000004130e-01 2.379919088449582887e+00
5.950000000000004174e-01 2.374919486540591151e+00
6.000000000000004219e-01 2.369919881783118853e+00
6.050000000000004263e-01 2.364920274444556991e+00
6.100000000000004308e-01 2.359920664676280921e+00
6.150000000000004352e-01 2.354921052438783136e+00
6.200000000000004396e-01 2.349921437818466075e+00
6.250000000000004441e-01 2.344921820867738926e+00
6.300000000000004485e-01 2.339922201480761021e+00
6.350000000000004530e-01 2.334922580007059878e+00
6.400000000000004574e-01 2.329922956170094039e+00
6.450000000000004619e-01 2.324923330312059999e+00
6.500000000000004663e-01 2.319923702293181123e+00
6.550000000000004707e-01 2.314924072133635047e+00
6.600000000000004752e-01 2.309924439993266798e+00
6.650000000000004796e-01 2.304924805745259153e+00
6.700000000000004841e-01 2.299925169706228179e+00
6.750000000000004885e-01 2.294925531608726033e+00
6.800000000000004929e-01 2.289925891607424990e+00
6.850000000000004974e-01 2.284926249747968985e+00
6.900000000000005018e-01 2.279926606088566121e+00
6.950000000000005063e-01 2.274926960758421046e+00
7.000000000000005107e-01 2.269927313559663151e+00
7.050000000000005151e-01 2.264927664828575882e+00
7.100000000000005196e-01 2.259928014202558177e+00
7.150000000000005240e-01 2.254928362079680948e+00
7.200000000000005285e-01 2.249928708167431068e+00
7.250000000000005329e-01 2.244929052808004144e+00
7.300000000000005373e-01 2.239929395988780936e+00
7.350000000000005418e-01 2.234929737338064104e+00
7.400000000000005462e-01 2.229930077280129819e+00
7.450000000000005507e-01 2.224930415806567918e+00
7.500000000000005551e-01 2.219930752827223852e+00
7.550000000000005596e-01 2.214931088427534167e+00
7.600000000000005640e-01 2.209931422759381814e+00
7.650000000000005684e-01 2.204931755422932849e+00
7.700000000000005729e-01 2.199932086921763119e+00
7.750000000000005773e-01 2.194932417064137997e+00
7.800000000000005818e-01 2.189932745760415855e+00
7.850000000000005862e-01 2.184933073471257092e+00
7.900000000000005906e-01 2.179933399669665040e+00
7.950000000000005951e-01 2.174933724647531097e+00
8.000000000000005995e-01 2.169934048498304957e+00
8.050000000000006040e-01 2.164934371107506195e+00
8.100000000000006084e-01 2.159934692517139876e+00
8.150000000000006128e-01 2.154935012846464826e+00
8.200000000000006173e-01 2.149935331912104175e+00
8.250000000000006217e-01 2.144935649909654796e+00
8.300000000000006262e-01 2.139935966916879817e+00
8.350000000000006306e-01 2.134936282677188046e+00
8.400000000000006350e-01 2.129936597391974828e+00
8.450000000000006395e-01 2.124936911074997159e+00
8.500000000000006439e-01 2.119937223762860867e+00
8.550000000000006484e-01 2.114937535447381833e+00
8.600000000000006528e-01 2.109937846084391833e+00
8.650000000000006573e-01 2.104938155770411878e+00
8.700000000000006617e-01 2.099938464487934198e+00
8.750000000000006661e-01 2.094938772333193810e+00
8.800000000000006706e-01 2.089939079237922215e+00
8.850000000000006750e-01 2.084939385121685973e+00
8.900000000000006795e-01 2.079939690023821175e+00
8.950000000000006839e-01 2.074939994346664207e+00
9.000000000000006883e-01 2.069940297479206048e+00
9.050000000000006928e-01 2.064940599951739841e+00
9.100000000000006972e-01 2.059940901582422157e+00
9.150000000000007017e-01 2.054941202264786160e+00
9.200000000000007061e-01 2.049941502239050806e+00
9.250000000000007105e-01 2.044941801245443003e+00
9.300000000000007150e-01 2.039942099706934187e+00
9.350000000000007194e-01 2.034942397100962808e+00
9.400000000000007239e-01 2.029942693990336000e+00
9.450000000000007283e-01 2.024942990005798027e+00
9.500000000000007327e-01 2.019943285268083866e+00
9.550000000000007372e-01 2.014943579804822082e+00
9.600000000000007416e-01 2.009943873741747211e+00
9.650000000000007461e-01 2.004944166807376860e+00
9.700000000000007505e-01 1.999944459340895042e+00
9.750000000000007550e-01 1.994944751039497977e+00
9.800000000000007594e-01 1.989945042213776105e+00
9.850000000000007638e-01 1.984945332585482003e+00
9.900000000000007683e-01 1.979945622400975935e+00
9.950000000000007727e-01 1.974945911459200953e+00
1.000000000000001110e+00 1.969946200022264060e+00
1.005000000000001004e+00 1.964946487899623895e+00
1.010000000000000009e+00 1.959946775130106067e+00
1.014999999999999902e+00 1.954947061894074967e+00
1.020000000000000018e+00 1.949947347928514096e+00
1.024999999999999911e+00 1.944947633457446035e+00
1.030000000000000027e+00 1.939947918257302950e+00
1.034999999999999920e+00 1.934948202676878060e+00
1.040000000000000036e+00 1.929948486381704020e+00
1.044999999999999929e+00 1.924948769644003965e+00
1.050000000000000044e+00 1.919949052289666946e+00
1.054999999999999050e+00 1.914949334564254979e+00
1.059999999999998943e+00 1.909949616165875108e+00
1.064999999999999059e+00 1.904949897310644014e+00
1.069999999999998952e+00 1.899950177959738085e+00
1.074999999999999067e+00 1.894950458157893980e+00
1.079999999999998961e+00 1.889950737710023976e+00
1.084999999999999076e+00 1.884951016945876967e+00
1.089999999999998970e+00 1.879951295493299090e+00
1.094999999999999085e+00 1.874951573787313919e+00
1.099999999999998979e+00 1.869951851461167047e+00
1.104999999999997984e+00 1.864952128777076945e+00
1.109999999999998099e+00 1.859952405734816017e+00
1.114999999999997993e+00 1.854952682110194928e+00
1.119999999999998108e+00 1.849952958053904917e+00
1.124999999999998002e+00 1.844953233442993001e+00
1.129999999999997895e+00 1.839953508650409963e+00
1.134999999999998010e+00 1.834953783303604036e+00
1.139999999999997904e+00 1.829954057645863941e+00
1.144999999999998019e+00 1.824954331446519973e+00
1.149999999999997025e+00 1.819954604863823988e+00
1.154999999999996918e+00 1.814954877910907038e+00
1.159999999999997033e+00 1.809955150608743901e+00
1.164999999999996927e+00 1.804955422878776972e+00
1.169999999999997042e+00 1.799955694803599959e+00
1.174999999999996936e+00 1.794955966342058895e+00
1.179999999999997051e+00 1.789956237643536952e+00
1.184999999999996945e+00 1.784956508415006970e+00
1.189999999999997060e+00 1.779956778892880953e+00
1.194999999999996954e+00 1.774957049010084109e+00
1.199999999999995959e+00 1.769957318706246951e+00
1.204999999999996074e+00 1.764957588290940071e+00
1.209999999999995968e+00 1.759957857232393952e+00
1.214999999999996083e+00 1.754958126072097002e+00
1.219999999999995977e+00 1.749958394500765957e+00
1.224999999999996092e+00 1.744958662684553019e+00
1.229999999999995985e+00 1.739958930257500924e+00
1.234999999999996101e+00 1.734959197743136894e+00
1.239999999999995994e+00 1.729959465020328935e+00
1.244999999999995000e+00 1.724959731867784063e+00
1.249999999999994893e+00 1.719959998365254927e+00
1.254999999999995008e+00 1.714960264795422962e+00
1.259999999999994902e+00 1.709960530705018078e+00
1.264999999999995017e+00 1.704960796431862047e+00
1.269999999999994911e+00 1.699961061845896904e+00
1.274999999999995026e+00 1.694961326940586099e+00
1.279999999999994920e+00 1.689961591673182051e+00
1.284999999999995035e+00 1.684961856274413083e+00
1.289999999999994040e+00 1.679962120677884974e+00
1.294999999999993934e+00 1.674962384720231956e+00
1.299999999999994049e+00 1.669962648414412110e+00
1.304999999999993943e+00 1.664962911905889076e+00
1.309999999999994058e+00 1.659963175152882053e+00
1.314999999999993952e+00 1.654963438166646039e+00
1.319999999999994067e+00 1.649963700989530935e+00
1.324999999999993960e+00 1.644963963539282981e+00
1.329999999999994076e+00 1.639964225695166977e+00
1.334999999999993969e+00 1.634964487774482000e+00
1.339999999999992975e+00 1.629964749435260041e+00
1.344999999999993090e+00 1.624965011109281932e+00
1.349999999999992983e+00 1.619965272496812991e+00
1.354999999999993099e+00 1.614965533476321990e+00
1.359999999999992992e+00 1.609965794361073899e+00
1.364999999999993108e+00 1.604966055137821979e+00
1.369999999999993001e+00 1.599966315504047998e+00
1.374999999999992895e+00 1.594966575776936901e+00
1.379999999999993010e+00 1.589966835750771912e+00
1.384999999999992015e+00 1.584967095592958009e+00
1.389999999999991909e+00 1.579967355183043987e+00
1.394999999999992024e+00 1.574967614653814962e+00
1.399999999999991918e+00 1.569967873797394997e+00
1.404999999999992033e+00 1.564968132776584975e+00
1.409999999999991926e+00 1.559968391609289018e+00
1.414999999999992042e+00 1.554968650189948898e+00
1.419999999999991935e+00 1.549968908628897912e+00
1.424999999999992051e+00 1.544969166875717059e+00
1.429999999999991944e+00 1.539969424974799050e+00
1.434999999999990949e+00 1.534969682866119012e+00
1.439999999999991065e+00 1.529969940461568978e+00
1.444999999999990958e+00 1.524970198079528938e+00
1.449999999999991074e+00 1.519970455314592073e+00
1.454999999999990967e+00 1.514970712473654890e+00
1.459999999999991083e+00 1.509970969365497018e+00
1.464999999999990976e+00 1.504971226267344031e+00
1.469999999999991092e+00 1.499971482873377004e+00
1.474999999999990985e+00 1.494971739523804910e+00
1.479999999999989990e+00 1.489971995799181048e+00
1.484999999999990106e+00 1.484972251876399918e+00
1.489999999999989999e+00 1.479972508065032111e+00
1.494999999999989893e+00 1.474972763805852072e+00
1.499999999999990008e+00 1.469973019555141036e+00
1.504999999999989901e+00 1.464973275078421011e+00
1.509999999999990017e+00 1.459973530461013969e+00
1.514999999999989910e+00 1.454973785744527959e+00
1.519999999999990026e+00 1.449974040877862080e+00
1.524999999999989031e+00 1.444974295831058964e+00
1.529999999999988924e+00 1.439974550779310913e+00
1.534999999999989040e+00 1.434974805508260953e+00
1.539999999999988933e+00 1.429975059962828032e+00
1.544999999999989049e+00 1.424975314348899014e+00
1.549999999999988942e+00 1.419975568708423008e+00
1.554999999999989058e+00 1.414975822884172896e+00
1.559999999999988951e+00 1.409976076859777994e+00
1.564999999999989067e+00 1.404976330763815895e+00
1.569999999999988960e+00 1.399976584506873900e+00
1.574999999999987965e+00 1.394976838163132005e+00
1.579999999999988081e+00 1.389977091759420080e+00
1.584999999999987974e+00 1.384977345177730967e+00
1.589999999999988090e+00 1.379977598659082094e+00
1.594999999999987983e+00 1.374977851710071031e+00
1.599999999999988098e+00 1.369978104834274069e+00
1.604999999999987992e+00 1.364978357836946987e+00
1.609999999999988107e+00 1.359978610666644050e+00
1.614999999999988001e+00 1.354978863392716004e+00
1.619999999999987006e+00 1.349979116158521952e+00
1.624999999999986899e+00 1.344979368783469909e+00
1.629999999999987015e+00 1.339979621124427922e+00
1.634999999999986908e+00 1.334979873540419026e+00
1.639999999999987024e+00 1.329980125891438991e+00
1.644999999999986917e+00 1.324980377976771928e+00
1.649999999999987033e+00 1.319980630032659974e+00
1.654999999999986926e+00 1.314980882198085954e+00
1.659999999999987041e+00 1.309981133897508920e+00
1.664999999999986047e+00 1.304981385767632895e+00
1.669999999999985940e+00 1.299981637585005956e+00
1.674999999999986056e+00 1.294981889048073986e+00
1.679999999999985949e+00 1.289982140613630923e+00
1.684999999999986064e+00 1.284982392137294038e+00
1.689999999999985958e+00 1.279982643587971092e+00
1.694999999999986073e+00 1.274982894996866900e+00
1.699999999999985967e+00 1.269983146205788893e+00
1.704999999999986082e+00 1.264983397379410013e+00
1.709999999999985976e+00 1.259983648506703968e+00
1.714999999999984981e+00 1.254983899509227063e+00
1.719999999999985096e+00 1.249984150524710014e+00
1.724999999999984990e+00 1.244984401439467092e+00
1.729999999999985105e+00 1.239984652443751889e+00
1.734999999999984999e+00 1.234984903156828073e+00
1.739999999999984892e+00 1.229985153900087891e+00
1.744999999999985008e+00 1.224985404531083066e+00
1.749999999999984901e+00 1.219985655259961055e+00
1.754999999999985016e+00 1.214985905945126898e+00
1.759999999999984022e+00 1.209986156407353963e+00
1.764999999999983915e+00 1.204986406879015925e+00
1.769999999999984031e+00 1.199986657201975948e+00
1.774999999999983924e+00 1.194986907648057928e+00
1.779999999999984039e+00 1.189987157950100016e+00
1.784999999999983933e+00 1.184987408243443952e+00
1.789999999999984048e+00 1.179987658542700046e+00
1.794999999999983942e+00 1.174987908851903962e+00
1.799999999999984057e+00 1.169988159095850966e+00
1.804999999999983951e+00 1.164988409195814034e+00
1.809999999999982956e+00 1.159988659270652978e+00
1.814999999999983071e+00 1.154988909461849067e+00
1.819999999999982965e+00 1.149989159473421063e+00
1.824999999999983080e+00 1.144989409511139922e+00
1.829999999999982974e+00 1.139989659590127991e+00
1.834999999999983089e+00 1.134989909634497973e+00
1.839999999999982983e+00 1.129990159605994915e+00
1.844999999999983098e+00 1.124990409688735093e+00
1.849999999999982991e+00 1.119990659589519044e+00
1.854999999999981997e+00 1.114990909515370054e+00
1.859999999999981890e+00 1.109991159474873035e+00
1.864999999999982006e+00 1.104991409505658106e+00
1.869999999999981899e+00 1.099991659414343070e+00
1.874999999999982014e+00 1.094991909325983892e+00
1.879999999999981908e+00 1.089992159183168052e+00
1.884999999999982023e+00 1.084992409230495003e+00
1.889999999999981917e+00 1.079992659096546959e+00
1.894999999999982032e+00 1.074992909011428077e+00
1.899999999999981037e+00 1.069993159054944964e+00
1.904999999999980931e+00 1.064993408958571086e+00
1.909999999999981046e+00 1.059993658949281103e+00
1.914999999999980940e+00 1.054993908977450934e+00
1.919999999999981055e+00 1.049994158919673959e+00
1.924999999999980949e+00 1.044994409051924089e+00
1.929999999999981064e+00 1.039994659179853898e+00
1.934999999999980957e+00 1.034994909220642967e+00
1.939999999999981073e+00 1.029995159379097913e+00
1.944999999999980966e+00 1.024995409475139008e+00
1.949999999999979972e+00 1.019995659782467090e+00
1.954999999999980087e+00 1.014995909921367012e+00
1.959999999999979980e+00 1.009996160216132921e+00
1.964999999999980096e+00 1.004996410529769957e+00
1.969999999999979989e+00 9.999966608946238011e-01
1.974999999999980105e+00 9.949969113239944818e-01
1.979999999999979998e+00 9.899971617131200219e-01
1.984999999999979892e+00 9.849974122416256250e-01
1.989999999999980007e+00 9.799976627882642788e-01
1.994999999999979012e+00 9.749979134824116045e-01
1.999999999999978906e+00 9.699981640708301711e-01
2.004999999999979021e+00 9.649984148171597553e-01
2.009999999999978915e+00 9.599986656033365762e-01
2.014999999999978808e+00 9.549989165617489562e-01
2.019999999999979146e+00 9.499991674638295081e-01
2.024999999999979039e+00 9.449994185875425501e-01
2.029999999999978932e+00 9.399996697544565905e-01
2.034999999999978826e+00 9.349999209003954093e-01
2.039999999999979163e+00 9.300001721911144159e-01
2.044999999999979057e+00 9.250004236739073349e-01
2.049999999999978950e+00 9.200006750815532541e-01
2.054999999999977955e+00 9.150009266962229049e-01
2.059999999999977849e+00 9.100011783891091000e-01
2.064999999999978186e+00 9.050014302603131000e-01
2.069999999999978080e+00 9.000016820713199195e-01
2.074999999999977973e+00 8.950019341464212630e-01
2.079999999999977867e+00 8.900021863677807232e-01
2.084999999999978204e+00 8.850024385842516494e-01
2.089999999999978098e+00 8.800026909772213912e-01
2.094999999999977991e+00 8.750029433833219628e-01
2.099999999999976996e+00 8.700031960224237082e-01
2.104999999999976890e+00 8.650034487248490223e-01
2.109999999999976783e+00 8.600037016944384050e-01
2.114999999999977121e+00 8.550039548732684125e-01
2.119999999999977014e+00 8.500042079940044459e-01
2.124999999999976907e+00 8.450044614897365136e-01
2.129999999999976801e+00 8.400047149592069218e-01
2.134999999999977138e+00 8.350049686541183291e-01
2.139999999999977032e+00 8.300052226014713597e-01
2.144999999999976037e+00 8.250054767080996498e-01
2.149999999999975930e+00 8.200057308881127938e-01
2.154999999999975824e+00 8.150059852644631064e-01
2.159999999999976161e+00 8.100062400370120486e-01
2.164999999999976055e+00 8.050064947274790939e-01
2.169999999999975948e+00 8.000067497980012377e-01
2.174999999999975842e+00 7.950070051577426966e-01
2.179999999999976179e+00 7.900072605330024089e-01
2.184999999999976072e+00 7.850075161278482483e-01
2.189999999999975966e+00 7.800077720653462166e-01
2.194999999999974971e+00 7.750080282127669307e-01
2.199999999999974865e+00 7.700082845258862108e-01
2.204999999999975202e+00 7.650085411323743756e-01
2.209999999999975095e+00 7.600087979771501523e-01
2.214999999999974989e+00 7.550090551288235474e-01
2.219999999999974882e+00 7.500093124958198132e-01
2.224999999999975220e+00 7.450095701581176399e-01
2.229999999999975113e+00 7.400098280816109764e-01
2.234999999999975007e+00 7.350100863588409084e-01
2.239999999999974012e+00 7.300103449632047159e-01
2.244999999999973905e+00 7.250106037716932406e-01
2.249999999999973799e+00 7.200108628959469570e-01
2.254999999999974136e+00 7.150111224248121289e-01
2.259999999999974030e+00 7.100113822371554306e-01
2.264999999999973923e+00 7.050116425193095893e-01
2.269999999999973817e+00 7.000119029071925070e-01
2.274999999999974154e+00 6.950121638042787708e-01
2.279999999999974047e+00 6.900124252053387863e-01
2.284999999999973053e+00 6.850126867101948847e-01
2.289999999999972946e+00 6.800129488720472182e-01
2.294999999999972840e+00 6.750132113257336641e-01
2.299999999999973177e+00 6.700134741496412971e-01
2.304999999999973070e+00 6.650137374181781524e-01
2.309999999999972964e+00 6.600140010721133876e-01
2.314999999999972857e+00 6.550142652976091995e-01
2.319999999999973195e+00 6.500145299448831793e-01
2.324999999999973088e+00 6.450147950604332436e-01
2.329999999999972982e+00 6.400150608284320697e-01
2.334999999999971987e+00 6.350153268273857066e-01
2.339999999999971880e+00 6.300155934242184230e-01
2.344999999999972218e+00 6.250158606387117288e-01
2.349999999999972111e+00 6.200161283264264966e-01
2.354999999999972005e+00 6.150163966899526713e-01
2.359999999999971898e+00 6.100166656422061351e-01
2.364999999999971791e+00 6.050169352317880112e-01
2.369999999999972129e+00 6.000172053138612682e-01
2.374999999999972022e+00 5.950174762002120588e-01
2.379999999999971028e+00 5.900177477453212305e-01
2.384999999999970921e+00 5.850180197949725880e-01
2.389999999999970814e+00 5.800182925934791456e-01
2.394999999999971152e+00 5.750185662833473543e-01
2.399999999999971045e+00 5.700188406694906007e-01
2.404999999999970939e+00 5.650191158296138383e-01
2.409999999999970832e+00 5.600193917049409720e-01
2.414999999999971170e+00 5.550196684184811602e-01
2.419999999999971063e+00 5.500199461322381467e-01
2.424999999999970957e+00 5.450202247489528418e-01
2.429999999999969962e+00 5.400205041249250826e-01
2.434999999999969855e+00 5.350207846369130493e-01
2.439999999999970193e+00 5.300210660656148320e-01
2.444999999999970086e+00 5.250213485081189901e-01
2.449999999999969980e+00 5.200216322104438404e-01
2.454999999999969873e+00 5.150219167288128119e-01
2.459999999999970210e+00 5.100222025667449088e-01
2.464999999999970104e+00 5.050224897374278044e-01
2.469999999999969997e+00 5.000227779805186401e-01
2.474999999999969003e+00 4.950230674659223951e-01
2.479999999999968896e+00 4.900233583427394124e-01
2.484999999999968789e+00 4.850236506754300181e-01
2.489999999999969127e+00 4.800239445831949170e-01
2.494999999999969020e+00 4.750242397506668213e-01
2.499999999999968914e+00 4.700245366727813234e-01
2.504999999999968807e+00 4.650248352891139803e-01
2.509999999999969145e+00 4.600251356707759087e-01
2.514999999999969038e+00 4.550254376668477208e-01
2.519999999999968043e+00 4.500257418096111905e-01
2.524999999999967937e+00 4.450260477862570951e-01
2.529999999999967830e+00 4.400263558799792918e-01
2.534999999999968168e+00 4.350266663828393221e-01
2.539999999999968061e+00 4.300269790636547795e-01
2.544999999999967955e+00 4.250272942355194927e-01
2.549999999999967848e+00 4.200276119498767002e-01
2.554999999999968185e+00 4.150279323407061738e-01
2.559999999999968079e+00 4.100282557482727852e-01
2.564999999999967972e+00 4.050285820496811184e-01
2.569999999999966978e+00 4.000289117371381153e-01
2.574999999999966871e+00 3.950292447393621842e-01
2.579999999999967208e+00 3.900295814887613233e-01
2.584999999999967102e+00 3.850299221301725083e-01
2.589999999999966995e+00 3.800302667606275109e-01
2.594999999999966889e+00 3.750306160208651818e-01
2.599999999999966782e+00 3.700309699482887127e-01
2.604999999999967120e+00 3.650313291014413153e-01
2.609999999999967013e+00 3.600316936314130190e-01
2.614999999999966018e+00 3.550320641782604980e-01
2.619999999999965912e+00 3.500324412343616132e-01
2.624999999999965805e+00 3.450328252437770971e-01
2.629999999999966143e+00 3.400332168334899152e-01
2.634999999999966036e+00 3.350336166722627240e-01
2.639999999999965929e+00 3.300340256529353256e-01
2.644999999999965823e+00 3.250344446134648124e-01
2.649999999999966160e+00 3.200348746251506782e-01
2.654999999999966054e+00 3.150353166853677167e-01
2.659999999999965947e+00 3.100357722528315207e-01
2.664999999999964952e+00 3.050362430469136243e-01
2.669999999999964846e+00 3.000367307718931897e-01
2.674999999999965183e+00 2.950372373967127260e-01
2.679999999999965077e+00 2.900377658673676251e-01
2.684999999999964970e+00 2.850383186728607243e-01
2.689999999999964864e+00 2.800388996953984133e-01
2.694999999999965201e+00 2.750395129747290057e-01
2.699999999999965095e+00 2.700401634963328079e-01
2.704999999999964988e+00 2.650408576102166180e-01
2.709999999999963993e+00 2.600416024513946822e-01
2.714999999999963887e+00 2.550424075773776167e-01
2.719999999999963780e+00 2.500432834973764784e-01
2.724999999999964118e+00 2.450442443221164113e-01
2.729999999999964011e+00 2.400453068237027032e-01
2.734999999999963904e+00 2.350464918076937970e-01
2.739999999999963798e+00 2.300478247164789991e-01
2.744999999999964135e+00 2.250493373925692986e-01
2.749999999999964029e+00 2.200510686488356960e-01
2.754999999999963034e+00 2.150530647886270963e-01
2.759999999999962927e+00 2.100553821649598085e-01
2.764999999999962821e+00 2.050580859813422030e-01
2.769999999999963158e+00 2.000612519569884007e-01
2.774999999999963052e+00 1.950649637303066009e-01
2.779999999999962945e+00 1.900693129067506093e-01
2.784999999999962839e+00 1.850743953894138094e-01
2.789999999999963176e+00 1.800803081372741865e-01
2.794999999999963070e+00 1.750871476077283106e-01
2.799999999999962963e+00 1.700950058901629092e-01
2.804999999999961968e+00 1.651039699835266106e-01
2.809999999999961862e+00 1.601141211226657923e-01
2.814999999999962199e+00 1.551255350926953880e-01
2.819999999999962093e+00 1.501382828081085918e-01
2.824999999999961986e+00 1.451524318011321035e-01
2.829999999999961879e+00 1.401680486665330960e-01
2.834999999999962217e+00 1.351851991688030885e-01
2.839999999999962110e+00 1.302039513526623005e-01
2.844999999999962004e+00 1.252243762043062092e-01
2.849999999999961009e+00 1.202465504103483046e-01
2.854999999999960902e+00 1.152705570279394937e-01
2.859999999999960796e+00 1.102964880028035055e-01
2.864999999999961133e+00 1.053244466622249992e-01
2.869999999999961027e+00 1.003545491566563974e-01
2.874999999999960920e+00 9.538692857832398175e-02
2.879999999999960814e+00 9.042173780412632311e-02
2.884999999999961151e+00 8.545915467390097220e-02
2.889999999999961044e+00 8.049938747249285598e-02
2.894999999999960050e+00 7.554268297551036682e-02
2.899999999999959943e+00 7.058933655272570107e-02
2.904999999999959837e+00 6.563970567243604393e-02
2.909999999999960174e+00 6.069423015858377290e-02
2.914999999999960067e+00 5.575345939719889010e-02
2.919999999999959961e+00 5.081809244728607844e-02
2.924999999999959854e+00 4.588903944458277984e-02
2.929999999999960192e+00 4.096751898750627952e-02
2.934999999999960085e+00 3.605521695377599672e-02
2.939999999999959979e+00 3.115456681575045836e-02
2.944999999999958984e+00 2.626927859212712865e-02
2.949999999999958877e+00 2.140543639712821911e-02
2.954999999999959215e+00 1.657409934879539026e-02
2.959999999999959108e+00 1.179873442512580084e-02
2.964999999999959002e+00 7.155997176141848382e-03
2.969999999999958895e+00 3.102454536637135052e-03
2.974999999999958789e+00 2.436854171258373818e-03
2.979999999999959126e+00 2.440541927394135942e-03
2.984999999999959019e+00 2.444625541070269067e-03
2.989999999999958025e+00 2.448737001558590805e-03
2.994999999999957918e+00 2.452854733892454158e-03
2.999999999999957812e+00 2.456973501295763029e-03
3.004999999999958149e+00 2.461093277061082978e-03
3.009999999999958042e+00 2.465213806777726176e-03
3.014999999999957936e+00 2.469334838353052022e-03
3.019999999999957829e+00 2.473456233049964054e-03
3.024999999999958167e+00 2.477577908801412935e-03
3.029999999999958060e+00 2.481699813454888055e-03
3.034999999999957954e+00 2.485821911626358207e-03
3.039999999999956959e+00 2.489944179058752212e-03
3.044999999999956852e+00 2.494066598828208019e-03
3.049999999999957190e+00 2.498189158029599007e-03
3.054999999999957083e+00 2.502311847193247965e-03
3.059999999999956977e+00 2.506434659184572037e-03
3.064999999999956870e+00 2.510557588417046057e-03
3.069999999999957208e+00 2.514680630635388135e-03
3.074999999999957101e+00 2.518803782199195186e-03
3.079999999999956994e+00 2.522927040184510996e-03
3.084999999999956000e+00 2.527050402500017993e-03
3.089999999999955893e+00 2.531173867384957973e-03
3.094999999999955786e+00 2.535297433106203837e-03
3.099999999999956124e+00 2.539421098628757111e-03
3.104999999999956017e+00 2.543544862388232020e-03
3.109999999999955911e+00 2.547668723978963913e-03
3.114999999999955804e+00 2.551792682337850927e-03
3.119999999999956142e+00 2.555916737122838987e-03
3.124999999999956035e+00 2.560040887391723009e-03
3.129999999999955040e+00 2.564165132730878999e-03
3.134999999999954934e+00 2.568289472763106950e-03
3.139999999999954827e+00 2.572413907510842906e-03
3.144999999999955165e+00 2.576538436108188803e-03
3.149999999999955058e+00 2.580663058326468189e-03
3.154999999999954952e+00 2.584787774296411992e-03
3.159999999999954845e+00 2.588912583471179862e-03
3.164999999999955183e+00 2.593037485924344892e-03
3.169999999999955076e+00 2.597162481300672142e-03
3.174999999999954969e+00 2.601287569361622823e-03
3.179999999999953975e+00 2.605412750163786217e-03
3.184999999999953868e+00 2.609538023769978829e-03
3.189999999999954206e+00 2.613663389498079200e-03
3.194999999999954099e+00 2.617788847845472881e-03
3.199999999999953992e+00 2.621914398443453940e-03
3.204999999999953886e+00 2.626040041136840086e-03
3.209999999999953779e+00 2.630165776033027182e-03
3.214999999999954117e+00 2.634291602977126973e-03
3.219999999999954010e+00 2.638417522006842805e-03
3.224999999999953015e+00 2.642543533119125904e-03
3.229999999999952909e+00 2.646669636113365039e-03
3.234999999999952802e+00 2.650795831077070938e-03
3.239999999999953140e+00 2.654922117670371808e-03
3.244999999999953033e+00 2.659048496441743844e-03
3.249999999999952927e+00 2.663174966774487212e-03
3.254999999999952820e+00 2.667301528925845790e-03
3.259999999999953157e+00 2.671428182972137005e-03
3.264999999999953051e+00 2.675554928634867047e-03
3.269999999999952944e+00 2.679681765959284010e-03
3.274999999999951950e+00 2.683808695143498086e-03
3.279999999999951843e+00 2.687935716013166096e-03
3.284999999999952180e+00 2.692062828708840106e-03
3.289999999999952074e+00 2.696190032850006787e-03
3.294999999999951967e+00 2.700317328635461981e-03
3.299999999999951861e+00 2.704444716131561895e-03
3.304999999999952198e+00 2.708572195349689786e-03
3.309999999999952092e+00 2.712699766154231043e-03
3.314999999999951985e+00 2.716827428722144808e-03
3.319999999999950990e+00 2.720955182847616984e-03
3.324999999999950884e+00 2.725083028608741784e-03
3.329999999999951221e+00 2.729210965956864986e-03
3.334999999999951115e+00 2.733338994952076110e-03
3.339999999999951008e+00 2.737467115700064919e-03
3.344999999999950901e+00 2.741595327911310834e-03
3.349999999999950795e+00 2.745723631929669877e-03
3.354999999999951132e+00 2.749852027557161092e-03
3.359999999999951026e+00 2.753980514519597991e-03
3.364999999999950031e+00 2.758109093558488989e-03
3.369999999999949925e+00 2.762237763827926108e-03
3.374999999999949818e+00 2.766366526130809196e-03
3.379999999999950155e+00 2.770495379719778179e-03
3.384999999999950049e+00 2.774624325291194862e-03
3.389999999999949942e+00 2.778753362312130076e-03
3.394999999999949836e+00 2.782882491117526832e-03
3.399999999999950173e+00 2.787011711322315115e-03
3.404999999999950067e+00 2.791141023323639916e-03
3.409999999999949960e+00 2.795270427124722182e-03
3.414999999999948965e+00 2.799399922611433156e-03
3.419999999999948859e+00 2.803529509788283986e-03
3.424999999999949196e+00 2.807659188539007866e-03
3.429999999999949090e+00 2.811788959009796883e-03
3.434999999999948983e+00 2.815918821291340211e-03
3.439999999999948876e+00 2.820048775180418032e-03
3.444999999999949214e+00 2.824178820738626906e-03
3.449999999999949107e+00 2.828308958146136948e-03
3.454999999999949001e+00 2.832439187358210941e-03
3.459999999999948006e+00 2.836569508205009048e-03
3.464999999999947899e+00 2.840699920693537817e-03
3.469999999999947793e+00 2.844830424933880199e-03
3.474999999999948130e+00 2.848961021054642086e-03
3.479999999999948024e+00 2.853091709095052081e-03
3.484999999999947917e+00 2.857222488701641194e-03
3.489999999999947811e+00 2.861353360052549047e-03
3.494999999999948148e+00 2.865484323256116926e-03
3.499999999999948042e+00 2.869615378300408200e-03
3.504999999999947047e+00 2.873746525120461810e-03
3.509999999999946940e+00 2.877877763935752804e-03
3.514999999999946834e+00 2.882009094323928922e-03
3.519999999999947171e+00 2.886140516708064936e-03
3.524999999999947065e+00 2.890272030780904021e-03
3.529999999999946958e+00 2.894403636880287910e-03
3.534999999999946851e+00 2.898535334674586048e-03
3.539999999999947189e+00 2.902667124180282211e-03
3.544999999999947082e+00 2.906799005860056205e-03
3.549999999999946976e+00 2.910930979299522058e-03
3.554999999999945981e+00 2.915063044418898970e-03
3.559999999999945874e+00 2.919195201684883934e-03
3.564999999999946212e+00 2.923327450648157116e-03
3.569999999999946105e+00 2.927459791575172908e-03
3.574999999999945999e+00 2.931592224615431948e-03
3.579999999999945892e+00 2.935724749415938827e-03
3.584999999999945786e+00 2.939857365962644884e-03
3.589999999999946123e+00 2.943990074682142043e-03
3.594999999999946017e+00 2.948122875191003939e-03
3.599999999999945022e+00 2.952255767736419994e-03
3.604999999999944915e+00 2.956388752147598008e-03
3.609999999999944809e+00 2.960521828537873105e-03
3.614999999999945146e+00 2.964654997011195985e-03
3.619999999999945040e+00 2.968788257307646093e-03
3.624999999999944933e+00 2.972921609678266103e-03
3.629999999999944826e+00 2.977055053902389215e-03
