# vin_v vout_v
0.000000000000000000e+00 2.952646823922938868e+00
5.000000000000000104e-03 2.952249921859546156e+00
1.000000000000000021e-02 2.950746635975011856e+00
1.499999999999999944e-02 2.947895909913436086e+00
2.000000000000000042e-02 2.944376436951420040e+00
2.500000000000000139e-02 2.940455170322088918e+00
2.999999999999999889e-02 2.936260725873228061e+00
3.500000000000000333e-02 2.931877260695901821e+00
4.000000000000000083e-02 2.927359341187618202e+00
4.499999999999999833e-02 2.922743407906010837e+00
5.000000000000000278e-02 2.918054394171623045e+00
5.499999999999999334e-02 2.913309757326524974e+00
5.999999999999999084e-02 2.908521985707984037e+00
6.499999999999998834e-02 2.903700195241086135e+00
6.999999999999999278e-02 2.898851165015341014e+00
7.499999999999999722e-02 2.893980023759597842e+00
8.000000000000000167e-02 2.889090712918683135e+00
8.500000000000000611e-02 2.884186305516962978e+00
9.000000000000001055e-02 2.879269229516700168e+00
9.500000000000001499e-02 2.874341427106212876e+00
1.000000000000000056e-01 2.869404469625775000e+00
1.049999999999999961e-01 2.864459642584031851e+00
1.100000000000000006e-01 2.859508008169211024e+00
1.150000000000000050e-01 2.854550453484229866e+00
1.199999999999999956e-01 2.849587725778825131e+00
1.250000000000000000e-01 2.844620461097420172e+00
1.300000000000000044e-01 2.839649205218897077e+00
1.350000000000000089e-01 2.834674431077467194e+00
1.400000000000000133e-01 2.829696551843472019e+00
1.449999999999999900e-01 2.824715930511980222e+00
1.499999999999999944e-01 2.819732889377097873e+00
1.550000000000001099e-01 2.814747714673970780e+00
1.600000000000000866e-01 2.809760663221157806e+00
1.650000000000000910e-01 2.804771964509871207e+00
1.700000000000000955e-01 2.799781824308772205e+00
1.750000000000000999e-01 2.794790427060717786e+00
1.800000000000001044e-01 2.789797937227460167e+00
1.850000000000001088e-01 2.784804500659606052e+00
1.900000000000001132e-01 2.779810246813795960e+00
1.950000000000000899e-01 2.774815288890798204e+00
2.000000000000000944e-01 2.769819725932385790e+00
2.050000000000000988e-01 2.764823644197420993e+00
2.100000000000001033e-01 2.759827117730961010e+00
2.150000000000001077e-01 2.754830210444322081e+00
2.200000000000001121e-01 2.749832976988254796e+00
2.250000000000000888e-01 2.744835463614478055e+00
2.300000000000000933e-01 2.739837710378175029e+00
2.350000000000000977e-01 2.734839750687526827e+00
2.400000000000001021e-01 2.729841612937760953e+00
2.450000000000001066e-01 2.724843321547731012e+00
2.500000000000001110e-01 2.719844897017268170e+00
2.550000000000001155e-01 2.714846356743827016e+00
2.600000000000001199e-01 2.709847715483058028e+00
2.650000000000001243e-01 2.704848985920747850e+00
2.700000000000000733e-01 2.699850178669166212e+00
2.750000000000000777e-01 2.694851303319155011e+00
2.800000000000000822e-01 2.689852367248818155e+00
2.850000000000000866e-01 2.684853377646164052e+00
2.900000000000000910e-01 2.679854340122573841e+00
2.950000000000002065e-01 2.674855259855903000e+00
3.000000000000002109e-01 2.669856141051794918e+00
3.050000000000002154e-01 2.664856987702194147e+00
3.100000000000002198e-01 2.659857803112445129e+00
3.150000000000002243e-01 2.654858589975503946e+00
3.200000000000001732e-01 2.649859351099565163e+00
3.250000000000001776e-01 2.644860088540568199e+00
3.300000000000001821e-01 2.639860804388845850e+00
3.350000000000001865e-01 2.634861500254146005e+00
3.400000000000001910e-01 2.629862177756422170e+00
3.450000000000001954e-01 2.624862838300999091e+00
3.500000000000001998e-01 2.619863483227064194e+00
3.550000000000002043e-01 2.614864113530344980e+00
3.600000000000002087e-01 2.609864729879490142e+00
3.650000000000002132e-01 2.604865333780622905e+00
3.700000000000002176e-01 2.599865925639193165e+00
3.750000000000002220e-01 2.594866506253226124e+00
3.800000000000002265e-01 2.589867076308991045e+00
3.850000000000001754e-01 2.584867636485768116e+00
3.900000000000001799e-01 2.579868187050266215e+00
3.950000000000001843e-01 2.574868728734144963e+00
4.000000000000001887e-01 2.569869262085347827e+00
4.050000000000001932e-01 2.564869787306121918e+00
4.100000000000003086e-01 2.559870304717862144e+00
4.150000000000003131e-01 2.554870814980291005e+00
4.200000000000003175e-01 2.549871318169750101e+00
4.250000000000003220e-01 2.544871814741128002e+00
4.300000000000003264e-01 2.539872304786143786e+00
4.350000000000002753e-01 2.534872788761305173e+00
4.400000000000002798e-01 2.529873266821538902e+00
4.450000000000002842e-01 2.524873739230940828e+00
4.500000000000002887e-01 2.519874206134744998e+00
4.550000000000002931e-01 2.514874667809948949e+00
4.600000000000002975e-01 2.509875124376491851e+00
4.650000000000003020e-01 2.504875576140761950e+00
4.700000000000003064e-01 2.499876023073142051e+00
4.750000000000003109e-01 2.494876465368236040e+00
4.800000000000003153e-01 2.489876903204760072e+00
4.850000000000003197e-01 2.484877336828418048e+00
4.900000000000003242e-01 2.479877766196949995e+00
4.950000000000002731e-01 2.474878191600196953e+00
5.000000000000003331e-01 2.469878612951247998e+00
5.050000000000003375e-01 2.464879030597672216e+00
5.100000000000003419e-01 2.459879444444510010e+00
5.150000000000003464e-01 2.454879854650699134e+00
5.200000000000003508e-01 2.449880261391740977e+00
5.250000000000003553e-01 2.444880664727036912e+00
5.300000000000003597e-01 2.439881064706157066e+00
5.350000000000003642e-01 2.434881461420018933e+00
5.400000000000003686e-01 2.429881854899833105e+00
5.450000000000003730e-01 2.424882245419042182e+00
5.500000000000003775e-01 2.419882632811976020e+00
5.550000000000003819e-01 2.414883017265168963e+00
5.600000000000003864e-01 2.409883398817498801e+00
5.650000000000003908e-01 2.404883777583706195e+00
5.700000000000003952e-01 2.399884153643200069e+00
5.750000000000003997e-01 2.394884526990693985e+00
5.800000000000004041e-01 2.389884897558375076e+00
5.850000000000004086e-01 2.384885265722545000e+00
5.900000000000004130e-01 2.379885631266688950e+00
5.950000000000004174e-01 2.374885994381600085e+00
6.000000000000004219e-01 2.369886355149021018e+00
6.050000000000004263e-01 2.364886713468080881e+00
6.100000000000004308e-01 2.359887069482568211e+00
6.150000000000004352e-01 2.354887423163830817e+00
6.200000000000004396e-01 2.349887774728073975e+00
6.250000000000004441e-01 2.344888124108563954e+00
6.300000000000004485e-01 2.339888471309194973e+00
6.350000000000004530e-01 2.334888816467100003e+00
6.400000000000004574e-01 2.329889159499856977e+00
6.450000000000004619e-01 2.324889500512512086e+00
6.500000000000004663e-01 2.319889839666188891e+00
6.550000000000004707e-01 2.314890176747638861e+00
6.600000000000004752e-01 2.309890512071887780e+00
6.650000000000004796e-01 2.304890845406902145e+00
6.700000000000004841e-01 2.299891176971784024e+00
6.750000000000004885e-01 2.294891506737770204e+00
6.800000000000004929e-01 2.289891834723392083e+00
6.850000000000004974e-01 2.284892160958236218e+00
6.900000000000005018e-01 2.279892485616187958e+00
6.950000000000005063e-01 2.274892808495848850e+00
7.000000000000005107e-01 2.269893129741091808e+00
7.050000000000005151e-01 2.264893449434567163e+00
7.100000000000005196e-01 2.259893767512381135e+00
7.150000000000005240e-01 2.254894084035128810e+00
7.200000000000005285e-01 2.249894399022820846e+00
7.250000000000005329e-01 2.244894712466078079e+00
7.300000000000005373e-01 2.239895024606596952e+00
7.350000000000005418e-01 2.234895335088936008e+00
7.400000000000005462e-01 2.229895644269106025e+00
7.450000000000005507e-01 2.224895952036205937e+00
7.500000000000005551e-01 2.219896258442644932e+00
7.550000000000005596e-01 2.214896563577156030e+00
7.600000000000005640e-01 2.209896867264263154e+00
7.650000000000005684e-01 2.204897169735545948e+00
7.700000000000005729e-01 2.199897470881523986e+00
7.750000000000005773e-01 2.194897770752334054e+00
7.800000000000005818e-01 2.189898069380149082e+00
7.850000000000005862e-01 2.184898366842503048e+00
7.900000000000005906e-01 2.179898663139681947e+00
7.950000000000005951e-01 2.174898958296694218e+00
8.000000000000005995e-01 2.169899252091739061e+00
8.050000000000006040e-01 2.164899544942556986e+00
8.100000000000006084e-01 2.159899836593751843e+00
8.150000000000006128e-01 2.154900127274685939e+00
8.200000000000006173e-01 2.149900416669197956e+00
8.250000000000006217e-01 2.144900705186615131e+00
8.300000000000006262e-01 2.139900992568072979e+00
8.350000000000006306e-01 2.134901278919925982e+00
8.400000000000006350e-01 2.129901564324029994e+00
8.450000000000006395e-01 2.124901848606838950e+00
8.500000000000006439e-01 2.119902131995842876e+00
8.550000000000006484e-01 2.114902414352172855e+00
8.600000000000006528e-01 2.109902695847210907e+00
8.650000000000006573e-01 2.104902976478853827e+00
8.700000000000006617e-01 2.099903256129778129e+00
8.750000000000006661e-01 2.094903534866261907e+00
8.800000000000006706e-01 2.089903812777719860e+00
8.850000000000006750e-01 2.084904089658834891e+00
8.900000000000006795e-01 2.079904365855838932e+00
8.950000000000006839e-01 2.074904641132321093e+00
9.000000000000006883e-01 2.069904915704228188e+00
9.050000000000006928e-01 2.064905189317812972e+00
9.100000000000006972e-01 2.059905462248706964e+00
9.150000000000007017e-01 2.054905734196097011e+00
9.200000000000007061e-01 2.049906005557148081e+00
9.250000000000007105e-01 2.044906276077654184e+00
9.300000000000007150e-01 2.039906545900009860e+00
9.350000000000007194e-01 2.034906814838961964e+00
9.400000000000007239e-01 2.029907083169916859e+00
9.450000000000007283e-01 2.024907350749344914e+00
9.500000000000007327e-01 2.019907617641762965e+00
9.550000000000007372e-01 2.014907883883779949e+00
9.600000000000007416e-01 2.009908149426848922e+00
9.650000000000007461e-01 2.004908414137673844e+00
9.700000000000007505e-01 1.999908678434848985e+00
9.750000000000007550e-01 1.994908941975439109e+00
9.800000000000007594e-01 1.989909204799914955e+00
9.850000000000007638e-01 1.984909467038505904e+00
9.900000000000007683e-01 1.979909728760105958e+00
9.950000000000007727e-01 1.974909989729610960e+00
1.000000000000001110e+00 1.969910250183489087e+00
1.005000000000001004e+00 1.964910509954223006e+00
1.010000000000000009e+00 1.959910769271800968e+00
1.014999999999999902e+00 1.954911027884350005e+00
1.020000000000000018e+00 1.949911286044538894e+00
1.024999999999999911e+00 1.944911543693365052e+00
1.030000000000000027e+00 1.939911800608854042e+00
1.034999999999999920e+00 1.934912057149630993e+00
1.040000000000000036e+00 1.929912313159946047e+00
1.044999999999999929e+00 1.924912568594663975e+00
1.050000000000000044e+00 1.919912823434287930e+00
1.054999999999999050e+00 1.914913077834456079e+00
1.059999999999998943e+00 1.909913331837457928e+00
1.064999999999999059e+00 1.904913585233600992e+00
1.069999999999998952e+00 1.899913838190854909e+00
1.074999999999999067e+00 1.894914090614463031e+00
1.079999999999998961e+00 1.889914342626809907e+00
1.084999999999999076e+00 1.884914594149222022e+00
1.089999999999998970e+00 1.879914845232292020e+00
1.094999999999999085e+00 1.874915095917345065e+00
1.099999999999998979e+00 1.869915346009350055e+00
1.104999999999997984e+00 1.864915595810316962e+00
1.109999999999998099e+00 1.859915845191153050e+00
1.114999999999997993e+00 1.854916093998894899e+00
1.119999999999998108e+00 1.849916342554194904e+00
1.124999999999998002e+00 1.844916590571926918e+00
1.129999999999997895e+00 1.839916838284751055e+00
1.134999999999998010e+00 1.834917085536573955e+00
1.139999999999997904e+00 1.829917332352976933e+00
1.144999999999998019e+00 1.824917578937117923e+00
1.149999999999997025e+00 1.819917825076118101e+00
1.154999999999996918e+00 1.814918070873374978e+00
1.159999999999997033e+00 1.809918316167113961e+00
1.164999999999996927e+00 1.804918561181068970e+00
1.169999999999997042e+00 1.799918805851234982e+00
1.174999999999996936e+00 1.794919050152145923e+00
1.179999999999997051e+00 1.789919294101423031e+00
1.184999999999996945e+00 1.784919537659221067e+00
1.189999999999997060e+00 1.779919781040006921e+00
1.194999999999996954e+00 1.774920023975254946e+00
1.199999999999995959e+00 1.769920266653457031e+00
1.204999999999996074e+00 1.764920508892203088e+00
1.209999999999995968e+00 1.759920750807054901e+00
1.214999999999996083e+00 1.754920992490667908e+00
1.219999999999995977e+00 1.749921233890119998e+00
1.224999999999996092e+00 1.744921474921113935e+00
1.229999999999995985e+00 1.739921715604112018e+00
1.234999999999996101e+00 1.734921956071161953e+00
1.239999999999995994e+00 1.729922196164523029e+00
1.244999999999995000e+00 1.724922436098494938e+00
1.249999999999994893e+00 1.719922675628424935e+00
1.254999999999995008e+00 1.714922914999305936e+00
1.259999999999994902e+00 1.709923154025319025e+00
1.264999999999995017e+00 1.704923392697196949e+00
1.269999999999994911e+00 1.699923631162959969e+00
1.274999999999995026e+00 1.694923869504691982e+00
1.279999999999994920e+00 1.689924107443288914e+00
1.284999999999995035e+00 1.684924345108469890e+00
1.289999999999994040e+00 1.679924582443220960e+00
1.294999999999993934e+00 1.674924819577882085e+00
1.299999999999994049e+00 1.669925056569240951e+00
1.304999999999993943e+00 1.664925293248586957e+00
1.309999999999994058e+00 1.659925529637974018e+00
1.314999999999993952e+00 1.654925765933342063e+00
1.319999999999994067e+00 1.649926001897711103e+00
1.324999999999993960e+00 1.644926237590653040e+00
1.329999999999994076e+00 1.639926473069579060e+00
1.334999999999993969e+00 1.634926708372689053e+00
1.339999999999992975e+00 1.629926943437908005e+00
1.344999999999993090e+00 1.624927178337997935e+00
1.349999999999992983e+00 1.619927412880997952e+00
1.354999999999993099e+00 1.614927647317643045e+00
1.359999999999992992e+00 1.609927881543284922e+00
1.364999999999993108e+00 1.604928115448273962e+00
1.369999999999993001e+00 1.599928349297158992e+00
1.374999999999992895e+00 1.594928582774173043e+00
1.379999999999993010e+00 1.589928816254883026e+00
1.384999999999992015e+00 1.584929049343430041e+00
1.389999999999991909e+00 1.579929282456816964e+00
1.394999999999992024e+00 1.574929515145357062e+00
1.399999999999991918e+00 1.569929747720494095e+00
1.404999999999992033e+00 1.564929980216618111e+00
1.409999999999991926e+00 1.559930212385439052e+00
1.414999999999992042e+00 1.554930444421984026e+00
1.419999999999991935e+00 1.549930676339045021e+00
1.424999999999992051e+00 1.544930907980472057e+00
1.429999999999991944e+00 1.539931139498265100e+00
1.434999999999990949e+00 1.534931370835693087e+00
1.439999999999991065e+00 1.529931601938415042e+00
1.444999999999990958e+00 1.524931833019423033e+00
1.449999999999991074e+00 1.519932063814791956e+00
1.454999999999990967e+00 1.514932294474135910e+00
1.459999999999991083e+00 1.509932524999783032e+00
1.464999999999990976e+00 1.504932755239337894e+00
1.469999999999991092e+00 1.499932985458712897e+00
1.474999999999990985e+00 1.494933215538821969e+00
1.479999999999989990e+00 1.489933445460110084e+00
1.484999999999990106e+00 1.484933675233037098e+00
1.489999999999989999e+00 1.479933904777340103e+00
1.494999999999989893e+00 1.474934134056014035e+00
1.499999999999990008e+00 1.469934363481457007e+00
1.504999999999989901e+00 1.464934592579993033e+00
1.509999999999990017e+00 1.459934821613501077e+00
1.514999999999989910e+00 1.454935050410085973e+00
1.519999999999990026e+00 1.449935279149030976e+00
1.524999999999989031e+00 1.444935507634738991e+00
1.529999999999988924e+00 1.439935736122663013e+00
1.534999999999989040e+00 1.434935964524810981e+00
1.539999999999988933e+00 1.429936192638479042e+00
1.544999999999989049e+00 1.424936420672622939e+00
1.549999999999988942e+00 1.419936648562269976e+00
1.554999999999989058e+00 1.414936876399111032e+00
1.559999999999988951e+00 1.409937104123401008e+00
1.564999999999989067e+00 1.404937331664598110e+00
1.569999999999988960e+00 1.399937559143040966e+00
1.574999999999987965e+00 1.394937786459536033e+00
1.579999999999988081e+00 1.389938013668938988e+00
1.584999999999987974e+00 1.384938240751750982e+00
1.589999999999988090e+00 1.379938467769421084e+00
1.594999999999987983e+00 1.374938694634237901e+00
1.599999999999988098e+00 1.369938921378718977e+00
1.604999999999987992e+00 1.364939148026564908e+00
1.609999999999988107e+00 1.359939374498764897e+00
1.614999999999988001e+00 1.354939601047874032e+00
1.619999999999987006e+00 1.349939827339597054e+00
1.624999999999986899e+00 1.344940053523203005e+00
1.629999999999987015e+00 1.339940279738073059e+00
1.634999999999986908e+00 1.334940505854661064e+00
1.639999999999987024e+00 1.329940731750469007e+00
1.644999999999986917e+00 1.324940957651620010e+00
1.649999999999987033e+00 1.319941183377522975e+00
1.654999999999986926e+00 1.314941409092228009e+00
1.659999999999987041e+00 1.309941634648055020e+00
1.664999999999986047e+00 1.304941860120778063e+00
1.669999999999985940e+00 1.299942085631698996e+00
1.674999999999986056e+00 1.294942310930081941e+00
1.679999999999985949e+00 1.289942536180149091e+00
1.684999999999986064e+00 1.284942761322610982e+00
1.689999999999985958e+00 1.279942986454613907e+00
1.694999999999986073e+00 1.274943211570302992e+00
1.699999999999985967e+00 1.269943436461858033e+00
1.704999999999986082e+00 1.264943661313224998e+00
1.709999999999985976e+00 1.259943886037490079e+00
1.714999999999984981e+00 1.254944110802683088e+00
1.719999999999985096e+00 1.249944335497503056e+00
1.724999999999984990e+00 1.244944560098645070e+00
1.729999999999985105e+00 1.239944784632712071e+00
1.734999999999984999e+00 1.234945009139267080e+00
1.739999999999984892e+00 1.229945233451986031e+00
1.744999999999985008e+00 1.224945457864123011e+00
1.749999999999984901e+00 1.219945682098170892e+00
1.754999999999985016e+00 1.214945906375475948e+00
1.759999999999984022e+00 1.209946130646414986e+00
1.764999999999983915e+00 1.204946354712661094e+00
1.769999999999984031e+00 1.199946578622701043e+00
1.774999999999983924e+00 1.194946802644154094e+00
1.779999999999984039e+00 1.189947026665493013e+00
1.784999999999983933e+00 1.184947250556092957e+00
1.789999999999984048e+00 1.179947474477728964e+00
1.794999999999983942e+00 1.174947698348318914e+00
1.799999999999984057e+00 1.169947922163828036e+00
1.804999999999983951e+00 1.164948145861558038e+00
1.809999999999982956e+00 1.159948369572816995e+00
1.814999999999983071e+00 1.154948593224617071e+00
1.819999999999982965e+00 1.149948816832988996e+00
1.824999999999983080e+00 1.144949040486664904e+00
1.829999999999982974e+00 1.139949264029211928e+00
1.834999999999983089e+00 1.134949487605694918e+00
1.839999999999982983e+00 1.129949711102596899e+00
1.844999999999983098e+00 1.124949934606263025e+00
1.849999999999982991e+00 1.119950158094638937e+00
1.854999999999981997e+00 1.114950381533162949e+00
1.859999999999981890e+00 1.109950605008861890e+00
1.864999999999982006e+00 1.104950828354730907e+00
1.869999999999981899e+00 1.099951051860444062e+00
1.874999999999982014e+00 1.094951275137362012e+00
1.879999999999981908e+00 1.089951498607206082e+00
1.884999999999982023e+00 1.084951721855589080e+00
1.889999999999981917e+00 1.079951945255799961e+00
1.894999999999982032e+00 1.074952168598144908e+00
1.899999999999981037e+00 1.069952391986475959e+00
1.904999999999980931e+00 1.064952615285903903e+00
1.909999999999981046e+00 1.059952838632626015e+00
1.914999999999980940e+00 1.054953061940125059e+00
1.919999999999981055e+00 1.049953285355740951e+00
1.924999999999980949e+00 1.044953508587241009e+00
1.929999999999981064e+00 1.039953731976368090e+00
1.934999999999980957e+00 1.034953955265506931e+00
1.939999999999981073e+00 1.029954178612171978e+00
1.944999999999980966e+00 1.024954401935928905e+00
1.949999999999979972e+00 1.019954625398725057e+00
1.954999999999980087e+00 1.014954848758748085e+00
1.959999999999979980e+00 1.009955072208527094e+00
1.964999999999980096e+00 1.004955295647790070e+00
1.969999999999979989e+00 9.999555191562308210e-01
1.974999999999980105e+00 9.949557426475621469e-01
1.979999999999979998e+00 9.899559661575949576e-01
1.984999999999979892e+00 9.849561897719922854e-01
1.989999999999980007e+00 9.799564133128910726e-01
1.994999999999979012e+00 9.749566368969340147e-01
1.999999999999978906e+00 9.699568606880006882e-01
2.004999999999979021e+00 9.649570843864125891e-01
2.009999999999978915e+00 9.599573080819254756e-01
2.014999999999978808e+00 9.549575318583265471e-01
2.019999999999979146e+00 9.499577557454017551e-01
2.024999999999979039e+00 9.449579796164471190e-01
2.029999999999978932e+00 9.399582034935178854e-01
2.034999999999978826e+00 9.349584275693700874e-01
2.039999999999979163e+00 9.299586515965074796e-01
2.044999999999979057e+00 9.249588757263040861e-01
2.049999999999978950e+00 9.199590999324982477e-01
2.054999999999977955e+00 9.149593242019022910e-01
2.059999999999977849e+00 9.099595484549354296e-01
2.064999999999978186e+00 9.049597728981666478e-01
2.069999999999978080e+00 8.999599973732301805e-01
2.074999999999977973e+00 8.949602219227585920e-01
2.079999999999977867e+00 8.899604466060395680e-01
2.084999999999978204e+00 8.849606712582271939e-01
2.089999999999978098e+00 8.799608960731006846e-01
2.094999999999977991e+00 8.749611209482850427e-01
2.099999999999976996e+00 8.699613459546071681e-01
2.104999999999976890e+00 8.649615709762201732e-01
2.109999999999976783e+00 8.599617961835406277e-01
2.114999999999977121e+00 8.549620215279674085e-01
2.119999999999977014e+00 8.499622469041128170e-01
2.124999999999976907e+00 8.449624724112254626e-01
2.129999999999976801e+00 8.399626979935419513e-01
2.134999999999977138e+00 8.349629237496287715e-01
2.139999999999977032e+00 8.299631496620918369e-01
2.144999999999976037e+00 8.249633756124126194e-01
2.149999999999975930e+00 8.199636017847069525e-01
2.154999999999975824e+00 8.149638280361273246e-01
2.159999999999976161e+00 8.099640543634905043e-01
2.164999999999976055e+00 8.049642809284023315e-01
2.169999999999975948e+00 7.999645076076831174e-01
2.174999999999975842e+00 7.949647343903620822e-01
2.179999999999976179e+00 7.899649614982990897e-01
2.184999999999976072e+00 7.849651886726292105e-01
2.189999999999975966e+00 7.799654159921374230e-01
2.194999999999974971e+00 7.749656434697271834e-01
2.199999999999974865e+00 7.699658712403447680e-01
2.204999999999975202e+00 7.649660990013558148e-01
2.209999999999975095e+00 7.599663270271435067e-01
2.214999999999974989e+00 7.549665552200508500e-01
2.219999999999974882e+00 7.499667837309971219e-01
2.224999999999975220e+00 7.449670123753548978e-01
2.229999999999975113e+00 7.399672412028053259e-01
2.234999999999975007e+00 7.349674701739559168e-01
2.239999999999974012e+00 7.299676995311301653e-01
2.244999999999973905e+00 7.249679290263202347e-01
2.249999999999973799e+00 7.199681587644022329e-01
2.254999999999974136e+00 7.149683886351567708e-01
2.259999999999974030e+00 7.099686189558269689e-01
2.264999999999973923e+00 7.049688493473809103e-01
2.269999999999973817e+00 6.999690800757321085e-01
2.274999999999974154e+00 6.949693110879024971e-01
2.279999999999974047e+00 6.899695424025935608e-01
2.284999999999973053e+00 6.849697739833686683e-01
2.289999999999972946e+00 6.799700057413247123e-01
2.294999999999972840e+00 6.749702379108839523e-01
2.299999999999973177e+00 6.699704703528368555e-01
2.304999999999973070e+00 6.649707031421598913e-01
2.309999999999972964e+00 6.599709361473173885e-01
2.314999999999972857e+00 6.549711696327449317e-01
2.319999999999973195e+00 6.499714033216719145e-01
2.324999999999973088e+00 6.449716374452236778e-01
2.329999999999972982e+00 6.399718719550833157e-01
2.334999999999971987e+00 6.349721067976474842e-01
2.339999999999971880e+00 6.299723421295198023e-01
2.344999999999972218e+00 6.249725777195749288e-01
2.349999999999972111e+00 6.199728137192437316e-01
2.354999999999972005e+00 6.149730502024226553e-01
2.359999999999971898e+00 6.099732870428056231e-01
2.364999999999971791e+00 6.049735243704503773e-01
2.369999999999972129e+00 5.999737621556278100e-01
2.374999999999972022e+00 5.949740003635497487e-01
2.379999999999971028e+00 5.899742391454196877e-01
2.384999999999970921e+00 5.849744784370045636e-01
2.389999999999970814e+00 5.799747182010719371e-01
2.394999999999971152e+00 5.749749584186361062e-01
2.399999999999971045e+00 5.699751993275299355e-01
2.404999999999970939e+00 5.649754407127147715e-01
2.409999999999970832e+00 5.599756825896520240e-01
2.414999999999971170e+00 5.549759252846229174e-01
2.419999999999971063e+00 5.499761684391728522e-01
2.424999999999970957e+00 5.449764122503779618e-01
2.429999999999969962e+00 5.399766567669530559e-01
2.434999999999969855e+00 5.349769019841801310e-01
2.439999999999970193e+00 5.299771478842103534e-01
2.444999999999970086e+00 5.249773945202491632e-01
2.449999999999969980e+00 5.199776419285626616e-01
2.454999999999969873e+00 5.149778900820365379e-01
2.459999999999970210e+00 5.099781390533735248e-01
2.464999999999970104e+00 5.049783889528498548e-01
2.469999999999969997e+00 4.999786396773516217e-01
2.474999999999969003e+00 4.949788912317671929e-01
2.479999999999968896e+00 4.899791438413672040e-01
2.484999999999968789e+00 4.849793973652368195e-01
2.489999999999969127e+00 4.799796517882555236e-01
2.494999999999969020e+00 4.749799073811686867e-01
2.499999999999968914e+00 4.699801641050385115e-01
2.504999999999968807e+00 4.649804219272937189e-01
2.509999999999969145e+00 4.599806808471952890e-01
2.514999999999969038e+00 4.549809410804073195e-01
2.519999999999968043e+00 4.499812025705409724e-01
2.524999999999967937e+00 4.449814654245187739e-01
2.529999999999967830e+00 4.399817296769015229e-01
2.534999999999968168e+00 4.349819953583278220e-01
2.539999999999968061e+00 4.299822625255274033e-01
2.544999999999967955e+00 4.249825313157771234e-01
2.549999999999967848e+00 4.199828018072935265e-01
2.554999999999968185e+00 4.149830739992808049e-01
2.559999999999968079e+00 4.099833480270262953e-01
2.564999999999967972e+00 4.049836240690182776e-01
2.569999999999966978e+00 3.999839019843989263e-01
2.574999999999966871e+00 3.949841822666825819e-01
2.579999999999967208e+00 3.899844645777080232e-01
2.584999999999967102e+00 3.849847493297601786e-01
2.589999999999966995e+00 3.799850366951317837e-01
2.594999999999966889e+00 3.749853267237313048e-01
2.599999999999966782e+00 3.699856194676272025e-01
2.604999999999967120e+00 3.649859151649366140e-01
2.609999999999967013e+00 3.599862141691688167e-01
2.614999999999966018e+00 3.549865164923743932e-01
2.619999999999965912e+00 3.499868223770477016e-01
2.624999999999965805e+00 3.449871322373497251e-01
2.629999999999966143e+00 3.399874461180161234e-01
2.634999999999966036e+00 3.349877645376864166e-01
2.639999999999965929e+00 3.299880876685961084e-01
2.644999999999965823e+00 3.249884158414034219e-01
2.649999999999966160e+00 3.199887496935219233e-01
2.654999999999966054e+00 3.149890894484030923e-01
2.659999999999965947e+00 3.099894357359858077e-01
2.664999999999964952e+00 3.049897893932608794e-01
2.669999999999964846e+00 2.999901505123431789e-01
2.674999999999965183e+00 2.949905204050651264e-01
2.679999999999965077e+00 2.899908995911459897e-01
2.684999999999964970e+00 2.849912891205121923e-01
2.689999999999964864e+00 2.799916901072663222e-01
2.694999999999965201e+00 2.749921040431502206e-01
2.699999999999965095e+00 2.699925322300202879e-01
2.704999999999964988e+00 2.649929766164405009e-01
2.709999999999963993e+00 2.599934390090083980e-01
2.714999999999963887e+00 2.549939221587464999e-01
2.719999999999963780e+00 2.499944287806953880e-01
2.724999999999964118e+00 2.449949626183637874e-01
2.729999999999964011e+00 2.399955276202092869e-01
2.734999999999963904e+00 2.349961289760643113e-01
2.739999999999963798e+00 2.299967729198612865e-01
2.744999999999964135e+00 2.249974671291284090e-01
2.749999999999964029e+00 2.199982208912132087e-01
2.754999999999963034e+00 2.149990460946042958e-01
2.759999999999962927e+00 2.099999571541814880e-01
2.764999999999962821e+00 2.050009725551830975e-01
2.769999999999963158e+00 2.000021153581741096e-01
2.774999999999963052e+00 1.950034146110440070e-01
2.779999999999962945e+00 1.900049072086034130e-01
2.784999999999962839e+00 1.850066388232320946e-01
2.789999999999963176e+00 1.800086669724053068e-01
2.794999999999963070e+00 1.750110619343558938e-01
2.799999999999962963e+00 1.700139085361201119e-01
2.804999999999961968e+00 1.650173065096610103e-01
2.809999999999961862e+00 1.600213695975049866e-01
2.814999999999962199e+00 1.550262234920811999e-01
2.819999999999962093e+00 1.500320011162034894e-01
2.824999999999961986e+00 1.450388384781184925e-01
2.829999999999961879e+00 1.400468691583434122e-01
2.834999999999962217e+00 1.350562211876437935e-01
2.839999999999962110e+00 1.300670147926261955e-01
2.844999999999962004e+00 1.250793622421682016e-01
2.849999999999961009e+00 1.200933686771454983e-01
2.854999999999960902e+00 1.151091349324851049e-01
2.859999999999960796e+00 1.101267602979802973e-01
2.864999999999961133e+00 1.051463452189204950e-01
2.869999999999961027e+00 1.001679953102883047e-01
2.874999999999960920e+00 9.519182435453554803e-02
2.879999999999960814e+00 9.021795810464228182e-02
2.884999999999961151e+00 8.524653882983956876e-02
2.889999999999961044e+00 8.027772982350267483e-02
2.894999999999960050e+00 7.531172166436350679e-02
2.899999999999959943e+00 7.034874011039748964e-02
2.904999999999959837e+00 6.538905619606594222e-02
2.909999999999960174e+00 6.043300100423865118e-02
2.914999999999960067e+00 5.548098462227656763e-02
2.919999999999959961e+00 5.053352587248328281e-02
2.924999999999959854e+00 4.559129615204682295e-02
2.929999999999960192e+00 4.065518745080320961e-02
2.934999999999960085e+00 3.572642560253624922e-02
2.939999999999959979e+00 3.080676806317239960e-02
2.944999999999958984e+00 2.589887507544886072e-02
2.949999999999958877e+00 2.100708094552838912e-02
2.954999999999959215e+00 1.613922508135967951e-02
2.959999999999959108e+00 1.131193153396953081e-02
2.964999999999959002e+00 6.580027454139797394e-03
2.969999999999958895e+00 2.358524011379912067e-03
2.974999999999958789e+00 1.949268881020419040e-03
2.979999999999959126e+00 1.952947159747316953e-03
2.984999999999959019e+00 1.956245136796180839e-03
2.989999999999958025e+00 1.959543143492743084e-03
2.994999999999957918e+00 1.962841209357196835e-03
2.999999999999957812e+00 1.966139339222352893e-03
3.004999999999958149e+00 1.969437536788346942e-03
3.009999999999958042e+00 1.972735803433765030e-03
3.014999999999957936e+00 1.976034139685152978e-03
3.019999999999957829e+00 1.979332545980622138e-03
3.024999999999958167e+00 1.982631022756487123e-03
3.029999999999958060e+00 1.985929570213163138e-03
3.034999999999957954e+00 1.989228188476398988e-03
3.039999999999956959e+00 1.992526877633792135e-03
3.044999999999956852e+00 1.995825637997407191e-03
3.049999999999957190e+00 1.999124469383500944e-03
3.054999999999957083e+00 2.002423372115267990e-03
3.059999999999956977e+00 2.005722346050150054e-03
3.064999999999956870e+00 2.009021391381937000e-03
3.069999999999957208e+00 2.012320507990056871e-03
3.074999999999957101e+00 2.015619696061636025e-03
3.079999999999956994e+00 2.018918955542116974e-03
3.084999999999956000e+00 2.022218286571677952e-03
3.089999999999955893e+00 2.025517689016452950e-03
3.094999999999955786e+00 2.028817162988430945e-03
3.099999999999956124e+00 2.032116708575614893e-03
3.104999999999956017e+00 2.035416325625408977e-03
3.109999999999955911e+00 2.038716014262290013e-03
3.114999999999955804e+00 2.042015774434323850e-03
3.119999999999956142e+00 2.045315606323614820e-03
3.124999999999956035e+00 2.048615509811751133e-03
3.129999999999955040e+00 2.051915484874061984e-03
3.134999999999954934e+00 2.055215531690504985e-03
3.139999999999954827e+00 2.058515649982847837e-03
3.144999999999955165e+00 2.061815840125371009e-03
3.149999999999955058e+00 2.065116101871638816e-03
3.154999999999954952e+00 2.068416435278031072e-03
3.159999999999954845e+00 2.071716840373113901e-03
3.164999999999955183e+00 2.075017317212774024e-03
3.169999999999955076e+00 2.078317865821758138e-03
3.174999999999954969e+00 2.081618486121308929e-03
3.179999999999953975e+00 2.084919178115928005e-03
3.184999999999953868e+00 2.088219941897001032e-03
3.189999999999954206e+00 2.091520777381066995e-03
3.194999999999954099e+00 2.094821684679587948e-03
3.199999999999953992e+00 2.098122663734801937e-03
3.204999999999953886e+00 2.101423714449231813e-03
3.209999999999953779e+00 2.104724837126652811e-03
3.214999999999954117e+00 2.108026031472926953e-03
3.219999999999954010e+00 2.111327297650852832e-03
3.224999999999953015e+00 2.114628635660145087e-03
3.229999999999952909e+00 2.117930045371820957e-03
3.234999999999952802e+00 2.121231527016662847e-03
3.239999999999953140e+00 2.124533080516979866e-03
3.244999999999953033e+00 2.127834705770821015e-03
3.249999999999952927e+00 2.131136402878468054e-03
3.254999999999952820e+00 2.134438171870341964e-03
3.259999999999953157e+00 2.137740012554048899e-03
3.264999999999953051e+00 2.141041925311727191e-03
3.269999999999952944e+00 2.144343909812127056e-03
3.274999999999951950e+00 2.147645966259651828e-03
3.279999999999951843e+00 2.150948094530800905e-03
3.284999999999952180e+00 2.154250294742099999e-03
3.289999999999952074e+00 2.157552566825540145e-03
3.294999999999951967e+00 2.160854910736588821e-03
3.299999999999951861e+00 2.164157326635677159e-03
3.304999999999952198e+00 2.167459814440286965e-03
3.309999999999952092e+00 2.170762374144520179e-03
3.314999999999951985e+00 2.174065005796533157e-03
3.319999999999950990e+00 2.177367709384178934e-03
3.324999999999950884e+00 2.180670484956161170e-03
3.329999999999951221e+00 2.183973332396539190e-03
3.334999999999951115e+00 2.187276251852292210e-03
3.339999999999951008e+00 2.190579243230164098e-03
3.344999999999950901e+00 2.193882306595782046e-03
3.349999999999950795e+00 2.197185441933204812e-03
3.354999999999951132e+00 2.200488649207727951e-03
3.359999999999951026e+00 2.203791928614712119e-03
3.364999999999950031e+00 2.207095279836869019e-03
3.369999999999949925e+00 2.210398703194263806e-03
3.374999999999949818e+00 2.213702198519836972e-03
3.379999999999950155e+00 2.217005765865625016e-03
3.384999999999950049e+00 2.220309405247344967e-03
3.389999999999949942e+00 2.223613116594341105e-03
3.394999999999949836e+00 2.226916900083348791e-03
3.399999999999950173e+00 2.230220755516563146e-03
3.404999999999950067e+00 2.233524683032483190e-03
3.409999999999949960e+00 2.236828682631902127e-03
3.414999999999948965e+00 2.240132754303261059e-03
3.419999999999948859e+00 2.243436897964887038e-03
3.424999999999949196e+00 2.246741113740854858e-03
3.429999999999949090e+00 2.250045401600903137e-03
3.434999999999948983e+00 2.253349761553107879e-03
3.439999999999948876e+00 2.256654193590887109e-03
3.444999999999949214e+00 2.259958697722871078e-03
3.449999999999949107e+00 2.263263274056877185e-03
3.454999999999949001e+00 2.266567922343133874e-03
3.459999999999948006e+00 2.269872642832813057e-03
3.464999999999947899e+00 2.273177435490790921e-03
3.469999999999947793e+00 2.276482300229096169e-03
3.474999999999948130e+00 2.279787237093084881e-03
3.479999999999948024e+00 2.283092246118239958e-03
3.484999999999947917e+00 2.286397327242823026e-03
3.489999999999947811e+00 2.289702480532957839e-03
3.494999999999948148e+00 2.293007706088960856e-03
3.499999999999948042e+00 2.296313003704491054e-03
3.504999999999947047e+00 2.299618373465085047e-03
3.509999999999946940e+00 2.302923815446018992e-03
3.514999999999946834e+00 2.306229329610864996e-03
3.519999999999947171e+00 2.309534915937418165e-03
3.524999999999947065e+00 2.312840574504372061e-03
3.529999999999946958e+00 2.316146305291796881e-03
3.534999999999946851e+00 2.319452108208538109e-03
3.539999999999947189e+00 2.322757983324365023e-03
3.544999999999947082e+00 2.326063930625719024e-03
3.549999999999946976e+00 2.329369950224065202e-03
3.554999999999945981e+00 2.332676042029909174e-03
3.559999999999945874e+00 2.335982206113686784e-03
3.564999999999946212e+00 2.339288442374761953e-03
3.569999999999946105e+00 2.342594750823811904e-03
3.574999999999945999e+00 2.345901131646214825e-03
3.579999999999945892e+00 2.349207584650384820e-03
3.584999999999945786e+00 2.352514109844904867e-03
3.589999999999946123e+00 2.355820707362290926e-03
3.594999999999946017e+00 2.359127377178442050e-03
3.599999999999945022e+00 2.362434119155537061e-03
3.604999999999944915e+00 2.365740933511059109e-03
3.609999999999944809e+00 2.369047820062043005e-03
3.614999999999945146e+00 2.372354778937834068e-03
3.619999999999945040e+00 2.375661810103724819e-03
3.624999999999944933e+00 2.378968913544742859e-03
3.629999999999944826e+00 2.382276089317182134e-03
