# vin_v vout_v
0.000000000000000000e+00 3.605901477915916864e+00
5.000000000000000104e-03 3.605627149046528146e+00
1.000000000000000021e-02 3.604906196451988176e+00
1.499999999999999944e-02 3.602962564617037788e+00
2.000000000000000042e-02 3.600090953476002831e+00
2.500000000000000139e-02 3.596678726333589982e+00
2.999999999999999889e-02 3.592928266074427057e+00
3.500000000000000333e-02 3.588925515424715051e+00
4.000000000000000083e-02 3.584734197255365018e+00
4.499999999999999833e-02 3.580398894841501978e+00
5.000000000000000278e-02 3.575951863794919028e+00
5.499999999999999334e-02 3.571416895460563179e+00
5.999999999999999084e-02 3.566811809748402951e+00
6.499999999999998834e-02 3.562150136466604167e+00
6.999999999999999278e-02 3.557442277948322129e+00
7.499999999999999722e-02 3.552696328243583945e+00
8.000000000000000167e-02 3.547918655777572816e+00
8.500000000000000611e-02 3.543114325301489842e+00
9.000000000000001055e-02 3.538287403350885985e+00
9.500000000000001499e-02 3.533441187841524833e+00
1.000000000000000056e-01 3.528578373955665093e+00
1.049999999999999961e-01 3.523701184447337820e+00
1.100000000000000006e-01 3.518811465756192192e+00
1.150000000000000050e-01 3.513910763349576083e+00
1.199999999999999956e-01 3.509000379160175154e+00
1.250000000000000000e-01 3.504081418191069108e+00
1.300000000000000044e-01 3.499154823650691970e+00
1.350000000000000089e-01 3.494221405323543195e+00
1.400000000000000133e-01 3.489281862925285083e+00
1.449999999999999900e-01 3.484336804992883785e+00
1.499999999999999944e-01 3.479386762050891146e+00
1.550000000000001099e-01 3.474432201875225168e+00
1.600000000000000866e-01 3.469473536451459061e+00
1.650000000000000910e-01 3.464511132449501929e+00
1.700000000000000955e-01 3.459545316889768962e+00
1.750000000000000999e-01 3.454576384124008026e+00
1.800000000000001044e-01 3.449604599581154840e+00
1.850000000000001088e-01 3.444630204646665028e+00
1.900000000000001132e-01 3.439653419143140045e+00
1.950000000000000899e-01 3.434674445323489866e+00
2.000000000000000944e-01 3.429693469543162898e+00
2.050000000000000988e-01 3.424710664442271124e+00
2.100000000000001033e-01 3.419726190090336182e+00
2.150000000000001077e-01 3.414740195963532177e+00
2.200000000000001121e-01 3.409752821124635958e+00
2.250000000000000888e-01 3.404764195572989038e+00
2.300000000000000933e-01 3.399774440405597176e+00
2.350000000000000977e-01 3.394783668528280174e+00
2.400000000000001021e-01 3.389791983867710190e+00
2.450000000000001066e-01 3.384799483368273076e+00
2.500000000000001110e-01 3.379806255553586158e+00
2.550000000000001155e-01 3.374812380860706895e+00
2.600000000000001199e-01 3.369817933205332849e+00
2.650000000000001243e-01 3.364822978758165828e+00
2.700000000000000733e-01 3.359827576957738149e+00
2.750000000000000777e-01 3.354831780871589064e+00
2.800000000000000822e-01 3.349835638476389210e+00
2.850000000000000866e-01 3.344839190252769878e+00
2.900000000000000910e-01 3.339842474036813780e+00
2.950000000000002065e-01 3.334845521243189115e+00
3.000000000000002109e-01 3.329848360520336836e+00
3.050000000000002154e-01 3.324851016254072977e+00
3.100000000000002198e-01 3.319853510235815985e+00
3.150000000000002243e-01 3.314855860954104116e+00
3.200000000000001732e-01 3.309858084440194137e+00
3.250000000000001776e-01 3.304860194887389024e+00
3.300000000000001821e-01 3.299862204816761846e+00
3.350000000000001865e-01 3.294864124901899061e+00
3.400000000000001910e-01 3.289865964565934053e+00
3.450000000000001954e-01 3.284867731575388916e+00
3.500000000000001998e-01 3.279869433511322985e+00
3.550000000000002043e-01 3.274871076089751920e+00
3.600000000000002087e-01 3.269872665114717858e+00
3.650000000000002132e-01 3.264874205217239034e+00
3.700000000000002176e-01 3.259875700936020859e+00
3.750000000000002220e-01 3.254877155576139103e+00
3.800000000000002265e-01 3.249878572579618208e+00
3.850000000000001754e-01 3.244879954838153946e+00
3.900000000000001799e-01 3.239881305146369073e+00
3.950000000000001843e-01 3.234882625207816886e+00
4.000000000000001887e-01 3.229883917826314121e+00
4.050000000000001932e-01 3.224885184340109845e+00
4.100000000000003086e-01 3.219886426744707819e+00
4.150000000000003131e-01 3.214887646006915123e+00
4.200000000000003175e-01 3.209888843661303781e+00
4.250000000000003220e-01 3.204890021175074821e+00
4.300000000000003264e-01 3.199891179135903041e+00
4.350000000000002753e-01 3.194892319018790783e+00
4.400000000000002798e-01 3.189893441563328214e+00
4.450000000000002842e-01 3.184894547397731923e+00
4.500000000000002887e-01 3.179895637358554961e+00
4.550000000000002931e-01 3.174896712053496106e+00
4.600000000000002975e-01 3.169897772561952820e+00
4.650000000000003020e-01 3.164898818537138947e+00
4.700000000000003064e-01 3.159899851257662817e+00
4.750000000000003109e-01 3.154900871182363176e+00
4.800000000000003153e-01 3.149901878103023023e+00
4.850000000000003197e-01 3.144902873060730020e+00
4.900000000000003242e-01 3.139903856240052971e+00
4.950000000000002731e-01 3.134904828248338049e+00
5.000000000000003331e-01 3.129905789093470947e+00
5.050000000000003375e-01 3.124906739021441116e+00
5.100000000000003419e-01 3.119907678702758869e+00
5.150000000000003464e-01 3.114908607709622856e+00
5.200000000000003508e-01 3.109909527452543898e+00
5.250000000000003553e-01 3.104910437208786789e+00
5.300000000000003597e-01 3.099911337232385211e+00
5.350000000000003642e-01 3.094912228388637221e+00
5.400000000000003686e-01 3.089913110171551125e+00
5.450000000000003730e-01 3.084913983444891983e+00
5.500000000000003775e-01 3.079914847898010066e+00
5.550000000000003819e-01 3.074915703703538838e+00
5.600000000000003864e-01 3.069916551119263204e+00
5.650000000000003908e-01 3.064917390677635023e+00
5.700000000000003952e-01 3.059918222135565191e+00
5.750000000000003997e-01 3.054919045592129123e+00
5.800000000000004041e-01 3.049919861473313176e+00
5.850000000000004086e-01 3.044920669678277125e+00
5.900000000000004130e-01 3.039921470133946979e+00
5.950000000000004174e-01 3.034922263603505144e+00
6.000000000000004219e-01 3.029923049594855922e+00
6.050000000000004263e-01 3.024923828705424977e+00
6.100000000000004308e-01 3.019924600759139821e+00
6.150000000000004352e-01 3.014925365941422797e+00
6.200000000000004396e-01 3.009926124070631204e+00
6.250000000000004441e-01 3.004926875671515063e+00
6.300000000000004485e-01 2.999927620838803932e+00
6.350000000000004530e-01 2.994928359444799071e+00
6.400000000000004574e-01 2.989929091537788963e+00
6.450000000000004619e-01 2.984929817466622115e+00
6.500000000000004663e-01 2.979930537005258895e+00
6.550000000000004707e-01 2.974931250564083030e+00
6.600000000000004752e-01 2.969931957910489029e+00
6.650000000000004796e-01 2.964932659270119064e+00
6.700000000000004841e-01 2.959933354811851824e+00
6.750000000000004885e-01 2.954934044584974107e+00
6.800000000000004929e-01 2.949934728439842946e+00
6.850000000000004974e-01 2.944935406875060835e+00
6.900000000000005018e-01 2.939936079729222218e+00
6.950000000000005063e-01 2.934936747024067927e+00
7.000000000000005107e-01 2.929937408874138782e+00
7.050000000000005151e-01 2.924938065248738894e+00
7.100000000000005196e-01 2.919938716260161993e+00
7.150000000000005240e-01 2.914939362335986051e+00
7.200000000000005285e-01 2.909940002733350184e+00
7.250000000000005329e-01 2.904940638496583016e+00
7.300000000000005373e-01 2.899941268897180180e+00
7.350000000000005418e-01 2.894941894404610139e+00
7.400000000000005462e-01 2.889942514894556780e+00
7.450000000000005507e-01 2.884943130941763911e+00
7.500000000000005551e-01 2.879943741699662052e+00
7.550000000000005596e-01 2.874944347936263966e+00
7.600000000000005640e-01 2.869944949643354004e+00
7.650000000000005684e-01 2.864945546336655990e+00
7.700000000000005729e-01 2.859946138772186952e+00
7.750000000000005773e-01 2.854946726435684923e+00
7.800000000000005818e-01 2.849947309893195779e+00
7.850000000000005862e-01 2.844947888799736813e+00
7.900000000000005906e-01 2.839948463386746891e+00
7.950000000000005951e-01 2.834949033675541852e+00
8.000000000000005995e-01 2.829949599739165933e+00
8.050000000000006040e-01 2.824950161526799786e+00
8.100000000000006084e-01 2.819950719067378042e+00
8.150000000000006128e-01 2.814951272687296058e+00
8.200000000000006173e-01 2.809951822010248179e+00
8.250000000000006217e-01 2.804952367492433041e+00
8.300000000000006262e-01 2.799952908999244983e+00
8.350000000000006306e-01 2.794953446849917089e+00
8.400000000000006350e-01 2.789953980489797924e+00
8.450000000000006395e-01 2.784954510429087815e+00
8.500000000000006439e-01 2.779955036693166903e+00
8.550000000000006484e-01 2.774955559186964127e+00
8.600000000000006528e-01 2.769956077892004043e+00
8.650000000000006573e-01 2.764956593034582966e+00
8.700000000000006617e-01 2.759957104878453027e+00
8.750000000000006661e-01 2.754957612823659030e+00
8.800000000000006706e-01 2.749958117463449980e+00
8.850000000000006750e-01 2.744958618463443134e+00
8.900000000000006795e-01 2.739959116167029141e+00
8.950000000000006839e-01 2.734959610204953151e+00
9.000000000000006883e-01 2.729960101294409025e+00
9.050000000000006928e-01 2.724960588943304174e+00
9.100000000000006972e-01 2.719961073251511152e+00
9.150000000000007017e-01 2.714961554624323981e+00
9.200000000000007061e-01 2.709962032590794934e+00
9.250000000000007105e-01 2.704962507633637880e+00
9.300000000000007150e-01 2.699962979363419890e+00
9.350000000000007194e-01 2.694963447916109089e+00
9.400000000000007239e-01 2.689963913802273954e+00
9.450000000000007283e-01 2.684964376732353220e+00
9.500000000000007327e-01 2.679964836279452811e+00
9.550000000000007372e-01 2.674965293262062005e+00
9.600000000000007416e-01 2.669965747289722913e+00
9.650000000000007461e-01 2.664966198799390895e+00
9.700000000000007505e-01 2.659966647053749966e+00
9.750000000000007550e-01 2.654967092589686217e+00
9.800000000000007594e-01 2.649967535611609026e+00
9.850000000000007638e-01 2.644967976021575851e+00
9.900000000000007683e-01 2.639968413622626020e+00
9.950000000000007727e-01 2.634968848588869150e+00
1.000000000000001110e+00 2.629969281114994839e+00
1.005000000000001004e+00 2.624969710837660841e+00
1.010000000000000009e+00 2.619970138277210037e+00
1.014999999999999902e+00 2.614970563127770209e+00
1.020000000000000018e+00 2.609970985413041955e+00
1.024999999999999911e+00 2.604971405499953097e+00
1.030000000000000027e+00 2.599971823089219924e+00
1.034999999999999920e+00 2.594972238349611882e+00
1.040000000000000036e+00 2.589972651070980181e+00
1.044999999999999929e+00 2.584973061615642109e+00
1.050000000000000044e+00 2.579973470107233879e+00
1.054999999999999050e+00 2.574973876241870130e+00
1.059999999999998943e+00 2.569974280095664199e+00
1.064999999999999059e+00 2.564974681649800914e+00
1.069999999999998952e+00 2.559975081460664104e+00
1.074999999999999067e+00 2.554975478867504979e+00
1.079999999999998961e+00 2.549975874339622806e+00
1.084999999999999076e+00 2.544976267755544086e+00
1.089999999999998970e+00 2.539976658876128113e+00
1.094999999999999085e+00 2.534977048234508867e+00
1.099999999999998979e+00 2.529977435491446158e+00
1.104999999999997984e+00 2.524977821045808923e+00
1.109999999999998099e+00 2.519978204371000174e+00
1.114999999999997993e+00 2.514978585950813805e+00
1.119999999999998108e+00 2.509978965529001016e+00
1.124999999999998002e+00 2.504979343534386782e+00
1.129999999999997895e+00 2.499979719541614021e+00
1.134999999999998010e+00 2.494980093860760917e+00
1.139999999999997904e+00 2.489980466275198978e+00
1.144999999999998019e+00 2.484980837040553059e+00
1.149999999999997025e+00 2.479981206267893867e+00
1.154999999999996918e+00 2.474981573434205995e+00
1.159999999999997033e+00 2.469981939093656820e+00
1.164999999999996927e+00 2.464982303077476899e+00
1.169999999999997042e+00 2.459982665438416927e+00
1.174999999999996936e+00 2.454983026301420068e+00
1.179999999999997051e+00 2.449983385497886967e+00
1.184999999999996945e+00 2.444983743234275142e+00
1.189999999999997060e+00 2.439984099307082044e+00
1.194999999999996954e+00 2.434984454102731899e+00
1.199999999999995959e+00 2.429984807347295828e+00
1.204999999999996074e+00 2.424985158891558967e+00
1.209999999999995968e+00 2.419985509450497840e+00
1.214999999999996083e+00 2.414985858333920987e+00
1.219999999999995977e+00 2.409986205698146033e+00
1.224999999999996092e+00 2.404986551991498800e+00
1.229999999999995985e+00 2.399986896529754166e+00
1.234999999999996101e+00 2.394987239998954021e+00
1.239999999999995994e+00 2.389987582215951978e+00
1.244999999999995000e+00 2.384987923019081801e+00
1.249999999999994893e+00 2.379988262577284797e+00
1.254999999999995008e+00 2.374988600828373819e+00
1.259999999999994902e+00 2.369988937913773963e+00
1.264999999999995017e+00 2.364989273897605937e+00
1.269999999999994911e+00 2.359989608366732217e+00
1.274999999999995026e+00 2.354989942085297105e+00
1.279999999999994920e+00 2.349990274341394070e+00
1.284999999999995035e+00 2.344990605420833152e+00
1.289999999999994040e+00 2.339990935703668118e+00
1.294999999999993934e+00 2.334991264475036132e+00
1.299999999999994049e+00 2.329991592477028917e+00
1.304999999999993943e+00 2.324991919214995040e+00
1.309999999999994058e+00 2.319992244845308971e+00
1.314999999999993952e+00 2.314992569690446089e+00
1.319999999999994067e+00 2.309992893286902937e+00
1.324999999999993960e+00 2.304993215875243084e+00
1.329999999999994076e+00 2.299993537605188987e+00
1.334999999999993969e+00 2.294993858362203820e+00
1.339999999999992975e+00 2.289994178133440972e+00
1.344999999999993090e+00 2.284994497081755060e+00
1.349999999999992983e+00 2.279994814959025007e+00
1.354999999999993099e+00 2.274995132061861103e+00
1.359999999999992992e+00 2.269995448145493810e+00
1.364999999999993108e+00 2.264995763324634037e+00
1.369999999999993001e+00 2.259996077718141816e+00
1.374999999999992895e+00 2.254996391248766940e+00
1.379999999999993010e+00 2.249996703786222962e+00
1.384999999999992015e+00 2.244997015667025142e+00
1.389999999999991909e+00 2.239997326843877090e+00
1.394999999999992024e+00 2.234997637195419884e+00
1.399999999999991918e+00 2.229997946630418948e+00
1.404999999999992033e+00 2.224998255152058846e+00
1.409999999999991926e+00 2.219998563240209943e+00
1.414999999999992042e+00 2.214998870448085189e+00
1.419999999999991935e+00 2.209999176899827944e+00
1.424999999999992051e+00 2.204999482866127902e+00
1.429999999999991944e+00 2.199999787792136896e+00
1.434999999999990949e+00 2.195000092111285994e+00
1.439999999999991065e+00 2.190000395780771214e+00
1.444999999999990958e+00 2.185000698826684129e+00
1.449999999999991074e+00 2.180001001231743896e+00
1.454999999999990967e+00 2.175001302791769842e+00
1.459999999999991083e+00 2.170001604090543879e+00
1.464999999999990976e+00 2.165001904397740873e+00
1.469999999999991092e+00 2.160002204185104802e+00
1.474999999999990985e+00 2.155002503543129944e+00
1.479999999999989990e+00 2.150002801983077916e+00
1.484999999999990106e+00 2.145003100149779129e+00
1.489999999999989999e+00 2.140003397732925805e+00
1.494999999999989893e+00 2.135003694642704897e+00
1.499999999999990008e+00 2.130003990926581992e+00
1.504999999999989901e+00 2.125004286795502129e+00
1.509999999999990017e+00 2.120004582139074945e+00
1.514999999999989910e+00 2.115004876924729160e+00
1.519999999999990026e+00 2.110005171141609015e+00
1.524999999999989031e+00 2.105005464897657941e+00
1.529999999999988924e+00 2.100005758386942034e+00
1.534999999999989040e+00 2.095006051136464986e+00
1.539999999999988933e+00 2.090006343260085941e+00
1.544999999999989049e+00 2.085006635098296091e+00
1.549999999999988942e+00 2.080006926523083166e+00
1.554999999999989058e+00 2.075007217422352834e+00
1.559999999999988951e+00 2.070007508129834140e+00
1.564999999999989067e+00 2.065007798132683092e+00
1.569999999999988960e+00 2.060008087856374015e+00
1.574999999999987965e+00 2.055008376877821785e+00
1.579999999999988081e+00 2.050008665671271046e+00
1.584999999999987974e+00 2.045008954190735029e+00
1.589999999999988090e+00 2.040009242201961115e+00
1.594999999999987983e+00 2.035009529805449802e+00
1.599999999999988098e+00 2.030009816936682920e+00
1.604999999999987992e+00 2.025010103658133165e+00
1.609999999999988107e+00 2.020010390349967100e+00
1.614999999999988001e+00 2.015010676329267891e+00
1.619999999999987006e+00 2.010010962163959913e+00
1.624999999999986899e+00 2.005011247693631038e+00
1.629999999999987015e+00 2.000011532634517142e+00
1.634999999999986908e+00 1.995011817433862911e+00
1.639999999999987024e+00 1.990012101663126032e+00
1.644999999999986917e+00 1.985012385824064030e+00
1.649999999999987033e+00 1.980012669683844928e+00
1.654999999999986926e+00 1.975012952905160990e+00
1.659999999999987041e+00 1.970013236074976026e+00
1.664999999999986047e+00 1.965013519028502964e+00
1.669999999999985940e+00 1.960013801677235046e+00
1.674999999999986056e+00 1.955014083742866893e+00
1.679999999999985949e+00 1.950014365610400091e+00
1.684999999999986064e+00 1.945014647438142896e+00
1.689999999999985958e+00 1.940014929052040094e+00
1.694999999999986073e+00 1.935015209977223094e+00
1.699999999999985967e+00 1.930015491024392071e+00
1.704999999999986082e+00 1.925015771682297094e+00
1.709999999999985976e+00 1.920016052026312980e+00
1.714999999999984981e+00 1.915016332110780928e+00
1.719999999999985096e+00 1.910016612041318007e+00
1.724999999999984990e+00 1.905016891628861009e+00
1.729999999999985105e+00 1.900017171037688968e+00
1.734999999999984999e+00 1.895017450256204938e+00
1.739999999999984892e+00 1.890017729245073053e+00
1.744999999999985008e+00 1.885018008045904025e+00
1.749999999999984901e+00 1.880018286566041974e+00
1.754999999999985016e+00 1.875018564945434951e+00
1.759999999999984022e+00 1.870018843052549062e+00
1.764999999999983915e+00 1.865019120931378893e+00
1.769999999999984031e+00 1.860019398570671001e+00
1.774999999999983924e+00 1.855019676222013914e+00
1.779999999999984039e+00 1.850019953309584020e+00
1.784999999999983933e+00 1.845020230294152963e+00
1.789999999999984048e+00 1.840020507567488028e+00
1.794999999999983942e+00 1.835020784019206985e+00
1.799999999999984057e+00 1.830021060630883989e+00
1.804999999999983951e+00 1.825021337118073017e+00
1.809999999999982956e+00 1.820021613310131903e+00
1.814999999999983071e+00 1.815021889361787988e+00
1.819999999999982965e+00 1.810022165141845107e+00
1.824999999999983080e+00 1.805022440722269028e+00
1.829999999999982974e+00 1.800022716549279034e+00
1.834999999999983089e+00 1.795022991609243945e+00
1.839999999999982983e+00 1.790023266942170954e+00
1.844999999999983098e+00 1.785023541983719042e+00
1.849999999999982991e+00 1.780023816982521101e+00
1.854999999999981997e+00 1.775024091675958982e+00
1.859999999999981890e+00 1.770024366457960019e+00
1.864999999999982006e+00 1.765024640930846989e+00
1.869999999999981899e+00 1.760024915154531078e+00
1.874999999999982014e+00 1.755025189461320911e+00
1.879999999999981908e+00 1.750025463617931099e+00
1.884999999999982023e+00 1.745025737576384017e+00
1.889999999999981917e+00 1.740026011388067895e+00
1.894999999999982032e+00 1.735026284943274044e+00
1.899999999999981037e+00 1.730026558655709090e+00
1.904999999999980931e+00 1.725026832055960080e+00
1.909999999999981046e+00 1.720027105556823921e+00
1.914999999999980940e+00 1.715027378531545077e+00
1.919999999999981055e+00 1.710027651825043904e+00
1.924999999999980949e+00 1.705027924768274028e+00
1.929999999999981064e+00 1.700028197565188970e+00
1.934999999999980957e+00 1.695028470305941948e+00
1.939999999999981073e+00 1.690028743121843036e+00
1.944999999999980966e+00 1.685029015823602094e+00
1.949999999999979972e+00 1.680029288257741893e+00
1.954999999999980087e+00 1.675029560542498075e+00
1.959999999999979980e+00 1.670029832927298008e+00
1.964999999999980096e+00 1.665030104983657111e+00
1.969999999999979989e+00 1.660030377027623905e+00
1.974999999999980105e+00 1.655030649162426926e+00
1.979999999999979998e+00 1.650030921006419016e+00
1.984999999999979892e+00 1.645031192780380014e+00
1.989999999999980007e+00 1.640031464636876990e+00
1.994999999999979012e+00 1.635031736255655010e+00
1.999999999999978906e+00 1.630032007780300995e+00
2.004999999999979021e+00 1.625032279118840961e+00
2.009999999999978915e+00 1.620032550619384892e+00
2.014999999999978808e+00 1.615032822059675022e+00
2.019999999999979146e+00 1.610033093289076067e+00
2.024999999999979039e+00 1.605033364357268955e+00
2.029999999999978932e+00 1.600033635476733940e+00
2.034999999999978826e+00 1.595033906505137100e+00
2.039999999999979163e+00 1.590034177596862941e+00
2.044999999999979057e+00 1.585034448280794095e+00
2.049999999999978950e+00 1.580034719390482900e+00
2.054999999999977955e+00 1.575034990075778074e+00
2.059999999999977849e+00 1.570035260554504930e+00
2.064999999999978186e+00 1.565035531242984002e+00
2.069999999999978080e+00 1.560035801900881092e+00
2.074999999999977973e+00 1.555036072538654945e+00
2.079999999999977867e+00 1.550036342964858926e+00
2.084999999999978204e+00 1.545036613489741972e+00
2.089999999999978098e+00 1.540036883833749926e+00
2.094999999999977991e+00 1.535037154250745051e+00
2.099999999999976996e+00 1.530037424513466027e+00
2.104999999999976890e+00 1.525037694852926951e+00
2.109999999999976783e+00 1.520037964829497934e+00
2.114999999999977121e+00 1.515038234960002006e+00
2.119999999999977014e+00 1.510038505119950969e+00
2.124999999999976907e+00 1.505038774958393111e+00
2.129999999999976801e+00 1.500039045364019108e+00
2.134999999999977138e+00 1.495039315059897955e+00
2.139999999999977032e+00 1.490039585183354109e+00
2.144999999999976037e+00 1.485039854945853000e+00
2.149999999999975930e+00 1.480040124912648025e+00
2.154999999999975824e+00 1.475040394722328063e+00
2.159999999999976161e+00 1.470040664587713986e+00
2.164999999999976055e+00 1.465040934297348940e+00
2.169999999999975948e+00 1.460041204134995052e+00
2.174999999999975842e+00 1.455041473708774902e+00
2.179999999999976179e+00 1.450041743457745946e+00
2.184999999999976072e+00 1.445042013122020075e+00
2.189999999999975966e+00 1.440042282722288070e+00
2.194999999999974971e+00 1.435042552347453926e+00
2.199999999999974865e+00 1.430042821929192076e+00
2.204999999999975202e+00 1.425043091464204048e+00
2.209999999999975095e+00 1.420043360996374071e+00
2.214999999999974989e+00 1.415043630720447032e+00
2.219999999999974882e+00 1.410043900232949010e+00
2.224999999999975220e+00 1.405044169678717036e+00
2.229999999999975113e+00 1.400044439293538057e+00
2.234999999999975007e+00 1.395044708829231928e+00
2.239999999999974012e+00 1.390044978297964917e+00
2.244999999999973905e+00 1.385045248061373968e+00
2.249999999999973799e+00 1.380045517337294081e+00
2.254999999999974136e+00 1.375045786843771101e+00
2.259999999999974030e+00 1.370046056421301950e+00
2.264999999999973923e+00 1.365046325777826031e+00
2.269999999999973817e+00 1.360046595343419984e+00
2.274999999999974154e+00 1.355046864960741004e+00
2.279999999999974047e+00 1.350047134485975908e+00
2.284999999999973053e+00 1.345047403816693077e+00
2.289999999999972946e+00 1.340047673436288056e+00
2.294999999999972840e+00 1.335047942980623015e+00
2.299999999999973177e+00 1.330048212650922101e+00
2.304999999999973070e+00 1.325048482294846952e+00
2.309999999999972964e+00 1.320048751699687051e+00
2.314999999999972857e+00 1.315049021508456928e+00
2.319999999999973195e+00 1.310049290988900106e+00
2.324999999999973088e+00 1.305049560667385089e+00
2.329999999999972982e+00 1.300049830370084925e+00
2.334999999999971987e+00 1.295050099991386094e+00
2.339999999999971880e+00 1.290050369904178984e+00
2.344999999999972218e+00 1.285050639701581066e+00
2.349999999999972111e+00 1.280050909328452002e+00
2.354999999999972005e+00 1.275051179084015995e+00
2.359999999999971898e+00 1.270051449000789034e+00
2.364999999999971791e+00 1.265051718959397942e+00
2.369999999999972129e+00 1.260051988913915011e+00
2.374999999999972022e+00 1.255052258806585996e+00
2.379999999999971028e+00 1.250052528809874053e+00
2.384999999999970921e+00 1.245052798980510023e+00
2.389999999999970814e+00 1.240053069122722951e+00
2.394999999999971152e+00 1.235053339193995958e+00
2.399999999999971045e+00 1.230053609582568930e+00
2.404999999999970939e+00 1.225053879887469055e+00
2.409999999999970832e+00 1.220054150069358911e+00
2.414999999999971170e+00 1.215054420453612005e+00
2.419999999999971063e+00 1.210054690950755907e+00
2.424999999999970957e+00 1.205054961709606909e+00
2.429999999999969962e+00 1.200055232190947896e+00
2.434999999999969855e+00 1.195055502795866920e+00
2.439999999999970193e+00 1.190055773598373889e+00
2.444999999999970086e+00 1.185056044289013011e+00
2.449999999999969980e+00 1.180056315235106013e+00
2.454999999999969873e+00 1.175056586216556065e+00
2.459999999999970210e+00 1.170056857193912947e+00
2.464999999999970104e+00 1.165057128452076984e+00
2.469999999999969997e+00 1.160057399678521950e+00
2.474999999999969003e+00 1.155057670916221024e+00
2.479999999999968896e+00 1.150057942411307987e+00
2.484999999999968789e+00 1.145058213937887093e+00
2.489999999999969127e+00 1.140058485489590101e+00
2.494999999999969020e+00 1.135058757246496963e+00
2.499999999999968914e+00 1.130059029096514900e+00
2.504999999999968807e+00 1.125059300823636033e+00
2.509999999999969145e+00 1.120059572901709988e+00
2.514999999999969038e+00 1.115059845037422059e+00
2.519999999999968043e+00 1.110060117450075046e+00
2.524999999999967937e+00 1.105060389639789031e+00
2.529999999999967830e+00 1.100060662211945095e+00
2.534999999999968168e+00 1.095060934711568956e+00
2.539999999999968061e+00 1.090061207499047891e+00
2.544999999999967955e+00 1.085061480315288929e+00
2.549999999999967848e+00 1.080061753490554111e+00
2.554999999999968185e+00 1.075062026487785038e+00
2.559999999999968079e+00 1.070062299663731897e+00
2.564999999999967972e+00 1.065062573226442044e+00
2.569999999999966978e+00 1.060062846830646999e+00
2.574999999999966871e+00 1.055063120615727934e+00
2.579999999999967208e+00 1.050063394317590104e+00
2.584999999999967102e+00 1.045063668651891930e+00
2.589999999999966995e+00 1.040063942827146093e+00
2.594999999999966889e+00 1.035064217121544061e+00
2.599999999999966782e+00 1.030064491731196075e+00
2.604999999999967120e+00 1.025064766492959967e+00
2.609999999999967013e+00 1.020065041441740039e+00
2.614999999999966018e+00 1.015065316595723965e+00
2.619999999999965912e+00 1.010065591696502008e+00
2.624999999999965805e+00 1.005065867318875927e+00
2.629999999999966143e+00 1.000066143103367944e+00
2.634999999999966036e+00 9.950664189539111248e-01
2.639999999999965929e+00 9.900666950264849220e-01
2.644999999999965823e+00 9.850669715017374983e-01
2.649999999999966160e+00 9.800672479015020144e-01
2.654999999999966054e+00 9.750675247429398951e-01
2.659999999999965947e+00 9.700678016541814941e-01
2.664999999999964952e+00 9.650680789289936001e-01
2.669999999999964846e+00 9.600683565622603055e-01
2.674999999999965183e+00 9.550686341200389506e-01
2.679999999999965077e+00 9.500689120519609787e-01
2.684999999999964970e+00 9.450691904462473758e-01
2.689999999999964864e+00 9.400694687044506281e-01
2.694999999999965201e+00 9.350697475493916500e-01
2.699999999999965095e+00 9.300700265123396093e-01
2.704999999999964988e+00 9.250703059917668725e-01
2.709999999999963993e+00 9.200705854942725637e-01
2.714999999999963887e+00 9.150708655100743272e-01
2.719999999999963780e+00 9.100711455647569892e-01
2.724999999999964118e+00 9.050714260831682623e-01
2.729999999999964011e+00 9.000717069983465990e-01
2.734999999999963904e+00 8.950719877915389588e-01
2.739999999999963798e+00 8.900722692733324948e-01
2.744999999999964135e+00 8.850725511687187463e-01
2.749999999999964029e+00 8.800728330836591340e-01
2.754999999999963034e+00 8.750731157469999744e-01
2.759999999999962927e+00 8.700733983691861795e-01
2.764999999999962821e+00 8.650736815660593493e-01
2.769999999999963158e+00 8.600739652241031763e-01
2.774999999999963052e+00 8.550742492654990201e-01
2.779999999999962945e+00 8.500745334212069793e-01
2.784999999999962839e+00 8.450748181429617034e-01
2.789999999999963176e+00 8.400751033215669850e-01
2.794999999999963070e+00 8.350753887591508828e-01
2.799999999999962963e+00 8.300756747635205102e-01
2.804999999999961968e+00 8.250759612153046874e-01
2.809999999999961862e+00 8.200762479851846365e-01
2.814999999999962199e+00 8.150765352337998593e-01
2.819999999999962093e+00 8.100768229858203995e-01
2.824999999999961986e+00 8.050771111553558512e-01
2.829999999999961879e+00 8.000773999880266274e-01
2.834999999999962217e+00 7.950776891135546975e-01
2.839999999999962110e+00 7.900779787296414725e-01
2.844999999999962004e+00 7.850782690344999537e-01
2.849999999999961009e+00 7.800785598659558673e-01
2.854999999999960902e+00 7.750788509495123435e-01
2.859999999999960796e+00 7.700791428231354985e-01
2.864999999999961133e+00 7.650794351034733154e-01
2.869999999999961027e+00 7.600797282707958402e-01
2.874999999999960920e+00 7.550800215243498315e-01
2.879999999999960814e+00 7.500803158548023930e-01
2.884999999999961151e+00 7.450806106035656740e-01
2.889999999999961044e+00 7.400809060875985779e-01
2.894999999999960050e+00 7.350812020639523325e-01
2.899999999999959943e+00 7.300814988475963219e-01
2.904999999999959837e+00 7.250817959872506435e-01
2.909999999999960174e+00 7.200820941701522315e-01
2.914999999999960067e+00 7.150823929973171289e-01
2.919999999999959961e+00 7.100826925293972636e-01
2.924999999999959854e+00 7.050829927262043384e-01
2.929999999999960192e+00 7.000832938609278244e-01
2.934999999999960085e+00 6.950835954568219677e-01
2.939999999999959979e+00 6.900838982276127354e-01
2.944999999999958984e+00 6.850842016534670620e-01
2.949999999999958877e+00 6.800845058222080297e-01
2.954999999999959215e+00 6.750848111486220660e-01
2.959999999999959108e+00 6.700851171027579767e-01
2.964999999999959002e+00 6.650854240594981093e-01
2.969999999999958895e+00 6.600857319629085396e-01
2.974999999999958789e+00 6.550860407260188367e-01
2.979999999999959126e+00 6.500863505701772738e-01
2.984999999999959019e+00 6.450866612537424771e-01
2.989999999999958025e+00 6.400869732552791902e-01
2.994999999999957918e+00 6.350872862943219843e-01
2.999999999999957812e+00 6.300876002012500976e-01
3.004999999999958149e+00 6.250879152887591772e-01
3.009999999999958042e+00 6.200882315862372707e-01
3.014999999999957936e+00 6.150885492755264750e-01
3.019999999999957829e+00 6.100888679465015230e-01
3.024999999999958167e+00 6.050891879244204574e-01
3.029999999999958060e+00 6.000895093056328733e-01
3.034999999999957954e+00 5.950898317865949139e-01
3.039999999999956959e+00 5.900901557460542790e-01
3.044999999999956852e+00 5.850904810559995894e-01
3.049999999999957190e+00 5.800908082115370235e-01
3.054999999999957083e+00 5.750911364546595905e-01
3.059999999999956977e+00 5.700914664296874435e-01
3.064999999999956870e+00 5.650917978454117474e-01
3.069999999999957208e+00 5.600921310799549246e-01
3.074999999999957101e+00 5.550924659918905490e-01
3.079999999999956994e+00 5.500928026405631499e-01
3.084999999999956000e+00 5.450931413388957480e-01
3.089999999999955893e+00 5.400934818483733579e-01
3.094999999999955786e+00 5.350938242284541957e-01
3.099999999999956124e+00 5.300941688258831164e-01
3.104999999999956017e+00 5.250945155663657715e-01
3.109999999999955911e+00 5.200948643144442940e-01
3.114999999999955804e+00 5.150952155331651738e-01
3.119999999999956142e+00 5.100955690338082604e-01
3.124999999999956035e+00 5.050959251699396191e-01
3.129999999999955040e+00 5.000962839184239783e-01
3.134999999999954934e+00 4.950966451291947124e-01
3.139999999999954827e+00 4.900970094501531094e-01
3.144999999999955165e+00 4.850973766305627932e-01
3.149999999999955058e+00 4.800977470179076945e-01
3.154999999999954952e+00 4.750981204948629966e-01
3.159999999999954845e+00 4.700984975330015914e-01
3.164999999999955183e+00 4.650988781358478263e-01
3.169999999999955076e+00 4.600992625224193944e-01
3.174999999999954969e+00 4.550996508825733144e-01
3.179999999999953975e+00 4.501000435386686149e-01
3.184999999999953868e+00 4.451004404327250086e-01
3.189999999999954206e+00 4.401008424580937217e-01
3.194999999999954099e+00 4.351012491134724769e-01
3.199999999999953992e+00 4.301016612659510074e-01
3.204999999999953886e+00 4.251020790717915943e-01
3.209999999999953779e+00 4.201025028662002114e-01
3.214999999999954117e+00 4.151029331838457792e-01
3.219999999999954010e+00 4.101033705814530195e-01
3.224999999999953015e+00 4.051038153716604029e-01
3.229999999999952909e+00 4.001042682886009061e-01
3.234999999999952802e+00 3.951047298137381758e-01
3.239999999999953140e+00 3.901052009016439115e-01
3.244999999999953033e+00 3.851056824790929922e-01
3.249999999999952927e+00 3.801061750608027978e-01
3.254999999999952820e+00 3.751066802140031187e-01
3.259999999999953157e+00 3.701071988135424817e-01
3.264999999999953051e+00 3.651077322577975792e-01
3.269999999999952944e+00 3.601082825722983216e-01
3.274999999999951950e+00 3.551088513525542112e-01
3.279999999999951843e+00 3.501094407803577724e-01
3.284999999999952180e+00 3.451100535431522176e-01
3.289999999999952074e+00 3.401106924958411937e-01
3.294999999999951967e+00 3.351113609334959165e-01
3.299999999999951861e+00 3.301120637845257888e-01
3.304999999999952198e+00 3.251128050557952065e-01
3.309999999999952092e+00 3.201135912668747197e-01
3.314999999999951985e+00 3.151144289687409228e-01
3.319999999999950990e+00 3.101153270583267840e-01
3.324999999999950884e+00 3.051162953799035904e-01
3.329999999999951221e+00 3.001173463129446772e-01
3.334999999999951115e+00 2.951184943957371742e-01
3.339999999999951008e+00 2.901197573935547780e-01
3.344999999999950901e+00 2.851211566279943099e-01
3.349999999999950795e+00 2.801227173928992897e-01
3.354999999999951132e+00 2.751244697380884063e-01
3.359999999999951026e+00 2.701264488861597202e-01
3.364999999999950031e+00 2.651286954986601940e-01
3.369999999999949925e+00 2.601312561890765096e-01
3.374999999999949818e+00 2.551341825964144050e-01
3.379999999999950155e+00 2.501375315707293212e-01
3.384999999999950049e+00 2.451413629983676123e-01
3.389999999999949942e+00 2.401457395522079985e-01
3.394999999999949836e+00 2.351507246068678114e-01
3.399999999999950173e+00 2.301563799037679992e-01
3.404999999999950067e+00 2.251627658907011942e-01
3.409999999999949960e+00 2.201699394325710990e-01
3.414999999999948965e+00 2.151779535468615889e-01
3.419999999999948859e+00 2.101868571496509908e-01
3.424999999999949196e+00 2.051966961322087002e-01
3.429999999999949090e+00 2.002075129839901990e-01
3.434999999999948983e+00 1.952193470193321900e-01
3.439999999999948876e+00 1.902322372123173011e-01
3.444999999999949214e+00 1.852462197690024071e-01
3.449999999999949107e+00 1.802613318094196948e-01
3.454999999999949001e+00 1.752776102738788921e-01
3.459999999999948006e+00 1.702950933624141072e-01
3.464999999999947899e+00 1.653138208185085112e-01
3.469999999999947793e+00 1.603338343646641129e-01
3.474999999999948130e+00 1.553551797197564865e-01
3.479999999999948024e+00 1.503779048250440120e-01
3.484999999999947917e+00 1.454020628738321996e-01
3.489999999999947811e+00 1.404277114879982080e-01
3.494999999999948148e+00 1.354549146381298919e-01
3.499999999999948042e+00 1.304837428379413133e-01
3.504999999999947047e+00 1.255142746997278125e-01
3.509999999999946940e+00 1.205465981050272972e-01
3.514999999999946834e+00 1.155808118489222991e-01
3.519999999999947171e+00 1.106170273726605063e-01
3.524999999999947065e+00 1.056553713935878963e-01
3.529999999999946958e+00 1.006959888638996048e-01
3.534999999999946851e+00 9.573904635340602098e-02
3.539999999999947189e+00 9.078473656519703283e-02
3.544999999999947082e+00 8.583328421399949448e-02
3.549999999999946976e+00 8.088495440052723140e-02
3.554999999999945981e+00 7.594006161553679135e-02
3.559999999999945874e+00 7.099898496344758669e-02
3.564999999999946212e+00 6.606218392832197139e-02
3.569999999999946105e+00 6.113022786281963050e-02
3.574999999999945999e+00 5.620383053328326106e-02
3.579999999999945892e+00 5.128390704903673658e-02
3.584999999999945786e+00 4.637165660768283182e-02
3.589999999999946123e+00 4.146869710810308085e-02
3.594999999999946017e+00 3.657728822593520057e-02
3.599999999999945022e+00 3.170074390747856796e-02
3.604999999999944915e+00 2.684417372907433111e-02
3.609999999999944809e+00 2.201607845134045949e-02
3.614999999999945146e+00 1.723221616755699070e-02
3.619999999999945040e+00 1.252687387920303937e-02
3.624999999999944933e+00 8.018182730066908404e-03
3.629999999999944826e+00 4.397983748419164590e-03
