# vin_v vout_v
0.000000000000000000e+00 2.948690200985923049e+00
5.000000000000000104e-03 2.948177114043247116e+00
1.000000000000000021e-02 2.946683498720645833e+00
1.499999999999999944e-02 2.944171250807683826e+00
2.000000000000000042e-02 2.940995066628918853e+00
2.500000000000000139e-02 2.937433821734023898e+00
2.999999999999999889e-02 2.933572920089836167e+00
3.500000000000000333e-02 2.929487922520569221e+00
4.000000000000000083e-02 2.925232507352052203e+00
4.499999999999999833e-02 2.920845865974056821e+00
5.000000000000000278e-02 2.916356889715730816e+00
5.499999999999999334e-02 2.911787110714990856e+00
5.999999999999999084e-02 2.907152753744322027e+00
6.499999999999998834e-02 2.902466183127505150e+00
6.999999999999999278e-02 2.897736927327886125e+00
7.499999999999999722e-02 2.892972412287934780e+00
8.000000000000000167e-02 2.888178486725219152e+00
8.500000000000000611e-02 2.883359805281957122e+00
9.000000000000001055e-02 2.878520107898868030e+00
9.500000000000001499e-02 2.873662427477379211e+00
1.000000000000000056e-01 2.868789246163344853e+00
1.049999999999999961e-01 2.863902611270515930e+00
1.100000000000000006e-01 2.859004226055049003e+00
1.150000000000000050e-01 2.854095517043369057e+00
1.199999999999999956e-01 2.849177688963952182e+00
1.250000000000000000e-01 2.844251765854460157e+00
1.300000000000000044e-01 2.839318623724405022e+00
1.350000000000000089e-01 2.834379017609915952e+00
1.400000000000000133e-01 2.829433601993691205e+00
1.449999999999999900e-01 2.824482947948379952e+00
1.499999999999999944e-01 2.819527556739767071e+00
1.550000000000001099e-01 2.814567871733285820e+00
1.600000000000000866e-01 2.809604286597100931e+00
1.650000000000000910e-01 2.804637153684415019e+00
1.700000000000000955e-01 2.799666790482589818e+00
1.750000000000000999e-01 2.794693483891054875e+00
1.800000000000001044e-01 2.789717495262483915e+00
1.850000000000001088e-01 2.784739064748328996e+00
1.900000000000001132e-01 2.779758411718434186e+00
1.950000000000000899e-01 2.774775740770225152e+00
2.000000000000000944e-01 2.769791239941385985e+00
2.050000000000000988e-01 2.764805084120034007e+00
2.100000000000001033e-01 2.759817435777074834e+00
2.150000000000001077e-01 2.754828445110134805e+00
2.200000000000001121e-01 2.749838251808546019e+00
2.250000000000000888e-01 2.744846984280564062e+00
2.300000000000000933e-01 2.739854760374079046e+00
2.350000000000000977e-01 2.734861688628268173e+00
2.400000000000001021e-01 2.729867866955601130e+00
2.450000000000001066e-01 2.724873384055368053e+00
2.500000000000001110e-01 2.719878319824796886e+00
2.550000000000001155e-01 2.714882745123972985e+00
2.600000000000001199e-01 2.709886723277016074e+00
2.650000000000001243e-01 2.704890310028738032e+00
2.700000000000000733e-01 2.699893554394507067e+00
2.750000000000000777e-01 2.694896499431151948e+00
2.800000000000000822e-01 2.689899182904170960e+00
2.850000000000000866e-01 2.684901636947544024e+00
2.900000000000000910e-01 2.679903890673394073e+00
2.950000000000002065e-01 2.674905968024070990e+00
3.000000000000002109e-01 2.669907890909669845e+00
3.050000000000002154e-01 2.664909677712059999e+00
3.100000000000002198e-01 2.659911344397854815e+00
3.150000000000002243e-01 2.654912904926447936e+00
3.200000000000001732e-01 2.649914371598001139e+00
3.250000000000001776e-01 2.644915754563101018e+00
3.300000000000001821e-01 2.639917063062683145e+00
3.350000000000001865e-01 2.634918305366425795e+00
3.400000000000001910e-01 2.629919487996232874e+00
3.450000000000001954e-01 2.624920617202008088e+00
3.500000000000001998e-01 2.619921698374043206e+00
3.550000000000002043e-01 2.614922735859237957e+00
3.600000000000002087e-01 2.609923734130092043e+00
3.650000000000002132e-01 2.604924696807700002e+00
3.700000000000002176e-01 2.599925626752736196e+00
3.750000000000002220e-01 2.594926527080446022e+00
3.800000000000002265e-01 2.589927400065220819e+00
3.850000000000001754e-01 2.584928248306312071e+00
3.900000000000001799e-01 2.579929073670485185e+00
3.950000000000001843e-01 2.574929877612333939e+00
4.000000000000001887e-01 2.569930661932005034e+00
4.050000000000001932e-01 2.564931428229045185e+00
4.100000000000003086e-01 2.559932177482806992e+00
4.150000000000003131e-01 2.554932911118584116e+00
4.200000000000003175e-01 2.549933630040670085e+00
4.250000000000003220e-01 2.544934335241293866e+00
4.300000000000003264e-01 2.539935027513422039e+00
4.350000000000002753e-01 2.534935707732274057e+00
4.400000000000002798e-01 2.529936376629478900e+00
4.450000000000002842e-01 2.524937034838445005e+00
4.500000000000002887e-01 2.519937682618320185e+00
4.550000000000002931e-01 2.514938320856344944e+00
4.600000000000002975e-01 2.509938950233873811e+00
4.650000000000003020e-01 2.504939570803089044e+00
4.700000000000003064e-01 2.499940183205751953e+00
4.750000000000003109e-01 2.494940787561461093e+00
4.800000000000003153e-01 2.489941384800828938e+00
4.850000000000003197e-01 2.484941974702309153e+00
4.900000000000003242e-01 2.479942557808271886e+00
4.950000000000002731e-01 2.474943134544275836e+00
5.000000000000003331e-01 2.469943704748259972e+00
5.050000000000003375e-01 2.464944269222228979e+00
5.100000000000003419e-01 2.459944827590788918e+00
5.150000000000003464e-01 2.454945380752405981e+00
5.200000000000003508e-01 2.449945928336604073e+00
5.250000000000003553e-01 2.444946470736966138e+00
5.300000000000003597e-01 2.439947008363930081e+00
5.350000000000003642e-01 2.434947540848639846e+00
5.400000000000003686e-01 2.429948068929804084e+00
5.450000000000003730e-01 2.424948592340542053e+00
5.500000000000003775e-01 2.419949111732648817e+00
5.550000000000003819e-01 2.414949626690769957e+00
5.600000000000003864e-01 2.409950137468769071e+00
5.650000000000003908e-01 2.404950644538815130e+00
5.700000000000003952e-01 2.399951147520965833e+00
5.750000000000003997e-01 2.394951646893304087e+00
5.800000000000004041e-01 2.389952142548593894e+00
5.850000000000004086e-01 2.384952634715120201e+00
5.900000000000004130e-01 2.379953123595270892e+00
5.950000000000004174e-01 2.374953608984867959e+00
6.000000000000004219e-01 2.369954091213572145e+00
6.050000000000004263e-01 2.364954570107045129e+00
6.100000000000004308e-01 2.359955046032212067e+00
6.150000000000004352e-01 2.354955518823147020e+00
6.200000000000004396e-01 2.349955988754401925e+00
6.250000000000004441e-01 2.344956455742873924e+00
6.300000000000004485e-01 2.339956920318968958e+00
6.350000000000004530e-01 2.334957381743663962e+00
6.400000000000004574e-01 2.329957840627173038e+00
6.450000000000004619e-01 2.324958296842850825e+00
6.500000000000004663e-01 2.319958750620231047e+00
6.550000000000004707e-01 2.314959201944930101e+00
6.600000000000004752e-01 2.309959650710994072e+00
6.650000000000004796e-01 2.304960097025854804e+00
6.700000000000004841e-01 2.299960541111034207e+00
6.750000000000004885e-01 2.294960982826183216e+00
6.800000000000004929e-01 2.289961422307555949e+00
6.850000000000004974e-01 2.284961859958229979e+00
6.900000000000005018e-01 2.279962294985637072e+00
6.950000000000005063e-01 2.274962728139997115e+00
7.000000000000005107e-01 2.269963159303188149e+00
7.050000000000005151e-01 2.264963588415242146e+00
7.100000000000005196e-01 2.259964015577907048e+00
7.150000000000005240e-01 2.254964440705236939e+00
7.200000000000005285e-01 2.249964863965260964e+00
7.250000000000005329e-01 2.244965285275271061e+00
7.300000000000005373e-01 2.239965704878671193e+00
7.350000000000005418e-01 2.234966122440142033e+00
7.400000000000005462e-01 2.229966538696884992e+00
7.450000000000005507e-01 2.224966952912097895e+00
7.500000000000005551e-01 2.219967365586625885e+00
7.550000000000005596e-01 2.214967776661807886e+00
7.600000000000005640e-01 2.209968185980585975e+00
7.650000000000005684e-01 2.204968593736908122e+00
7.700000000000005729e-01 2.199969000019506904e+00
7.750000000000005773e-01 2.194969404605330965e+00
7.800000000000005818e-01 2.189969807718285200e+00
7.850000000000005862e-01 2.184970209266396068e+00
7.900000000000005906e-01 2.179970609431791218e+00
7.950000000000005951e-01 2.174971008466571210e+00
8.000000000000005995e-01 2.169971405934176811e+00
8.050000000000006040e-01 2.164971801783395211e+00
8.100000000000006084e-01 2.159972196539229117e+00
8.150000000000006128e-01 2.154972589788031190e+00
8.200000000000006173e-01 2.149972981801568039e+00
8.250000000000006217e-01 2.144973372508217846e+00
8.300000000000006262e-01 2.139973762057366002e+00
8.350000000000006306e-01 2.134974150216692124e+00
8.400000000000006350e-01 2.129974537440376015e+00
8.450000000000006395e-01 2.124974923133720051e+00
8.500000000000006439e-01 2.119975307774438988e+00
8.550000000000006484e-01 2.114975691333369934e+00
8.600000000000006528e-01 2.109976073774816996e+00
8.650000000000006573e-01 2.104976454903351168e+00
8.700000000000006617e-01 2.099976835056224900e+00
8.750000000000006661e-01 2.094977214273284982e+00
8.800000000000006706e-01 2.089977592147477026e+00
8.850000000000006750e-01 2.084977968851546848e+00
8.900000000000006795e-01 2.079978344978314908e+00
8.950000000000006839e-01 2.074978719983051167e+00
9.000000000000006883e-01 2.069979093888434818e+00
9.050000000000006928e-01 2.064979466934290020e+00
9.100000000000006972e-01 2.059979838980837030e+00
9.150000000000007017e-01 2.054980209970381111e+00
9.200000000000007061e-01 2.049980580100736915e+00
9.250000000000007105e-01 2.044980949505657009e+00
9.300000000000007150e-01 2.039981317681850204e+00
9.350000000000007194e-01 2.034981685164098053e+00
9.400000000000007239e-01 2.029982051729859904e+00
9.450000000000007283e-01 2.024982417353954123e+00
9.500000000000007327e-01 2.019982782329237114e+00
9.550000000000007372e-01 2.014983146461645003e+00
9.600000000000007416e-01 2.009983509693710868e+00
9.650000000000007461e-01 2.004983871926696803e+00
9.700000000000007505e-01 1.999984233688337998e+00
9.750000000000007550e-01 1.994984594508310005e+00
9.800000000000007594e-01 1.989984954582836973e+00
9.850000000000007638e-01 1.984985314000994094e+00
9.900000000000007683e-01 1.979985672596114910e+00
9.950000000000007727e-01 1.974986030284525906e+00
1.000000000000001110e+00 1.969986387621077029e+00
1.005000000000001004e+00 1.964986743993506035e+00
1.010000000000000009e+00 1.959987099739749050e+00
1.014999999999999902e+00 1.954987454892090915e+00
1.020000000000000018e+00 1.949987809362482949e+00
1.024999999999999911e+00 1.944988162991933001e+00
1.030000000000000027e+00 1.939988516051698975e+00
1.034999999999999920e+00 1.934988868491358982e+00
1.040000000000000036e+00 1.929989220322454013e+00
1.044999999999999929e+00 1.924989571522530918e+00
1.050000000000000044e+00 1.919989921988416892e+00
1.054999999999999050e+00 1.914990271907299979e+00
1.059999999999998943e+00 1.909990621396673083e+00
1.064999999999999059e+00 1.904990970105530090e+00
1.069999999999998952e+00 1.899991318268746010e+00
1.074999999999999067e+00 1.894991665913380974e+00
1.079999999999998961e+00 1.889992013043241048e+00
1.084999999999999076e+00 1.884992359529860995e+00
1.089999999999998970e+00 1.879992705419339938e+00
1.094999999999999085e+00 1.874993050886871959e+00
1.099999999999998979e+00 1.869993395866685892e+00
1.104999999999997984e+00 1.864993740032218961e+00
1.109999999999998099e+00 1.859994084115214941e+00
1.114999999999997993e+00 1.854994427240229005e+00
1.119999999999998108e+00 1.849994770150487966e+00
1.124999999999998002e+00 1.844995112525793957e+00
1.129999999999997895e+00 1.839995454416680110e+00
1.134999999999998010e+00 1.834995795776876992e+00
1.139999999999997904e+00 1.829996136701709020e+00
1.144999999999998019e+00 1.824996477168383979e+00
1.149999999999997025e+00 1.819996817128127997e+00
1.154999999999996918e+00 1.814997156720949079e+00
1.159999999999997033e+00 1.809997495834863912e+00
1.164999999999996927e+00 1.804997834496987030e+00
1.169999999999997042e+00 1.799998172645417061e+00
1.174999999999996936e+00 1.794998510549248971e+00
1.179999999999997051e+00 1.789998847751804067e+00
1.184999999999996945e+00 1.784999184894048074e+00
1.189999999999997060e+00 1.779999521244576055e+00
1.194999999999996954e+00 1.774999857222099076e+00
1.199999999999995959e+00 1.770000193157442947e+00
1.204999999999996074e+00 1.765000528368829924e+00
1.209999999999995968e+00 1.760000863498702994e+00
1.214999999999996083e+00 1.755001198056107103e+00
1.219999999999995977e+00 1.750001532234704893e+00
1.224999999999996092e+00 1.745001866149948011e+00
1.229999999999995985e+00 1.740002199765968038e+00
1.234999999999996101e+00 1.735002532596467972e+00
1.239999999999995994e+00 1.730002865473124984e+00
1.244999999999995000e+00 1.725003197983937975e+00
1.249999999999994893e+00 1.720003529987309099e+00
1.254999999999995008e+00 1.715003861671164032e+00
1.259999999999994902e+00 1.710004192943926915e+00
1.264999999999995017e+00 1.705004523910701897e+00
1.269999999999994911e+00 1.700004854716838043e+00
1.274999999999995026e+00 1.695005185101422063e+00
1.279999999999994920e+00 1.690005515129314961e+00
1.284999999999995035e+00 1.685005844896749982e+00
1.289999999999994040e+00 1.680006174257413942e+00
1.294999999999993934e+00 1.675006503274800940e+00
1.299999999999994049e+00 1.670006832291619947e+00
1.304999999999993943e+00 1.665007160655705087e+00
1.309999999999994058e+00 1.660007489077998111e+00
1.314999999999993952e+00 1.655007816750468930e+00
1.319999999999994067e+00 1.650008144505249907e+00
1.324999999999993960e+00 1.645008471934658933e+00
1.329999999999994076e+00 1.640008798984184057e+00
1.334999999999993969e+00 1.635009125772910021e+00
1.339999999999992975e+00 1.630009452203978970e+00
1.344999999999993090e+00 1.625009778568597074e+00
1.349999999999992983e+00 1.620010104539858053e+00
1.354999999999993099e+00 1.615010430167046929e+00
1.359999999999992992e+00 1.610010755626718026e+00
1.364999999999993108e+00 1.605011080964857006e+00
1.369999999999993001e+00 1.600011405820112032e+00
1.374999999999992895e+00 1.595011730657120097e+00
1.379999999999993010e+00 1.590012054995610935e+00
1.384999999999992015e+00 1.585012379235025026e+00
1.389999999999991909e+00 1.580012703240526895e+00
1.394999999999992024e+00 1.575013026985458975e+00
1.399999999999991918e+00 1.570013350686678910e+00
1.404999999999992033e+00 1.565013673762507995e+00
1.409999999999991926e+00 1.560013996842827044e+00
1.414999999999992042e+00 1.555014319486077046e+00
1.419999999999991935e+00 1.550014642173209944e+00
1.424999999999992051e+00 1.545014964702432048e+00
1.429999999999991944e+00 1.540015286732228095e+00
1.434999999999990949e+00 1.535015608729282111e+00
1.439999999999991065e+00 1.530015930513400013e+00
1.444999999999990958e+00 1.525016252092143976e+00
1.449999999999991074e+00 1.520016573414807004e+00
1.454999999999990967e+00 1.515016894716723073e+00
1.459999999999991083e+00 1.510017215677067037e+00
1.464999999999990976e+00 1.505017536469950068e+00
1.469999999999991092e+00 1.500017857029604107e+00
1.474999999999990985e+00 1.495018177489271016e+00
1.479999999999989990e+00 1.490018497640789974e+00
1.484999999999990106e+00 1.485018817669697011e+00
1.489999999999989999e+00 1.480019137478904900e+00
1.494999999999989893e+00 1.475019457153849078e+00
1.499999999999990008e+00 1.470019776736819050e+00
1.504999999999989901e+00 1.465020096158810015e+00
1.509999999999990017e+00 1.460020415297720087e+00
1.514999999999989910e+00 1.455020734223297030e+00
1.519999999999990026e+00 1.450021053083843992e+00
1.524999999999989031e+00 1.445021371604866989e+00
1.529999999999988924e+00 1.440021690105254049e+00
1.534999999999989040e+00 1.435022008461658061e+00
1.539999999999988933e+00 1.430022326695564061e+00
1.544999999999989049e+00 1.425022644913837899e+00
1.549999999999988942e+00 1.420022962792699905e+00
1.554999999999989058e+00 1.415023280530590011e+00
1.559999999999988951e+00 1.410023598284056101e+00
1.564999999999989067e+00 1.405023915626145037e+00
1.569999999999988960e+00 1.400024232949647063e+00
1.574999999999987965e+00 1.395024550350171921e+00
1.579999999999988081e+00 1.390024867323347957e+00
1.584999999999987974e+00 1.385025184372296048e+00
1.589999999999988090e+00 1.380025501192335025e+00
1.594999999999987983e+00 1.375025817792050020e+00
1.599999999999988098e+00 1.370026134558770980e+00
1.604999999999987992e+00 1.365026450933555902e+00
1.609999999999988107e+00 1.360026767240980927e+00
1.614999999999988001e+00 1.355027083513618891e+00
1.619999999999987006e+00 1.350027399717645959e+00
1.624999999999986899e+00 1.345027715742389995e+00
1.629999999999987015e+00 1.340028031622920945e+00
1.634999999999986908e+00 1.335028347377942959e+00
1.639999999999987024e+00 1.330028663173492998e+00
1.644999999999986917e+00 1.325028978877355934e+00
1.649999999999987033e+00 1.320029294185190105e+00
1.654999999999986926e+00 1.315029609741884986e+00
1.659999999999987041e+00 1.310029924958485026e+00
1.664999999999986047e+00 1.305030240187023072e+00
1.669999999999985940e+00 1.300030555406124000e+00
1.674999999999986056e+00 1.295030870474078943e+00
1.679999999999985949e+00 1.290031185490533971e+00
1.684999999999986064e+00 1.285031500557807016e+00
1.689999999999985958e+00 1.280031815341942991e+00
1.694999999999986073e+00 1.275032130277053977e+00
1.699999999999985967e+00 1.270032444844275910e+00
1.704999999999986082e+00 1.265032759524558958e+00
1.709999999999985976e+00 1.260033074196200920e+00
1.714999999999984981e+00 1.255033388568790986e+00
1.719999999999985096e+00 1.250033703079850955e+00
1.724999999999984990e+00 1.245034017579883079e+00
1.729999999999985105e+00 1.240034331853564931e+00
1.734999999999984999e+00 1.235034646268047931e+00
1.739999999999984892e+00 1.230034960310661063e+00
1.744999999999985008e+00 1.225035274652441109e+00
1.749999999999984901e+00 1.220035588886333011e+00
1.754999999999985016e+00 1.215035902963677028e+00
1.759999999999984022e+00 1.210036217082234078e+00
1.764999999999983915e+00 1.205036531045323045e+00
1.769999999999984031e+00 1.200036845071621894e+00
1.774999999999983924e+00 1.195037158945637890e+00
1.779999999999984039e+00 1.190037473063001006e+00
1.784999999999983933e+00 1.185037786989425967e+00
1.789999999999984048e+00 1.180038100943022972e+00
1.794999999999983942e+00 1.175038414923279095e+00
1.799999999999984057e+00 1.170038728692532004e+00
1.804999999999983951e+00 1.165039042687566972e+00
1.809999999999982956e+00 1.160039356440393021e+00
1.814999999999983071e+00 1.155039670330268109e+00
1.819999999999982965e+00 1.150039984163470086e+00
1.824999999999983080e+00 1.145040298261051026e+00
1.829999999999982974e+00 1.140040612040422952e+00
1.834999999999983089e+00 1.135040925985606020e+00
1.839999999999982983e+00 1.130041239787999974e+00
1.844999999999983098e+00 1.125041553859376098e+00
1.849999999999982991e+00 1.120041867694113069e+00
1.854999999999981997e+00 1.115042181620139905e+00
1.859999999999981890e+00 1.110042495596075929e+00
1.864999999999982006e+00 1.105042809579686036e+00
1.869999999999981899e+00 1.100043123720354066e+00
1.874999999999982014e+00 1.095043437713627998e+00
1.879999999999981908e+00 1.090043751766984093e+00
1.884999999999982023e+00 1.085044065903844057e+00
1.889999999999981917e+00 1.080044380165191109e+00
1.894999999999982032e+00 1.075044694396297018e+00
1.899999999999981037e+00 1.070045008503881956e+00
1.904999999999980931e+00 1.065045322850096010e+00
1.909999999999981046e+00 1.060045637342625025e+00
1.914999999999980940e+00 1.055045951765521073e+00
1.919999999999981055e+00 1.050046266254468952e+00
1.924999999999980949e+00 1.045046580900248046e+00
1.929999999999981064e+00 1.040046895579280095e+00
1.934999999999980957e+00 1.035047210403319928e+00
1.939999999999981073e+00 1.030047525129816899e+00
1.944999999999980966e+00 1.025047840034631008e+00
1.949999999999979972e+00 1.020048155045288008e+00
1.954999999999980087e+00 1.015048470168836037e+00
1.959999999999979980e+00 1.010048785480136990e+00
1.964999999999980096e+00 1.005049100757616998e+00
1.969999999999979989e+00 1.000049416192211993e+00
1.974999999999980105e+00 9.950497316007158588e-01
1.979999999999979998e+00 9.900500471197801744e-01
1.984999999999979892e+00 9.850503629665467997e-01
1.989999999999980007e+00 9.800506788793086344e-01
1.994999999999979012e+00 9.750509947488694706e-01
1.999999999999978906e+00 9.700513108916766214e-01
2.004999999999979021e+00 9.650516272182585453e-01
2.009999999999978915e+00 9.600519434724787970e-01
2.014999999999978808e+00 9.550522601361990382e-01
2.019999999999979146e+00 9.500525768443708330e-01
2.024999999999979039e+00 9.450528935591364643e-01
2.029999999999978932e+00 9.400532106404853039e-01
2.034999999999978826e+00 9.350535278890674817e-01
2.039999999999979163e+00 9.300538452940827483e-01
2.044999999999979057e+00 9.250541628675250649e-01
2.049999999999978950e+00 9.200544806037100898e-01
2.054999999999977955e+00 9.150547984770014409e-01
2.059999999999977849e+00 9.100551166936270420e-01
2.064999999999978186e+00 9.050554349008734789e-01
2.069999999999978080e+00 9.000557535393340913e-01
2.074999999999977973e+00 8.950560722773843736e-01
2.079999999999977867e+00 8.900563913122141457e-01
2.084999999999978204e+00 8.850567106045446053e-01
2.089999999999978098e+00 8.800570300409731317e-01
2.094999999999977991e+00 8.750573498297171682e-01
2.099999999999976996e+00 8.700576698299755662e-01
2.104999999999976890e+00 8.650579898485375452e-01
2.109999999999976783e+00 8.600583100391077096e-01
2.114999999999977121e+00 8.550586310738594875e-01
2.119999999999977014e+00 8.500589521007100302e-01
2.124999999999976907e+00 8.450592734043880228e-01
2.129999999999976801e+00 8.400595949628950621e-01
2.134999999999977138e+00 8.350599168975918474e-01
2.139999999999977032e+00 8.300602390138465125e-01
2.144999999999976037e+00 8.250605616083817040e-01
2.149999999999975930e+00 8.200608844064163350e-01
2.154999999999975824e+00 8.150612075721710426e-01
2.159999999999976161e+00 8.100615312545187408e-01
2.164999999999976055e+00 8.050618550241779303e-01
2.169999999999975948e+00 8.000621794348035110e-01
2.174999999999975842e+00 7.950625041949592742e-01
2.179999999999976179e+00 7.900628292564420008e-01
2.184999999999976072e+00 7.850631547307216351e-01
2.189999999999975966e+00 7.800634805676622818e-01
2.194999999999974971e+00 7.750638067930140096e-01
2.199999999999974865e+00 7.700641336185753971e-01
2.204999999999975202e+00 7.650644607203958003e-01
2.209999999999975095e+00 7.600647883112969794e-01
2.214999999999974989e+00 7.550651165279873567e-01
2.219999999999974882e+00 7.500654448132877405e-01
2.224999999999975220e+00 7.450657740156998443e-01
2.229999999999975113e+00 7.400661037596591996e-01
2.234999999999975007e+00 7.350664338644037343e-01
2.239999999999974012e+00 7.300667644539657886e-01
2.244999999999973905e+00 7.250670955681357555e-01
2.249999999999973799e+00 7.200674274463949587e-01
2.254999999999974136e+00 7.150677599048549382e-01
2.259999999999974030e+00 7.100680927924827301e-01
2.264999999999973923e+00 7.050684262742947794e-01
2.269999999999973817e+00 7.000687606587803202e-01
2.274999999999974154e+00 6.950690955590630438e-01
2.279999999999974047e+00 6.900694311950701376e-01
2.284999999999973053e+00 6.850697674375396673e-01
2.289999999999972946e+00 6.800701044880952395e-01
2.294999999999972840e+00 6.750704422128706028e-01
2.299999999999973177e+00 6.700707805538854700e-01
2.304999999999973070e+00 6.650711198572025751e-01
2.309999999999972964e+00 6.600714600860442260e-01
2.314999999999972857e+00 6.550718009714273649e-01
2.319999999999973195e+00 6.500721427576081624e-01
2.324999999999973088e+00 6.450724853401652581e-01
2.329999999999972982e+00 6.400728291562245431e-01
2.334999999999971987e+00 6.350731736592365451e-01
2.339999999999971880e+00 6.300735190077375591e-01
2.344999999999972218e+00 6.250738657151941879e-01
2.349999999999972111e+00 6.200742132477330415e-01
2.354999999999972005e+00 6.150745619586359680e-01
2.359999999999971898e+00 6.100749117991881576e-01
2.364999999999971791e+00 6.050752626831013004e-01
2.369999999999972129e+00 6.000756148300183668e-01
2.374999999999972022e+00 5.950759684304216535e-01
2.379999999999971028e+00 5.900763229450944891e-01
2.384999999999970921e+00 5.850766790421744190e-01
2.389999999999970814e+00 5.800770363474612168e-01
2.394999999999971152e+00 5.750773952597114658e-01
2.399999999999971045e+00 5.700777556075422581e-01
2.404999999999970939e+00 5.650781174690564512e-01
2.409999999999970832e+00 5.600784808790990610e-01
2.414999999999971170e+00 5.550788460469107122e-01
2.419999999999971063e+00 5.500792127784279728e-01
2.424999999999970957e+00 5.450795815300466529e-01
2.429999999999969962e+00 5.400799520206192028e-01
2.434999999999969855e+00 5.350803245971746946e-01
2.439999999999970193e+00 5.300806991285185177e-01
2.444999999999970086e+00 5.250810757543149521e-01
2.449999999999969980e+00 5.200814547505956398e-01
2.454999999999969873e+00 5.150818359007303116e-01
2.459999999999970210e+00 5.100822196557714960e-01
2.464999999999970104e+00 5.050826059979840466e-01
2.469999999999969997e+00 5.000829948099863032e-01
2.474999999999969003e+00 4.950833868517747760e-01
2.479999999999968896e+00 4.900837816612125253e-01
2.484999999999968789e+00 4.850841795029054992e-01
2.489999999999969127e+00 4.800845807141627120e-01
2.494999999999969020e+00 4.750849854199258870e-01
2.499999999999968914e+00 4.700853937531518922e-01
2.504999999999968807e+00 4.650858060945778916e-01
2.509999999999969145e+00 4.600862225723290067e-01
2.514999999999969038e+00 4.550866432365410219e-01
2.519999999999968043e+00 4.500870687116388935e-01
2.524999999999967937e+00 4.450874989954058947e-01
2.529999999999967830e+00 4.400879347036835143e-01
2.534999999999968168e+00 4.350883760534998146e-01
2.539999999999968061e+00 4.300888234370746077e-01
2.544999999999967955e+00 4.250892775191915107e-01
2.549999999999967848e+00 4.200897381828668231e-01
2.554999999999968185e+00 4.150902067611355051e-01
2.559999999999968079e+00 4.100906833105569249e-01
2.564999999999967972e+00 4.050911688456722004e-01
2.569999999999966978e+00 4.000916637498618811e-01
2.574999999999966871e+00 3.950921692508301830e-01
2.579999999999967208e+00 3.900926860704601040e-01
2.584999999999967102e+00 3.850932155568501103e-01
2.589999999999966995e+00 3.800937588287637836e-01
2.594999999999966889e+00 3.750943173634482264e-01
2.599999999999966782e+00 3.700948925309432980e-01
2.604999999999967120e+00 3.650954867448206187e-01
2.609999999999967013e+00 3.600961016951487181e-01
2.614999999999966018e+00 3.550967403963056768e-01
2.619999999999965912e+00 3.500974055193353252e-01
2.624999999999965805e+00 3.450981005088352149e-01
2.629999999999966143e+00 3.400988297729269916e-01
2.634999999999966036e+00 3.350995976794025055e-01
2.639999999999965929e+00 3.301004106207017230e-01
2.644999999999965823e+00 3.251012748471283076e-01
2.649999999999966160e+00 3.201021987149346160e-01
2.654999999999966054e+00 3.151031921475321851e-01
2.659999999999965947e+00 3.101042665931145748e-01
2.664999999999964952e+00 3.051054364010781228e-01
2.669999999999964846e+00 3.001067179496316739e-01
2.674999999999965183e+00 2.951081318891510819e-01
2.679999999999965077e+00 2.901097018677631922e-01
2.684999999999964970e+00 2.851114563877671926e-01
2.689999999999964864e+00 2.801134290935606841e-01
2.694999999999965201e+00 2.751156585668753096e-01
2.699999999999965095e+00 2.701181890211187819e-01
2.704999999999964988e+00 2.651210707075080109e-01
2.709999999999963993e+00 2.601243585455961238e-01
2.714999999999963887e+00 2.551281117701834078e-01
2.719999999999963780e+00 2.501323924854474967e-01
2.724999999999964118e+00 2.451372647318806053e-01
2.729999999999964011e+00 2.401427917077648133e-01
2.734999999999963904e+00 2.351490362906467901e-01
2.739999999999963798e+00 2.301560575702215061e-01
2.744999999999964135e+00 2.251639116970167998e-01
2.749999999999964029e+00 2.201726514776413957e-01
2.754999999999963034e+00 2.151823247909288028e-01
2.759999999999962927e+00 2.101929770934098940e-01
2.764999999999962821e+00 2.052046505965262058e-01
2.769999999999963158e+00 2.002173848556108027e-01
2.774999999999963052e+00 1.952312189071117032e-01
2.779999999999962945e+00 1.902461896779401862e-01
2.784999999999962839e+00 1.852623352425259995e-01
2.789999999999963176e+00 1.802796931918901890e-01
2.794999999999963070e+00 1.752983030638599893e-01
2.799999999999962963e+00 1.703182056981847048e-01
2.804999999999961968e+00 1.653394447956761937e-01
2.809999999999961862e+00 1.603620668181058029e-01
2.814999999999962199e+00 1.553861223221568999e-01
2.819999999999962093e+00 1.504116653153158012e-01
2.824999999999961986e+00 1.454387558833651894e-01
2.829999999999961879e+00 1.404674592314640869e-01
2.834999999999962217e+00 1.354978478550311061e-01
2.839999999999962110e+00 1.305300021911519892e-01
2.844999999999962004e+00 1.255640111748821119e-01
2.849999999999961009e+00 1.205999752828344068e-01
2.854999999999960902e+00 1.156380070313453995e-01
2.859999999999960796e+00 1.106782335788550065e-01
2.864999999999961133e+00 1.057207995966513991e-01
2.869999999999961027e+00 1.007658699133693048e-01
2.874999999999960920e+00 9.581363450101054724e-02
2.879999999999960814e+00 9.086431359446134337e-02
2.884999999999961151e+00 8.591816335752699985e-02
2.889999999999961044e+00 8.097548573521828885e-02
2.894999999999960050e+00 7.603663950748718037e-02
2.899999999999959943e+00 7.110205580564121775e-02
2.904999999999959837e+00 6.617225849223928869e-02
2.909999999999960174e+00 6.124789479559900052e-02
2.914999999999960067e+00 5.632977574282183042e-02
2.919999999999959961e+00 5.141893803393692702e-02
2.924999999999959854e+00 4.651673900167119236e-02
2.929999999999960192e+00 4.162500252044742943e-02
2.934999999999960085e+00 3.674626541514047773e-02
2.939999999999959979e+00 3.188420557264182165e-02
2.944999999999958984e+00 2.704444997897970104e-02
2.949999999999958877e+00 2.223624677085611970e-02
2.954999999999959215e+00 1.747637083908315861e-02
2.959999999999959108e+00 1.279999517478857922e-02
2.964999999999959002e+00 8.316379170011739541e-03
2.969999999999958895e+00 4.500170926757821044e-03
2.974999999999958789e+00 3.371207045397069980e-03
2.979999999999959126e+00 3.332760906731179005e-03
2.984999999999959019e+00 3.331230682722985045e-03
2.989999999999958025e+00 3.333449849623402062e-03
2.994999999999957918e+00 3.337229145062231041e-03
2.999999999999957812e+00 3.341591351521717209e-03
3.004999999999958149e+00 3.346296204413359843e-03
3.009999999999958042e+00 3.351226422764997173e-03
3.014999999999957936e+00 3.356306362530944807e-03
3.019999999999957829e+00 3.361490709910497105e-03
3.024999999999958167e+00 3.366750979306948853e-03
3.029999999999958060e+00 3.372068259390871830e-03
3.034999999999957954e+00 3.377429480495788925e-03
3.039999999999956959e+00 3.382825309669250206e-03
3.044999999999956852e+00 3.388248896392241204e-03
3.049999999999957190e+00 3.393695094060723144e-03
3.054999999999957083e+00 3.399159958535200986e-03
3.059999999999956977e+00 3.404640414546790134e-03
3.064999999999956870e+00 3.410134028994748004e-03
3.069999999999957208e+00 3.415638849947856808e-03
3.074999999999957101e+00 3.421153293779424960e-03
3.079999999999956994e+00 3.426676062363569197e-03
3.084999999999956000e+00 3.432206080927160952e-03
3.089999999999955893e+00 3.437742452542059089e-03
3.094999999999955786e+00 3.443284422080635215e-03
3.099999999999956124e+00 3.448831350897805029e-03
3.104999999999956017e+00 3.454382693354604832e-03
3.109999999999955911e+00 3.459937982105607077e-03
3.114999999999955804e+00 3.465496813654374113e-03
3.119999999999956142e+00 3.471058838803951167e-03
3.124999999999956035e+00 3.476623752840917944e-03
3.129999999999955040e+00 3.482191289345126783e-03
3.134999999999954934e+00 3.487761214467242823e-03
3.139999999999954827e+00 3.493333321959255205e-03
3.144999999999955165e+00 3.498907429426159014e-03
3.149999999999955058e+00 3.504483374580277897e-03
3.154999999999954952e+00 3.510061012903391113e-03
3.159999999999954845e+00 3.515640215401362977e-03
3.164999999999955183e+00 3.521220866414531952e-03
3.169999999999955076e+00 3.526802862419269134e-03
3.174999999999954969e+00 3.532386109675589997e-03
3.179999999999953975e+00 3.537970523699233809e-03
3.184999999999953868e+00 3.543556027872471915e-03
3.189999999999954206e+00 3.549142553004632026e-03
3.194999999999954099e+00 3.554730036132023891e-03
3.199999999999953992e+00 3.560318419511055051e-03
3.204999999999953886e+00 3.565907651146114996e-03
3.209999999999953779e+00 3.571497683037775078e-03
3.214999999999954117e+00 3.577088470997805830e-03
3.219999999999954010e+00 3.582679975275419957e-03
3.224999999999953015e+00 3.588272158644633877e-03
3.229999999999952909e+00 3.593864986761445123e-03
3.234999999999952802e+00 3.599458428968491195e-03
3.239999999999953140e+00 3.605052455895939138e-03
3.244999999999953033e+00 3.610647040465068177e-03
3.249999999999952927e+00 3.616242158638721064e-03
3.254999999999952820e+00 3.621837787013203885e-03
3.259999999999953157e+00 3.627433904208289192e-03
3.264999999999953051e+00 3.633030490730015851e-03
3.269999999999952944e+00 3.638627527993815083e-03
3.274999999999951950e+00 3.644224998952756180e-03
3.279999999999951843e+00 3.649822887576155851e-03
3.284999999999952180e+00 3.655421179113227132e-03
3.289999999999952074e+00 3.661019859147725784e-03
3.294999999999951967e+00 3.666618915300239208e-03
3.299999999999951861e+00 3.672218334836253005e-03
3.304999999999952198e+00 3.677818106364743201e-03
3.309999999999952092e+00 3.683418219668900193e-03
3.314999999999951985e+00 3.689018664262771162e-03
3.319999999999950990e+00 3.694619430685221109e-03
3.324999999999950884e+00 3.700220510239151002e-03
3.329999999999951221e+00 3.705821894347597917e-03
3.334999999999951115e+00 3.711423575522608022e-03
3.339999999999951008e+00 3.717025545453034839e-03
3.344999999999950901e+00 3.722627797881153996e-03
3.349999999999950795e+00 3.728230326104985809e-03
3.354999999999951132e+00 3.733833123509958975e-03
3.359999999999951026e+00 3.739436184708943081e-03
3.364999999999950031e+00 3.745039503527263208e-03
3.369999999999949925e+00 3.750643074827795988e-03
3.374999999999949818e+00 3.756246893698582997e-03
3.379999999999950155e+00 3.761850955001366792e-03
3.384999999999950049e+00 3.767455254153821102e-03
3.389999999999949942e+00 3.773059787334972007e-03
3.394999999999949836e+00 3.778664550023333891e-03
3.399999999999950173e+00 3.784269538554332034e-03
3.404999999999950067e+00 3.789874749249720794e-03
3.409999999999949960e+00 3.795480177807715981e-03
3.414999999999948965e+00 3.801085821546448112e-03
3.419999999999948859e+00 3.806691676987595824e-03
3.424999999999949196e+00 3.812297741013417809e-03
3.429999999999949090e+00 3.817904011026352143e-03
3.434999999999948983e+00 3.823510483411543884e-03
3.439999999999948876e+00 3.829117155803066132e-03
3.444999999999949214e+00 3.834724025516341936e-03
3.449999999999949107e+00 3.840331090257849151e-03
3.454999999999949001e+00 3.845938347560346957e-03
3.459999999999948006e+00 3.851545795163906129e-03
3.464999999999947899e+00 3.857153430806494962e-03
3.469999999999947793e+00 3.862761251982903005e-03
3.474999999999948130e+00 3.868369256852119843e-03
3.479999999999948024e+00 3.873977443551061134e-03
3.484999999999947917e+00 3.879585810278635052e-03
3.489999999999947811e+00 3.885194354912132903e-03
3.494999999999948148e+00 3.890803075910896029e-03
3.499999999999948042e+00 3.896411971254387045e-03
3.504999999999947047e+00 3.902021039729967021e-03
3.509999999999946940e+00 3.907630279413088631e-03
3.514999999999946834e+00 3.913239688648362941e-03
3.519999999999947171e+00 3.918849266418621829e-03
3.524999999999947065e+00 3.924459010775613842e-03
3.529999999999946958e+00 3.930068920909543170e-03
3.534999999999946851e+00 3.935678994851234992e-03
3.539999999999947189e+00 3.941289231811970391e-03
3.544999999999947082e+00 3.946899629831364387e-03
3.549999999999946976e+00 3.952510188351736342e-03
3.554999999999945981e+00 3.958120906140887886e-03
3.559999999999945874e+00 3.963731782042015199e-03
3.564999999999946212e+00 3.969342814784546092e-03
3.569999999999946105e+00 3.974954003321846431e-03
3.574999999999945999e+00 3.980565346973821347e-03
3.579999999999945892e+00 3.986176844242960392e-03
3.584999999999945786e+00 3.991788494283129637e-03
3.589999999999946123e+00 3.997400296430616076e-03
3.594999999999946017e+00 4.003012249702959935e-03
3.599999999999945022e+00 4.008624353319738612e-03
3.604999999999944915e+00 4.014236605968750024e-03
3.609999999999944809e+00 4.019849007175708630e-03
3.614999999999945146e+00 4.025461556343759399e-03
3.619999999999945040e+00 4.031074252276834781e-03
3.624999999999944933e+00 4.036687094994400975e-03
3.629999999999944826e+00 4.042300082897109723e-03
