# vin_v vout_v
0.000000000000000000e+00 2.954642605317276960e+00
5.000000000000000104e-03 2.953742185490504824e+00
1.000000000000000021e-02 2.951563195979089116e+00
1.499999999999999944e-02 2.948328828967119897e+00
2.000000000000000042e-02 2.944689817348340899e+00
2.500000000000000139e-02 2.940693028229930839e+00
2.999999999999999889e-02 2.936449782396601815e+00
3.500000000000000333e-02 2.932031860982147187e+00
4.000000000000000083e-02 2.927488484515265998e+00
4.499999999999999833e-02 2.922853097160111879e+00
5.000000000000000278e-02 2.918148820127715926e+00
5.499999999999999334e-02 2.913391943935682793e+00
5.999999999999999084e-02 2.908594173665345117e+00
6.499999999999998834e-02 2.903764082692117832e+00
6.999999999999999278e-02 2.898908064011401109e+00
7.499999999999999722e-02 2.894030965533575195e+00
8.000000000000000167e-02 2.889136519944177195e+00
8.500000000000000611e-02 2.884227642763550925e+00
9.000000000000001055e-02 2.879306641410305900e+00
9.500000000000001499e-02 2.874375364332295124e+00
1.000000000000000056e-01 2.869435309580462778e+00
1.049999999999999961e-01 2.864487704895755105e+00
1.100000000000000006e-01 2.859533566461827991e+00
1.150000000000000050e-01 2.854573744597566076e+00
1.199999999999999956e-01 2.849608957279770038e+00
1.250000000000000000e-01 2.844639817052268871e+00
1.300000000000000044e-01 2.839666850968034062e+00
1.350000000000000089e-01 2.834690516427370799e+00
1.400000000000000133e-01 2.829711214320409951e+00
1.449999999999999900e-01 2.824729297737681222e+00
1.499999999999999944e-01 2.819745080173301943e+00
1.550000000000001099e-01 2.814758840712805021e+00
1.600000000000000866e-01 2.809770828832720113e+00
1.650000000000000910e-01 2.804781267914786103e+00
1.700000000000000955e-01 2.799790357397383023e+00
1.750000000000000999e-01 2.794798275034163115e+00
1.800000000000001044e-01 2.789805178673728125e+00
1.850000000000001088e-01 2.784811207800665045e+00
1.900000000000001132e-01 2.779816484805778032e+00
1.950000000000000899e-01 2.774821116304519109e+00
2.000000000000000944e-01 2.769825195233795778e+00
2.050000000000000988e-01 2.764828801370012190e+00
2.100000000000001033e-01 2.759832003286910140e+00
2.150000000000001077e-01 2.754834859858767970e+00
2.200000000000001121e-01 2.749837420688927114e+00
2.250000000000000888e-01 2.744839728270627166e+00
2.300000000000000933e-01 2.739841818704157106e+00
2.350000000000000977e-01 2.734843722266298016e+00
2.400000000000001021e-01 2.729845464597368210e+00
2.450000000000001066e-01 2.724847067703108916e+00
2.500000000000001110e-01 2.719848550187470959e+00
2.550000000000001155e-01 2.714849927413354180e+00
2.600000000000001199e-01 2.709851212653263008e+00
2.650000000000001243e-01 2.704852417647642948e+00
2.700000000000000733e-01 2.699853551829364040e+00
2.750000000000000777e-01 2.694854623410094963e+00
2.800000000000000822e-01 2.689855639673937038e+00
2.850000000000000866e-01 2.684856606626595976e+00
2.900000000000000910e-01 2.679857529538140160e+00
2.950000000000002065e-01 2.674858412969414179e+00
3.000000000000002109e-01 2.669859261055719912e+00
3.050000000000002154e-01 2.664860077073058164e+00
3.100000000000002198e-01 2.659860863928586117e+00
3.150000000000002243e-01 2.654861624361898986e+00
3.200000000000001732e-01 2.649862360971383168e+00
3.250000000000001776e-01 2.644863075445655909e+00
3.300000000000001821e-01 2.639863769623489009e+00
3.350000000000001865e-01 2.634864445127603982e+00
3.400000000000001910e-01 2.629865103448282060e+00
3.450000000000001954e-01 2.624865745870977207e+00
3.500000000000001998e-01 2.619866373489343925e+00
3.550000000000002043e-01 2.614866987240163088e+00
3.600000000000002087e-01 2.609867588141100203e+00
3.650000000000002132e-01 2.604868176979834971e+00
3.700000000000002176e-01 2.599868754546093896e+00
3.750000000000002220e-01 2.594869321286096930e+00
3.800000000000002265e-01 2.589869878180281138e+00
3.850000000000001754e-01 2.584870425454425913e+00
3.900000000000001799e-01 2.579870963850169119e+00
3.950000000000001843e-01 2.574871493698622782e+00
4.000000000000001887e-01 2.569872015357702821e+00
4.050000000000001932e-01 2.564872529393738887e+00
4.100000000000003086e-01 2.559873036171552041e+00
4.150000000000003131e-01 2.554873535894869985e+00
4.200000000000003175e-01 2.549874028826820904e+00
4.250000000000003220e-01 2.544874515485048949e+00
4.300000000000003264e-01 2.539874995894280119e+00
4.350000000000002753e-01 2.534875470381421803e+00
4.400000000000002798e-01 2.529875939238281024e+00
4.450000000000002842e-01 2.524876402690609201e+00
4.500000000000002887e-01 2.519876860713424094e+00
4.550000000000002931e-01 2.514877313810500947e+00
4.600000000000002975e-01 2.509877761936138985e+00
4.650000000000003020e-01 2.504878205300229865e+00
4.700000000000003064e-01 2.499878644200749012e+00
4.750000000000003109e-01 2.494879078588240873e+00
4.800000000000003153e-01 2.489879508669901043e+00
4.850000000000003197e-01 2.484879934532414847e+00
4.900000000000003242e-01 2.479880356437660804e+00
4.950000000000002731e-01 2.474880774454475851e+00
5.000000000000003331e-01 2.469881188610770995e+00
5.050000000000003375e-01 2.464881598999852041e+00
5.100000000000003419e-01 2.459882005925237980e+00
5.150000000000003464e-01 2.454882409267299170e+00
5.200000000000003508e-01 2.449882809148875129e+00
5.250000000000003553e-01 2.444883205746720023e+00
5.300000000000003597e-01 2.439883599108953138e+00
5.350000000000003642e-01 2.434883989230257839e+00
5.400000000000003686e-01 2.429884376403776969e+00
5.450000000000003730e-01 2.424884760463016153e+00
5.500000000000003775e-01 2.419885141737922130e+00
5.550000000000003819e-01 2.414885519939588221e+00
5.600000000000003864e-01 2.409885895330944994e+00
5.650000000000003908e-01 2.404886268211810840e+00
5.700000000000003952e-01 2.399886638322981991e+00
5.750000000000003997e-01 2.394887005669886992e+00
5.800000000000004041e-01 2.389887370668362099e+00
5.850000000000004086e-01 2.384887733061618054e+00
5.900000000000004130e-01 2.379888092997105797e+00
5.950000000000004174e-01 2.374888450564327957e+00
6.000000000000004219e-01 2.369888805792157882e+00
6.050000000000004263e-01 2.364889158618553200e+00
6.100000000000004308e-01 2.359889509236551941e+00
6.150000000000004352e-01 2.354889857682109788e+00
6.200000000000004396e-01 2.349890203935785848e+00
6.250000000000004441e-01 2.344890548053114809e+00
6.300000000000004485e-01 2.339890890131584911e+00
6.350000000000004530e-01 2.334891230043297128e+00
6.400000000000004574e-01 2.329891568075594943e+00
6.450000000000004619e-01 2.324891904153786992e+00
6.500000000000004663e-01 2.319892238264912976e+00
6.550000000000004707e-01 2.314892570497419921e+00
6.600000000000004752e-01 2.309892900819988881e+00
6.650000000000004796e-01 2.304893229430263091e+00
6.700000000000004841e-01 2.299893556319830168e+00
6.750000000000004885e-01 2.294893881313782913e+00
6.800000000000004929e-01 2.289894204599817851e+00
6.850000000000004974e-01 2.284894526184813923e+00
6.900000000000005018e-01 2.279894846152104027e+00
6.950000000000005063e-01 2.274895164646351997e+00
7.000000000000005107e-01 2.269895481273124016e+00
7.050000000000005151e-01 2.264895796397695005e+00
7.100000000000005196e-01 2.259896110096689892e+00
7.150000000000005240e-01 2.254896422244883070e+00
7.200000000000005285e-01 2.249896732860008797e+00
7.250000000000005329e-01 2.244897042018862976e+00
7.300000000000005373e-01 2.239897349828880113e+00
7.350000000000005418e-01 2.234897656162615931e+00
7.400000000000005462e-01 2.229897961068160850e+00
7.450000000000005507e-01 2.224898264623902833e+00
7.500000000000005551e-01 2.219898566974961795e+00
7.550000000000005596e-01 2.214898867882255207e+00
7.600000000000005640e-01 2.209899167509150164e+00
7.650000000000005684e-01 2.204899465855817198e+00
7.700000000000005729e-01 2.199899763032930888e+00
7.750000000000005773e-01 2.194900058977566015e+00
7.800000000000005818e-01 2.189900353650215958e+00
7.850000000000005862e-01 2.184900647023766851e+00
7.900000000000005906e-01 2.179900939551032035e+00
7.950000000000005951e-01 2.174901230700867938e+00
8.000000000000005995e-01 2.169901520729866196e+00
8.050000000000006040e-01 2.164901809681679890e+00
8.100000000000006084e-01 2.159902097480824068e+00
8.150000000000006128e-01 2.154902384309821173e+00
8.200000000000006173e-01 2.149902670013887018e+00
8.250000000000006217e-01 2.144902954767303971e+00
8.300000000000006262e-01 2.139903238456156043e+00
8.350000000000006306e-01 2.134903521114039915e+00
8.400000000000006350e-01 2.129903802852879835e+00
8.450000000000006395e-01 2.124904083602530136e+00
8.500000000000006439e-01 2.119904363266642111e+00
8.550000000000006484e-01 2.114904642254031852e+00
8.600000000000006528e-01 2.109904920110636795e+00
8.650000000000006573e-01 2.104905197104698811e+00
8.700000000000006617e-01 2.099905473207571038e+00
8.750000000000006661e-01 2.094905748479845897e+00
8.800000000000006706e-01 2.089906022860474888e+00
8.850000000000006750e-01 2.084906296454618779e+00
8.900000000000006795e-01 2.079906569078048051e+00
8.950000000000006839e-01 2.074906841025153881e+00
9.000000000000006883e-01 2.069907112063618104e+00
9.050000000000006928e-01 2.064907382240733114e+00
9.100000000000006972e-01 2.059907651716514021e+00
9.150000000000007017e-01 2.054907920543143973e+00
9.200000000000007061e-01 2.049908188452831848e+00
9.250000000000007105e-01 2.044908455632424182e+00
9.300000000000007150e-01 2.039908722086976933e+00
9.350000000000007194e-01 2.034908987928361057e+00
9.400000000000007239e-01 2.029909252885261139e+00
9.450000000000007283e-01 2.024909517296919148e+00
9.500000000000007327e-01 2.019909780880312145e+00
9.550000000000007372e-01 2.014910043886914082e+00
9.600000000000007416e-01 2.009910306172685068e+00
9.650000000000007461e-01 2.004910567930152876e+00
9.700000000000007505e-01 1.999910828789267958e+00
9.750000000000007550e-01 1.994911089155265937e+00
9.800000000000007594e-01 1.989911349010754060e+00
9.850000000000007638e-01 1.984911608085212942e+00
9.900000000000007683e-01 1.979911866665019948e+00
9.950000000000007727e-01 1.974912124607669961e+00
1.000000000000001110e+00 1.969912381950450930e+00
1.005000000000001004e+00 1.964912638738951944e+00
1.010000000000000009e+00 1.959912894882904988e+00
1.014999999999999902e+00 1.954913150552499923e+00
1.020000000000000018e+00 1.949913405606992001e+00
1.024999999999999911e+00 1.944913660230441099e+00
1.030000000000000027e+00 1.939913914259363992e+00
1.034999999999999920e+00 1.934914167696661025e+00
1.040000000000000036e+00 1.929914420711440926e+00
1.044999999999999929e+00 1.924914673057684933e+00
1.050000000000000044e+00 1.919914925042291998e+00
1.054999999999999050e+00 1.914915176454883072e+00
1.059999999999998943e+00 1.909915427476108096e+00
1.064999999999999059e+00 1.904915677986537048e+00
1.069999999999998952e+00 1.899915928092070994e+00
1.074999999999999067e+00 1.894916177590800999e+00
1.079999999999998961e+00 1.889916426721754084e+00
1.084999999999999076e+00 1.884916675256135932e+00
1.089999999999998970e+00 1.879916923498341941e+00
1.094999999999999085e+00 1.874917171296430984e+00
1.099999999999998979e+00 1.869917418645058893e+00
1.104999999999997984e+00 1.864917665559290061e+00
1.109999999999998099e+00 1.859917912030311982e+00
1.114999999999997993e+00 1.854918158167208952e+00
1.119999999999998108e+00 1.849918403672973000e+00
1.124999999999998002e+00 1.844918649037311065e+00
1.129999999999997895e+00 1.839918894004825001e+00
1.134999999999998010e+00 1.834919138405155081e+00
1.139999999999997904e+00 1.829919382584876075e+00
1.144999999999998019e+00 1.824919626369478021e+00
1.149999999999997025e+00 1.819919869654085920e+00
1.154999999999996918e+00 1.814920112675111108e+00
1.159999999999997033e+00 1.809920355333417996e+00
1.164999999999996927e+00 1.804920597649583902e+00
1.169999999999997042e+00 1.799920839521633065e+00
1.174999999999996936e+00 1.794921081088773018e+00
1.179999999999997051e+00 1.789921322343901000e+00
1.184999999999996945e+00 1.784921563258706101e+00
1.189999999999997060e+00 1.779921803760486920e+00
1.194999999999996954e+00 1.774922044120387010e+00
1.199999999999995959e+00 1.769922284029008086e+00
1.204999999999996074e+00 1.764922523660799936e+00
1.209999999999995968e+00 1.759922762898838977e+00
1.214999999999996083e+00 1.754923001980444042e+00
1.219999999999995977e+00 1.749923240652720091e+00
1.224999999999996092e+00 1.744923478996782018e+00
1.229999999999995985e+00 1.739923717141949044e+00
1.234999999999996101e+00 1.734923954974874949e+00
1.239999999999995994e+00 1.729924192548822015e+00
1.244999999999995000e+00 1.724924429800694048e+00
1.249999999999994893e+00 1.719924666728730012e+00
1.254999999999995008e+00 1.714924903424787095e+00
1.259999999999994902e+00 1.709925139898075042e+00
1.264999999999995017e+00 1.704925375992615955e+00
1.269999999999994911e+00 1.699925611941808024e+00
1.274999999999995026e+00 1.694925847459898938e+00
1.279999999999994920e+00 1.689926082943600028e+00
1.284999999999995035e+00 1.684926318011491952e+00
1.289999999999994040e+00 1.679926552922494931e+00
1.294999999999993934e+00 1.674926787571564990e+00
1.299999999999994049e+00 1.669927021882529061e+00
1.304999999999993943e+00 1.664927256007445067e+00
1.309999999999994058e+00 1.659927489940002943e+00
1.314999999999993952e+00 1.654927723552817032e+00
1.319999999999994067e+00 1.649927957022554903e+00
1.324999999999993960e+00 1.644928190269923096e+00
1.329999999999994076e+00 1.639928423258822932e+00
1.334999999999993969e+00 1.634928656050476992e+00
1.339999999999992975e+00 1.629928888572748980e+00
1.344999999999993090e+00 1.624929120942909089e+00
1.349999999999992983e+00 1.619929353067333988e+00
1.354999999999993099e+00 1.614929584953870068e+00
1.359999999999992992e+00 1.609929816707619921e+00
1.364999999999993108e+00 1.604930048167148016e+00
1.369999999999993001e+00 1.599930279545390022e+00
1.374999999999992895e+00 1.594930510689720915e+00
1.379999999999993010e+00 1.589930741641808032e+00
1.384999999999992015e+00 1.584930972205484068e+00
1.389999999999991909e+00 1.579931202802641099e+00
1.394999999999992024e+00 1.574931433091024013e+00
1.399999999999991918e+00 1.569931663348939077e+00
1.404999999999992033e+00 1.564931893266021001e+00
1.409999999999991926e+00 1.559932123086297917e+00
1.414999999999992042e+00 1.554932352750939106e+00
1.419999999999991935e+00 1.549932582131247960e+00
1.424999999999992051e+00 1.544932811452724986e+00
1.429999999999991944e+00 1.539933040569281042e+00
1.434999999999990949e+00 1.534933269410998946e+00
1.439999999999991065e+00 1.529933498151023974e+00
1.444999999999990958e+00 1.524933726753602059e+00
1.449999999999991074e+00 1.519933955163992101e+00
1.454999999999990967e+00 1.514934183512820942e+00
1.459999999999991083e+00 1.509934411495180040e+00
1.464999999999990976e+00 1.504934639529893037e+00
1.469999999999991092e+00 1.499934867350930068e+00
1.474999999999990985e+00 1.494935095047253970e+00
1.479999999999989990e+00 1.489935322530016037e+00
1.484999999999990106e+00 1.484935549937745014e+00
1.489999999999989999e+00 1.479935777039373068e+00
1.494999999999989893e+00 1.474936004107120890e+00
1.499999999999990008e+00 1.469936231092390022e+00
1.504999999999989901e+00 1.464936457827604954e+00
1.509999999999990017e+00 1.459936684474542057e+00
1.514999999999989910e+00 1.454936911006313949e+00
1.519999999999990026e+00 1.449937137344307070e+00
1.524999999999989031e+00 1.444937363591008994e+00
1.529999999999988924e+00 1.439937589744374913e+00
1.534999999999989040e+00 1.434937815780529036e+00
1.539999999999988933e+00 1.429938041518767022e+00
1.544999999999989049e+00 1.424938267327888974e+00
1.549999999999988942e+00 1.419938492971879906e+00
1.554999999999989058e+00 1.414938718434257003e+00
1.559999999999988951e+00 1.409938943800056910e+00
1.564999999999989067e+00 1.404939169088549988e+00
1.569999999999988960e+00 1.399939394284273941e+00
1.574999999999987965e+00 1.394939619177534951e+00
1.579999999999988081e+00 1.389939844172773054e+00
1.584999999999987974e+00 1.384940068854235040e+00
1.589999999999988090e+00 1.379940293665071982e+00
1.594999999999987983e+00 1.374940518200447048e+00
1.599999999999988098e+00 1.369940742653114052e+00
1.604999999999987992e+00 1.364940967057804988e+00
1.609999999999988107e+00 1.359941191346081046e+00
1.614999999999988001e+00 1.354941415530162896e+00
1.619999999999987006e+00 1.349941639620112932e+00
1.624999999999986899e+00 1.344941863657141079e+00
1.629999999999987015e+00 1.339942087513180002e+00
1.634999999999986908e+00 1.334942311199369902e+00
1.639999999999987024e+00 1.329942534990153025e+00
1.644999999999986917e+00 1.324942758571864942e+00
1.649999999999987033e+00 1.319942982129248099e+00
1.654999999999986926e+00 1.314943205625979994e+00
1.659999999999987041e+00 1.309943428976509949e+00
1.664999999999986047e+00 1.304943652140593935e+00
1.669999999999985940e+00 1.299943875336281973e+00
1.674999999999986056e+00 1.294944098478651995e+00
1.679999999999985949e+00 1.289944321465043009e+00
1.684999999999986064e+00 1.284944544419204027e+00
1.689999999999985958e+00 1.279944767351822055e+00
1.694999999999986073e+00 1.274944990132951039e+00
1.699999999999985967e+00 1.269945212877189977e+00
1.704999999999986082e+00 1.264945435495804071e+00
1.709999999999985976e+00 1.259945658129766111e+00
1.714999999999984981e+00 1.254945880589787066e+00
1.719999999999985096e+00 1.249946103103467987e+00
1.724999999999984990e+00 1.244946325475098092e+00
1.729999999999985105e+00 1.239946547840532043e+00
1.734999999999984999e+00 1.234946770107967051e+00
1.739999999999984892e+00 1.229946992346526935e+00
1.744999999999985008e+00 1.224947214466965084e+00
1.749999999999984901e+00 1.219947436508050043e+00
1.754999999999985016e+00 1.214947658671519992e+00
1.759999999999984022e+00 1.209947880612276094e+00
1.764999999999983915e+00 1.204948102536604893e+00
1.769999999999984031e+00 1.199948324482932094e+00
1.774999999999983924e+00 1.194948546353713947e+00
1.779999999999984039e+00 1.189948768174077021e+00
1.784999999999983933e+00 1.184948989891950077e+00
1.789999999999984048e+00 1.179949211637165041e+00
1.794999999999983942e+00 1.174949433279891986e+00
1.799999999999984057e+00 1.169949654942513018e+00
1.804999999999983951e+00 1.164949876572962006e+00
1.809999999999982956e+00 1.159950098139234109e+00
1.814999999999983071e+00 1.154950319711645079e+00
1.819999999999982965e+00 1.149950541164912021e+00
1.824999999999983080e+00 1.144950762584812987e+00
1.829999999999982974e+00 1.139950984055360994e+00
1.834999999999983089e+00 1.134951205523804907e+00
1.839999999999982983e+00 1.129951426899082900e+00
1.844999999999983098e+00 1.124951648254125081e+00
1.849999999999982991e+00 1.119951869591033988e+00
1.854999999999981997e+00 1.114952090946075947e+00
1.859999999999981890e+00 1.109952312251949014e+00
1.864999999999982006e+00 1.104952533625521038e+00
1.869999999999981899e+00 1.099952754888761097e+00
1.874999999999982014e+00 1.094952976053604976e+00
1.879999999999981908e+00 1.089953197286888997e+00
1.884999999999982023e+00 1.084953418564680083e+00
1.889999999999981917e+00 1.079953639849918989e+00
1.894999999999982032e+00 1.074953861083884021e+00
1.899999999999981037e+00 1.069954082245714977e+00
1.904999999999980931e+00 1.064954303556874038e+00
1.909999999999981046e+00 1.059954524778617957e+00
1.914999999999980940e+00 1.054954746132295895e+00
1.919999999999981055e+00 1.049954967289010943e+00
1.924999999999980949e+00 1.044955188552705971e+00
1.929999999999981064e+00 1.039955409826291088e+00
1.934999999999980957e+00 1.034955631095840989e+00
1.939999999999981073e+00 1.029955852409897954e+00
1.944999999999980966e+00 1.024956073715088900e+00
1.949999999999979972e+00 1.019956294994301960e+00
1.954999999999980087e+00 1.014956516320979052e+00
1.959999999999979980e+00 1.009956737780498992e+00
1.964999999999980096e+00 1.004956959150604012e+00
1.969999999999979989e+00 9.999571805336131547e-01
1.974999999999980105e+00 9.949574020010913955e-01
1.979999999999979998e+00 9.899576235866334173e-01
1.984999999999979892e+00 9.849578450655940287e-01
1.989999999999980007e+00 9.799580666194742662e-01
1.994999999999979012e+00 9.749582882287199936e-01
1.999999999999978906e+00 9.699585098517786719e-01
2.004999999999979021e+00 9.649587314560790219e-01
2.009999999999978915e+00 9.599589532268169023e-01
2.014999999999978808e+00 9.549591749329238155e-01
2.019999999999979146e+00 9.499593968443491576e-01
2.024999999999979039e+00 9.449596187053543872e-01
2.029999999999978932e+00 9.399598405826168346e-01
2.034999999999978826e+00 9.349600625752145788e-01
2.039999999999979163e+00 9.299602846150492041e-01
2.044999999999979057e+00 9.249605068036999000e-01
2.049999999999978950e+00 9.199607288595075261e-01
2.054999999999977955e+00 9.149609511656535688e-01
2.059999999999977849e+00 9.099611734740733482e-01
2.064999999999978186e+00 9.049613959115845319e-01
2.069999999999978080e+00 8.999616184344176872e-01
2.074999999999977973e+00 8.949618409446884471e-01
2.079999999999977867e+00 8.899620636054805800e-01
2.084999999999978204e+00 8.849622863907598003e-01
2.089999999999978098e+00 8.799625091949678790e-01
2.094999999999977991e+00 8.749627320913191397e-01
2.099999999999976996e+00 8.699629551115890536e-01
2.104999999999976890e+00 8.649631782442952499e-01
2.109999999999976783e+00 8.599634014382786518e-01
2.114999999999977121e+00 8.549636248459364651e-01
2.119999999999977014e+00 8.499638482897466929e-01
2.124999999999976907e+00 8.449640719064746008e-01
2.129999999999976801e+00 8.399642954907449166e-01
2.134999999999977138e+00 8.349645193648598251e-01
2.139999999999977032e+00 8.299647433159407228e-01
2.144999999999976037e+00 8.249649674448846781e-01
2.149999999999975930e+00 8.199651915568324512e-01
2.154999999999975824e+00 8.149654158149246541e-01
2.159999999999976161e+00 8.099656404363031470e-01
2.164999999999976055e+00 8.049658648725426247e-01
2.169999999999975948e+00 7.999660897702938200e-01
2.174999999999975842e+00 7.949663146926582158e-01
2.179999999999976179e+00 7.899665397980015769e-01
2.184999999999976072e+00 7.849667651195204598e-01
2.189999999999975966e+00 7.799669904554775712e-01
2.194999999999974971e+00 7.749672160855993752e-01
2.199999999999974865e+00 7.699674418872746173e-01
2.204999999999975202e+00 7.649676679025105841e-01
2.209999999999975095e+00 7.599678940257490467e-01
2.214999999999974989e+00 7.549681203034879218e-01
2.219999999999974882e+00 7.499683469499132116e-01
2.224999999999975220e+00 7.449685738251332623e-01
2.229999999999975113e+00 7.399688006893256897e-01
2.234999999999975007e+00 7.349690279838227980e-01
2.239999999999974012e+00 7.299692554670969002e-01
2.244999999999973905e+00 7.249694830524617828e-01
2.249999999999973799e+00 7.199697108479767849e-01
2.254999999999974136e+00 7.149699391284229932e-01
2.259999999999974030e+00 7.099701674868583723e-01
2.264999999999973923e+00 7.049703961288855680e-01
2.269999999999973817e+00 6.999706250710460154e-01
2.274999999999974154e+00 6.949708543033921160e-01
2.279999999999974047e+00 6.899710836999588537e-01
2.284999999999973053e+00 6.849713135823094490e-01
2.289999999999972946e+00 6.799715436511064581e-01
2.294999999999972840e+00 6.749717738506433307e-01
2.299999999999973177e+00 6.699720046179891142e-01
2.304999999999973070e+00 6.649722356895608755e-01
2.309999999999972964e+00 6.599724669458169046e-01
2.314999999999972857e+00 6.549726985985557803e-01
2.319999999999973195e+00 6.499729306091239778e-01
2.324999999999973088e+00 6.449731630759742984e-01
2.329999999999972982e+00 6.399733957404123430e-01
2.334999999999971987e+00 6.349736289448628668e-01
2.339999999999971880e+00 6.299738624771293871e-01
2.344999999999972218e+00 6.249740963389172066e-01
2.349999999999972111e+00 6.199743306773370932e-01
2.354999999999972005e+00 6.149745655089873253e-01
2.359999999999971898e+00 6.099748007310950015e-01
2.364999999999971791e+00 6.049750363551424925e-01
2.369999999999972129e+00 5.999752725818439103e-01
2.374999999999972022e+00 5.949755091677388918e-01
2.379999999999971028e+00 5.899757462665320418e-01
2.384999999999970921e+00 5.849759839225043834e-01
2.389999999999970814e+00 5.799762221079163282e-01
2.394999999999971152e+00 5.749764607817837714e-01
2.399999999999971045e+00 5.699767000486986035e-01
2.404999999999970939e+00 5.649769399217916543e-01
2.409999999999970832e+00 5.599771803080102472e-01
2.414999999999971170e+00 5.549774213016576141e-01
2.419999999999971063e+00 5.499776629957864316e-01
2.424999999999970957e+00 5.449779053344627755e-01
2.429999999999969962e+00 5.399781482465186855e-01
2.434999999999969855e+00 5.349783920796085113e-01
2.439999999999970193e+00 5.299786364534497807e-01
2.444999999999970086e+00 5.249788816959153337e-01
2.449999999999969980e+00 5.199791275995835349e-01
2.454999999999969873e+00 5.149793743022996750e-01
2.459999999999970210e+00 5.099796219762424698e-01
2.464999999999970104e+00 5.049798704423551499e-01
2.469999999999969997e+00 4.999801197517398932e-01
2.474999999999969003e+00 4.949803700695837860e-01
2.479999999999968896e+00 4.899806212566772956e-01
2.484999999999968789e+00 4.849808734920770803e-01
2.489999999999969127e+00 4.799811267214408872e-01
2.494999999999969020e+00 4.749813811089325100e-01
2.499999999999968914e+00 4.699816365492210934e-01
2.504999999999968807e+00 4.649818931259802057e-01
2.509999999999969145e+00 4.599821509137881903e-01
2.514999999999969038e+00 4.549824099491956986e-01
2.519999999999968043e+00 4.499826704081328899e-01
2.524999999999967937e+00 4.449829321213201183e-01
2.529999999999967830e+00 4.399831953920739225e-01
2.534999999999968168e+00 4.349834600898248027e-01
2.539999999999968061e+00 4.299837262742017274e-01
2.544999999999967955e+00 4.249839941032860224e-01
2.549999999999967848e+00 4.199842637501092213e-01
2.554999999999968185e+00 4.149845351390695214e-01
2.559999999999968079e+00 4.099848084225072853e-01
2.564999999999967972e+00 4.049850836913150842e-01
2.569999999999966978e+00 3.999853610810077953e-01
2.574999999999966871e+00 3.949856406190406233e-01
2.579999999999967208e+00 3.899859224162582905e-01
2.584999999999967102e+00 3.849862068033758078e-01
2.589999999999966995e+00 3.799864936541438865e-01
2.594999999999966889e+00 3.749867833709004117e-01
2.599999999999966782e+00 3.699870758014184857e-01
2.604999999999967120e+00 3.649873715451121825e-01
2.609999999999967013e+00 3.599876703198106043e-01
2.614999999999966018e+00 3.549879728095675091e-01
2.619999999999965912e+00 3.499882789287199203e-01
2.624999999999965805e+00 3.449885890152017964e-01
2.629999999999966143e+00 3.399889033827889762e-01
2.634999999999966036e+00 3.349892223836832272e-01
2.639999999999965929e+00 3.299895462645849875e-01
2.644999999999965823e+00 3.249898755300363873e-01
2.649999999999966160e+00 3.199902104777265777e-01
2.654999999999966054e+00 3.149905516457351951e-01
2.659999999999965947e+00 3.099908997236867081e-01
2.664999999999964952e+00 3.049912550954446133e-01
2.669999999999964846e+00 2.999916186031725829e-01
2.674999999999965183e+00 2.949919910010692092e-01
2.679999999999965077e+00 2.899923733495199940e-01
2.684999999999964970e+00 2.849927663216079154e-01
2.689999999999964864e+00 2.799931714242803182e-01
2.694999999999965201e+00 2.749935900060619942e-01
2.699999999999965095e+00 2.699940234222709123e-01
2.704999999999964988e+00 2.649944740386445119e-01
2.709999999999963993e+00 2.599949435896746763e-01
2.714999999999963887e+00 2.549954348449717245e-01
2.719999999999963780e+00 2.499959511281701907e-01
2.724999999999964118e+00 2.449964960228498967e-01
2.729999999999964011e+00 2.399970739452897128e-01
2.734999999999963904e+00 2.349976905813093986e-01
2.739999999999963798e+00 2.299983525620631908e-01
2.744999999999964135e+00 2.249990679617895062e-01
2.749999999999964029e+00 2.199998470573802933e-01
2.754999999999963034e+00 2.150007024787612131e-01
2.759999999999962927e+00 2.100016499279747095e-01
2.764999999999962821e+00 2.050027093442282067e-01
2.769999999999963158e+00 2.000039054196776078e-01
2.774999999999963052e+00 1.950052697435679938e-01
2.779999999999962945e+00 1.900068413396880096e-01
2.784999999999962839e+00 1.850086694323352099e-01
2.789999999999963176e+00 1.800108144785639019e-01
2.794999999999963070e+00 1.750133504093228098e-01
2.799999999999962963e+00 1.700163649113264064e-01
2.804999999999961968e+00 1.650199600186149085e-01
2.809999999999961862e+00 1.600242502976242931e-01
2.814999999999962199e+00 1.550293597908130039e-01
2.819999999999962093e+00 1.500354180247943092e-01
2.824999999999961986e+00 1.450425552634956872e-01
2.829999999999961879e+00 1.400508979295694012e-01
2.834999999999962217e+00 1.350605664226884883e-01
2.839999999999962110e+00 1.300716732587847979e-01
2.844999999999962004e+00 1.250843236484344978e-01
2.849999999999961009e+00 1.200986172000560043e-01
2.854999999999960902e+00 1.151146501426936058e-01
2.859999999999960796e+00 1.101325184541854935e-01
2.864999999999961133e+00 1.051523205934045968e-01
2.869999999999961027e+00 1.001741609668203026e-01
2.874999999999960920e+00 9.519815287160282580e-02
2.879999999999960814e+00 9.022442283740783608e-02
2.884999999999961151e+00 8.525311394515311392e-02
2.889999999999961044e+00 8.028439156170374957e-02
2.894999999999960050e+00 7.531844877744253708e-02
2.899999999999959943e+00 7.035551475699364232e-02
2.904999999999959837e+00 6.539586543221220793e-02
2.909999999999960174e+00 6.043983724179181199e-02
2.914999999999960067e+00 5.548784831413766661e-02
2.919999999999959961e+00 5.054042770469190787e-02
2.924999999999959854e+00 4.559826027496428208e-02
2.929999999999960192e+00 4.066225758526997858e-02
2.934999999999960085e+00 3.573367326973265340e-02
2.939999999999959979e+00 3.081430641145455063e-02
2.944999999999958984e+00 2.590688380650529865e-02
2.949999999999958877e+00 2.101585458200372000e-02
2.954999999999959215e+00 1.614927771687924007e-02
2.959999999999959108e+00 1.132427177357996952e-02
2.964999999999959002e+00 6.597486641496481431e-03
2.969999999999958895e+00 2.394687822759005835e-03
2.974999999999958789e+00 1.979900132151597106e-03
2.979999999999959126e+00 1.983609032390126065e-03
2.984999999999959019e+00 1.986958892150334118e-03
2.989999999999958025e+00 1.990308785387303030e-03
2.994999999999957918e+00 1.993658722639412000e-03
2.999999999999957812e+00 1.997008726133187202e-03
3.004999999999958149e+00 2.000358799739821933e-03
3.009999999999958042e+00 2.003708942926946037e-03
3.014999999999957936e+00 2.007059156315937030e-03
3.019999999999957829e+00 2.010409440626284051e-03
3.024999999999958167e+00 2.013759796488043870e-03
3.029999999999958060e+00 2.017110223813292028e-03
3.034999999999957954e+00 2.020460723321789148e-03
3.039999999999956959e+00 2.023811294725166073e-03
3.044999999999956852e+00 2.027161938478547892e-03
3.049999999999957190e+00 2.030512654647890960e-03
3.054999999999957083e+00 2.033863443082859802e-03
3.059999999999956977e+00 2.037214304215070968e-03
3.064999999999956870e+00 2.040565237846598146e-03
3.069999999999957208e+00 2.043916244147161911e-03
3.074999999999957101e+00 2.047267323125012174e-03
3.079999999999956994e+00 2.050618474850965985e-03
3.084999999999956000e+00 2.053969699479634044e-03
3.089999999999955893e+00 2.057320996799164980e-03
3.094999999999955786e+00 2.060672366971476148e-03
3.099999999999956124e+00 2.064023810050666201e-03
3.104999999999956017e+00 2.067375325854929179e-03
3.109999999999955911e+00 2.070726914738085789e-03
3.114999999999955804e+00 2.074078576361463797e-03
3.119999999999956142e+00 2.077430311149582997e-03
3.124999999999956035e+00 2.080782118784266915e-03
3.129999999999955040e+00 2.084133999442737938e-03
3.134999999999954934e+00 2.087485953124292200e-03
3.139999999999954827e+00 2.090837979742837978e-03
3.144999999999955165e+00 2.094190079418239894e-03
3.149999999999955058e+00 2.097542252237264045e-03
3.154999999999954952e+00 2.100894497871326049e-03
3.159999999999954845e+00 2.104246816672834981e-03
3.164999999999955183e+00 2.107599208617908036e-03
3.169999999999955076e+00 2.110951673590323943e-03
3.174999999999954969e+00 2.114304211810831037e-03
3.179999999999953975e+00 2.117656822911523958e-03
3.184999999999953868e+00 2.121009507214171794e-03
3.189999999999954206e+00 2.124362264603836970e-03
3.194999999999954099e+00 2.127715095160129851e-03
3.199999999999953992e+00 2.131067998825991044e-03
3.204999999999953886e+00 2.134420975668448964e-03
3.209999999999953779e+00 2.137774025782765951e-03
3.214999999999954117e+00 2.141127148914298041e-03
3.219999999999954010e+00 2.144480345317434193e-03
3.224999999999953015e+00 2.147833614816305105e-03
3.229999999999952909e+00 2.151186957593060212e-03
3.234999999999952802e+00 2.154540373467331207e-03
3.239999999999953140e+00 2.157893862715499003e-03
3.244999999999953033e+00 2.161247424976624025e-03
3.249999999999952927e+00 2.164601060616317026e-03
3.254999999999952820e+00 2.167954769459939923e-03
3.259999999999953157e+00 2.171308551609670966e-03
3.264999999999953051e+00 2.174662406833990924e-03
3.269999999999952944e+00 2.178016335462028014e-03
3.274999999999951950e+00 2.181370337339980786e-03
3.279999999999951843e+00 2.184724412413276140e-03
3.284999999999952180e+00 2.188078560828812195e-03
3.289999999999952074e+00 2.191432782348119116e-03
3.294999999999951967e+00 2.194787077298988951e-03
3.299999999999951861e+00 2.198141445671833883e-03
3.304999999999952198e+00 2.201495887186036803e-03
3.309999999999952092e+00 2.204850402177152210e-03
3.314999999999951985e+00 2.208204990275880897e-03
3.319999999999950990e+00 2.211559651730814809e-03
3.324999999999950884e+00 2.214914386780592048e-03
3.329999999999951221e+00 2.218269194898986850e-03
3.334999999999951115e+00 2.221624076517003839e-03
3.339999999999951008e+00 2.224979031458062043e-03
3.344999999999950901e+00 2.228334059751428849e-03
3.349999999999950795e+00 2.231689161423724890e-03
3.354999999999951132e+00 2.235044336485299959e-03
3.359999999999951026e+00 2.238399584957600878e-03
3.364999999999950031e+00 2.241754906827235147e-03
3.369999999999949925e+00 2.245110302169328869e-03
3.374999999999949818e+00 2.248465770783158058e-03
3.379999999999950155e+00 2.251821312928560873e-03
3.384999999999950049e+00 2.255176928424495932e-03
3.389999999999949942e+00 2.258532617525062063e-03
3.394999999999949836e+00 2.261888379826292907e-03
3.399999999999950173e+00 2.265244215672423088e-03
3.404999999999950067e+00 2.268600125054096809e-03
3.409999999999949960e+00 2.271956107907399051e-03
3.414999999999948965e+00 2.275312164004027193e-03
3.419999999999948859e+00 2.278668293702575034e-03
3.424999999999949196e+00 2.282024496972569986e-03
3.429999999999949090e+00 2.285380773661584066e-03
3.434999999999948983e+00 2.288737123954041799e-03
3.439999999999948876e+00 2.292093547639267957e-03
3.444999999999949214e+00 2.295450044793936016e-03
3.449999999999949107e+00 2.298806615661612863e-03
3.454999999999949001e+00 2.302163259839957142e-03
3.459999999999948006e+00 2.305519977664012045e-03
3.464999999999947899e+00 2.308876768931635015e-03
3.469999999999947793e+00 2.312233633888403916e-03
3.474999999999948130e+00 2.315590572351145827e-03
3.479999999999948024e+00 2.318947584440912788e-03
3.484999999999947917e+00 2.322304669838363023e-03
3.489999999999947811e+00 2.325661828992423887e-03
3.494999999999948148e+00 2.329019061710217112e-03
3.499999999999948042e+00 2.332376368057067183e-03
3.504999999999947047e+00 2.335733748087136068e-03
3.509999999999946940e+00 2.339091201403084921e-03
3.514999999999946834e+00 2.342448728578693049e-03
3.519999999999947171e+00 2.345806329236658962e-03
3.524999999999947065e+00 2.349164003630526808e-03
3.529999999999946958e+00 2.352521751465956081e-03
3.534999999999946851e+00 2.355879573007116975e-03
3.539999999999947189e+00 2.359237468336119158e-03
3.544999999999947082e+00 2.362595437019512044e-03
3.549999999999946976e+00 2.365953479448373864e-03
3.554999999999945981e+00 2.369311595688026930e-03
3.559999999999945874e+00 2.372669785405468953e-03
3.564999999999946212e+00 2.376028048834835996e-03
3.569999999999946105e+00 2.379386385838845944e-03
3.574999999999945999e+00 2.382744796583782885e-03
3.579999999999945892e+00 2.386103281173109197e-03
3.584999999999945786e+00 2.389461839110984098e-03
3.589999999999946123e+00 2.392820471048719057e-03
3.594999999999946017e+00 2.396179176488768062e-03
3.599999999999945022e+00 2.399537955747258009e-03
3.604999999999944915e+00 2.402896808503730830e-03
3.609999999999944809e+00 2.406255735004747109e-03
3.614999999999945146e+00 2.409614735392872058e-03
3.619999999999945040e+00 2.412973809323295995e-03
3.624999999999944933e+00 2.416332957046507784e-03
3.629999999999944826e+00 2.419692178604319031e-03
