# vin_v vout_v
0.000000000000000000e+00 2.946072558695969068e+00
5.000000000000000104e-03 2.945780654930218123e+00
1.000000000000000021e-02 2.945104568368751785e+00
1.499999999999999944e-02 2.943294667093514949e+00
2.000000000000000042e-02 2.940465648167824853e+00
2.500000000000000139e-02 2.937043440921056181e+00
2.999999999999999889e-02 2.933277064069841789e+00
3.500000000000000333e-02 2.929254662902895046e+00
4.000000000000000083e-02 2.925043439094244135e+00
4.499999999999999833e-02 2.920689304622039018e+00
5.000000000000000278e-02 2.916224981912244996e+00
5.499999999999999334e-02 2.911674346746742081e+00
5.999999999999999084e-02 2.907055143673352049e+00
6.499999999999998834e-02 2.902380764320108053e+00
6.999999999999999278e-02 2.897661456878026787e+00
7.499999999999999722e-02 2.892905163691060100e+00
8.000000000000000167e-02 2.888118112778911950e+00
8.500000000000000611e-02 2.883305242154329928e+00
9.000000000000001055e-02 2.878470508340075007e+00
9.500000000000001499e-02 2.873617110713929890e+00
1.000000000000000056e-01 2.868747660793334209e+00
1.049999999999999961e-01 2.863864308366474098e+00
1.100000000000000006e-01 2.858968837359789905e+00
1.150000000000000050e-01 2.854062739823631123e+00
1.199999999999999956e-01 2.849147272046350210e+00
1.250000000000000000e-01 2.844223499963455026e+00
1.300000000000000044e-01 2.839292334111639171e+00
1.350000000000000089e-01 2.834354556502396871e+00
1.400000000000000133e-01 2.829410844097908218e+00
1.449999999999999900e-01 2.824461785556307891e+00
1.499999999999999944e-01 2.819507896893906018e+00
1.550000000000001099e-01 2.814549632070798779e+00
1.600000000000000866e-01 2.809587393793378851e+00
1.650000000000000910e-01 2.804621540963819992e+00
1.700000000000000955e-01 2.799652395646281100e+00
1.750000000000000999e-01 2.794680248599556993e+00
1.800000000000001044e-01 2.789705362897485053e+00
1.850000000000001088e-01 2.784727979613344839e+00
1.900000000000001132e-01 2.779748319277687951e+00
1.950000000000000899e-01 2.774766585190263868e+00
2.000000000000000944e-01 2.769782964979667916e+00
2.050000000000000988e-01 2.764797633499994856e+00
2.100000000000001033e-01 2.759810752250543064e+00
2.150000000000001077e-01 2.754822472213402040e+00
2.200000000000001121e-01 2.749832932672870101e+00
2.250000000000000888e-01 2.744842263428767026e+00
2.300000000000000933e-01 2.739850583644531934e+00
2.350000000000000977e-01 2.734858003925532799e+00
2.400000000000001021e-01 2.729864624461313838e+00
2.450000000000001066e-01 2.724870536942730848e+00
2.500000000000001110e-01 2.719875824051683821e+00
2.550000000000001155e-01 2.714880560581490965e+00
2.600000000000001199e-01 2.709884812918787134e+00
2.650000000000001243e-01 2.704888640617924001e+00
2.700000000000000733e-01 2.699892095779091949e+00
2.750000000000000777e-01 2.694895224677190004e+00
2.800000000000000822e-01 2.689898068306852963e+00
2.850000000000000866e-01 2.684900661455948967e+00
2.900000000000000910e-01 2.679903035416487000e+00
2.950000000000002065e-01 2.674905217113987987e+00
3.000000000000002109e-01 2.669907229997853904e+00
3.050000000000002154e-01 2.664909094320008887e+00
3.100000000000002198e-01 2.659910827719877080e+00
3.150000000000002243e-01 2.654912445584002967e+00
3.200000000000001732e-01 2.649913961337432955e+00
3.250000000000001776e-01 2.644915386153883219e+00
3.300000000000001821e-01 2.639916730531468136e+00
3.350000000000001865e-01 2.634918002964652839e+00
3.400000000000001910e-01 2.629919211149256864e+00
3.450000000000001954e-01 2.624920361730644913e+00
3.500000000000001998e-01 2.619921460648641176e+00
3.550000000000002043e-01 2.614922513032751805e+00
3.600000000000002087e-01 2.609923523338650853e+00
3.650000000000002132e-01 2.604924495466676149e+00
3.700000000000002176e-01 2.599925432847300044e+00
3.750000000000002220e-01 2.594926338745224825e+00
3.800000000000002265e-01 2.589927216010210032e+00
3.850000000000001754e-01 2.584928066659330170e+00
3.900000000000001799e-01 2.579928893217526831e+00
3.950000000000001843e-01 2.574929697406588947e+00
4.000000000000001887e-01 2.569930481025779034e+00
4.050000000000001932e-01 2.564931245582699137e+00
4.100000000000003086e-01 2.559931992679167934e+00
4.150000000000003131e-01 2.554932723147004037e+00
4.200000000000003175e-01 2.549933438576828859e+00
4.250000000000003220e-01 2.544934139479722024e+00
4.300000000000003264e-01 2.539934827119424199e+00
4.350000000000002753e-01 2.534935502447979161e+00
4.400000000000002798e-01 2.529936165809970827e+00
4.450000000000002842e-01 2.524936818215337997e+00
4.500000000000002887e-01 2.519937460215060820e+00
4.550000000000002931e-01 2.514938092260110114e+00
4.600000000000002975e-01 2.509938714953846794e+00
4.650000000000003020e-01 2.504939328917885177e+00
4.700000000000003064e-01 2.499939934428709876e+00
4.750000000000003109e-01 2.494940531849977106e+00
4.800000000000003153e-01 2.489941121893906040e+00
4.850000000000003197e-01 2.484941704704140886e+00
4.900000000000003242e-01 2.479942280396131071e+00
4.950000000000002731e-01 2.474942849568947167e+00
5.000000000000003331e-01 2.469943412392467952e+00
5.050000000000003375e-01 2.464943969198258866e+00
5.100000000000003419e-01 2.459944520029210935e+00
5.150000000000003464e-01 2.454945065270890847e+00
5.200000000000003508e-01 2.449945605267317195e+00
5.250000000000003553e-01 2.444946139951496900e+00
5.300000000000003597e-01 2.439946669651703814e+00
5.350000000000003642e-01 2.434947194505297841e+00
5.400000000000003686e-01 2.429947714717059171e+00
5.450000000000003730e-01 2.424948230285707051e+00
5.500000000000003775e-01 2.419948741722266039e+00
5.550000000000003819e-01 2.414949248825308814e+00
5.600000000000003864e-01 2.409949751974551191e+00
5.650000000000003908e-01 2.404950250809691159e+00
5.700000000000003952e-01 2.399950746135402824e+00
5.750000000000003997e-01 2.394951237539033162e+00
5.800000000000004041e-01 2.389951725494028789e+00
5.850000000000004086e-01 2.384952209858425931e+00
5.900000000000004130e-01 2.379952690752957789e+00
5.950000000000004174e-01 2.374953168338607146e+00
6.000000000000004219e-01 2.369953642745799005e+00
6.050000000000004263e-01 2.364954113997498997e+00
6.100000000000004308e-01 2.359954582091547071e+00
6.150000000000004352e-01 2.354955047365991039e+00
6.200000000000004396e-01 2.349955509538660170e+00
6.250000000000004441e-01 2.344955968754617981e+00
6.300000000000004485e-01 2.339956425332787138e+00
6.350000000000004530e-01 2.334956879306361088e+00
6.400000000000004574e-01 2.329957330582033137e+00
6.450000000000004619e-01 2.324957779054158902e+00
6.500000000000004663e-01 2.319958225210200009e+00
6.550000000000004707e-01 2.314958668813630993e+00
6.600000000000004752e-01 2.309959109914927922e+00
6.650000000000004796e-01 2.304959548757893106e+00
6.700000000000004841e-01 2.299959985397606044e+00
6.750000000000004885e-01 2.294960419724076939e+00
6.800000000000004929e-01 2.289960851820865173e+00
6.850000000000004974e-01 2.284961281718154158e+00
6.900000000000005018e-01 2.279961709512405843e+00
6.950000000000005063e-01 2.274962135205328195e+00
7.000000000000005107e-01 2.269962558910037842e+00
7.050000000000005151e-01 2.264962980612267973e+00
7.100000000000005196e-01 2.259963400318043103e+00
7.150000000000005240e-01 2.254963818223131966e+00
7.200000000000005285e-01 2.249964234159278931e+00
7.250000000000005329e-01 2.244964648206121183e+00
7.300000000000005373e-01 2.239965060557608023e+00
7.350000000000005418e-01 2.234965471039458862e+00
7.400000000000005462e-01 2.229965879982274135e+00
7.450000000000005507e-01 2.224966287054655822e+00
7.500000000000005551e-01 2.219966692441118994e+00
7.550000000000005596e-01 2.214967096200779917e+00
7.600000000000005640e-01 2.209967498445336798e+00
7.650000000000005684e-01 2.204967899159158140e+00
7.700000000000005729e-01 2.199968298223382135e+00
7.750000000000005773e-01 2.194968695783472867e+00
7.800000000000005818e-01 2.189969091910028975e+00
7.850000000000005862e-01 2.184969486484532819e+00
7.900000000000005906e-01 2.179969879596399096e+00
7.950000000000005951e-01 2.174970271468283034e+00
8.000000000000005995e-01 2.169970661806984946e+00
8.050000000000006040e-01 2.164971051074758179e+00
8.100000000000006084e-01 2.159971438635408969e+00
8.150000000000006128e-01 2.154971825043049183e+00
8.200000000000006173e-01 2.149972210141755102e+00
8.250000000000006217e-01 2.144972594084264994e+00
8.300000000000006262e-01 2.139972976548676797e+00
8.350000000000006306e-01 2.134973358048171121e+00
8.400000000000006350e-01 2.129973738244359982e+00
8.450000000000006395e-01 2.124974117186524847e+00
8.500000000000006439e-01 2.119974495063559061e+00
8.550000000000006484e-01 2.114974871795709976e+00
8.600000000000006528e-01 2.109975247340400983e+00
8.650000000000006573e-01 2.104975621827235965e+00
8.700000000000006617e-01 2.099975995258489991e+00
8.750000000000006661e-01 2.094976367484833180e+00
8.800000000000006706e-01 2.089976738755013219e+00
8.850000000000006750e-01 2.084977109156739061e+00
8.900000000000006795e-01 2.079977478353783216e+00
8.950000000000006839e-01 2.074977846690217120e+00
9.000000000000006883e-01 2.069978213834076985e+00
9.050000000000006928e-01 2.064978580292688992e+00
9.100000000000006972e-01 2.059978945633134106e+00
9.150000000000007017e-01 2.054979310111264112e+00
9.200000000000007061e-01 2.049979673592019935e+00
9.250000000000007105e-01 2.044980036325852790e+00
9.300000000000007150e-01 2.039980397989722860e+00
9.350000000000007194e-01 2.034980759024620056e+00
9.400000000000007239e-01 2.029981118841134968e+00
9.450000000000007283e-01 2.024981478202220853e+00
9.500000000000007327e-01 2.019981836590488911e+00
9.550000000000007372e-01 2.014982194161746065e+00
9.600000000000007416e-01 2.009982550711811200e+00
9.650000000000007461e-01 2.004982906707823975e+00
9.700000000000007505e-01 1.999983262007561047e+00
9.750000000000007550e-01 1.994983616421051931e+00
9.800000000000007594e-01 1.989983970109620026e+00
9.850000000000007638e-01 1.984984323002664031e+00
9.900000000000007683e-01 1.979984675240870962e+00
9.950000000000007727e-01 1.974985026555031942e+00
1.000000000000001110e+00 1.969985377345210953e+00
1.005000000000001004e+00 1.964985727359362055e+00
1.010000000000000009e+00 1.959986076698726043e+00
1.014999999999999902e+00 1.954986425479489975e+00
1.020000000000000018e+00 1.949986773506281912e+00
1.024999999999999911e+00 1.944987121042516032e+00
1.030000000000000027e+00 1.939987467749290095e+00
1.034999999999999920e+00 1.934987813760812969e+00
1.040000000000000036e+00 1.929988159456456964e+00
1.044999999999999929e+00 1.924988504197586048e+00
1.050000000000000044e+00 1.919988848370735024e+00
1.054999999999999050e+00 1.914989192165875931e+00
1.059999999999998943e+00 1.909989535271620076e+00
1.064999999999999059e+00 1.904989877748334948e+00
1.069999999999998952e+00 1.899990219771154898e+00
1.074999999999999067e+00 1.894990561142436025e+00
1.079999999999998961e+00 1.889990901956253078e+00
1.084999999999999076e+00 1.884991242214766993e+00
1.089999999999998970e+00 1.879991581861417904e+00
1.094999999999999085e+00 1.874991921216633051e+00
1.099999999999998979e+00 1.869992259891035014e+00
1.104999999999997984e+00 1.864992598014965086e+00
1.109999999999998099e+00 1.859992935846378037e+00
1.114999999999997993e+00 1.854993272999365894e+00
1.119999999999998108e+00 1.849993609610691925e+00
1.124999999999998002e+00 1.844993945694852977e+00
1.129999999999997895e+00 1.839994281534246046e+00
1.134999999999998010e+00 1.834994616713004012e+00
1.139999999999997904e+00 1.829994951520518054e+00
1.144999999999998019e+00 1.824995285785349086e+00
1.149999999999997025e+00 1.819995619809106069e+00
1.154999999999996918e+00 1.814995953162223952e+00
1.159999999999997033e+00 1.809996286193439108e+00
1.164999999999996927e+00 1.804996618649284068e+00
1.169999999999997042e+00 1.799996950831485032e+00
1.174999999999996936e+00 1.794997282709857922e+00
1.179999999999997051e+00 1.789997613919809050e+00
1.184999999999996945e+00 1.784997944722477081e+00
1.189999999999997060e+00 1.779998275287425935e+00
1.194999999999996954e+00 1.774998605354483061e+00
1.199999999999995959e+00 1.769998935126749995e+00
1.204999999999996074e+00 1.764999264329617068e+00
1.209999999999995968e+00 1.759999593268390061e+00
1.214999999999996083e+00 1.754999921983710021e+00
1.219999999999995977e+00 1.750000250125196999e+00
1.224999999999996092e+00 1.745000577967970923e+00
1.229999999999995985e+00 1.740000905317514945e+00
1.234999999999996101e+00 1.735001232510569036e+00
1.239999999999995994e+00 1.730001559297023039e+00
1.244999999999995000e+00 1.725001885714164018e+00
1.249999999999994893e+00 1.720002211828272953e+00
1.254999999999995008e+00 1.715002537458701903e+00
1.259999999999994902e+00 1.710002862888928110e+00
1.264999999999995017e+00 1.705003187838997070e+00
1.269999999999994911e+00 1.700003512503315051e+00
1.274999999999995026e+00 1.695003837055707896e+00
1.279999999999994920e+00 1.690004161062119925e+00
1.284999999999995035e+00 1.685004484947000947e+00
1.289999999999994040e+00 1.680004808491162072e+00
1.294999999999993934e+00 1.675005131720241014e+00
1.299999999999994049e+00 1.670005454546072077e+00
1.304999999999993943e+00 1.665005777101044027e+00
1.309999999999994058e+00 1.660006099429836013e+00
1.314999999999993952e+00 1.655006421383631965e+00
1.319999999999994067e+00 1.650006743077256033e+00
1.324999999999993960e+00 1.645007064503658967e+00
1.329999999999994076e+00 1.640007385724459033e+00
1.334999999999993969e+00 1.635007706565148045e+00
1.339999999999992975e+00 1.630008027308007978e+00
1.344999999999993090e+00 1.625008347603853043e+00
1.349999999999992983e+00 1.620008667727347973e+00
1.354999999999993099e+00 1.615008987564862997e+00
1.359999999999992992e+00 1.610009307243047028e+00
1.364999999999993108e+00 1.605009626471598949e+00
1.369999999999993001e+00 1.600009945729027994e+00
1.374999999999992895e+00 1.595010264482993989e+00
1.379999999999993010e+00 1.590010583139076061e+00
1.384999999999992015e+00 1.585010901622468049e+00
1.389999999999991909e+00 1.580011219647587950e+00
1.394999999999992024e+00 1.575011537592047040e+00
1.399999999999991918e+00 1.570011855217444019e+00
1.404999999999992033e+00 1.565012172555497960e+00
1.409999999999991926e+00 1.560012489745759012e+00
1.414999999999992042e+00 1.555012806833304007e+00
1.419999999999991935e+00 1.550013123513451996e+00
1.424999999999992051e+00 1.545013440200988963e+00
1.429999999999991944e+00 1.540013756552867097e+00
1.434999999999990949e+00 1.535014072632578053e+00
1.439999999999991065e+00 1.530014388625601907e+00
1.444999999999990958e+00 1.525014704367549934e+00
1.449999999999991074e+00 1.520015019731203898e+00
1.454999999999990967e+00 1.515015335241173045e+00
1.459999999999991083e+00 1.510015650414630040e+00
1.464999999999990976e+00 1.505015965463315064e+00
1.469999999999991092e+00 1.500016280168039895e+00
1.474999999999990985e+00 1.495016594742480942e+00
1.479999999999989990e+00 1.490016909242058096e+00
1.484999999999990106e+00 1.485017223438773959e+00
1.489999999999989999e+00 1.480017537582569043e+00
1.494999999999989893e+00 1.475017851314931017e+00
1.499999999999990008e+00 1.470018165033081914e+00
1.504999999999989901e+00 1.465018478440129002e+00
1.509999999999990017e+00 1.460018791928348048e+00
1.514999999999989910e+00 1.455019105081418962e+00
1.519999999999990026e+00 1.450019418131262006e+00
1.524999999999989031e+00 1.445019731122670015e+00
1.529999999999988924e+00 1.440020043789957072e+00
1.534999999999989040e+00 1.435020356376980999e+00
1.539999999999988933e+00 1.430020668850203958e+00
1.544999999999989049e+00 1.425020981065471926e+00
1.549999999999988942e+00 1.420021293108562066e+00
1.554999999999989058e+00 1.415021605137156024e+00
1.559999999999988951e+00 1.410021916962080013e+00
1.564999999999989067e+00 1.405022228735334000e+00
1.569999999999988960e+00 1.400022540259896919e+00
1.574999999999987965e+00 1.395022851660542074e+00
1.579999999999988081e+00 1.390023163095065906e+00
1.584999999999987974e+00 1.385023474122363041e+00
1.589999999999988090e+00 1.380023785294441030e+00
1.594999999999987983e+00 1.375024096131256091e+00
1.599999999999988098e+00 1.370024406887466961e+00
1.604999999999987992e+00 1.365024717584730984e+00
1.609999999999988107e+00 1.360025028124880020e+00
1.614999999999988001e+00 1.355025338747054997e+00
1.619999999999987006e+00 1.350025649130657035e+00
1.624999999999986899e+00 1.345025959333099985e+00
1.629999999999987015e+00 1.340026269482393895e+00
1.634999999999986908e+00 1.335026579532154978e+00
1.639999999999987024e+00 1.330026889403256973e+00
1.644999999999986917e+00 1.325027199453473026e+00
1.649999999999987033e+00 1.320027509149098943e+00
1.654999999999986926e+00 1.315027818665783110e+00
1.659999999999987041e+00 1.310028128225724009e+00
1.664999999999986047e+00 1.305028437656801987e+00
1.669999999999985940e+00 1.300028747026771958e+00
1.674999999999986056e+00 1.295029056483713026e+00
1.679999999999985949e+00 1.290029365665305017e+00
1.684999999999986064e+00 1.285029674877478101e+00
1.689999999999985958e+00 1.280029983961072038e+00
1.694999999999986073e+00 1.275030292829911094e+00
1.699999999999985967e+00 1.270030601662484049e+00
1.704999999999986082e+00 1.265030910336975012e+00
1.709999999999985976e+00 1.260031219308132000e+00
1.714999999999984981e+00 1.255031528201413948e+00
1.719999999999985096e+00 1.250031836768243920e+00
1.724999999999984990e+00 1.245032145165396065e+00
1.729999999999985105e+00 1.240032453868195939e+00
1.734999999999984999e+00 1.235032762357149982e+00
1.739999999999984892e+00 1.230033070858552957e+00
1.744999999999985008e+00 1.225033379186357019e+00
1.749999999999984901e+00 1.220033687501768105e+00
1.754999999999985016e+00 1.215033995890224094e+00
1.759999999999984022e+00 1.210034304178237097e+00
1.764999999999983915e+00 1.205034612345684986e+00
1.769999999999984031e+00 1.200034920623068047e+00
1.774999999999983924e+00 1.195035228749361966e+00
1.779999999999984039e+00 1.190035536871618893e+00
1.784999999999983933e+00 1.185035845150139044e+00
1.789999999999984048e+00 1.180036153100445961e+00
1.794999999999983942e+00 1.175036461270678956e+00
1.799999999999984057e+00 1.170036769291187051e+00
1.804999999999983951e+00 1.165037077385193021e+00
1.809999999999982956e+00 1.160037385393082099e+00
1.814999999999983071e+00 1.155037693389544984e+00
1.819999999999982965e+00 1.150038001263113063e+00
1.824999999999983080e+00 1.145038309462564019e+00
1.829999999999982974e+00 1.140038617351138095e+00
1.834999999999983089e+00 1.135038925429171064e+00
1.839999999999982983e+00 1.130039233481795913e+00
1.844999999999983098e+00 1.125039541389525999e+00
1.849999999999982991e+00 1.120039849504053109e+00
1.854999999999981997e+00 1.115040157457598990e+00
1.859999999999981890e+00 1.110040465672738952e+00
1.864999999999982006e+00 1.105040773638223062e+00
1.869999999999981899e+00 1.100041081921403929e+00
1.874999999999982014e+00 1.095041389950039967e+00
1.879999999999981908e+00 1.090041698202071974e+00
1.884999999999982023e+00 1.085042006374522083e+00
1.889999999999981917e+00 1.080042314599324982e+00
1.894999999999982032e+00 1.075042622939349934e+00
1.899999999999981037e+00 1.070042931205023029e+00
1.904999999999980931e+00 1.065043239606553005e+00
1.909999999999981046e+00 1.060043548069472985e+00
1.914999999999980940e+00 1.055043856554789050e+00
1.919999999999981055e+00 1.050044165108374949e+00
1.924999999999980949e+00 1.045044473749044078e+00
1.929999999999981064e+00 1.040044782436098103e+00
1.934999999999980957e+00 1.035045091173059983e+00
1.939999999999981073e+00 1.030045400035817016e+00
1.944999999999980966e+00 1.025045709001005889e+00
1.949999999999979972e+00 1.020046017812034966e+00
1.954999999999980087e+00 1.015046326849813108e+00
1.959999999999979980e+00 1.010046636119739105e+00
1.964999999999980096e+00 1.005046945463333952e+00
1.969999999999979989e+00 1.000047254729053980e+00
1.974999999999980105e+00 9.950475641320508657e-01
1.979999999999979998e+00 9.900478737088747039e-01
1.984999999999979892e+00 9.850481833922799524e-01
1.989999999999980007e+00 9.800484929748449758e-01
1.994999999999979012e+00 9.750488030139194962e-01
1.999999999999978906e+00 9.700491129441957128e-01
2.004999999999979021e+00 9.650494231994457550e-01
2.009999999999978915e+00 9.600497333728412741e-01
2.014999999999978808e+00 9.550500438786571067e-01
2.019999999999979146e+00 9.500503544363709807e-01
2.024999999999979039e+00 9.450506650949819232e-01
2.029999999999978932e+00 9.400509760158684003e-01
2.034999999999978826e+00 9.350512870212810412e-01
2.039999999999979163e+00 9.300515979774672815e-01
2.044999999999979057e+00 9.250519093074558441e-01
2.049999999999978950e+00 9.200522211925772353e-01
2.054999999999977955e+00 9.150525328160483696e-01
2.059999999999977849e+00 9.100528446210773836e-01
2.064999999999978186e+00 9.050531567405641908e-01
2.069999999999978080e+00 9.000534690421773121e-01
2.074999999999977973e+00 8.950537814172321305e-01
2.079999999999977867e+00 8.900540941171470877e-01
2.084999999999978204e+00 8.850544071348167563e-01
2.089999999999978098e+00 8.800547202268376168e-01
2.094999999999977991e+00 8.750550335407183411e-01
2.099999999999976996e+00 8.700553470334284611e-01
2.104999999999976890e+00 8.650556609925388329e-01
2.109999999999976783e+00 8.600559750505567536e-01
2.114999999999977121e+00 8.550562893632900341e-01
2.119999999999977014e+00 8.500566039145383002e-01
2.124999999999976907e+00 8.450569187852465802e-01
2.129999999999976801e+00 8.400572339528480370e-01
2.134999999999977138e+00 8.350575493371934499e-01
2.139999999999977032e+00 8.300578649032672729e-01
2.144999999999976037e+00 8.250581809919026455e-01
2.149999999999975930e+00 8.200584974468938526e-01
2.154999999999975824e+00 8.150588140539412052e-01
2.159999999999976161e+00 8.100591310460458772e-01
2.164999999999976055e+00 8.050594482747328584e-01
2.169999999999975948e+00 8.000597659962522812e-01
2.174999999999975842e+00 7.950600838750574439e-01
2.179999999999976179e+00 7.900604021690469381e-01
2.184999999999976072e+00 7.850607209898612382e-01
2.189999999999975966e+00 7.800610400922209919e-01
2.194999999999974971e+00 7.750613597534652399e-01
2.199999999999974865e+00 7.700616797749830766e-01
2.204999999999975202e+00 7.650620001151082761e-01
2.209999999999975095e+00 7.600623207368357725e-01
2.214999999999974989e+00 7.550626420921275894e-01
2.219999999999974882e+00 7.500629637844440367e-01
2.224999999999975220e+00 7.450632860540054025e-01
2.229999999999975113e+00 7.400636084976213169e-01
2.234999999999975007e+00 7.350639318314620141e-01
2.239999999999974012e+00 7.300642553572629367e-01
2.244999999999973905e+00 7.250645795519972125e-01
2.249999999999973799e+00 7.200649041742508416e-01
2.254999999999974136e+00 7.150652295481449983e-01
2.259999999999974030e+00 7.100655552071657439e-01
2.264999999999973923e+00 7.050658816841064436e-01
2.269999999999973817e+00 7.000662087235696163e-01
2.274999999999974154e+00 6.950665362814447690e-01
2.279999999999974047e+00 6.900668646053418342e-01
2.284999999999973053e+00 6.850671934910224081e-01
2.289999999999972946e+00 6.800675229873149874e-01
2.294999999999972840e+00 6.750678532715710389e-01
2.299999999999973177e+00 6.700681842988274184e-01
2.304999999999973070e+00 6.650685161081923980e-01
2.309999999999972964e+00 6.600688486886383544e-01
2.314999999999972857e+00 6.550691817722622545e-01
2.319999999999973195e+00 6.500695159693918868e-01
2.324999999999973088e+00 6.450698509714243301e-01
2.329999999999972982e+00 6.400701867751763530e-01
2.334999999999971987e+00 6.350705234552833645e-01
2.339999999999971880e+00 6.300708610319247782e-01
2.344999999999972218e+00 6.250711995554638634e-01
2.349999999999972111e+00 6.200715391752851247e-01
2.354999999999972005e+00 6.150718797821923545e-01
2.359999999999971898e+00 6.100722212381697318e-01
2.364999999999971791e+00 6.050725638579592669e-01
2.369999999999972129e+00 6.000729077420032809e-01
2.374999999999972022e+00 5.950732526363822217e-01
2.379999999999971028e+00 5.900735988687415556e-01
2.384999999999970921e+00 5.850739464558500913e-01
2.389999999999970814e+00 5.800742951177539908e-01
2.394999999999971152e+00 5.750746449809867045e-01
2.399999999999971045e+00 5.700749963825160194e-01
2.404999999999970939e+00 5.650753492594731142e-01
2.409999999999970832e+00 5.600757035487049507e-01
2.414999999999971170e+00 5.550760594258008496e-01
2.419999999999971063e+00 5.500764169781859891e-01
2.424999999999970957e+00 5.450767762313262210e-01
2.429999999999969962e+00 5.400771371116661612e-01
2.434999999999969855e+00 5.350775000085832289e-01
2.439999999999970193e+00 5.300778645864170358e-01
2.444999999999970086e+00 5.250782313075887942e-01
2.449999999999969980e+00 5.200786001511801260e-01
2.454999999999969873e+00 5.150789709319383292e-01
2.459999999999970210e+00 5.100793442609869999e-01
2.464999999999970104e+00 5.050797199224348333e-01
2.469999999999969997e+00 5.000800979615291908e-01
2.474999999999969003e+00 4.950804787248443972e-01
2.479999999999968896e+00 4.900808622269892112e-01
2.484999999999968789e+00 4.850812484895640764e-01
2.489999999999969127e+00 4.800816379315619997e-01
2.494999999999969020e+00 4.750820305870320226e-01
2.499999999999968914e+00 4.700824266158746823e-01
2.504999999999968807e+00 4.650828261895866844e-01
2.509999999999969145e+00 4.600832296605403826e-01
2.514999999999969038e+00 4.550836370967203948e-01
2.519999999999968043e+00 4.500840488144604024e-01
2.524999999999967937e+00 4.450844650704083860e-01
2.529999999999967830e+00 4.400848861311600912e-01
2.534999999999968168e+00 4.350853125342836747e-01
2.539999999999968061e+00 4.300857443724340201e-01
2.544999999999967955e+00 4.250861821631132798e-01
2.549999999999967848e+00 4.200866262399927109e-01
2.554999999999968185e+00 4.150870773910356193e-01
2.559999999999968079e+00 4.100875357882500793e-01
2.564999999999967972e+00 4.050880023860656820e-01
2.569999999999966978e+00 4.000884775503549817e-01
2.574999999999966871e+00 3.950889622629745190e-01
2.579999999999967208e+00 3.900894573537811993e-01
2.584999999999967102e+00 3.850899636622671096e-01
2.589999999999966995e+00 3.800904824855422248e-01
2.594999999999966889e+00 3.750910150871504811e-01
2.599999999999966782e+00 3.700915626411359072e-01
2.604999999999967120e+00 3.650921271384959255e-01
2.609999999999967013e+00 3.600927104288587088e-01
2.614999999999966018e+00 3.550933145712348860e-01
2.619999999999965912e+00 3.500939423508385162e-01
2.624999999999965805e+00 3.450945970141959251e-01
2.629999999999966143e+00 3.400952815491962156e-01
2.634999999999966036e+00 3.350960007273612873e-01
2.639999999999965929e+00 3.300967592212487034e-01
2.644999999999965823e+00 3.250975632023767048e-01
2.649999999999966160e+00 3.200984197446671842e-01
2.654999999999966054e+00 3.150993370116311199e-01
2.659999999999965947e+00 3.101003256194729829e-01
2.664999999999964952e+00 3.051013976221100266e-01
2.669999999999964846e+00 3.001025676726670199e-01
2.674999999999965183e+00 2.951038534319251894e-01
2.679999999999965077e+00 2.901052761366428867e-01
2.684999999999964970e+00 2.851068611597610825e-01
2.689999999999964864e+00 2.801086382440445277e-01
2.694999999999965201e+00 2.751106427336579840e-01
2.699999999999965095e+00 2.701129150338275053e-01
2.704999999999964988e+00 2.651155022365828118e-01
2.709999999999963993e+00 2.601184559101312743e-01
2.714999999999963887e+00 2.551218333175810926e-01
2.719999999999963780e+00 2.501256958574202827e-01
2.724999999999964118e+00 2.451301074771307931e-01
2.729999999999964011e+00 2.401351329758228126e-01
2.734999999999963904e+00 2.351408368174610075e-01
2.739999999999963798e+00 2.301472818964339084e-01
2.744999999999964135e+00 2.251545274066941993e-01
2.749999999999964029e+00 2.201626292484757108e-01
2.754999999999963034e+00 2.151716393229979041e-01
2.759999999999962927e+00 2.101816052221164022e-01
2.764999999999962821e+00 2.051925713825628883e-01
2.769999999999963158e+00 2.002045800276822107e-01
2.774999999999963052e+00 1.952176701785930113e-01
2.779999999999962945e+00 1.902318800329804993e-01
2.784999999999962839e+00 1.852472471146180133e-01
2.789999999999963176e+00 1.802638090402010895e-01
2.794999999999963070e+00 1.752816040682451948e-01
2.799999999999962963e+00 1.703006719908347066e-01
2.804999999999961968e+00 1.653210544229412882e-01
2.809999999999961862e+00 1.603427957913207968e-01
2.814999999999962199e+00 1.553659436636075086e-01
2.819999999999962093e+00 1.503905496117310114e-01
2.824999999999961986e+00 1.454166698431675897e-01
2.829999999999961879e+00 1.404443661216490113e-01
2.834999999999962217e+00 1.354737059348707084e-01
2.839999999999962110e+00 1.305047651654981933e-01
2.844999999999962004e+00 1.255376270738133015e-01
2.849999999999961009e+00 1.205723854983240945e-01
2.854999999999960902e+00 1.156091455023386949e-01
2.859999999999960796e+00 1.106480261706073026e-01
2.864999999999961133e+00 1.056891622671067982e-01
2.869999999999961027e+00 1.007327076098047947e-01
2.874999999999960920e+00 9.577884167704953100e-02
2.879999999999960814e+00 9.082777086099635966e-02
2.884999999999961151e+00 8.587973494007572484e-02
2.889999999999961044e+00 8.093501531765734391e-02
2.894999999999960050e+00 7.599394600195030769e-02
2.899999999999959943e+00 7.105692758919301966e-02
2.904999999999959837e+00 6.612444797230776494e-02
2.909999999999960174e+00 6.119710655434618118e-02
2.914999999999960067e+00 5.627565587999416863e-02
2.919999999999959961e+00 5.136105531028101190e-02
2.924999999999959854e+00 4.645455907285377800e-02
2.929999999999960192e+00 4.155785009147971998e-02
2.934999999999960085e+00 3.667326509308577176e-02
2.939999999999959979e+00 3.180418601186275201e-02
2.944999999999958984e+00 2.695577813613870069e-02
2.949999999999958877e+00 2.213651734604027074e-02
2.954999999999959215e+00 1.736176431609370852e-02
2.959999999999959108e+00 1.266375155766579982e-02
2.964999999999959002e+00 8.143748010126072856e-03
2.969999999999958895e+00 4.270929489561849091e-03
2.974999999999958789e+00 3.275256515026513018e-03
2.979999999999959126e+00 3.267355461383513859e-03
2.984999999999959019e+00 3.271009663864913198e-03
2.989999999999958025e+00 3.275842099887283938e-03
2.994999999999957918e+00 3.281032221220258824e-03
2.999999999999957812e+00 3.286311182730857882e-03
3.004999999999958149e+00 3.291653510651743834e-03
3.009999999999958042e+00 3.297040478902104818e-03
3.014999999999957936e+00 3.302456560919991065e-03
3.019999999999957829e+00 3.307892724150795962e-03
3.024999999999958167e+00 3.313343407875017025e-03
3.029999999999958060e+00 3.318804950469740091e-03
3.034999999999957954e+00 3.324274839885842190e-03
3.039999999999956959e+00 3.329751292929750053e-03
3.044999999999956852e+00 3.335233008625646152e-03
3.049999999999957190e+00 3.340719013877337887e-03
3.054999999999957083e+00 3.346208565761686019e-03
3.059999999999956977e+00 3.351701087957651044e-03
3.064999999999956870e+00 3.357196125515013972e-03
3.069999999999957208e+00 3.362693315112779986e-03
3.074999999999957101e+00 3.368192362409646017e-03
3.079999999999956994e+00 3.373693027264250844e-03
3.084999999999956000e+00 3.379195110728469998e-03
3.089999999999955893e+00 3.384698447341190786e-03
3.094999999999955786e+00 3.390202899022375788e-03
3.099999999999956124e+00 3.395708348179054051e-03
3.104999999999956017e+00 3.401214694668646885e-03
3.109999999999955911e+00 3.406721853440609991e-03
3.114999999999955804e+00 3.412229750485806009e-03
3.119999999999956142e+00 3.417738322623107942e-03
3.124999999999956035e+00 3.423247514273967083e-03
3.129999999999955040e+00 3.428757277126423964e-03
3.134999999999954934e+00 3.434267568740101851e-03
3.139999999999954827e+00 3.439778352049826897e-03
3.144999999999955165e+00 3.445289593683491074e-03
3.149999999999955058e+00 3.450801264593975071e-03
3.154999999999954952e+00 3.456313338785804018e-03
3.159999999999954845e+00 3.461825792911446108e-03
3.164999999999955183e+00 3.467338606347286981e-03
3.169999999999955076e+00 3.472851760290095093e-03
3.174999999999954969e+00 3.478365238366630009e-03
3.179999999999953975e+00 3.483879024751211986e-03
3.184999999999953868e+00 3.489393106435683973e-03
3.189999999999954206e+00 3.494907470465884788e-03
3.194999999999954099e+00 3.500422106347926988e-03
3.199999999999953992e+00 3.505937002940574202e-03
3.204999999999953886e+00 3.511452151573677197e-03
3.209999999999953779e+00 3.516967543457808019e-03
3.214999999999954117e+00 3.522483170836658052e-03
3.219999999999954010e+00 3.527999026366814960e-03
3.224999999999953015e+00 3.533515103940794867e-03
3.229999999999952909e+00 3.539031397205785832e-03
3.234999999999952802e+00 3.544547900761434948e-03
3.239999999999953140e+00 3.550064609257217070e-03
3.244999999999953033e+00 3.555581518358933834e-03
3.249999999999952927e+00 3.561098623036109204e-03
3.254999999999952820e+00 3.566615919875182946e-03
3.259999999999953157e+00 3.572133405153042097e-03
3.264999999999953051e+00 3.577651074906830139e-03
3.269999999999952944e+00 3.583168926104639013e-03
3.274999999999951950e+00 3.588686955704550874e-03
3.279999999999951843e+00 3.594205160937565847e-03
3.284999999999952180e+00 3.599723539315998096e-03
3.289999999999952074e+00 3.605242088482911791e-03
3.294999999999951967e+00 3.610760805797337894e-03
3.299999999999951861e+00 3.616279689099484093e-03
3.304999999999952198e+00 3.621798736831632025e-03
3.309999999999952092e+00 3.627317946507801951e-03
3.314999999999951985e+00 3.632837317147631813e-03
3.319999999999950990e+00 3.638356846450755983e-03
3.324999999999950884e+00 3.643876532837262046e-03
3.329999999999951221e+00 3.649396375602844897e-03
3.334999999999951115e+00 3.654916372411024135e-03
3.339999999999951008e+00 3.660436522675751189e-03
3.344999999999950901e+00 3.665956824812278102e-03
3.349999999999950795e+00 3.671477278021893081e-03
3.354999999999951132e+00 3.676997880683510050e-03
3.359999999999951026e+00 3.682518632233654828e-03
3.364999999999950031e+00 3.688039531765122114e-03
3.369999999999949925e+00 3.693560577812583182e-03
3.374999999999949818e+00 3.699081769764769184e-03
3.379999999999950155e+00 3.704603106949182906e-03
3.384999999999950049e+00 3.710124588480774067e-03
3.389999999999949942e+00 3.715646213390169216e-03
3.394999999999949836e+00 3.721167981339840169e-03
3.399999999999950173e+00 3.726689891533175019e-03
3.404999999999950067e+00 3.732211942996917133e-03
3.409999999999949960e+00 3.737734135679638033e-03
3.414999999999948965e+00 3.743256468346346007e-03
3.419999999999948859e+00 3.748778941227306084e-03
3.424999999999949196e+00 3.754301553281302970e-03
3.429999999999949090e+00 3.759824303697932840e-03
3.434999999999948983e+00 3.765347192722913201e-03
3.439999999999948876e+00 3.770870219370241975e-03
3.444999999999949214e+00 3.776393383420592002e-03
3.449999999999949107e+00 3.781916684221104004e-03
3.454999999999949001e+00 3.787440121927184052e-03
3.459999999999948006e+00 3.792963695386250209e-03
3.464999999999947899e+00 3.798487404740973940e-03
3.469999999999947793e+00 3.804011249472387130e-03
3.474999999999948130e+00 3.809535229053868065e-03
3.479999999999948024e+00 3.815059343402123996e-03
3.484999999999947917e+00 3.820583592062012923e-03
3.489999999999947811e+00 3.826107974949967145e-03
3.494999999999948148e+00 3.831632491193923823e-03
3.499999999999948042e+00 3.837157141317070787e-03
3.504999999999947047e+00 3.842681924333961069e-03
3.509999999999946940e+00 3.848206840366946019e-03
3.514999999999946834e+00 3.853731888966312018e-03
3.519999999999947171e+00 3.859257069745188843e-03
3.524999999999947065e+00 3.864782382861343957e-03
3.529999999999946958e+00 3.870307828353652078e-03
3.534999999999946851e+00 3.875833404970331977e-03
3.539999999999947189e+00 3.881359113403932970e-03
3.544999999999947082e+00 3.886884953082083045e-03
3.549999999999946976e+00 3.892410923739085885e-03
3.554999999999945981e+00 3.897937025485827180e-03
3.559999999999945874e+00 3.903463257822811956e-03
3.564999999999946212e+00 3.908989620489011600e-03
3.569999999999946105e+00 3.914516113606060152e-03
3.574999999999945999e+00 3.920042736938926867e-03
3.579999999999945892e+00 3.925569490368966200e-03
3.584999999999945786e+00 3.931096373760288587e-03
3.589999999999946123e+00 3.936623386457889333e-03
3.594999999999946017e+00 3.942150529251470942e-03
3.599999999999945022e+00 3.947677801195926574e-03
3.604999999999944915e+00 3.953205202404200605e-03
3.609999999999944809e+00 3.958732732984427891e-03
3.614999999999945146e+00 3.964260392454670157e-03
3.619999999999945040e+00 3.969788180871200965e-03
3.624999999999944933e+00 3.975316098132670832e-03
3.629999999999944826e+00 3.980844144185646805e-03
