# vin_v vout_v
0.000000000000000000e+00 3.285347029855782086e+00
5.000000000000000104e-03 3.284029104817638878e+00
1.000000000000000021e-02 3.281542428729650851e+00
1.499999999999999944e-02 3.278350347999960945e+00
2.000000000000000042e-02 3.274682732606601920e+00
2.500000000000000139e-02 3.270673544757010109e+00
2.999999999999999889e-02 3.266423256827033050e+00
3.500000000000000333e-02 3.262001600972025184e+00
4.000000000000000083e-02 3.257456275856375871e+00
4.499999999999999833e-02 3.252819976484682130e+00
5.000000000000000278e-02 3.248115413091198000e+00
5.499999999999999334e-02 3.243358637413487955e+00
5.999999999999999084e-02 3.238561211449741961e+00
6.499999999999998834e-02 3.233731619301599913e+00
6.999999999999999278e-02 3.228876197453354191e+00
7.499999999999999722e-02 3.223999757159624835e+00
8.000000000000000167e-02 3.219106007439988204e+00
8.500000000000000611e-02 3.214197847827521048e+00
9.000000000000001055e-02 3.209277575235712998e+00
9.500000000000001499e-02 3.204347030582932909e+00
1.000000000000000056e-01 3.199407707055315964e+00
1.049999999999999961e-01 3.194460828337311042e+00
1.100000000000000006e-01 3.189507407701508868e+00
1.150000000000000050e-01 3.184548292619883814e+00
1.199999999999999956e-01 3.179584198737889889e+00
1.250000000000000000e-01 3.174615736291933832e+00
1.300000000000000044e-01 3.169643430087178970e+00
1.350000000000000089e-01 3.164667735475370947e+00
1.400000000000000133e-01 3.159689051196370890e+00
1.449999999999999900e-01 3.154707728242546860e+00
1.499999999999999944e-01 3.149724078445248043e+00
1.550000000000001099e-01 3.144738379613399193e+00
1.600000000000000866e-01 3.139750880184568160e+00
1.650000000000000910e-01 3.134761803160580840e+00
1.700000000000000955e-01 3.129771347998997033e+00
1.750000000000000999e-01 3.124779692987231794e+00
1.800000000000001044e-01 3.119786997103155102e+00
1.850000000000001088e-01 3.114793401123873817e+00
1.900000000000001132e-01 3.109799029310178042e+00
1.950000000000000899e-01 3.104803990196678853e+00
2.000000000000000944e-01 3.099808378694032029e+00
2.050000000000000988e-01 3.094812276765825043e+00
2.100000000000001033e-01 3.089815754822350158e+00
2.150000000000001077e-01 3.084818873416547813e+00
2.200000000000001121e-01 3.079821684236847990e+00
2.250000000000000888e-01 3.074824231062577962e+00
2.300000000000000933e-01 3.069826551273862947e+00
2.350000000000000977e-01 3.064828676223755100e+00
2.400000000000001021e-01 3.059830632916138882e+00
2.450000000000001066e-01 3.054832444031411853e+00
2.500000000000001110e-01 3.049834128608857053e+00
2.550000000000001155e-01 3.044835703124676218e+00
2.600000000000001199e-01 3.039837181304179126e+00
2.650000000000001243e-01 3.034838574843802927e+00
2.700000000000000733e-01 3.029839894144032986e+00
2.750000000000000777e-01 3.024841147249559992e+00
2.800000000000000822e-01 3.019842342056549001e+00
2.850000000000000866e-01 3.014843484791128958e+00
2.900000000000000910e-01 3.009844580506622957e+00
2.950000000000002065e-01 3.004845634409988975e+00
3.000000000000002109e-01 2.999846650416487126e+00
3.050000000000002154e-01 2.994847632133328830e+00
3.100000000000002198e-01 2.989848582600898919e+00
3.150000000000002243e-01 2.984849504627434147e+00
3.200000000000001732e-01 2.979850400472471961e+00
3.250000000000001776e-01 2.974851272328194796e+00
3.300000000000001821e-01 2.969852121862501804e+00
3.350000000000001865e-01 2.964852951193805097e+00
3.400000000000001910e-01 2.959853761394725780e+00
3.450000000000001954e-01 2.954854553817768181e+00
3.500000000000001998e-01 2.949855329559255779e+00
3.550000000000002043e-01 2.944856089760805151e+00
3.600000000000002087e-01 2.939856835458983131e+00
3.650000000000002132e-01 2.934857567347534779e+00
3.700000000000002176e-01 2.929858286301567194e+00
3.750000000000002220e-01 2.924858992917251044e+00
3.800000000000002265e-01 2.919859687989201813e+00
3.850000000000001754e-01 2.914860371870247047e+00
3.900000000000001799e-01 2.909861045198681051e+00
3.950000000000001843e-01 2.904861708516079943e+00
4.000000000000001887e-01 2.899862362089692169e+00
4.050000000000001932e-01 2.894863006459019061e+00
4.100000000000003086e-01 2.889863641883409162e+00
4.150000000000003131e-01 2.884864268717735047e+00
4.200000000000003175e-01 2.879864887486832004e+00
4.250000000000003220e-01 2.874865498441068201e+00
4.300000000000003264e-01 2.869866101612843057e+00
4.350000000000002753e-01 2.864866697279837116e+00
4.400000000000002798e-01 2.859867286017931054e+00
4.450000000000002842e-01 2.854867867700022988e+00
4.500000000000002887e-01 2.849868442708299199e+00
4.550000000000002931e-01 2.844869011256065949e+00
4.600000000000002975e-01 2.839869573398289049e+00
4.650000000000003020e-01 2.834870129373427972e+00
4.700000000000003064e-01 2.829870679518251109e+00
4.750000000000003109e-01 2.824871223667174025e+00
4.800000000000003153e-01 2.819871762159976925e+00
4.850000000000003197e-01 2.814872295279371883e+00
4.900000000000003242e-01 2.809872822851331886e+00
4.950000000000002731e-01 2.804873345207341107e+00
5.000000000000003331e-01 2.799873862280179981e+00
5.050000000000003375e-01 2.794874374328828015e+00
5.100000000000003419e-01 2.789874881621187797e+00
5.150000000000003464e-01 2.784875383988123065e+00
5.200000000000003508e-01 2.779875881511089108e+00
5.250000000000003553e-01 2.774876374479787966e+00
5.300000000000003597e-01 2.769876863057390892e+00
5.350000000000003642e-01 2.764877347134615082e+00
5.400000000000003686e-01 2.759877826756393926e+00
5.450000000000003730e-01 2.754878302200097995e+00
5.500000000000003775e-01 2.749878773315430180e+00
5.550000000000003819e-01 2.744879240492565042e+00
5.600000000000003864e-01 2.739879703561086899e+00
5.650000000000003908e-01 2.734880162674074189e+00
5.700000000000003952e-01 2.729880617936288001e+00
5.750000000000003997e-01 2.724881069358361163e+00
5.800000000000004041e-01 2.719881516835101820e+00
5.850000000000004086e-01 2.714881960820434870e+00
5.900000000000004130e-01 2.709882401110605077e+00
5.950000000000004174e-01 2.704882837893137992e+00
6.000000000000004219e-01 2.699883271141402030e+00
6.050000000000004263e-01 2.694883700937538151e+00
6.100000000000004308e-01 2.689884127272704983e+00
6.150000000000004352e-01 2.684884550372458989e+00
6.200000000000004396e-01 2.679884970085452789e+00
6.250000000000004441e-01 2.674885386582474212e+00
6.300000000000004485e-01 2.669885799892369960e+00
6.350000000000004530e-01 2.664886210206531825e+00
6.400000000000004574e-01 2.659886617304834999e+00
6.450000000000004619e-01 2.654887021478629094e+00
6.500000000000004663e-01 2.649887422543002913e+00
6.550000000000004707e-01 2.644887820745708051e+00
6.600000000000004752e-01 2.639888215801164950e+00
6.650000000000004796e-01 2.634888608182108793e+00
6.700000000000004841e-01 2.629888997771558934e+00
6.750000000000004885e-01 2.624889384599384812e+00
6.800000000000004929e-01 2.619889768632389870e+00
6.850000000000004974e-01 2.614890150179633110e+00
6.900000000000005018e-01 2.609890528921993802e+00
6.950000000000005063e-01 2.604890905050070149e+00
7.000000000000005107e-01 2.599891278579320897e+00
7.050000000000005151e-01 2.594891649684996082e+00
7.100000000000005196e-01 2.589892018104421822e+00
7.150000000000005240e-01 2.584892384266253895e+00
7.200000000000005285e-01 2.579892747988936197e+00
7.250000000000005329e-01 2.574893109122967871e+00
7.300000000000005373e-01 2.569893468073928045e+00
7.350000000000005418e-01 2.564893824700618996e+00
7.400000000000005462e-01 2.559894178999514214e+00
7.450000000000005507e-01 2.554894531094134891e+00
7.500000000000005551e-01 2.549894880761257809e+00
7.550000000000005596e-01 2.544895228503094131e+00
7.600000000000005640e-01 2.539895573952264840e+00
7.650000000000005684e-01 2.534895917326310144e+00
7.700000000000005729e-01 2.529896258526492137e+00
7.750000000000005773e-01 2.524896597883185212e+00
7.800000000000005818e-01 2.519896934969608981e+00
7.850000000000005862e-01 2.514897270083907177e+00
7.900000000000005906e-01 2.509897603277182032e+00
7.950000000000005951e-01 2.504897934491112199e+00
8.000000000000005995e-01 2.499898263720638170e+00
8.050000000000006040e-01 2.494898591101275986e+00
8.100000000000006084e-01 2.489898916611366975e+00
8.150000000000006128e-01 2.484899240273022780e+00
8.200000000000006173e-01 2.479899562221817177e+00
8.250000000000006217e-01 2.474899882343378987e+00
8.300000000000006262e-01 2.469900200646862221e+00
8.350000000000006306e-01 2.464900517063086216e+00
8.400000000000006350e-01 2.459900831981996827e+00
8.450000000000006395e-01 2.454901145272117002e+00
8.500000000000006439e-01 2.449901456773034170e+00
8.550000000000006484e-01 2.444901766600252824e+00
8.600000000000006528e-01 2.439902074817836830e+00
8.650000000000006573e-01 2.434902381635026813e+00
8.700000000000006617e-01 2.429902686678190094e+00
8.750000000000006661e-01 2.424902990266560199e+00
8.800000000000006706e-01 2.419903292200956013e+00
8.850000000000006750e-01 2.414903592788959941e+00
8.900000000000006795e-01 2.409903891878628190e+00
8.950000000000006839e-01 2.404904189332341957e+00
9.000000000000006883e-01 2.399904485504691820e+00
9.050000000000006928e-01 2.394904780284889956e+00
9.100000000000006972e-01 2.389905073554530190e+00
9.150000000000007017e-01 2.384905365621023066e+00
9.200000000000007061e-01 2.379905656196456221e+00
9.250000000000007105e-01 2.374905945380306083e+00
9.300000000000007150e-01 2.369906233346739999e+00
9.350000000000007194e-01 2.364906519921647021e+00
9.400000000000007239e-01 2.359906805383274797e+00
9.450000000000007283e-01 2.354907089356117922e+00
9.500000000000007327e-01 2.349907372299356201e+00
9.550000000000007372e-01 2.344907653868062880e+00
9.600000000000007416e-01 2.339907934306098003e+00
9.650000000000007461e-01 2.334908213665357835e+00
9.700000000000007505e-01 2.329908491774971946e+00
9.750000000000007550e-01 2.324908768642671930e+00
9.800000000000007594e-01 2.319909044431029077e+00
9.850000000000007638e-01 2.314909319029482049e+00
9.900000000000007683e-01 2.309909592627775954e+00
9.950000000000007727e-01 2.304909865126376189e+00
1.000000000000001110e+00 2.299910136523295012e+00
1.005000000000001004e+00 2.294910407031978128e+00
1.010000000000000009e+00 2.289910676290788150e+00
1.014999999999999902e+00 2.284910944643911979e+00
1.020000000000000018e+00 2.279911211938213000e+00
1.024999999999999911e+00 2.274911478297894973e+00
1.030000000000000027e+00 2.269911743668898918e+00
1.034999999999999920e+00 2.264912008031557900e+00
1.040000000000000036e+00 2.259912271438225151e+00
1.044999999999999929e+00 2.254912533850073952e+00
1.050000000000000044e+00 2.249912795531884058e+00
1.054999999999999050e+00 2.244913056215807945e+00
1.059999999999998943e+00 2.239913316081243000e+00
1.064999999999999059e+00 2.234913574875065034e+00
1.069999999999998952e+00 2.229913832975740196e+00
1.074999999999999067e+00 2.224914090197216865e+00
1.079999999999998961e+00 2.219914346618963918e+00
1.084999999999999076e+00 2.214914602215174000e+00
1.089999999999998970e+00 2.209914856890463852e+00
1.094999999999999085e+00 2.204915110864988037e+00
1.099999999999998979e+00 2.199915364107539961e+00
1.104999999999997984e+00 2.194915616500339173e+00
1.109999999999998099e+00 2.189915868093805784e+00
1.114999999999997993e+00 2.184916119037894067e+00
1.119999999999998108e+00 2.179916369219994987e+00
1.124999999999998002e+00 2.174916618654834100e+00
1.129999999999997895e+00 2.169916867392088999e+00
1.134999999999998010e+00 2.164917115399533021e+00
1.139999999999997904e+00 2.159917362703482002e+00
1.144999999999998019e+00 2.154917609327923866e+00
1.149999999999997025e+00 2.149917855353124185e+00
1.154999999999996918e+00 2.144918100641235004e+00
1.159999999999997033e+00 2.139918345435830815e+00
1.164999999999996927e+00 2.134918589362599040e+00
1.169999999999997042e+00 2.129918832768851189e+00
1.174999999999996936e+00 2.124919075566139792e+00
1.179999999999997051e+00 2.119919317676477011e+00
1.184999999999996945e+00 2.114919559297845808e+00
1.189999999999997060e+00 2.109919800264037804e+00
1.194999999999996954e+00 2.104920040780427826e+00
1.199999999999995959e+00 2.099920280619699042e+00
1.204999999999996074e+00 2.094920519855066221e+00
1.209999999999995968e+00 2.089920758653419863e+00
1.214999999999996083e+00 2.084920996807114069e+00
1.219999999999995977e+00 2.079921234557048138e+00
1.224999999999996092e+00 2.074921471720073907e+00
1.229999999999995985e+00 2.069921708409652172e+00
1.234999999999996101e+00 2.064921944338777848e+00
1.239999999999995994e+00 2.059922179971750200e+00
1.244999999999995000e+00 2.054922415199030183e+00
1.249999999999994893e+00 2.049922649839345024e+00
1.254999999999995008e+00 2.044922883985464068e+00
1.259999999999994902e+00 2.039923117668707153e+00
1.264999999999995017e+00 2.034923350978942835e+00
1.269999999999994911e+00 2.029923583610412141e+00
1.274999999999995026e+00 2.024923816096816154e+00
1.279999999999994920e+00 2.019924047934808176e+00
1.284999999999995035e+00 2.014924279442254829e+00
1.289999999999994040e+00 2.009924510513088070e+00
1.294999999999993934e+00 2.004924741141564937e+00
1.299999999999994049e+00 1.999924971223550063e+00
1.304999999999993943e+00 1.994925201089700062e+00
1.309999999999994058e+00 1.989925430605524070e+00
1.314999999999993952e+00 1.984925659593955061e+00
1.319999999999994067e+00 1.979925888225068098e+00
1.324999999999993960e+00 1.974926116613175964e+00
1.329999999999994076e+00 1.969926344492819004e+00
1.334999999999993969e+00 1.964926572123999904e+00
1.339999999999992975e+00 1.959926799159007027e+00
1.344999999999993090e+00 1.954927026008590030e+00
1.349999999999992983e+00 1.949927252402517075e+00
1.354999999999993099e+00 1.944927478681109045e+00
1.359999999999992992e+00 1.939927704402919062e+00
1.364999999999993108e+00 1.934927929870525976e+00
1.369999999999993001e+00 1.929928155035498083e+00
1.374999999999992895e+00 1.924928379877314910e+00
1.379999999999993010e+00 1.919928604399161021e+00
1.384999999999992015e+00 1.914928828632582958e+00
1.389999999999991909e+00 1.909929052564053098e+00
1.394999999999992024e+00 1.904929276163102037e+00
1.399999999999991918e+00 1.899929499382551956e+00
1.404999999999992033e+00 1.894929722513950088e+00
1.409999999999991926e+00 1.889929945104199982e+00
1.414999999999992042e+00 1.884930167662389966e+00
1.419999999999991935e+00 1.879930389800392954e+00
1.424999999999992051e+00 1.874930611704598959e+00
1.429999999999991944e+00 1.869930833442766005e+00
1.434999999999990949e+00 1.864931054648991005e+00
1.439999999999991065e+00 1.859931275893587088e+00
1.444999999999990958e+00 1.854931496691107906e+00
1.449999999999991074e+00 1.849931717359992955e+00
1.454999999999990967e+00 1.844931937663772947e+00
1.459999999999991083e+00 1.839932157849887062e+00
1.464999999999990976e+00 1.834932377687437111e+00
1.469999999999991092e+00 1.829932597330810040e+00
1.474999999999990985e+00 1.824932816726005047e+00
1.479999999999989990e+00 1.819933035993188009e+00
1.484999999999990106e+00 1.814933254970412912e+00
1.489999999999989999e+00 1.809933473677062921e+00
1.494999999999989893e+00 1.804933692300551007e+00
1.499999999999990008e+00 1.799933910601624110e+00
1.504999999999989901e+00 1.794934128719205990e+00
1.509999999999990017e+00 1.789934346658526021e+00
1.514999999999989910e+00 1.784934564430159076e+00
1.519999999999990026e+00 1.779934781844247027e+00
1.524999999999989031e+00 1.774934999196319030e+00
1.529999999999988924e+00 1.769935216424129987e+00
1.534999999999989040e+00 1.764935433354708039e+00
1.539999999999988933e+00 1.759935650046031919e+00
1.544999999999989049e+00 1.754935866628386965e+00
1.549999999999988942e+00 1.749936083029524969e+00
1.554999999999989058e+00 1.744936299201242047e+00
1.559999999999988951e+00 1.739936515259898897e+00
1.564999999999989067e+00 1.734936731175594105e+00
1.569999999999988960e+00 1.729936946899159000e+00
1.574999999999987965e+00 1.724937162332935037e+00
1.579999999999988081e+00 1.719937377735845985e+00
1.584999999999987974e+00 1.714937592848797987e+00
1.589999999999988090e+00 1.709937807876940052e+00
1.594999999999987983e+00 1.704938022810950082e+00
1.599999999999988098e+00 1.699938237529124985e+00
1.604999999999987992e+00 1.694938452104566062e+00
1.609999999999988107e+00 1.689938666517492027e+00
1.614999999999988001e+00 1.684938880858737997e+00
1.619999999999987006e+00 1.679939094956466983e+00
1.624999999999986899e+00 1.674939308999511933e+00
1.629999999999987015e+00 1.669939522913467034e+00
1.634999999999986908e+00 1.664939736626934064e+00
1.639999999999987024e+00 1.659939950094780903e+00
1.644999999999986917e+00 1.654940163495552952e+00
1.649999999999987033e+00 1.649940376875405956e+00
1.654999999999986926e+00 1.644940590087003107e+00
1.659999999999987041e+00 1.639940803147510007e+00
1.664999999999986047e+00 1.634941016096717936e+00
1.669999999999985940e+00 1.629941228941788944e+00
1.674999999999986056e+00 1.624941441595523894e+00
1.679999999999985949e+00 1.619941654108516094e+00
1.684999999999986064e+00 1.614941866669937998e+00
1.689999999999985958e+00 1.609942078917584007e+00
1.694999999999986073e+00 1.604942291127259058e+00
1.699999999999985967e+00 1.599942503233477975e+00
1.704999999999986082e+00 1.594942715292859026e+00
1.709999999999985976e+00 1.589942927207288914e+00
1.714999999999984981e+00 1.584943138940730023e+00
1.719999999999985096e+00 1.579943350531038959e+00
1.724999999999984990e+00 1.574943562145791009e+00
1.729999999999985105e+00 1.569943773668456055e+00
1.734999999999984999e+00 1.564943984921455922e+00
1.739999999999984892e+00 1.559944196163655983e+00
1.744999999999985008e+00 1.554944407363449965e+00
1.749999999999984901e+00 1.549944618458880985e+00
1.754999999999985016e+00 1.544944829416067034e+00
1.759999999999984022e+00 1.539945040302540979e+00
1.764999999999983915e+00 1.534945251115459985e+00
1.769999999999984031e+00 1.529945461856528022e+00
1.774999999999983924e+00 1.524945672426611054e+00
1.779999999999984039e+00 1.519945882886645006e+00
1.784999999999983933e+00 1.514946093249591064e+00
1.789999999999984048e+00 1.509946303638344034e+00
1.794999999999983942e+00 1.504946513919549034e+00
1.799999999999984057e+00 1.499946724163806033e+00
1.804999999999983951e+00 1.494946934295172003e+00
1.809999999999982956e+00 1.489947144367192999e+00
1.814999999999983071e+00 1.484947354217525106e+00
1.819999999999982965e+00 1.479947564138569982e+00
1.824999999999983080e+00 1.474947773839289988e+00
1.829999999999982974e+00 1.469947983694509963e+00
1.834999999999983089e+00 1.464948193283134970e+00
1.839999999999982983e+00 1.459948402891654951e+00
1.844999999999983098e+00 1.454948612396151031e+00
1.849999999999982991e+00 1.449948821820612022e+00
1.854999999999981997e+00 1.444949031264173067e+00
1.859999999999981890e+00 1.439949240571309019e+00
1.864999999999982006e+00 1.434949449805458022e+00
1.869999999999981899e+00 1.429949658950476987e+00
1.874999999999982014e+00 1.424949868109137929e+00
1.879999999999981908e+00 1.419950077054408899e+00
1.884999999999982023e+00 1.414950286201702045e+00
1.889999999999981917e+00 1.409950495111160995e+00
1.894999999999982032e+00 1.404950704013345097e+00
1.899999999999981037e+00 1.399950912786720902e+00
1.904999999999980931e+00 1.394951121675263028e+00
1.909999999999981046e+00 1.389951330317785949e+00
1.914999999999980940e+00 1.384951539096846096e+00
1.919999999999981055e+00 1.379951747619315938e+00
1.924999999999980949e+00 1.374951956206472925e+00
1.929999999999981064e+00 1.369952164766119029e+00
1.934999999999980957e+00 1.364952373174447064e+00
1.939999999999981073e+00 1.359952581726247001e+00
1.944999999999980966e+00 1.354952790086372039e+00
1.949999999999979972e+00 1.349952998435923979e+00
1.954999999999980087e+00 1.344953206759669007e+00
1.959999999999979980e+00 1.339953415003946935e+00
1.964999999999980096e+00 1.334953623263118061e+00
1.969999999999979989e+00 1.329953831478519977e+00
1.974999999999980105e+00 1.324954039565114039e+00
1.979999999999979998e+00 1.319954247637610933e+00
1.984999999999979892e+00 1.314954455777864961e+00
1.989999999999980007e+00 1.309954663825805943e+00
1.994999999999979012e+00 1.304954871800418914e+00
1.999999999999978906e+00 1.299955079806863978e+00
2.004999999999979021e+00 1.294955287713150938e+00
2.009999999999978915e+00 1.289955495597836954e+00
2.014999999999978808e+00 1.284955703421247097e+00
2.019999999999979146e+00 1.279955911398247048e+00
2.024999999999979039e+00 1.274956119146964051e+00
2.029999999999978932e+00 1.269956327063596069e+00
2.034999999999978826e+00 1.264956534902921925e+00
2.039999999999979163e+00 1.259956742693133958e+00
2.044999999999979057e+00 1.254956950393989024e+00
2.049999999999978950e+00 1.249957158143728986e+00
2.054999999999977955e+00 1.244957365870164034e+00
2.059999999999977849e+00 1.239957573532705970e+00
2.064999999999978186e+00 1.234957781232197016e+00
2.069999999999978080e+00 1.229957988940669100e+00
2.074999999999977973e+00 1.224958196613443073e+00
2.079999999999977867e+00 1.219958404288149945e+00
2.084999999999978204e+00 1.214958611934890076e+00
2.089999999999978098e+00 1.209958819638814020e+00
2.094999999999977991e+00 1.204959027232803015e+00
2.099999999999976996e+00 1.199959234778362083e+00
2.104999999999976890e+00 1.194959442451704046e+00
2.109999999999976783e+00 1.189959650151195092e+00
2.114999999999977121e+00 1.184959857672992944e+00
2.119999999999977014e+00 1.179960065335649011e+00
2.124999999999976907e+00 1.174960272908833980e+00
2.129999999999976801e+00 1.169960480626401012e+00
2.134999999999977138e+00 1.164960688220844975e+00
2.139999999999977032e+00 1.159960895859172059e+00
2.144999999999976037e+00 1.154961103548771018e+00
2.149999999999975930e+00 1.149961311271112896e+00
2.154999999999975824e+00 1.144961518835885039e+00
2.159999999999976161e+00 1.139961726475916981e+00
2.164999999999976055e+00 1.134961934066154976e+00
2.169999999999975948e+00 1.129962141918440022e+00
2.174999999999975842e+00 1.124962349678299001e+00
2.179999999999976179e+00 1.119962557454414087e+00
2.184999999999976072e+00 1.114962765126392918e+00
2.189999999999975966e+00 1.109962972899892986e+00
2.194999999999974971e+00 1.104963180747859042e+00
2.199999999999974865e+00 1.099963388599916936e+00
2.204999999999975202e+00 1.094963596387287907e+00
2.209999999999975095e+00 1.089963804333820008e+00
2.214999999999974989e+00 1.084964012299338032e+00
2.219999999999974882e+00 1.079964220098645011e+00
2.224999999999975220e+00 1.074964428267775940e+00
2.229999999999975113e+00 1.069964636181566897e+00
2.234999999999975007e+00 1.064964844293968094e+00
2.239999999999974012e+00 1.059965052282223041e+00
2.244999999999973905e+00 1.054965260453287090e+00
2.249999999999973799e+00 1.049965468675168045e+00
2.254999999999974136e+00 1.044965676950823985e+00
2.259999999999974030e+00 1.039965885186461048e+00
2.264999999999973923e+00 1.034966093562502021e+00
2.269999999999973817e+00 1.029966301948548102e+00
2.274999999999974154e+00 1.024966510381660090e+00
2.279999999999974047e+00 1.019966718854107057e+00
2.284999999999973053e+00 1.014966927358613935e+00
2.289999999999972946e+00 1.009967135987607900e+00
2.294999999999972840e+00 1.004967344665602003e+00
2.299999999999973177e+00 9.999675534303378299e-01
2.304999999999973070e+00 9.949677621606269895e-01
2.309999999999972964e+00 9.899679709994870791e-01
2.314999999999972857e+00 9.849681798847313985e-01
2.319999999999973195e+00 9.799683888834351819e-01
2.324999999999973088e+00 9.749685977690205618e-01
2.329999999999972982e+00 9.699688071606260564e-01
2.334999999999971987e+00 9.649690164169442141e-01
2.339999999999971880e+00 9.599692256867911055e-01
2.344999999999972218e+00 9.549694350871504867e-01
2.349999999999972111e+00 9.499696446017651397e-01
2.354999999999972005e+00 9.449698540908002542e-01
2.359999999999971898e+00 9.399700638329022695e-01
2.364999999999971791e+00 9.349702735372602547e-01
2.369999999999972129e+00 9.299704834450039925e-01
2.374999999999972022e+00 9.249706934705272943e-01
2.379999999999971028e+00 9.199709035212890740e-01
2.384999999999970921e+00 9.149711136914220333e-01
2.389999999999970814e+00 9.099713239318134583e-01
2.394999999999971152e+00 9.049715344309561260e-01
2.399999999999971045e+00 8.999717448947421872e-01
2.404999999999970939e+00 8.949719555288311312e-01
2.409999999999970832e+00 8.899721662482988904e-01
2.414999999999971170e+00 8.849723772506195019e-01
2.419999999999971063e+00 8.799725881116273740e-01
2.424999999999970957e+00 8.749727993850910934e-01
2.429999999999969962e+00 8.699730106611696101e-01
2.434999999999969855e+00 8.649732220789019266e-01
2.439999999999970193e+00 8.599734336538631396e-01
2.444999999999970086e+00 8.549736452607703541e-01
2.449999999999969980e+00 8.499738571507577944e-01
2.454999999999969873e+00 8.449740691686429273e-01
2.459999999999970210e+00 8.399742813273860520e-01
2.464999999999970104e+00 8.349744937175955783e-01
2.469999999999969997e+00 8.299747062474125414e-01
2.474999999999969003e+00 8.249749187891666224e-01
2.479999999999968896e+00 8.199751316411720836e-01
2.484999999999968789e+00 8.149753447419243457e-01
2.489999999999969127e+00 8.099755578937219980e-01
2.494999999999969020e+00 8.049757713224607869e-01
2.499999999999968914e+00 7.999759848953544861e-01
2.504999999999968807e+00 7.949761986501471256e-01
2.509999999999969145e+00 7.899764127183743767e-01
2.514999999999969038e+00 7.849766268609528197e-01
2.519999999999968043e+00 7.799768413030960801e-01
2.524999999999967937e+00 7.749770559341300213e-01
2.529999999999967830e+00 7.699772706807834766e-01
2.534999999999968168e+00 7.649774858086288987e-01
2.539999999999968061e+00 7.599777011045603103e-01
2.544999999999967955e+00 7.549779166971575250e-01
2.549999999999967848e+00 7.499781323792831245e-01
2.554999999999968185e+00 7.449783485466809907e-01
2.559999999999968079e+00 7.399785648329952892e-01
2.564999999999967972e+00 7.349787812950125954e-01
2.569999999999966978e+00 7.299789982417337342e-01
2.574999999999966871e+00 7.249792152966278991e-01
2.579999999999967208e+00 7.199794326718915727e-01
2.584999999999967102e+00 7.149796504651249052e-01
2.589999999999966995e+00 7.099798683498761420e-01
2.594999999999966889e+00 7.049800866536202193e-01
2.599999999999966782e+00 6.999803052694346661e-01
2.604999999999967120e+00 6.949805241112585463e-01
2.609999999999967013e+00 6.899807433652540567e-01
2.614999999999966018e+00 6.849809629929950461e-01
2.619999999999965912e+00 6.799811829519626372e-01
2.624999999999965805e+00 6.749814032536960440e-01
2.629999999999966143e+00 6.699816239267875062e-01
2.634999999999966036e+00 6.649818449565714218e-01
2.639999999999965929e+00 6.599820662364663804e-01
2.644999999999965823e+00 6.549822881304976363e-01
2.649999999999966160e+00 6.499825103830971784e-01
2.654999999999966054e+00 6.449827330034736406e-01
2.659999999999965947e+00 6.399829560468788259e-01
2.664999999999964952e+00 6.349831795349132335e-01
2.669999999999964846e+00 6.299834033349611673e-01
2.674999999999965183e+00 6.249836277682447871e-01
2.679999999999965077e+00 6.199838526826511043e-01
2.684999999999964970e+00 6.149840779521014156e-01
2.689999999999964864e+00 6.099843037769119292e-01
2.694999999999965201e+00 6.049845301265577291e-01
2.699999999999965095e+00 5.999847570244014605e-01
2.704999999999964988e+00 5.949849844378150010e-01
2.709999999999963993e+00 5.899852123249047509e-01
2.714999999999963887e+00 5.849854408763235369e-01
2.719999999999963780e+00 5.799856700409122823e-01
2.724999999999964118e+00 5.749858997104411173e-01
2.729999999999964011e+00 5.699861300774955453e-01
2.734999999999963904e+00 5.649863610487386723e-01
2.739999999999963798e+00 5.599865925601079653e-01
2.744999999999964135e+00 5.549868248986626895e-01
2.749999999999964029e+00 5.499870579893695322e-01
2.754999999999963034e+00 5.449872917155289542e-01
2.759999999999962927e+00 5.399875261373949797e-01
2.764999999999962821e+00 5.349877614642650769e-01
2.769999999999963158e+00 5.299879974446639608e-01
2.774999999999963052e+00 5.249882342626506215e-01
2.779999999999962945e+00 5.199884719573333314e-01
2.784999999999962839e+00 5.149887104183790143e-01
2.789999999999963176e+00 5.099889499103937851e-01
2.794999999999963070e+00 5.049891903862544495e-01
2.799999999999962963e+00 4.999894316213158163e-01
2.804999999999961968e+00 4.949896739022391912e-01
2.809999999999961862e+00 4.899899173381073170e-01
2.814999999999962199e+00 4.849901617152453936e-01
2.819999999999962093e+00 4.799904072385742793e-01
2.824999999999961986e+00 4.749906538920071752e-01
2.829999999999961879e+00 4.699909017055006188e-01
2.834999999999962217e+00 4.649911508423655859e-01
2.839999999999962110e+00 4.599914010837550804e-01
2.844999999999962004e+00 4.549916527810182743e-01
2.849999999999961009e+00 4.499919058110891101e-01
2.854999999999960902e+00 4.449921603265352132e-01
2.859999999999960796e+00 4.399924162797220206e-01
2.864999999999961133e+00 4.349926738195791232e-01
2.869999999999961027e+00 4.299929330489931090e-01
2.874999999999960920e+00 4.249931939469320241e-01
2.879999999999960814e+00 4.199934566318007101e-01
2.884999999999961151e+00 4.149937211882389065e-01
2.889999999999961044e+00 4.099939876766712232e-01
2.894999999999960050e+00 4.049942561582611233e-01
2.899999999999959943e+00 3.999945269414411086e-01
2.904999999999959837e+00 3.949947997786011911e-01
2.909999999999960174e+00 3.899950751254551151e-01
2.914999999999960067e+00 3.849953529156096010e-01
2.919999999999959961e+00 3.799956332891269994e-01
2.924999999999959854e+00 3.749959166375447239e-01
2.929999999999960192e+00 3.699962028112508960e-01
2.934999999999960085e+00 3.649964920764431908e-01
2.939999999999959979e+00 3.599967847893594808e-01
2.944999999999958984e+00 3.549970808683156065e-01
2.949999999999958877e+00 3.499973808035293232e-01
2.954999999999959215e+00 3.449976847671222813e-01
2.959999999999959108e+00 3.399979928922221006e-01
2.964999999999959002e+00 3.349983056960468275e-01
2.969999999999958895e+00 3.299986234055153900e-01
2.974999999999958789e+00 3.249989464857208077e-01
2.979999999999959126e+00 3.199992753266088230e-01
2.984999999999959019e+00 3.149996103102238876e-01
2.989999999999958025e+00 3.099999521110702871e-01
2.994999999999957918e+00 3.050003011493345184e-01
2.999999999999957812e+00 3.000006583833965124e-01
3.004999999999958149e+00 2.950010243142742183e-01
3.009999999999958042e+00 2.900013998468011778e-01
3.014999999999957936e+00 2.850017861051696855e-01
3.019999999999957829e+00 2.800021841633225095e-01
3.024999999999958167e+00 2.750025953873488915e-01
3.029999999999958060e+00 2.700030215173683246e-01
3.034999999999957954e+00 2.650034641018522152e-01
3.039999999999956959e+00 2.600039254100465769e-01
3.044999999999956852e+00 2.550044080125815071e-01
3.049999999999957190e+00 2.500049149412006955e-01
3.054999999999957083e+00 2.450054498658857938e-01
3.059999999999956977e+00 2.400060169810273869e-01
3.064999999999956870e+00 2.350066218633913018e-01
3.069999999999957208e+00 2.300072708427194079e-01
3.074999999999957101e+00 2.250079718290579067e-01
3.079999999999956994e+00 2.200087347567603047e-01
3.084999999999956000e+00 2.150095719526773919e-01
3.089999999999955893e+00 2.100104984715187861e-01
3.094999999999955786e+00 2.050115337769398138e-01
3.099999999999956124e+00 2.000127019083635105e-01
3.104999999999956017e+00 1.950140330501853037e-01
3.109999999999955911e+00 1.900155657178075053e-01
3.114999999999955804e+00 1.850173470503264916e-01
3.119999999999956142e+00 1.800194360150584039e-01
3.124999999999956035e+00 1.750219042127839075e-01
3.129999999999955040e+00 1.700248366420211987e-01
3.134999999999954934e+00 1.650283322174495027e-01
3.139999999999954827e+00 1.600325022545092957e-01
3.144999999999955165e+00 1.550374670453003034e-01
3.149999999999955058e+00 1.500433523573150019e-01
3.154999999999954952e+00 1.450502846431299120e-01
3.159999999999954845e+00 1.400583867871141031e-01
3.164999999999955183e+00 1.350677759345106921e-01
3.169999999999955076e+00 1.300785613945140973e-01
3.174999999999954969e+00 1.250908456832338089e-01
3.179999999999953975e+00 1.201047260855166027e-01
3.184999999999953868e+00 1.151202963348972041e-01
3.189999999999954206e+00 1.101376504153881025e-01
3.194999999999954099e+00 1.051568846844670030e-01
3.199999999999953992e+00 1.001781010942783962e-01
3.204999999999953886e+00 9.520141119696967635e-02
3.209999999999953779e+00 9.022693922529434474e-02
3.214999999999954117e+00 8.525482549588403458e-02
3.219999999999954010e+00 8.028523272182219728e-02
3.224999999999953015e+00 7.531835089870719813e-02
3.229999999999952909e+00 7.035440586272834196e-02
3.234999999999952802e+00 6.539366940772195491e-02
3.239999999999953140e+00 6.043647364635518215e-02
3.244999999999953033e+00 5.548323153710787992e-02
3.249999999999952927e+00 5.053446604246802920e-02
3.254999999999952820e+00 4.559085567593700733e-02
3.259999999999953157e+00 4.065330481180162714e-02
3.264999999999953051e+00 3.572306018194493227e-02
3.269999999999952944e+00 3.080191575136926110e-02
3.274999999999951950e+00 2.589260067211185054e-02
3.279999999999951843e+00 2.099959038560506031e-02
3.284999999999952180e+00 1.613105113899437892e-02
3.289999999999952074e+00 1.130453306315560083e-02
3.294999999999951967e+00 6.579883049285861762e-03
3.299999999999951861e+00 2.469135088101905018e-03
3.304999999999952198e+00 2.201496658260259937e-03
3.309999999999952092e+00 2.204852195446028052e-03
3.314999999999951985e+00 2.208207192148925035e-03
3.319999999999950990e+00 2.211562052384158025e-03
3.324999999999950884e+00 2.214916947107932813e-03
3.329999999999951221e+00 2.218271882553672029e-03
3.334999999999951115e+00 2.221626871381176833e-03
3.339999999999951008e+00 2.224981920572379184e-03
3.344999999999950901e+00 2.228337033285788995e-03
3.349999999999950795e+00 2.231692211544331061e-03
3.354999999999951132e+00 2.235047457132593052e-03
3.359999999999951026e+00 2.238402770986738007e-03
3.364999999999950031e+00 2.241758153815113803e-03
3.369999999999949925e+00 2.245113606542171059e-03
3.374999999999949818e+00 2.248469129367187871e-03
3.379999999999950155e+00 2.251824722812993847e-03
3.384999999999950049e+00 2.255180387220332046e-03
3.389999999999949942e+00 2.258536122742843023e-03
3.394999999999949836e+00 2.261891929742416985e-03
3.399999999999950173e+00 2.265247808376294036e-03
3.404999999999950067e+00 2.268603758476824862e-03
3.409999999999949960e+00 2.271959780658599874e-03
3.414999999999948965e+00 2.275315874977887863e-03
3.419999999999948859e+00 2.278672041073712823e-03
3.424999999999949196e+00 2.282028279555572883e-03
3.429999999999949090e+00 2.285384590275075026e-03
3.434999999999948983e+00 2.288740973427811059e-03
3.439999999999948876e+00 2.292097428908711817e-03
3.444999999999949214e+00 2.295453956836744202e-03
3.449999999999949107e+00 2.298810557481349801e-03
3.454999999999949001e+00 2.302167230490372810e-03
3.459999999999948006e+00 2.305523976320912865e-03
3.464999999999947899e+00 2.308880794737930980e-03
3.469999999999947793e+00 2.312237685840629053e-03
3.474999999999948130e+00 2.315594649790934847e-03
3.479999999999948024e+00 2.318951686445525073e-03
3.484999999999947917e+00 2.322308795935978942e-03
3.489999999999947811e+00 2.325665978410349031e-03
3.494999999999948148e+00 2.329023233624218005e-03
3.499999999999948042e+00 2.332380561809863171e-03
3.504999999999947047e+00 2.335737962844444855e-03
3.509999999999946940e+00 2.339095436991624980e-03
3.514999999999946834e+00 2.342452983928930161e-03
3.519999999999947171e+00 2.345810603884516867e-03
3.524999999999947065e+00 2.349168296974197840e-03
3.529999999999946958e+00 2.352526062989150103e-03
3.534999999999946851e+00 2.355883902214193134e-03
3.539999999999947189e+00 2.359241814376955831e-03
3.544999999999947082e+00 2.362599799703500852e-03
3.549999999999946976e+00 2.365957858119176974e-03
3.554999999999945981e+00 2.369315989696574136e-03
3.559999999999945874e+00 2.372674194515192111e-03
3.564999999999946212e+00 2.376032472229140918e-03
3.569999999999946105e+00 2.379390823413581133e-03
3.574999999999945999e+00 2.382749247519484054e-03
3.579999999999945892e+00 2.386107744909128029e-03
3.584999999999945786e+00 2.389466315733717195e-03
3.589999999999946123e+00 2.392824959555399107e-03
3.594999999999946017e+00 2.396183676781309026e-03
3.599999999999945022e+00 2.399542467278803059e-03
3.604999999999944915e+00 2.402901330954275959e-03
3.609999999999944809e+00 2.406260268078221857e-03
3.614999999999945146e+00 2.409619278346065811e-03
3.619999999999945040e+00 2.412978362032326945e-03
3.624999999999944933e+00 2.416337519014869015e-03
3.629999999999944826e+00 2.419696749433142974e-03
