# vin_v vout_v
0.000000000000000000e+00 3.612602533075952138e+00
5.000000000000000104e-03 3.611552677643294906e+00
1.000000000000000021e-02 3.609390298792360952e+00
1.499999999999999944e-02 3.606379998208543824e+00
2.000000000000000042e-02 3.602939867877076985e+00
2.500000000000000139e-02 3.599138559562011785e+00
2.999999999999999889e-02 3.595072042404217960e+00
3.500000000000000333e-02 3.590809079214842825e+00
4.000000000000000083e-02 3.586399643997320030e+00
4.499999999999999833e-02 3.581879599614261167e+00
5.000000000000000278e-02 3.577274812942221160e+00
5.499999999999999334e-02 3.572604126850743800e+00
5.999999999999999084e-02 3.567881444894080101e+00
6.499999999999998834e-02 3.563117169907012105e+00
6.999999999999999278e-02 3.558319196034918974e+00
7.499999999999999722e-02 3.553493595374581204e+00
8.000000000000000167e-02 3.548645099210590015e+00
8.500000000000000611e-02 3.543777439539181007e+00
9.000000000000001055e-02 3.538893592634933860e+00
9.500000000000001499e-02 3.533995958109093838e+00
1.000000000000000056e-01 3.529086488968878221e+00
1.049999999999999961e-01 3.524166790085613066e+00
1.100000000000000006e-01 3.519238192415294897e+00
1.150000000000000050e-01 3.514301807379605069e+00
1.199999999999999956e-01 3.509358572287279099e+00
1.250000000000000000e-01 3.504409282724015195e+00
1.300000000000000044e-01 3.499454619346367146e+00
1.350000000000000089e-01 3.494495169312048954e+00
1.400000000000000133e-01 3.489531441943928947e+00
1.449999999999999900e-01 3.484563882896015041e+00
1.499999999999999944e-01 3.479592885248046219e+00
1.550000000000001099e-01 3.474618796844538782e+00
1.600000000000000866e-01 3.469641928852592816e+00
1.650000000000000910e-01 3.464662561358446968e+00
1.700000000000000955e-01 3.459680947051471112e+00
1.750000000000000999e-01 3.454697315394818169e+00
1.800000000000001044e-01 3.449711876281182921e+00
1.850000000000001088e-01 3.444724821215881860e+00
1.900000000000001132e-01 3.439736325348292212e+00
1.950000000000000899e-01 3.434746549049501052e+00
2.000000000000000944e-01 3.429755638692296937e+00
2.050000000000000988e-01 3.424763727390888857e+00
2.100000000000001033e-01 3.419770935768912778e+00
2.150000000000001077e-01 3.414777372212104201e+00
2.200000000000001121e-01 3.409783133937757782e+00
2.250000000000000888e-01 3.404788307349842835e+00
2.300000000000000933e-01 3.399792968827310080e+00
2.350000000000000977e-01 3.394797185859911082e+00
2.400000000000001021e-01 3.389801016836170078e+00
2.450000000000001066e-01 3.384804512900914109e+00
2.500000000000001110e-01 3.379807718508395009e+00
2.550000000000001155e-01 3.374810671707152210e+00
2.600000000000001199e-01 3.369813405319562083e+00
2.650000000000001243e-01 3.364815947968204046e+00
2.700000000000000733e-01 3.359818323832008957e+00
2.750000000000000777e-01 3.354820553458822019e+00
2.800000000000000822e-01 3.349822655023189100e+00
2.850000000000000866e-01 3.344824644008169923e+00
2.900000000000000910e-01 3.339826533330465974e+00
2.950000000000002065e-01 3.334828334247874171e+00
3.000000000000002109e-01 3.329830056849743869e+00
3.050000000000002154e-01 3.324831709402602087e+00
3.100000000000002198e-01 3.319833299091186962e+00
3.150000000000002243e-01 3.314834832467084880e+00
3.200000000000001732e-01 3.309836314835933990e+00
3.250000000000001776e-01 3.304837750827929188e+00
3.300000000000001821e-01 3.299839144996397966e+00
3.350000000000001865e-01 3.294840500590126009e+00
3.400000000000001910e-01 3.289841820998943955e+00
3.450000000000001954e-01 3.284843109317549192e+00
3.500000000000001998e-01 3.279844367328693000e+00
3.550000000000002043e-01 3.274845597804826980e+00
3.600000000000002087e-01 3.269846802598764146e+00
3.650000000000002132e-01 3.264847983267713971e+00
3.700000000000002176e-01 3.259849141497638936e+00
3.750000000000002220e-01 3.254850278636752137e+00
3.800000000000002265e-01 3.249851395775464891e+00
3.850000000000001754e-01 3.244852493992710141e+00
3.900000000000001799e-01 3.239853574638232203e+00
3.950000000000001843e-01 3.234854638597881138e+00
4.000000000000001887e-01 3.229855686253031877e+00
4.050000000000001932e-01 3.224856718701162084e+00
4.100000000000003086e-01 3.219857736445618013e+00
4.150000000000003131e-01 3.214858740162113815e+00
4.200000000000003175e-01 3.209859730569490921e+00
4.250000000000003220e-01 3.204860707983939960e+00
4.300000000000003264e-01 3.199861672850872196e+00
4.350000000000002753e-01 3.194862625777162179e+00
4.400000000000002798e-01 3.189863567255699195e+00
4.450000000000002842e-01 3.184864497366675096e+00
4.500000000000002887e-01 3.179865416556452828e+00
4.550000000000002931e-01 3.174866325228861808e+00
4.600000000000002975e-01 3.169867223549601931e+00
4.650000000000003020e-01 3.164868112160859948e+00
4.700000000000003064e-01 3.159868990859195037e+00
4.750000000000003109e-01 3.154869860037991192e+00
4.800000000000003153e-01 3.149870720078296937e+00
4.850000000000003197e-01 3.144871571251230069e+00
4.900000000000003242e-01 3.139872413493606018e+00
4.950000000000002731e-01 3.134873246967373017e+00
5.000000000000003331e-01 3.129874072034937171e+00
5.050000000000003375e-01 3.124874889006405976e+00
5.100000000000003419e-01 3.119875697881838050e+00
5.150000000000003464e-01 3.114876498673908145e+00
5.200000000000003508e-01 3.109877291993143000e+00
5.250000000000003553e-01 3.104878077341596043e+00
5.300000000000003597e-01 3.099878855356025031e+00
5.350000000000003642e-01 3.094879625974642057e+00
5.400000000000003686e-01 3.089880389323155896e+00
5.450000000000003730e-01 3.084881145686808157e+00
5.500000000000003775e-01 3.079881894928206965e+00
5.550000000000003819e-01 3.074882637264095830e+00
5.600000000000003864e-01 3.069883372793583032e+00
5.650000000000003908e-01 3.064884101710703135e+00
5.700000000000003952e-01 3.059884823947697896e+00
5.750000000000003997e-01 3.054885540014395939e+00
5.800000000000004041e-01 3.049886249549246031e+00
5.850000000000004086e-01 3.044886952703365068e+00
5.900000000000004130e-01 3.039887649606527020e+00
5.950000000000004174e-01 3.034888340383389949e+00
6.000000000000004219e-01 3.029889025246462086e+00
6.050000000000004263e-01 3.024889704039480876e+00
6.100000000000004308e-01 3.019890377092111056e+00
6.150000000000004352e-01 3.014891044338440906e+00
6.200000000000004396e-01 3.009891705829176090e+00
6.250000000000004441e-01 3.004892361756815955e+00
6.300000000000004485e-01 2.999893012030498074e+00
6.350000000000004530e-01 2.994893656660763792e+00
6.400000000000004574e-01 2.989894296189675060e+00
6.450000000000004619e-01 2.984894930220804099e+00
6.500000000000004663e-01 2.979895558940313993e+00
6.550000000000004707e-01 2.974896182427499980e+00
6.600000000000004752e-01 2.969896800588542884e+00
6.650000000000004796e-01 2.964897413815406946e+00
6.700000000000004841e-01 2.959898022000572837e+00
6.750000000000004885e-01 2.954898625226376918e+00
6.800000000000004929e-01 2.949899223544833138e+00
6.850000000000004974e-01 2.944899816954546168e+00
6.900000000000005018e-01 2.939900405531972183e+00
6.950000000000005063e-01 2.934900989329606080e+00
7.000000000000005107e-01 2.929901568399571943e+00
7.050000000000005151e-01 2.924902143110131192e+00
7.100000000000005196e-01 2.919902712862295857e+00
7.150000000000005240e-01 2.914903278311129053e+00
7.200000000000005285e-01 2.909903839110825174e+00
7.250000000000005329e-01 2.904904395672787132e+00
7.300000000000005373e-01 2.899904947847688153e+00
7.350000000000005418e-01 2.894905495561005182e+00
7.400000000000005462e-01 2.889906039122819958e+00
7.450000000000005507e-01 2.884906578519291998e+00
7.500000000000005551e-01 2.879907113521796180e+00
7.550000000000005596e-01 2.874907644598351908e+00
7.600000000000005640e-01 2.869908171331160940e+00
7.650000000000005684e-01 2.864908694339447948e+00
7.700000000000005729e-01 2.859909213166445863e+00
7.750000000000005773e-01 2.854909727953809817e+00
7.800000000000005818e-01 2.849910239050303051e+00
7.850000000000005862e-01 2.844910746187053974e+00
7.900000000000005906e-01 2.839911249505917112e+00
7.950000000000005951e-01 2.834911749207321918e+00
8.000000000000005995e-01 2.829912244994886805e+00
8.050000000000006040e-01 2.824912737169825050e+00
8.100000000000006084e-01 2.819913225791764955e+00
8.150000000000006128e-01 2.814913710623529131e+00
8.200000000000006173e-01 2.809914192060630977e+00
8.250000000000006217e-01 2.804914669789638992e+00
8.300000000000006262e-01 2.799915144124839106e+00
8.350000000000006306e-01 2.794915615124580199e+00
8.400000000000006350e-01 2.789916082769082095e+00
8.450000000000006395e-01 2.784916546901285983e+00
8.500000000000006439e-01 2.779917007717870092e+00
8.550000000000006484e-01 2.774917465205306133e+00
8.600000000000006528e-01 2.769917919548106955e+00
8.650000000000006573e-01 2.764918370689656957e+00
8.700000000000006617e-01 2.759918818630637816e+00
8.750000000000006661e-01 2.754919263619115100e+00
8.800000000000006706e-01 2.749919705206651077e+00
8.850000000000006750e-01 2.744920143821843794e+00
8.900000000000006795e-01 2.739920579562749037e+00
8.950000000000006839e-01 2.734921012130882900e+00
9.000000000000006883e-01 2.729921441926308034e+00
9.050000000000006928e-01 2.724921868717502083e+00
9.100000000000006972e-01 2.719922292664080032e+00
9.150000000000007017e-01 2.714922713567545998e+00
9.200000000000007061e-01 2.709923132013046132e+00
9.250000000000007105e-01 2.704923547282077845e+00
9.300000000000007150e-01 2.699923959938416829e+00
9.350000000000007194e-01 2.694924369884233784e+00
9.400000000000007239e-01 2.689924777214570906e+00
9.450000000000007283e-01 2.684925181846494979e+00
9.500000000000007327e-01 2.679925583852536874e+00
9.550000000000007372e-01 2.674925983197908863e+00
9.600000000000007416e-01 2.669926380271248956e+00
9.650000000000007461e-01 2.664926774553634914e+00
9.700000000000007505e-01 2.659927166351621963e+00
9.750000000000007550e-01 2.654927555854670107e+00
9.800000000000007594e-01 2.649927942621502996e+00
9.850000000000007638e-01 2.644928327269611135e+00
9.900000000000007683e-01 2.639928709400749085e+00
9.950000000000007727e-01 2.634929089269575808e+00
1.000000000000001110e+00 2.629929466774627134e+00
1.005000000000001004e+00 2.624929841977063916e+00
1.010000000000000009e+00 2.619930214847726813e+00
1.014999999999999902e+00 2.614930585622118997e+00
1.020000000000000018e+00 2.609930954195931019e+00
1.024999999999999911e+00 2.604931320480773138e+00
1.030000000000000027e+00 2.599931684645127916e+00
1.034999999999999920e+00 2.594932046619475852e+00
1.040000000000000036e+00 2.589932406807121890e+00
1.044999999999999929e+00 2.584932764611779010e+00
1.050000000000000044e+00 2.579933120488532960e+00
1.054999999999999050e+00 2.574933474263502831e+00
1.059999999999998943e+00 2.569933826206181049e+00
1.064999999999999059e+00 2.564934176104031849e+00
1.069999999999998952e+00 2.559934524158962166e+00
1.074999999999999067e+00 2.554934870190891161e+00
1.079999999999998961e+00 2.549935214371145786e+00
1.084999999999999076e+00 2.544935556629809970e+00
1.089999999999998970e+00 2.539935897059876879e+00
1.094999999999999085e+00 2.534936235775091973e+00
1.099999999999998979e+00 2.529936572504481784e+00
1.104999999999997984e+00 2.524936907688697829e+00
1.109999999999998099e+00 2.519937241214222023e+00
1.114999999999997993e+00 2.514937572649387221e+00
1.119999999999998108e+00 2.509937902669378218e+00
1.124999999999998002e+00 2.504938230897607809e+00
1.129999999999997895e+00 2.499938557461121036e+00
1.134999999999998010e+00 2.494938882427049975e+00
1.139999999999997904e+00 2.489939205815971945e+00
1.144999999999998019e+00 2.484939527599464792e+00
1.149999999999997025e+00 2.479939847869673031e+00
1.154999999999996918e+00 2.474940166583622148e+00
1.159999999999997033e+00 2.469940483671052789e+00
1.164999999999996927e+00 2.464940799377075109e+00
1.169999999999997042e+00 2.459941113570209836e+00
1.174999999999996936e+00 2.454941426447135200e+00
1.179999999999997051e+00 2.449941737539631958e+00
1.184999999999996945e+00 2.444942047470420210e+00
1.189999999999997060e+00 2.439942356069594087e+00
1.194999999999996954e+00 2.434942663098468074e+00
1.199999999999995959e+00 2.429942968860245855e+00
1.204999999999996074e+00 2.424943273363795004e+00
1.209999999999995968e+00 2.419943576543118979e+00
1.214999999999996083e+00 2.414943878285384926e+00
1.219999999999995977e+00 2.409944178721219021e+00
1.224999999999996092e+00 2.404944478033768984e+00
1.229999999999995985e+00 2.399944776064501184e+00
1.234999999999996101e+00 2.394945072896974114e+00
1.239999999999995994e+00 2.389945368432393025e+00
1.244999999999995000e+00 2.384945662703615188e+00
1.249999999999994893e+00 2.379945956030268928e+00
1.254999999999995008e+00 2.374946247955734169e+00
1.259999999999994902e+00 2.369946538948795034e+00
1.264999999999995017e+00 2.364946828782137800e+00
1.269999999999994911e+00 2.359947117509590964e+00
1.274999999999995026e+00 2.354947405074653943e+00
1.279999999999994920e+00 2.349947691651323112e+00
1.284999999999995035e+00 2.344947977240224191e+00
1.289999999999994040e+00 2.339948261552137865e+00
1.294999999999993934e+00 2.334948544978033169e+00
1.299999999999994049e+00 2.329948827490965879e+00
1.304999999999993943e+00 2.324949108791372954e+00
1.309999999999994058e+00 2.319949389346276813e+00
1.314999999999993952e+00 2.314949668742826816e+00
1.319999999999994067e+00 2.309949947386143787e+00
1.324999999999993960e+00 2.304950225001164199e+00
1.329999999999994076e+00 2.299950501741478082e+00
1.334999999999993969e+00 2.294950777420921906e+00
1.339999999999992975e+00 2.289951052482364968e+00
1.344999999999993090e+00 2.284951326394149884e+00
1.349999999999992983e+00 2.279951599555544828e+00
1.354999999999993099e+00 2.274951872070460013e+00
1.359999999999992992e+00 2.269952143425825852e+00
1.364999999999993108e+00 2.264952414120898982e+00
1.369999999999993001e+00 2.259952683797735062e+00
1.374999999999992895e+00 2.254952952939618172e+00
1.379999999999993010e+00 2.249953221192810826e+00
1.384999999999992015e+00 2.244953488742681191e+00
1.389999999999991909e+00 2.239953755430689863e+00
1.394999999999992024e+00 2.234954021546287084e+00
1.399999999999991918e+00 2.229954286748466075e+00
1.404999999999992033e+00 2.224954551422229088e+00
1.409999999999991926e+00 2.219954815103620138e+00
1.414999999999992042e+00 2.214955078341346972e+00
1.419999999999991935e+00 2.209955340811462055e+00
1.424999999999992051e+00 2.204955602560858097e+00
1.429999999999991944e+00 2.199955863668491940e+00
1.434999999999990949e+00 2.194956124182680934e+00
1.439999999999991065e+00 2.189956383946196183e+00
1.444999999999990958e+00 2.184956643296799950e+00
1.449999999999991074e+00 2.179956901850346185e+00
1.454999999999990967e+00 2.174957159818291075e+00
1.459999999999991083e+00 2.169957417237696973e+00
1.464999999999990976e+00 2.164957673937693006e+00
1.469999999999991092e+00 2.159957930158383999e+00
1.474999999999990985e+00 2.154958185760505796e+00
1.479999999999989990e+00 2.149958440987347785e+00
1.484999999999990106e+00 2.144958695565378992e+00
1.489999999999989999e+00 2.139958949480159855e+00
1.494999999999989893e+00 2.134959203024322960e+00
1.499999999999990008e+00 2.129959456003576168e+00
1.504999999999989901e+00 2.124959708337541997e+00
1.509999999999990017e+00 2.119959960260076048e+00
1.514999999999989910e+00 2.114960211715469995e+00
1.519999999999990026e+00 2.109960462652339164e+00
1.524999999999989031e+00 2.104960713090576974e+00
1.529999999999988924e+00 2.099960963213447940e+00
1.534999999999989040e+00 2.094961212707517006e+00
1.539999999999988933e+00 2.089961461861661984e+00
1.544999999999989049e+00 2.084961710431684878e+00
1.549999999999988942e+00 2.079961958643139042e+00
1.554999999999989058e+00 2.074962206546957066e+00
1.559999999999988951e+00 2.069962453863582130e+00
1.564999999999989067e+00 2.064962700688397046e+00
1.569999999999988960e+00 2.059962947373264797e+00
1.574999999999987965e+00 2.054963193472759020e+00
1.579999999999988081e+00 2.049963439273597032e+00
1.584999999999987974e+00 2.044963684591265984e+00
1.589999999999988090e+00 2.039963929739088133e+00
1.594999999999987983e+00 2.034964174297670070e+00
1.599999999999988098e+00 2.029964418565100015e+00
1.604999999999987992e+00 2.024964662326511178e+00
1.609999999999988107e+00 2.019964905977190028e+00
1.614999999999988001e+00 2.014965149136514810e+00
1.619999999999987006e+00 2.009965391945911950e+00
1.624999999999986899e+00 2.004965634552036136e+00
1.629999999999987015e+00 1.999965876759346894e+00
1.634999999999986908e+00 1.994966118659021959e+00
1.639999999999987024e+00 1.989966360308927040e+00
1.644999999999986917e+00 1.984966601523296958e+00
1.649999999999987033e+00 1.979966842428098062e+00
1.654999999999986926e+00 1.974967083151569103e+00
1.659999999999987041e+00 1.969967323464629994e+00
1.664999999999986047e+00 1.964967563506093029e+00
1.669999999999985940e+00 1.959967803454105928e+00
1.674999999999986056e+00 1.954968042912696990e+00
1.679999999999985949e+00 1.949968282295686084e+00
1.684999999999986064e+00 1.944968521213013002e+00
1.689999999999985958e+00 1.939968759991530067e+00
1.694999999999986073e+00 1.934968998459112077e+00
1.699999999999985967e+00 1.929969236619399009e+00
1.704999999999986082e+00 1.924969474643603018e+00
1.709999999999985976e+00 1.919969712557985986e+00
1.714999999999984981e+00 1.914969949905753088e+00
1.719999999999985096e+00 1.909970187184967028e+00
1.724999999999984990e+00 1.904970424276597907e+00
1.729999999999985105e+00 1.899970661109364078e+00
1.734999999999984999e+00 1.894970897605958049e+00
1.739999999999984892e+00 1.889971134050143053e+00
1.744999999999985008e+00 1.884971370284461045e+00
1.749999999999984901e+00 1.879971606149978935e+00
1.754999999999985016e+00 1.874971841963883890e+00
1.759999999999984022e+00 1.869972077544957978e+00
1.764999999999983915e+00 1.864972313043609109e+00
1.769999999999984031e+00 1.859972548081145982e+00
1.774999999999983924e+00 1.854972783042172058e+00
1.779999999999984039e+00 1.849973017908383088e+00
1.784999999999983933e+00 1.844973252559725996e+00
1.789999999999984048e+00 1.839973486998019103e+00
1.794999999999983942e+00 1.834973721143227987e+00
1.799999999999984057e+00 1.829973955358696003e+00
1.804999999999983951e+00 1.824974189252315915e+00
1.809999999999982956e+00 1.819974422968015926e+00
1.814999999999983071e+00 1.814974656576282985e+00
1.819999999999982965e+00 1.809974890084731891e+00
1.824999999999983080e+00 1.804975123278609095e+00
1.829999999999982974e+00 1.799975356458048958e+00
1.834999999999983089e+00 1.794975589477076028e+00
1.839999999999982983e+00 1.789975822253722981e+00
1.844999999999983098e+00 1.784976054850972105e+00
1.849999999999982991e+00 1.779976287451404016e+00
1.854999999999981997e+00 1.774976519936785957e+00
1.859999999999981890e+00 1.769976752305070011e+00
1.864999999999982006e+00 1.764976984317967901e+00
1.869999999999981899e+00 1.759977216402830891e+00
1.874999999999982014e+00 1.754977448233717041e+00
1.879999999999981908e+00 1.749977680113830036e+00
1.884999999999982023e+00 1.744977911655724023e+00
1.889999999999981917e+00 1.739978143104280894e+00
1.894999999999982032e+00 1.734978374547609059e+00
1.899999999999981037e+00 1.729978605786413937e+00
1.904999999999980931e+00 1.724978837071716953e+00
1.909999999999981046e+00 1.719979068031534997e+00
1.914999999999980940e+00 1.714979298931780027e+00
1.919999999999981055e+00 1.709979529906263007e+00
1.924999999999980949e+00 1.704979760448849913e+00
1.929999999999981064e+00 1.699979991362170040e+00
1.934999999999980957e+00 1.694980221777200091e+00
1.939999999999981073e+00 1.689980452045005910e+00
1.944999999999980966e+00 1.684980682397168028e+00
1.949999999999979972e+00 1.679980912540826932e+00
1.954999999999980087e+00 1.674981142679712098e+00
1.959999999999979980e+00 1.669981372683309928e+00
1.964999999999980096e+00 1.664981602627904067e+00
1.969999999999979989e+00 1.659981832580228911e+00
1.974999999999980105e+00 1.654982062414205979e+00
1.979999999999979998e+00 1.649982292093340908e+00
1.984999999999979892e+00 1.644982521496785921e+00
1.989999999999980007e+00 1.639982751116122017e+00
1.994999999999979012e+00 1.634982980585846013e+00
1.999999999999978906e+00 1.629983209841953107e+00
2.004999999999979021e+00 1.624983439322136070e+00
2.009999999999978915e+00 1.619983668439090030e+00
2.014999999999978808e+00 1.614983897597084939e+00
2.019999999999979146e+00 1.609984126568178908e+00
2.024999999999979039e+00 1.604984355678084063e+00
2.029999999999978932e+00 1.599984584555613987e+00
2.034999999999978826e+00 1.594984813420297076e+00
2.039999999999979163e+00 1.589985042300327001e+00
2.044999999999979057e+00 1.584985270965262094e+00
2.049999999999978950e+00 1.579985499647819092e+00
2.054999999999977955e+00 1.574985728279103103e+00
2.059999999999977849e+00 1.569985957041694968e+00
2.064999999999978186e+00 1.564986185495853999e+00
2.069999999999978080e+00 1.559986413748333911e+00
2.074999999999977973e+00 1.554986642294807098e+00
2.079999999999977867e+00 1.549986870554334928e+00
2.084999999999978204e+00 1.544987098994170083e+00
2.089999999999978098e+00 1.539987327074640922e+00
2.094999999999977991e+00 1.534987555403404036e+00
2.099999999999976996e+00 1.529987783416459024e+00
2.104999999999976890e+00 1.524988011514438080e+00
2.109999999999976783e+00 1.519988239344457037e+00
2.114999999999977121e+00 1.514988467436978903e+00
2.119999999999977014e+00 1.509988695373863044e+00
2.124999999999976907e+00 1.504988923234577891e+00
2.129999999999976801e+00 1.499989151164982104e+00
2.134999999999977138e+00 1.494989378920309031e+00
2.139999999999977032e+00 1.489989606866856997e+00
2.144999999999976037e+00 1.484989834569204969e+00
2.149999999999975930e+00 1.479990062298838893e+00
2.154999999999975824e+00 1.474990289861465964e+00
2.159999999999976161e+00 1.469990517520046058e+00
2.164999999999976055e+00 1.464990745302430009e+00
2.169999999999975948e+00 1.459990972749892979e+00
2.174999999999975842e+00 1.454991200288646036e+00
2.179999999999976179e+00 1.449991428031921936e+00
2.184999999999976072e+00 1.444991655345347903e+00
2.189999999999975966e+00 1.439991882944128054e+00
2.194999999999974971e+00 1.434992110562121059e+00
2.199999999999974865e+00 1.429992337815860992e+00
2.204999999999975202e+00 1.424992565184880045e+00
2.209999999999975095e+00 1.419992792730226938e+00
2.214999999999974989e+00 1.414993019999315038e+00
2.219999999999974882e+00 1.409993247431315933e+00
2.224999999999975220e+00 1.404993474624347982e+00
2.229999999999975113e+00 1.399993702074312063e+00
2.234999999999975007e+00 1.394993929505063068e+00
2.239999999999974012e+00 1.389994156741636067e+00
2.244999999999973905e+00 1.384994384123160893e+00
2.249999999999973799e+00 1.379994611270376037e+00
2.254999999999974136e+00 1.374994838600287039e+00
2.259999999999974030e+00 1.369995065841522086e+00
2.264999999999973923e+00 1.364995292986350028e+00
2.269999999999973817e+00 1.359995520286702009e+00
2.274999999999974154e+00 1.354995747740189938e+00
2.279999999999974047e+00 1.349995975061915043e+00
2.284999999999973053e+00 1.344996202344759917e+00
2.289999999999972946e+00 1.339996429473558015e+00
2.294999999999972840e+00 1.334996656695921047e+00
2.299999999999973177e+00 1.329996884070965057e+00
2.304999999999973070e+00 1.324997111216134948e+00
2.309999999999972964e+00 1.319997338433267942e+00
2.314999999999972857e+00 1.314997565947124025e+00
2.319999999999973195e+00 1.309997793326260984e+00
2.324999999999973088e+00 1.304998020581024099e+00
2.329999999999972982e+00 1.299998247833286991e+00
2.334999999999971987e+00 1.294998475257103099e+00
2.339999999999971880e+00 1.289998702557455079e+00
2.344999999999972218e+00 1.284998929952620994e+00
2.349999999999972111e+00 1.279999157353131967e+00
2.354999999999972005e+00 1.274999384662464985e+00
2.359999999999971898e+00 1.269999612352193941e+00
2.364999999999971791e+00 1.264999839749521016e+00
2.369999999999972129e+00 1.260000067312035066e+00
2.374999999999972022e+00 1.255000294742558031e+00
2.379999999999971028e+00 1.250000522386699009e+00
2.384999999999970921e+00 1.245000749985706978e+00
2.389999999999970814e+00 1.240000977629619916e+00
2.394999999999971152e+00 1.235001205308094985e+00
2.399999999999971045e+00 1.230001432862537047e+00
2.404999999999970939e+00 1.225001660711654949e+00
2.409999999999970832e+00 1.220001888456522021e+00
2.414999999999971170e+00 1.215002116277901001e+00
2.419999999999971063e+00 1.210002344121789974e+00
2.424999999999970957e+00 1.205002571947147993e+00
2.429999999999969962e+00 1.200002799958951982e+00
2.434999999999969855e+00 1.195003028018390978e+00
2.439999999999970193e+00 1.190003256088516981e+00
2.444999999999970086e+00 1.185003484319282041e+00
2.449999999999969980e+00 1.180003712348252964e+00
2.454999999999969873e+00 1.175003940558668081e+00
2.459999999999970210e+00 1.170004168835361957e+00
2.464999999999970104e+00 1.165004397206530040e+00
2.469999999999969997e+00 1.160004625558940017e+00
2.474999999999969003e+00 1.155004854220464949e+00
2.479999999999968896e+00 1.150005082681901047e+00
2.484999999999968789e+00 1.145005311338537002e+00
2.489999999999969127e+00 1.140005540064749079e+00
2.494999999999969020e+00 1.135005768803011961e+00
2.499999999999968914e+00 1.130005997667921980e+00
2.504999999999968807e+00 1.125006226699611034e+00
2.509999999999969145e+00 1.120006455672978962e+00
2.514999999999969038e+00 1.115006684856779895e+00
2.519999999999968043e+00 1.110006913993516031e+00
2.524999999999967937e+00 1.105007143117064050e+00
2.529999999999967830e+00 1.100007372628510893e+00
2.534999999999968168e+00 1.095007602022405990e+00
2.539999999999968061e+00 1.090007831544540062e+00
2.544999999999967955e+00 1.085008061283702085e+00
2.549999999999967848e+00 1.080008291057310998e+00
2.554999999999968185e+00 1.075008520861387984e+00
2.559999999999968079e+00 1.070008750982196943e+00
2.564999999999967972e+00 1.065008981032405933e+00
2.569999999999966978e+00 1.060009211284637098e+00
2.574999999999966871e+00 1.055009441657376090e+00
2.579999999999967208e+00 1.050009671993507032e+00
2.584999999999967102e+00 1.045009902597370921e+00
2.589999999999966995e+00 1.040010133206692000e+00
2.594999999999966889e+00 1.035010364040886088e+00
2.599999999999966782e+00 1.030010594981036087e+00
2.604999999999967120e+00 1.025010826157767951e+00
2.609999999999967013e+00 1.020011057349506922e+00
2.614999999999966018e+00 1.015011288845925952e+00
2.619999999999965912e+00 1.010011520389753059e+00
2.624999999999965805e+00 1.005011751981897072e+00
2.629999999999966143e+00 1.000011983900322088e+00
2.634999999999966036e+00 9.950122157404166501e-01
2.639999999999965929e+00 9.900124480333261090e-01
2.644999999999965823e+00 9.850126804089995858e-01
2.649999999999966160e+00 9.800129130256891585e-01
2.654999999999966054e+00 9.750131455749624365e-01
2.659999999999965947e+00 9.700133783437649981e-01
2.664999999999964952e+00 9.650136114125871245e-01
2.669999999999964846e+00 9.600138446694472805e-01
2.674999999999965183e+00 9.550140780520450789e-01
2.679999999999965077e+00 9.500143116792969522e-01
2.684999999999964970e+00 9.450145454616176721e-01
2.689999999999964864e+00 9.400147793807036578e-01
2.694999999999965201e+00 9.350150135988997135e-01
2.699999999999965095e+00 9.300152479830785524e-01
2.704999999999964988e+00 9.250154827594769813e-01
2.709999999999963993e+00 9.200157174625473999e-01
2.714999999999963887e+00 9.150159526070638094e-01
2.719999999999963780e+00 9.100161878698145301e-01
2.724999999999964118e+00 9.050164233724444784e-01
2.729999999999964011e+00 9.000166591979450459e-01
2.734999999999963904e+00 8.950168951610066870e-01
2.739999999999963798e+00 8.900171314838871695e-01
2.744999999999964135e+00 8.850173679809358873e-01
2.749999999999964029e+00 8.800176047690229097e-01
2.754999999999963034e+00 8.750178419574012878e-01
2.759999999999962927e+00 8.700180792582159484e-01
2.764999999999962821e+00 8.650183167850400423e-01
2.769999999999963158e+00 8.600185547815044629e-01
2.774999999999963052e+00 8.550187928468631071e-01
2.779999999999962945e+00 8.500190315610325342e-01
2.784999999999962839e+00 8.450192701560581554e-01
2.789999999999963176e+00 8.400195094225182402e-01
2.794999999999963070e+00 8.350197488787216571e-01
2.799999999999962963e+00 8.300199885580923365e-01
2.804999999999961968e+00 8.250202286571948207e-01
2.809999999999961862e+00 8.200204691590897710e-01
2.814999999999962199e+00 8.150207099380395448e-01
2.819999999999962093e+00 8.100209509574369804e-01
2.824999999999961986e+00 8.050211923867891528e-01
2.829999999999961879e+00 8.000214343301195186e-01
2.834999999999962217e+00 7.950216765395907714e-01
2.839999999999962110e+00 7.900219191087671788e-01
2.844999999999962004e+00 7.850221622679782740e-01
2.849999999999961009e+00 7.800224055681610480e-01
2.854999999999960902e+00 7.750226492928504740e-01
2.859999999999960796e+00 7.700228936190569584e-01
2.864999999999961133e+00 7.650231382465335628e-01
2.869999999999961027e+00 7.600233834970140379e-01
2.874999999999960920e+00 7.550236289444001159e-01
2.879999999999960814e+00 7.500238747783214421e-01
2.884999999999961151e+00 7.450241213681465524e-01
2.889999999999961044e+00 7.400243682110385635e-01
2.894999999999960050e+00 7.350246156942148446e-01
2.899999999999959943e+00 7.300248636533979152e-01
2.904999999999959837e+00 7.250251121519113440e-01
2.909999999999960174e+00 7.200253610392337578e-01
2.914999999999960067e+00 7.150256105884409408e-01
2.919999999999959961e+00 7.100258607002842837e-01
2.924999999999959854e+00 7.050261111370446088e-01
2.929999999999960192e+00 7.000263623860973894e-01
2.934999999999960085e+00 6.950266140095209266e-01
2.939999999999959979e+00 6.900268664284112674e-01
2.944999999999958984e+00 6.850271192939771936e-01
2.949999999999958877e+00 6.800273729950276902e-01
2.954999999999959215e+00 6.750276272481414708e-01
2.959999999999959108e+00 6.700278819748746173e-01
2.964999999999959002e+00 6.650281374954829516e-01
2.969999999999958895e+00 6.600283938952316021e-01
2.974999999999958789e+00 6.550286507113014522e-01
2.979999999999959126e+00 6.500289082106291971e-01
2.984999999999959019e+00 6.450291665340728287e-01
2.989999999999958025e+00 6.400294256548022531e-01
2.994999999999957918e+00 6.350296855969190801e-01
2.999999999999957812e+00 6.300299460922360595e-01
3.004999999999958149e+00 6.250302076859952649e-01
3.009999999999958042e+00 6.200304698897980415e-01
3.014999999999957936e+00 6.150307329356223818e-01
3.019999999999957829e+00 6.100309969710906444e-01
3.024999999999958167e+00 6.050312620156432786e-01
3.029999999999958060e+00 6.000315278539574138e-01
3.034999999999957954e+00 5.950317945430469990e-01
3.039999999999956959e+00 5.900320623018160404e-01
3.044999999999956852e+00 5.850323310644398589e-01
3.049999999999957190e+00 5.800326004877547348e-01
3.054999999999957083e+00 5.750328712656482821e-01
3.059999999999956977e+00 5.700331432972802759e-01
3.064999999999956870e+00 5.650334161255159415e-01
3.069999999999957208e+00 5.600336901673017564e-01
3.074999999999957101e+00 5.550339653612468283e-01
3.079999999999956994e+00 5.500342419853154752e-01
3.084999999999956000e+00 5.450345196747434784e-01
3.089999999999955893e+00 5.400347985075200086e-01
3.094999999999955786e+00 5.350350786877129394e-01
3.099999999999956124e+00 5.300353603780649792e-01
3.104999999999956017e+00 5.250356434007130702e-01
3.109999999999955911e+00 5.200359278020414422e-01
3.114999999999955804e+00 5.150362137076740510e-01
3.119999999999956142e+00 5.100365012449969981e-01
3.124999999999956035e+00 5.050367902927064279e-01
3.129999999999955040e+00 5.000370808821799073e-01
3.134999999999954934e+00 4.950373732665980242e-01
3.139999999999954827e+00 4.900376673700748142e-01
3.144999999999955165e+00 4.850379634848422938e-01
3.149999999999955058e+00 4.800382613229317030e-01
3.154999999999954952e+00 4.750385610687998805e-01
3.159999999999954845e+00 4.700388629530606877e-01
3.164999999999955183e+00 4.650391668180304805e-01
3.169999999999955076e+00 4.600394729711752007e-01
3.174999999999954969e+00 4.550397814314238176e-01
3.179999999999953975e+00 4.500400923269580744e-01
3.184999999999953868e+00 4.450404055644411883e-01
3.189999999999954206e+00 4.400407216790541143e-01
3.194999999999954099e+00 4.350410402226997930e-01
3.199999999999953992e+00 4.300413617710888148e-01
3.204999999999953886e+00 4.250416861730172968e-01
3.209999999999953779e+00 4.200420136975254182e-01
3.214999999999954117e+00 4.150423445989304128e-01
3.219999999999954010e+00 4.100426791480912825e-01
3.224999999999953015e+00 4.050430169903052047e-01
3.229999999999952909e+00 4.000433588224154846e-01
3.234999999999952802e+00 3.950437048696358033e-01
3.239999999999953140e+00 3.900440551218479768e-01
3.244999999999953033e+00 3.850444099482501770e-01
3.249999999999952927e+00 3.800447695430194117e-01
3.254999999999952820e+00 3.750451345703140760e-01
3.259999999999953157e+00 3.700455048406752212e-01
3.264999999999953051e+00 3.650458811650877933e-01
3.269999999999952944e+00 3.600462639714123725e-01
3.274999999999951950e+00 3.550466533957887805e-01
3.279999999999951843e+00 3.500470504455960863e-01
3.284999999999952180e+00 3.450474554463767163e-01
3.289999999999952074e+00 3.400478689947589728e-01
3.294999999999951967e+00 3.350482921115371937e-01
3.299999999999951861e+00 3.300487256454402996e-01
3.304999999999952198e+00 3.250491703433909252e-01
3.309999999999952092e+00 3.200496275176761274e-01
3.314999999999951985e+00 3.150500986556040162e-01
3.319999999999950990e+00 3.100505849519378798e-01
3.324999999999950884e+00 3.050510884377501952e-01
3.329999999999951221e+00 3.000516109513852725e-01
3.334999999999951115e+00 2.950521550209260213e-01
3.339999999999951008e+00 2.900527237133871949e-01
3.344999999999950901e+00 2.850533199913626858e-01
3.349999999999950795e+00 2.800539484831289783e-01
3.354999999999951132e+00 2.750546135930562741e-01
3.359999999999951026e+00 2.700553209471650007e-01
3.364999999999950031e+00 2.650560780982119113e-01
3.369999999999949925e+00 2.600568936663592012e-01
3.374999999999949818e+00 2.550577777368516763e-01
3.379999999999950155e+00 2.500587432842137914e-01
3.384999999999950049e+00 2.450598063280721994e-01
3.389999999999949942e+00 2.400609862999374122e-01
3.394999999999949836e+00 2.350623067616197936e-01
3.399999999999950173e+00 2.300637975157399928e-01
3.404999999999950067e+00 2.250654938434664132e-01
3.409999999999949960e+00 2.200674389986758961e-01
3.414999999999948965e+00 2.150696841708850116e-01
3.419999999999948859e+00 2.100722894987540890e-01
3.424999999999949196e+00 2.050753238232018993e-01
3.429999999999949090e+00 2.000788637623927002e-01
3.434999999999948983e+00 1.950829924197315102e-01
3.439999999999948876e+00 1.900877972707953056e-01
3.444999999999949214e+00 1.850933672454821988e-01
3.449999999999949107e+00 1.800997897525747071e-01
3.454999999999949001e+00 1.751071497554602119e-01
3.459999999999948006e+00 1.701155266116760878e-01
3.464999999999947899e+00 1.651249945915544970e-01
3.469999999999947793e+00 1.601356234579807136e-01
3.474999999999948130e+00 1.551474773829326914e-01
3.479999999999948024e+00 1.501606181799761963e-01
3.484999999999947917e+00 1.451751053721145879e-01
3.489999999999947811e+00 1.401909984216959948e-01
3.494999999999948148e+00 1.352083574943439004e-01
3.499999999999948042e+00 1.302272453218664972e-01
3.504999999999947047e+00 1.252477289336023092e-01
3.509999999999946940e+00 1.202698805115832020e-01
3.514999999999946834e+00 1.152937793139540978e-01
3.519999999999947171e+00 1.103195136971120011e-01
3.524999999999947065e+00 1.053471830007514931e-01
3.529999999999946958e+00 1.003768988647815025e-01
3.534999999999946851e+00 9.540878978032107938e-02
3.539999999999947189e+00 9.044300425903895047e-02
3.544999999999947082e+00 8.547971341787263810e-02
3.549999999999946976e+00 8.051911921192189681e-02
3.554999999999945981e+00 7.556146095750726488e-02
3.559999999999945874e+00 7.060702500641014012e-02
3.564999999999946212e+00 6.565615846443861869e-02
3.569999999999946105e+00 6.070928947690434896e-02
3.574999999999945999e+00 5.576695255632335702e-02
3.579999999999945892e+00 5.082983095596028261e-02
3.584999999999945786e+00 4.589881556363462067e-02
3.589999999999946123e+00 4.097510397330639265e-02
3.594999999999946017e+00 3.606036009785174024e-02
3.599999999999945022e+00 3.115700091339590125e-02
3.604999999999944915e+00 2.626874077028462998e-02
3.609999999999944809e+00 2.140176180836450906e-02
3.614999999999945146e+00 1.656749131235002101e-02
3.619999999999945040e+00 1.179084490757109985e-02
3.624999999999944933e+00 7.159426870889579186e-03
3.629999999999944826e+00 3.343982702453865159e-03
