# freq_hz rev(vout) imv(vout) rev(vinp) imv(vinp) rev(vinn) imv(vinn) rev(vdd) imv(vdd) rev(vss) imv(vss)
1.000000000000e-01 -1.686719125366e-01 6.937487282471e-05 0.000000000000e+00 0.000000000000e+00 1.104135393621e-22 2.684496864112e-19 0.000000000000e+00 0.000000000000e+00 1.000000000000e+00 0.000000000000e+00
1.122018454302e-01 -1.686719052516e-01 7.783988426494e-05 0.000000000000e+00 0.000000000000e+00 1.104135346717e-22 2.392560245237e-19 0.000000000000e+00 0.000000000000e+00 1.000000000000e+00 0.000000000000e+00
1.258925411794e-01 -1.686718960499e-01 8.733778192946e-05 0.000000000000e+00 0.000000000000e+00 1.104135287332e-22 2.132371446776e-19 0.000000000000e+00 0.000000000000e+00 1.000000000000e+00 0.000000000000e+00
1.412537544623e-01 -1.686718844780e-01 9.799459645549e-05 0.000000000000e+00 0.000000000000e+00 1.104135212644e-22 1.900477921979e-19 0.000000000000e+00 0.000000000000e+00 1.000000000000e+00 0.000000000000e+00
1.584893192461e-01 -1.686718701987e-01 1.099517364723e-04 0.000000000000e+00 0.000000000000e+00 1.104135120564e-22 1.693802587447e-19 0.000000000000e+00 0.000000000000e+00 1.000000000000e+00 0.000000000000e+00
1.778279410039e-01 -1.686718517899e-01 1.233678641294e-04 0.000000000000e+00 0.000000000000e+00 1.104135001742e-22 1.509602980333e-19 0.000000000000e+00 0.000000000000e+00 1.000000000000e+00 0.000000000000e+00
1.995262314969e-01 -1.686718288000e-01 1.384210016168e-04 0.000000000000e+00 0.000000000000e+00 1.104134853338e-22 1.345434889027e-19 0.000000000000e+00 0.000000000000e+00 1.000000000000e+00 0.000000000000e+00
2.238721138568e-01 -1.686717997181e-01 1.553108918801e-04 0.000000000000e+00 0.000000000000e+00 1.104134665649e-22 1.199119900305e-19 0.000000000000e+00 0.000000000000e+00 1.000000000000e+00 0.000000000000e+00
2.511886431510e-01 -1.686717632259e-01 1.742616496603e-04 0.000000000000e+00 0.000000000000e+00 1.104134430089e-22 1.068716504885e-19 0.000000000000e+00 0.000000000000e+00 1.000000000000e+00 0.000000000000e+00
2.818382931264e-01 -1.686717172986e-01 1.955247343078e-04 0.000000000000e+00 0.000000000000e+00 1.104134133675e-22 9.524943282388e-20 0.000000000000e+00 0.000000000000e+00 1.000000000000e+00 0.000000000000e+00
3.162277660168e-01 -1.686716595215e-01 2.193822860716e-04 0.000000000000e+00 0.000000000000e+00 1.104133760770e-22 8.489111728019e-20 0.000000000000e+00 0.000000000000e+00 1.000000000000e+00 0.000000000000e+00
3.548133892336e-01 -1.686715864323e-01 2.461508683441e-04 0.000000000000e+00 0.000000000000e+00 1.104133288969e-22 7.565925513184e-20 0.000000000000e+00 0.000000000000e+00 1.000000000000e+00 0.000000000000e+00
3.981071705535e-01 -1.686714947981e-01 2.761856688635e-04 0.000000000000e+00 0.000000000000e+00 1.104132697458e-22 6.743134547897e-20 0.000000000000e+00 0.000000000000e+00 1.000000000000e+00 0.000000000000e+00
4.466835921510e-01 -1.686713792609e-01 3.098852079699e-04 0.000000000000e+00 0.000000000000e+00 1.104131951678e-22 6.009820875180e-20 0.000000000000e+00 0.000000000000e+00 1.000000000000e+00 0.000000000000e+00
5.011872336273e-01 -1.686712340856e-01 3.476966269767e-04 0.000000000000e+00 0.000000000000e+00 1.104131014647e-22 5.356253883060e-20 0.000000000000e+00 0.000000000000e+00 1.000000000000e+00 0.000000000000e+00
5.623413251903e-01 -1.686710510654e-01 3.901216145503e-04 0.000000000000e+00 0.000000000000e+00 1.104129833286e-22 4.773761118182e-20 0.000000000000e+00 0.000000000000e+00 1.000000000000e+00 0.000000000000e+00
6.309573444802e-01 -1.686708206909e-01 4.377230614287e-04 0.000000000000e+00 0.000000000000e+00 1.104128346250e-22 4.254613264214e-20 0.000000000000e+00 0.000000000000e+00 1.000000000000e+00 0.000000000000e+00
7.079457843841e-01 -1.686705305527e-01 4.911325197406e-04 0.000000000000e+00 0.000000000000e+00 1.104126473490e-22 3.791921540207e-20 0.000000000000e+00 0.000000000000e+00 1.000000000000e+00 0.000000000000e+00
7.943282347243e-01 -1.686701656077e-01 5.510585749579e-04 0.000000000000e+00 0.000000000000e+00 1.104124117750e-22 3.379546317919e-20 0.000000000000e+00 0.000000000000e+00 1.000000000000e+00 0.000000000000e+00
8.912509381337e-01 -1.686697057216e-01 6.182962281922e-04 0.000000000000e+00 0.000000000000e+00 1.104121149256e-22 3.012015613858e-20 0.000000000000e+00 0.000000000000e+00 1.000000000000e+00 0.000000000000e+00
1.000000000000e+00 -1.686691270248e-01 6.937374311936e-04 0.000000000000e+00 0.000000000000e+00 1.104117413830e-22 2.684452531344e-20 0.000000000000e+00 0.000000000000e+00 1.000000000000e+00 0.000000000000e+00
1.122018454302e+00 -1.686683986018e-01 7.783828855102e-04 0.000000000000e+00 0.000000000000e+00 1.104112711997e-22 2.392510504395e-20 0.000000000000e+00 0.000000000000e+00 1.000000000000e+00 0.000000000000e+00
1.258925411794e+00 -1.686674814958e-01 8.733552795106e-04 0.000000000000e+00 0.000000000000e+00 1.104106792252e-22 2.132315637484e-20 0.000000000000e+00 0.000000000000e+00 1.000000000000e+00 0.000000000000e+00
1.412537544623e+00 -1.686663270168e-01 9.799141269113e-04 0.000000000000e+00 0.000000000000e+00 1.104099340196e-22 1.900415304323e-20 0.000000000000e+00 0.000000000000e+00 1.000000000000e+00 0.000000000000e+00
1.584893192461e+00 -1.686648735997e-01 1.099472391744e-03 0.000000000000e+00 0.000000000000e+00 1.104089958647e-22 1.693732327678e-20 0.000000000000e+00 0.000000000000e+00 1.000000000000e+00 0.000000000000e+00
1.778279410039e+00 -1.686630438467e-01 1.233615116975e-03 0.000000000000e+00 0.000000000000e+00 1.104078147830e-22 1.509524149789e-20 0.000000000000e+00 0.000000000000e+00 1.000000000000e+00 0.000000000000e+00
1.995262314969e+00 -1.686607401973e-01 1.384120285225e-03 0.000000000000e+00 0.000000000000e+00 1.104063278179e-22 1.345346439248e-20 0.000000000000e+00 0.000000000000e+00 1.000000000000e+00 0.000000000000e+00
2.238721138568e+00 -1.686578403229e-01 1.552982173317e-03 0.000000000000e+00 0.000000000000e+00 1.104044559896e-22 1.199020660348e-20 0.000000000000e+00 0.000000000000e+00 1.000000000000e+00 0.000000000000e+00
2.511886431510e+00 -1.686541896581e-01 1.742437466562e-03 0.000000000000e+00 0.000000000000e+00 1.104020995381e-22 1.068605157494e-20 0.000000000000e+00 0.000000000000e+00 1.000000000000e+00 0.000000000000e+00
2.818382931264e+00 -1.686495941868e-01 1.954994464351e-03 0.000000000000e+00 0.000000000000e+00 1.103991332291e-22 9.523693983278e-21 0.000000000000e+00 0.000000000000e+00 1.000000000000e+00 0.000000000000e+00
3.162277660168e+00 -1.686438088728e-01 2.193465668934e-03 0.000000000000e+00 0.000000000000e+00 1.103953988956e-22 8.487710026889e-21 0.000000000000e+00 0.000000000000e+00 1.000000000000e+00 0.000000000000e+00
3.548133892336e+00 -1.686365264715e-01 2.461004164311e-03 0.000000000000e+00 0.000000000000e+00 1.103906982107e-22 7.564352864917e-21 0.000000000000e+00 0.000000000000e+00 1.000000000000e+00 0.000000000000e+00
3.981071705535e+00 -1.686273592649e-01 2.761144074402e-03 0.000000000000e+00 0.000000000000e+00 1.103847809174e-22 6.741370101309e-21 0.000000000000e+00 0.000000000000e+00 1.000000000000e+00 0.000000000000e+00
4.466835921510e+00 -1.686158198472e-01 3.097845556413e-03 0.000000000000e+00 0.000000000000e+00 1.103773323889e-22 6.007841273566e-21 0.000000000000e+00 0.000000000000e+00 1.000000000000e+00 0.000000000000e+00
5.011872336273e+00 -1.686012946774e-01 3.475544634608e-03 0.000000000000e+00 0.000000000000e+00 1.103679566082e-22 5.354032916063e-21 0.000000000000e+00 0.000000000000e+00 1.000000000000e+00 0.000000000000e+00
5.623413251903e+00 -1.685830119691e-01 3.899208247171e-03 0.000000000000e+00 0.000000000000e+00 1.103561553927e-22 4.771269418541e-21 0.000000000000e+00 0.000000000000e+00 1.000000000000e+00 0.000000000000e+00
6.309573444802e+00 -1.685600011519e-01 4.374394769153e-03 0.000000000000e+00 0.000000000000e+00 1.103413022508e-22 4.251817912156e-21 0.000000000000e+00 0.000000000000e+00 1.000000000000e+00 0.000000000000e+00
7.079457843841e+00 -1.685310408950e-01 4.907320145297e-03 0.000000000000e+00 0.000000000000e+00 1.103226088335e-22 3.788785640784e-21 0.000000000000e+00 0.000000000000e+00 1.000000000000e+00 0.000000000000e+00
7.943282347243e+00 -1.684945962881e-01 5.504929679425e-03 0.000000000000e+00 0.000000000000e+00 1.102990843771e-22 3.376028537351e-21 0.000000000000e+00 0.000000000000e+00 1.000000000000e+00 0.000000000000e+00
8.912509381337e+00 -1.684487372341e-01 6.174975046084e-03 0.000000000000e+00 0.000000000000e+00 1.102694830363e-22 3.008069673870e-21 0.000000000000e+00 0.000000000000e+00 1.000000000000e+00 0.000000000000e+00
1.000000000000e+01 -1.683910390148e-01 6.926095887959e-03 0.000000000000e+00 0.000000000000e+00 1.102322396903e-22 2.680026623074e-21 0.000000000000e+00 0.000000000000e+00 1.000000000000e+00 0.000000000000e+00
1.122018454302e+01 -1.683184568444e-01 7.767904497099e-03 0.000000000000e+00 0.000000000000e+00 1.101853889698e-22 2.387546685801e-21 0.000000000000e+00 0.000000000000e+00 1.000000000000e+00 0.000000000000e+00
1.258925411794e+01 -1.682271686972e-01 8.711071181631e-03 0.000000000000e+00 0.000000000000e+00 1.101264638251e-22 2.126749147274e-21 0.000000000000e+00 0.000000000000e+00 1.000000000000e+00 0.000000000000e+00
1.412537544623e+01 -1.681123829268e-01 9.767406737277e-03 0.000000000000e+00 0.000000000000e+00 1.100523713049e-22 1.894173846189e-21 0.000000000000e+00 0.000000000000e+00 1.000000000000e+00 0.000000000000e+00
1.584893192461e+01 -1.679680951097e-01 1.094993599647e-02 0.000000000000e+00 0.000000000000e+00 1.099592356556e-22 1.686735279443e-21 0.000000000000e+00 0.000000000000e+00 1.000000000000e+00 0.000000000000e+00
1.778279410039e+01 -1.677867948117e-01 1.227295456911e-02 0.000000000000e+00 0.000000000000e+00 1.098422089906e-22 1.501681773305e-21 0.000000000000e+00 0.000000000000e+00 1.000000000000e+00 0.000000000000e+00
1.995262314969e+01 -1.675590988768e-01 1.375205592372e-02 0.000000000000e+00 0.000000000000e+00 1.096952346330e-22 1.336559040194e-21 0.000000000000e+00 0.000000000000e+00 1.000000000000e+00 0.000000000000e+00
2.238721138568e+01 -1.672733120171e-01 1.540411225988e-02 0.000000000000e+00 0.000000000000e+00 1.095107634367e-22 1.189177785292e-21 0.000000000000e+00 0.000000000000e+00 1.000000000000e+00 0.000000000000e+00
2.511886431510e+01 -1.669148913334e-01 1.724718424265e-02 0.000000000000e+00 0.000000000000e+00 1.092794081882e-22 1.057584837383e-21 0.000000000000e+00 0.000000000000e+00 1.000000000000e+00 0.000000000000e+00
2.818382931264e+01 -1.664658139953e-01 1.930032710906e-02 0.000000000000e+00 0.000000000000e+00 1.089895354033e-22 9.400375250696e-22 0.000000000000e+00 0.000000000000e+00 1.000000000000e+00 0.000000000000e+00
3.162277660168e+01 -1.659038353576e-01 2.158324796987e-02 0.000000000000e+00 0.000000000000e+00 1.086267864968e-22 8.349809318771e-22 0.000000000000e+00 0.000000000000e+00 1.000000000000e+00 0.000000000000e+00
3.548133892336e+01 -1.652016434156e-01 2.411575585611e-02 0.000000000000e+00 0.000000000000e+00 1.081735319854e-22 7.410277896667e-22 0.000000000000e+00 0.000000000000e+00 1.000000000000e+00 0.000000000000e+00
3.981071705535e+01 -1.643259248677e-01 2.691692919655e-02 0.000000000000e+00 0.000000000000e+00 1.076082686115e-22 6.569407726420e-22 0.000000000000e+00 0.000000000000e+00 1.000000000000e+00 0.000000000000e+00
4.466835921510e+01 -1.632363889651e-01 3.000390921461e-02 0.000000000000e+00 0.000000000000e+00 1.069049892923e-22 5.816170249543e-22 0.000000000000e+00 0.000000000000e+00 1.000000000000e+00 0.000000000000e+00
5.011872336273e+01 -1.618848293102e-01 3.339021281145e-02 0.000000000000e+00 0.000000000000e+00 1.060325775130e-22 5.140747622441e-22 0.000000000000e+00 0.000000000000e+00 1.000000000000e+00 0.000000000000e+00
5.623413251903e+01 -1.602143638235e-01 3.708345365570e-02 0.000000000000e+00 0.000000000000e+00 1.049543167426e-22 4.534418299734e-22 0.000000000000e+00 0.000000000000e+00 1.000000000000e+00 0.000000000000e+00
6.309573444802e+01 -1.581590701710e-01 4.108237469202e-02 0.000000000000e+00 0.000000000000e+00 1.036276550770e-22 3.989461099435e-22 0.000000000000e+00 0.000000000000e+00 1.000000000000e+00 0.000000000000e+00
7.079457843841e+01 -1.556443329060e-01 4.537314666151e-02 0.000000000000e+00 0.000000000000e+00 1.020044293526e-22 3.499076552528e-22 0.000000000000e+00 0.000000000000e+00 1.000000000000e+00 0.000000000000e+00
7.943282347243e+01 -1.525883207543e-01 4.992499536323e-02 0.000000000000e+00 0.000000000000e+00 1.000318186934e-22 3.057323716318e-22 0.000000000000e+00 0.000000000000e+00 1.000000000000e+00 0.000000000000e+00
8.912509381337e+01 -1.489051011019e-01 5.468541139274e-02 0.000000000000e+00 0.000000000000e+00 9.765435486011e-23 2.659069615315e-22 0.000000000000e+00 0.000000000000e+00 1.000000000000e+00 0.000000000000e+00
1.000000000000e+02 -1.445099159773e-01 5.957548411959e-02 0.000000000000e+00 0.000000000000e+00 9.481732784611e-23 2.299946745311e-22 0.000000000000e+00 0.000000000000e+00 1.000000000000e+00 0.000000000000e+00
1.122018454302e+02 -1.393270146648e-01 6.448627508178e-02 0.000000000000e+00 0.000000000000e+00 9.147184167593e-23 1.976311798171e-22 0.000000000000e+00 0.000000000000e+00 1.000000000000e+00 0.000000000000e+00
1.258925411794e+02 -1.333000623590e-01 6.927753259859e-02 0.000000000000e+00 0.000000000000e+00 8.758153306736e-23 1.685196250730e-22 0.000000000000e+00 0.000000000000e+00 1.000000000000e+00 0.000000000000e+00
1.412537544623e+02 -1.264044814452e-01 7.378030684845e-02 0.000000000000e+00 0.000000000000e+00 8.313053753939e-23 1.424238111578e-22 0.000000000000e+00 0.000000000000e+00 1.000000000000e+00 0.000000000000e+00
1.584893192461e+02 -1.186601243263e-01 7.780490428051e-02 0.000000000000e+00 0.000000000000e+00 7.813166951507e-23 1.191584734169e-22 0.000000000000e+00 0.000000000000e+00 1.000000000000e+00 0.000000000000e+00
1.778279410039e+02 -1.101416938872e-01 8.115489858768e-02 0.000000000000e+00 0.000000000000e+00 7.263314861396e-23 9.857615695499e-23 0.000000000000e+00 0.000000000000e+00 1.000000000000e+00 0.000000000000e+00
1.995262314969e+02 -1.009837040897e-01 8.364647288025e-02 0.000000000000e+00 0.000000000000e+00 6.672180159386e-23 8.055109123785e-23 0.000000000000e+00 0.000000000000e+00 1.000000000000e+00 0.000000000000e+00
2.238721138568e+02 -9.137708949752e-02 8.513047543995e-02 0.000000000000e+00 0.000000000000e+00 6.052087390614e-23 6.496171063170e-23 0.000000000000e+00 0.000000000000e+00 1.000000000000e+00 0.000000000000e+00
2.511886431510e+02 -8.155612418859e-02 8.551288955798e-02 0.000000000000e+00 0.000000000000e+00 5.418158600107e-23 5.167455081488e-23 0.000000000000e+00 0.000000000000e+00 1.000000000000e+00 0.000000000000e+00
2.818382931264e+02 -7.177688109354e-02 8.476885216239e-02 0.000000000000e+00 0.000000000000e+00 4.786922916919e-23 4.053262350941e-23 0.000000000000e+00 0.000000000000e+00 1.000000000000e+00 0.000000000000e+00
3.162277660168e+02 -6.229113465791e-02 8.294650033493e-02 0.000000000000e+00 0.000000000000e+00 4.174632008760e-23 3.135063728477e-23 0.000000000000e+00 0.000000000000e+00 1.000000000000e+00 0.000000000000e+00
3.548133892336e+02 -5.332117800217e-02 8.015957675551e-02 0.000000000000e+00 0.000000000000e+00 3.595634568442e-23 2.391772494482e-23 0.000000000000e+00 0.000000000000e+00 1.000000000000e+00 0.000000000000e+00
3.981071705535e+02 -4.504070222792e-02 7.657083068430e-02 0.000000000000e+00 0.000000000000e+00 3.061142099659e-23 1.800633329405e-23 0.000000000000e+00 0.000000000000e+00 1.000000000000e+00 0.000000000000e+00
4.466835921510e+02 -3.756484474422e-02 7.237050143878e-02 0.000000000000e+00 0.000000000000e+00 2.578586552172e-23 1.338448698950e-23 0.000000000000e+00 0.000000000000e+00 1.000000000000e+00 0.000000000000e+00
5.011872336273e+02 -3.094973957074e-02 6.775473430742e-02 0.000000000000e+00 0.000000000000e+00 2.151591293514e-23 9.828271172251e-24 0.000000000000e+00 0.000000000000e+00 1.000000000000e+00 0.000000000000e+00
5.623413251903e+02 -2.519959516354e-02 6.290776815412e-02 0.000000000000e+00 0.000000000000e+00 1.780427973545e-23 7.132038771709e-24 0.000000000000e+00 0.000000000000e+00 1.000000000000e+00 0.000000000000e+00
6.309573444802e+02 -2.027817488670e-02 5.798988173030e-02 0.000000000000e+00 0.000000000000e+00 1.462757571062e-23 5.115039548105e-24 0.000000000000e+00 0.000000000000e+00 1.000000000000e+00 0.000000000000e+00
7.079457843841e+02 -1.612160164612e-02 5.313128957216e-02 0.000000000000e+00 0.000000000000e+00 1.194456913890e-23 3.624334870023e-24 0.000000000000e+00 0.000000000000e+00 1.000000000000e+00 0.000000000000e+00
7.943282347243e+02 -1.265019977168e-02 4.843095944627e-02 0.000000000000e+00 0.000000000000e+00 9.703830554696e-24 2.534647185827e-24 0.000000000000e+00 0.000000000000e+00 1.000000000000e+00 0.000000000000e+00
8.912509381337e+02 -9.778104996001e-03 4.395881490009e-02 0.000000000000e+00 0.000000000000e+00 7.849935842441e-24 1.746122980187e-24 0.000000000000e+00 0.000000000000e+00 1.000000000000e+00 0.000000000000e+00
1.000000000000e+03 -7.420245411883e-03 3.975982285975e-02 0.000000000000e+00 0.000000000000e+00 6.327972344565e-24 1.180968736245e-24 0.000000000000e+00 0.000000000000e+00 1.000000000000e+00 0.000000000000e+00
1.122018454302e+03 -5.496867143798e-03 3.585878014840e-02 0.000000000000e+00 0.000000000000e+00 5.086460113005e-24 7.797140716599e-25 0.000000000000e+00 0.000000000000e+00 1.000000000000e+00 0.000000000000e+00
1.258925411794e+03 -3.936062258627e-03 3.226501206690e-02 0.000000000000e+00 0.000000000000e+00 4.078983640564e-24 4.976019698050e-25 0.000000000000e+00 0.000000000000e+00 1.000000000000e+00 0.000000000000e+00
1.412537544623e+03 -2.674829251508e-03 2.897654566488e-02 0.000000000000e+00 0.000000000000e+00 3.264876387696e-24 3.013812262545e-25 0.000000000000e+00 0.000000000000e+00 1.000000000000e+00 0.000000000000e+00
1.584893192461e+03 -1.659149321324e-03 2.598357429053e-02 0.000000000000e+00 0.000000000000e+00 2.609270017186e-24 1.666117420750e-25 0.000000000000e+00 0.000000000000e+00 1.000000000000e+00 0.000000000000e+00
1.778279410039e+03 -8.434652336785e-04 2.327119478790e-02 0.000000000000e+00 0.000000000000e+00 2.082758008282e-24 7.548963370071e-26 0.000000000000e+00 0.000000000000e+00 1.000000000000e+00 0.000000000000e+00
1.995262314969e+03 -1.898442025163e-04 2.082148341342e-02 0.000000000000e+00 0.000000000000e+00 1.660855308530e-24 1.514319346347e-26 0.000000000000e+00 0.000000000000e+00 1.000000000000e+00 0.000000000000e+00
2.238721138568e+03 3.329848811847e-04 1.861501590358e-02 0.000000000000e+00 0.000000000000e+00 1.323376880549e-24 -2.367252843993e-26 0.000000000000e+00 0.000000000000e+00 1.000000000000e+00 0.000000000000e+00
2.511886431510e+03 7.506009339091e-04 1.663194238894e-02 0.000000000000e+00 0.000000000000e+00 1.053811912516e-24 -4.755861866231e-26 0.000000000000e+00 0.000000000000e+00 1.000000000000e+00 0.000000000000e+00
2.818382931264e+03 1.083798873050e-03 1.485271944580e-02 0.000000000000e+00 0.000000000000e+00 8.387375938066e-25 -6.120245267120e-26 0.000000000000e+00 0.000000000000e+00 1.000000000000e+00 0.000000000000e+00
3.162277660168e+03 1.349402858009e-03 1.325858585219e-02 0.000000000000e+00 0.000000000000e+00 6.672941795792e-25 -6.791438265503e-26 0.000000000000e+00 0.000000000000e+00 1.000000000000e+00 0.000000000000e+00
3.548133892336e+03 1.560972669679e-03 1.183185161780e-02 0.000000000000e+00 0.000000000000e+00 5.307290333578e-25 -7.001892373557e-26 0.000000000000e+00 0.000000000000e+00 1.000000000000e+00 0.000000000000e+00
3.981071705535e+03 1.729404181090e-03 1.055605428005e-02 0.000000000000e+00 0.000000000000e+00 4.220090323636e-25 -6.913797197891e-26 0.000000000000e+00 0.000000000000e+00 1.000000000000e+00 0.000000000000e+00
4.466835921510e+03 1.863431829433e-03 9.416023016829e-03 0.000000000000e+00 0.000000000000e+00 3.354962290353e-25 -6.639473488154e-26 0.000000000000e+00 0.000000000000e+00 1.000000000000e+00 0.000000000000e+00
5.011872336273e+03 1.970044165129e-03 8.397880633338e-03 0.000000000000e+00 0.000000000000e+00 2.666796208298e-25 -6.255990694813e-26 0.000000000000e+00 0.000000000000e+00 1.000000000000e+00 0.000000000000e+00
5.623413251903e+03 2.054824452978e-03 7.489005387434e-03 0.000000000000e+00 0.000000000000e+00 2.119552970581e-25 -5.815604406603e-26 0.000000000000e+00 0.000000000000e+00 1.000000000000e+00 0.000000000000e+00
6.309573444802e+03 2.122227958033e-03 6.677967827554e-03 0.000000000000e+00 0.000000000000e+00 1.684474551048e-25 -5.353183901329e-26 0.000000000000e+00 0.000000000000e+00 1.000000000000e+00 0.000000000000e+00
7.079457843841e+03 2.175806494863e-03 5.954453493824e-03 0.000000000000e+00 0.000000000000e+00 1.338634578878e-25 -4.891481332421e-26 0.000000000000e+00 0.000000000000e+00 1.000000000000e+00 0.000000000000e+00
7.943282347243e+03 2.218389513329e-03 5.309179205142e-03 0.000000000000e+00 0.000000000000e+00 1.063769456170e-25 -4.444858451630e-26 0.000000000000e+00 0.000000000000e+00 1.000000000000e+00 0.000000000000e+00
8.912509381337e+03 2.252229679218e-03 4.733807586342e-03 0.000000000000e+00 0.000000000000e+00 8.453386636670e-26 -4.021914267803e-26 0.000000000000e+00 0.000000000000e+00 1.000000000000e+00 0.000000000000e+00
1.000000000000e+04 2.279119608643e-03 4.220863313269e-03 0.000000000000e+00 0.000000000000e+00 6.717712604072e-26 -3.627331516151e-26 0.000000000000e+00 0.000000000000e+00 1.000000000000e+00 0.000000000000e+00
1.122018454302e+04 2.300485293096e-03 3.763652932098e-03 0.000000000000e+00 0.000000000000e+00 5.338628486115e-26 -3.263169197464e-26 0.000000000000e+00 0.000000000000e+00 1.000000000000e+00 0.000000000000e+00
1.258925411794e+04 2.317460747930e-03 3.356189605701e-03 0.000000000000e+00 0.000000000000e+00 4.242937355164e-26 -2.929763193263e-26 0.000000000000e+00 0.000000000000e+00 1.000000000000e+00 0.000000000000e+00
1.412537544623e+04 2.330947588798e-03 2.993123250852e-03 0.000000000000e+00 0.000000000000e+00 3.372443886372e-26 -2.626350232303e-26 0.000000000000e+00 0.000000000000e+00 1.000000000000e+00 0.000000000000e+00
1.584893192461e+04 2.341662530740e-03 2.669676375855e-03 0.000000000000e+00 0.000000000000e+00 2.680888489469e-26 -2.351497050993e-26 0.000000000000e+00 0.000000000000e+00 1.000000000000e+00 0.000000000000e+00
1.778279410039e+04 2.350175231703e-03 2.381585482301e-03 0.000000000000e+00 0.000000000000e+00 2.131504755472e-26 -2.103392769134e-26 0.000000000000e+00 0.000000000000e+00 1.000000000000e+00 0.000000000000e+00
1.995262314969e+04 2.356938423395e-03 2.125047922210e-03 0.000000000000e+00 0.000000000000e+00 1.695074770776e-26 -1.880045535025e-26 0.000000000000e+00 0.000000000000e+00 1.000000000000e+00 0.000000000000e+00
2.238721138568e+04 2.362311891257e-03 1.896673864230e-03 0.000000000000e+00 0.000000000000e+00 1.348381518875e-26 -1.679412447310e-26 0.000000000000e+00 0.000000000000e+00 1.000000000000e+00 0.000000000000e+00
2.511886431510e+04 2.366581552900e-03 1.693443022210e-03 0.000000000000e+00 0.000000000000e+00 1.072977760658e-26 -1.499483207715e-26 0.000000000000e+00 0.000000000000e+00 1.000000000000e+00 0.000000000000e+00
2.818382931264e+04 2.369974632459e-03 1.512665796225e-03 0.000000000000e+00 0.000000000000e+00 8.542069853205e-27 -1.338331897960e-26 0.000000000000e+00 0.000000000000e+00 1.000000000000e+00 0.000000000000e+00
3.162277660168e+04 2.372671728384e-03 1.351948449554e-03 0.000000000000e+00 0.000000000000e+00 6.804250027209e-27 -1.194146986726e-26 0.000000000000e+00 0.000000000000e+00 1.000000000000e+00 0.000000000000e+00
3.548133892336e+04 2.374816410727e-03 1.209161945482e-03 0.000000000000e+00 0.000000000000e+00 5.423811684236e-27 -1.065246639988e-26 0.000000000000e+00 0.000000000000e+00 1.000000000000e+00 0.000000000000e+00
3.981071705535e+04 2.376522853982e-03 1.082414124546e-03 0.000000000000e+00 0.000000000000e+00 4.327265900544e-27 -9.500842676518e-27 0.000000000000e+00 0.000000000000e+00 1.000000000000e+00 0.000000000000e+00
4.466835921510e+04 2.377881908410e-03 9.700249191431e-04 0.000000000000e+00 0.000000000000e+00 3.456233081254e-27 -8.472477307484e-27 0.000000000000e+00 0.000000000000e+00 1.000000000000e+00 0.000000000000e+00
5.011872336273e+04 2.378965933330e-03 8.705042656513e-04 0.000000000000e+00 0.000000000000e+00 2.764337308711e-27 -7.554545733223e-27 0.000000000000e+00 0.000000000000e+00 1.000000000000e+00 0.000000000000e+00
5.623413251903e+04 2.379832647693e-03 7.825324793891e-04 0.000000000000e+00 0.000000000000e+00 2.214738747481e-27 -6.735448963874e-27 0.000000000000e+00 0.000000000000e+00 1.000000000000e+00 0.000000000000e+00
6.309573444802e+04 2.380528201037e-03 7.049428637556e-04 0.000000000000e+00 0.000000000000e+00 1.778173157768e-27 -6.004729696522e-27 0.000000000000e+00 0.000000000000e+00 1.000000000000e+00 0.000000000000e+00
7.079457843841e+04 2.381089630405e-03 6.367062949759e-04 0.000000000000e+00 0.000000000000e+00 1.431394273063e-27 -5.352983137717e-27 0.000000000000e+00 0.000000000000e+00 1.000000000000e+00 0.000000000000e+00
7.943282347243e+04 2.381546831540e-03 5.769176262232e-04 0.000000000000e+00 0.000000000000e+00 1.155936399554e-27 -4.771767310709e-27 0.000000000000e+00 0.000000000000e+00 1.000000000000e+00 0.000000000000e+00
8.912509381337e+04 2.381924150428e-03 5.247837126293e-04 0.000000000000e+00 0.000000000000e+00 9.371313772862e-28 -4.253515888629e-27 0.000000000000e+00 0.000000000000e+00 1.000000000000e+00 0.000000000000e+00
1.000000000000e+05 2.382241679575e-03 4.796129119472e-04 0.000000000000e+00 0.000000000000e+00 7.633276570813e-28 -3.791455389445e-27 0.000000000000e+00 0.000000000000e+00 1.000000000000e+00 0.000000000000e+00
1.122018454302e+05 2.382516327974e-03 4.408059219573e-04 0.000000000000e+00 0.000000000000e+00 6.252699423523e-28 -3.379527753232e-27 0.000000000000e+00 0.000000000000e+00 1.000000000000e+00 0.000000000000e+00
1.258925411794e+05 2.382762720899e-03 4.078478437258e-04 0.000000000000e+00 0.000000000000e+00 5.156064032733e-28 -3.012318773561e-27 0.000000000000e+00 0.000000000000e+00 1.000000000000e+00 0.000000000000e+00
1.412537544623e+05 2.382993979079e-03 3.803013501796e-04 0.000000000000e+00 0.000000000000e+00 4.284972104073e-28 -2.684992498588e-27 0.000000000000e+00 0.000000000000e+00 1.000000000000e+00 0.000000000000e+00
1.584893192461e+05 2.383222417306e-03 3.578008826945e-04 0.000000000000e+00 0.000000000000e+00 3.593035757512e-28 -2.393231480871e-27 0.000000000000e+00 0.000000000000e+00 1.000000000000e+00 0.000000000000e+00
1.778279410039e+05 2.383460199217e-03 3.400478110950e-04 0.000000000000e+00 0.000000000000e+00 3.043407561133e-28 -2.133182615885e-27 0.000000000000e+00 0.000000000000e+00 1.000000000000e+00 0.000000000000e+00
1.995262314969e+05 2.383719986425e-03 3.268064353857e-04 0.000000000000e+00 0.000000000000e+00 2.606818122940e-28 -1.901408230588e-27 0.000000000000e+00 0.000000000000e+00 1.000000000000e+00 0.000000000000e+00
2.238721138568e+05 2.384015611029e-03 3.179008681982e-04 0.000000000000e+00 0.000000000000e+00 2.260017726864e-28 -1.694842034442e-27 0.000000000000e+00 0.000000000000e+00 1.000000000000e+00 0.000000000000e+00
2.511886431510e+05 2.384362812249e-03 3.132126685748e-04 0.000000000000e+00 0.000000000000e+00 1.984538146990e-28 -1.510749542390e-27 0.000000000000e+00 0.000000000000e+00 1.000000000000e+00 0.000000000000e+00
2.818382931264e+05 2.384780073878e-03 3.126792362551e-04 0.000000000000e+00 0.000000000000e+00 1.765709176740e-28 -1.346692575853e-27 0.000000000000e+00 0.000000000000e+00 1.000000000000e+00 0.000000000000e+00
3.162277660168e+05 2.385289619063e-03 3.162929415325e-04 0.000000000000e+00 0.000000000000e+00 1.591877454138e-28 -1.200497471685e-27 0.000000000000e+00 0.000000000000e+00 1.000000000000e+00 0.000000000000e+00
3.548133892336e+05 2.385918543350e-03 3.241009466756e-04 0.000000000000e+00 0.000000000000e+00 1.453785829112e-28 -1.070226607877e-27 0.000000000000e+00 0.000000000000e+00 1.000000000000e+00 0.000000000000e+00
3.981071705535e+05 2.386700326601e-03 3.362057516095e-04 0.000000000000e+00 0.000000000000e+00 1.344080469337e-28 -9.541530089237e-28 0.000000000000e+00 0.000000000000e+00 1.000000000000e+00 0.000000000000e+00
4.466835921510e+05 2.387676552763e-03 3.527663998038e-04 0.000000000000e+00 0.000000000000e+00 1.256919154233e-28 -8.507375971589e-28 0.000000000000e+00 0.000000000000e+00 1.000000000000e+00 0.000000000000e+00
5.011872336273e+05 2.388899173691e-03 3.740004204323e-04 0.000000000000e+00 0.000000000000e+00 1.187660252219e-28 -7.586089320143e-28 0.000000000000e+00 0.000000000000e+00 1.000000000000e+00 0.000000000000e+00
5.623413251903e+05 2.390433203337e-03 4.001864338006e-04 0.000000000000e+00 0.000000000000e+00 1.132615481817e-28 -6.765450864088e-28 0.000000000000e+00 0.000000000000e+00 1.000000000000e+00 0.000000000000e+00
6.309573444802e+05 2.392360159155e-03 4.316674759316e-04 0.000000000000e+00 0.000000000000e+00 1.088853520245e-28 -6.034575051968e-28 0.000000000000e+00 0.000000000000e+00 1.000000000000e+00 0.000000000000e+00
7.079457843841e+05 2.394782431712e-03 4.688550166220e-04 0.000000000000e+00 0.000000000000e+00 1.054043899050e-28 -5.383766243742e-28 0.000000000000e+00 0.000000000000e+00 1.000000000000e+00 0.000000000000e+00
7.943282347243e+05 2.397828650535e-03 5.122336636166e-04 0.000000000000e+00 0.000000000000e+00 1.026332893870e-28 -4.804390247472e-28 0.000000000000e+00 0.000000000000e+00 1.000000000000e+00 0.000000000000e+00
8.912509381337e+05 2.401660412870e-03 5.623665397197e-04 0.000000000000e+00 0.000000000000e+00 1.004244829333e-28 -4.288759876504e-28 0.000000000000e+00 0.000000000000e+00 1.000000000000e+00 0.000000000000e+00
1.000000000000e+06 2.406480849719e-03 6.199012474277e-04 0.000000000000e+00 0.000000000000e+00 9.866034775700e-29 -3.830033226887e-28 0.000000000000e+00 0.000000000000e+00 1.000000000000e+00 0.000000000000e+00
1.122018454302e+06 2.412545127791e-03 6.855763594761e-04 0.000000000000e+00 0.000000000000e+00 9.724694461062e-29 -3.422122702600e-28 0.000000000000e+00 0.000000000000e+00 1.000000000000e+00 0.000000000000e+00
1.258925411794e+06 2.420173872225e-03 7.602282412453e-04 0.000000000000e+00 0.000000000000e+00 9.610901594230e-29 -3.059614424317e-28 0.000000000000e+00 0.000000000000e+00 1.000000000000e+00 0.000000000000e+00
1.412537544623e+06 2.429769512202e-03 8.447979682087e-04 0.000000000000e+00 0.000000000000e+00 9.518598147431e-29 -2.737695928247e-28 0.000000000000e+00 0.000000000000e+00 1.000000000000e+00 0.000000000000e+00
1.584893192461e+06 2.441837135581e-03 9.403379126713e-04 0.000000000000e+00 0.000000000000e+00 9.442871462275e-29 -2.452092369389e-28 0.000000000000e+00 0.000000000000e+00 1.000000000000e+00 0.000000000000e+00
1.778279410039e+06 2.457009925721e-03 1.048017442294e-03 0.000000000000e+00 0.000000000000e+00 9.379693396099e-29 -2.199009180991e-28 0.000000000000e+00 0.000000000000e+00 1.000000000000e+00 0.000000000000e+00
1.995262314969e+06 2.476080966658e-03 1.169126809700e-03 0.000000000000e+00 0.000000000000e+00 9.325706673705e-29 -1.975081283212e-28 0.000000000000e+00 0.000000000000e+00 1.000000000000e+00 0.000000000000e+00
2.238721138568e+06 2.500042260246e-03 1.305078002386e-03 0.000000000000e+00 0.000000000000e+00 9.278047704196e-29 -1.777327585835e-28 0.000000000000e+00 0.000000000000e+00 1.000000000000e+00 0.000000000000e+00
2.511886431510e+06 2.530132626733e-03 1.457400707725e-03 0.000000000000e+00 0.000000000000e+00 9.234196410731e-29 -1.603110352329e-28 0.000000000000e+00 0.000000000000e+00 1.000000000000e+00 0.000000000000e+00
2.818382931264e+06 2.567895656902e-03 1.627730891261e-03 0.000000000000e+00 0.000000000000e+00 9.191845951582e-29 -1.450098503672e-28 0.000000000000e+00 0.000000000000e+00 1.000000000000e+00 0.000000000000e+00
3.162277660168e+06 2.615249712331e-03 1.817788386022e-03 0.000000000000e+00 0.000000000000e+00 9.148785724119e-29 -1.316234574781e-28 0.000000000000e+00 0.000000000000e+00 1.000000000000e+00 0.000000000000e+00
3.548133892336e+06 2.674570636120e-03 2.029338704942e-03 0.000000000000e+00 0.000000000000e+00 9.102793070939e-29 -1.199704267943e-28 0.000000000000e+00 0.000000000000e+00 1.000000000000e+00 0.000000000000e+00
3.981071705535e+06 2.748788273172e-03 2.264132474958e-03 0.000000000000e+00 0.000000000000e+00 9.051529383495e-29 -1.098908217554e-28 0.000000000000e+00 0.000000000000e+00 1.000000000000e+00 0.000000000000e+00
4.466835921510e+06 2.841495443605e-03 2.523813961535e-03 0.000000000000e+00 0.000000000000e+00 8.992438372057e-29 -1.012434872401e-28 0.000000000000e+00 0.000000000000e+00 1.000000000000e+00 0.000000000000e+00
5.011872336273e+06 2.957066972162e-03 2.809787512025e-03 0.000000000000e+00 0.000000000000e+00 8.922644903384e-29 -9.390339459910e-29 0.000000000000e+00 0.000000000000e+00 1.000000000000e+00 0.000000000000e+00
5.623413251903e+06 3.100781428323e-03 3.123028285571e-03 0.000000000000e+00 0.000000000000e+00 8.838855812280e-29 -8.775892321235e-29 0.000000000000e+00 0.000000000000e+00 1.000000000000e+00 0.000000000000e+00
6.309573444802e+06 3.278932672145e-03 3.463821221926e-03 0.000000000000e+00 0.000000000000e+00 8.737266857720e-29 -8.270897349920e-29 0.000000000000e+00 0.000000000000e+00 1.000000000000e+00 0.000000000000e+00
7.079457843841e+06 3.498909670587e-03 3.831410940257e-03 0.000000000000e+00 0.000000000000e+00 8.613484303586e-29 -7.865980443550e-29 0.000000000000e+00 0.000000000000e+00 1.000000000000e+00 0.000000000000e+00
7.943282347243e+06 3.769209983543e-03 4.223546970106e-03 0.000000000000e+00 0.000000000000e+00 8.462476194195e-29 -7.552147515446e-29 0.000000000000e+00 0.000000000000e+00 1.000000000000e+00 0.000000000000e+00
8.912509381337e+06 4.099336373002e-03 4.635915638193e-03 0.000000000000e+00 0.000000000000e+00 8.278576302209e-29 -7.320381042469e-29 0.000000000000e+00 0.000000000000e+00 1.000000000000e+00 0.000000000000e+00
1.000000000000e+07 4.499507068296e-03 5.061465977335e-03 0.000000000000e+00 0.000000000000e+00 8.055573295843e-29 -7.161187913962e-29 0.000000000000e+00 0.000000000000e+00 1.000000000000e+00 0.000000000000e+00
1.122018454302e+07 4.980091539126e-03 5.489667171979e-03 0.000000000000e+00 0.000000000000e+00 7.786927772888e-29 -7.064110063993e-29 0.000000000000e+00 0.000000000000e+00 1.000000000000e+00 0.000000000000e+00
1.258925411794e+07 5.550674009801e-03 5.905783390752e-03 0.000000000000e+00 0.000000000000e+00 7.466166070384e-29 -7.017232298874e-29 0.000000000000e+00 0.000000000000e+00 1.000000000000e+00 0.000000000000e+00
1.412537544623e+07 6.218658260312e-03 6.290320540891e-03 0.000000000000e+00 0.000000000000e+00 7.087497330789e-29 -7.006753238494e-29 0.000000000000e+00 0.000000000000e+00 1.000000000000e+00 0.000000000000e+00
1.584893192461e+07 6.987378590505e-03 6.618882407313e-03 0.000000000000e+00 0.000000000000e+00 6.646680406470e-29 -7.016724200868e-29 0.000000000000e+00 0.000000000000e+00 1.000000000000e+00 0.000000000000e+00
1.778279410039e+07 7.853795318939e-03 6.862748481337e-03 0.000000000000e+00 0.000000000000e+00 6.142118824720e-29 -7.029099814037e-29 0.000000000000e+00 0.000000000000e+00 1.000000000000e+00 0.000000000000e+00
1.995262314969e+07 8.806037179673e-03 6.990512110681e-03 0.000000000000e+00 0.000000000000e+00 5.576081645064e-29 -7.024261099313e-29 0.000000000000e+00 0.000000000000e+00 1.000000000000e+00 0.000000000000e+00
2.238721138568e+07 9.821292059562e-03 6.971033350603e-03 0.000000000000e+00 0.000000000000e+00 4.955840176309e-29 -6.982143295561e-29 0.000000000000e+00 0.000000000000e+00 1.000000000000e+00 0.000000000000e+00
2.511886431510e+07 1.086477211051e-02 6.777707930946e-03 0.000000000000e+00 0.000000000000e+00 4.294404820663e-29 -6.883998278203e-29 0.000000000000e+00 0.000000000000e+00 1.000000000000e+00 0.000000000000e+00
2.818382931264e+07 1.189056320666e-02 6.393622289369e-03 0.000000000000e+00 0.000000000000e+00 3.610497992759e-29 -6.714637281875e-29 0.000000000000e+00 0.000000000000e+00 1.000000000000e+00 0.000000000000e+00
3.162277660168e+07 1.284497038544e-02 5.816638360324e-03 0.000000000000e+00 0.000000000000e+00 2.927468257718e-29 -6.464772390047e-29 0.000000000000e+00 0.000000000000e+00 1.000000000000e+00 0.000000000000e+00
3.548133892336e+07 1.367240731356e-02 5.063045183440e-03 0.000000000000e+00 0.000000000000e+00 2.271077395875e-29 -6.132889214299e-29 0.000000000000e+00 0.000000000000e+00 1.000000000000e+00 0.000000000000e+00
3.981071705535e+07 1.432304514338e-02 4.168389385840e-03 0.000000000000e+00 0.000000000000e+00 1.666435132444e-29 -5.726054699112e-29 0.000000000000e+00 0.000000000000e+00 1.000000000000e+00 0.000000000000e+00
4.466835921510e+07 1.476062930707e-02 3.184631564423e-03 0.000000000000e+00 0.000000000000e+00 1.134695485374e-29 -5.259264406948e-29 0.000000000000e+00 0.000000000000e+00 1.000000000000e+00 0.000000000000e+00
5.011872336273e+07 1.496849122896e-02 2.173791518774e-03 0.000000000000e+00 0.000000000000e+00 6.903002356229e-30 -4.753332107993e-29 0.000000000000e+00 0.000000000000e+00 1.000000000000e+00 0.000000000000e+00
5.623413251903e+07 1.495210028017e-02 1.199375167754e-03 0.000000000000e+00 0.000000000000e+00 3.394495087217e-30 -4.231772702084e-29 0.000000000000e+00 0.000000000000e+00 1.000000000000e+00 0.000000000000e+00
6.309573444802e+07 1.473747268484e-02 3.176275716228e-04 0.000000000000e+00 0.000000000000e+00 8.011951763189e-31 -3.717432956433e-29 0.000000000000e+00 0.000000000000e+00 1.000000000000e+00 0.000000000000e+00
7.079457843841e+07 1.436599375465e-02 -4.293220804427e-04 0.000000000000e+00 0.000000000000e+00 -9.651689831079e-31 -3.229652565089e-29 0.000000000000e+00 0.000000000000e+00 1.000000000000e+00 0.000000000000e+00
7.943282347243e+07 1.388719305776e-02 -1.017061778126e-03 0.000000000000e+00 0.000000000000e+00 -2.037827718346e-30 -2.782496358802e-29 0.000000000000e+00 0.000000000000e+00 1.000000000000e+00 0.000000000000e+00
8.912509381337e+07 1.335136239310e-02 -1.438968012168e-03 0.000000000000e+00 0.000000000000e+00 -2.569634008658e-30 -2.384216645340e-29 0.000000000000e+00 0.000000000000e+00 1.000000000000e+00 0.000000000000e+00
1.000000000000e+08 1.280358091822e-02 -1.703456437605e-03 0.000000000000e+00 0.000000000000e+00 -2.711135123866e-30 -2.037753192412e-29 0.000000000000e+00 0.000000000000e+00 1.000000000000e+00 0.000000000000e+00
1.122018454302e+08 1.227997304479e-02 -1.829658745299e-03 0.000000000000e+00 0.000000000000e+00 -2.595315900279e-30 -1.741877242411e-29 0.000000000000e+00 0.000000000000e+00 1.000000000000e+00 0.000000000000e+00
1.258925411794e+08 1.180624906785e-02 -1.842785951221e-03 0.000000000000e+00 0.000000000000e+00 -2.329673310663e-30 -1.492560941990e-29 0.000000000000e+00 0.000000000000e+00 1.000000000000e+00 0.000000000000e+00
1.412537544623e+08 1.139804409898e-02 -1.770090479771e-03 0.000000000000e+00 0.000000000000e+00 -1.994415303493e-30 -1.284252632319e-29 0.000000000000e+00 0.000000000000e+00 1.000000000000e+00 0.000000000000e+00
1.584893192461e+08 1.106236626768e-02 -1.637875280165e-03 0.000000000000e+00 0.000000000000e+00 -1.644754032929e-30 -1.110882602165e-29 0.000000000000e+00 0.000000000000e+00 1.000000000000e+00 0.000000000000e+00
1.778279410039e+08 1.079951780684e-02 -1.469611282450e-03 0.000000000000e+00 0.000000000000e+00 -1.315293303770e-30 -9.665503813771e-30 0.000000000000e+00 0.000000000000e+00 1.000000000000e+00 0.000000000000e+00
1.995262314969e+08 1.060503283843e-02 -1.284992622519e-03 0.000000000000e+00 0.000000000000e+00 -1.024992684803e-30 -8.459255633833e-30 0.000000000000e+00 0.000000000000e+00 1.000000000000e+00 0.000000000000e+00
2.238721138568e+08 1.047137193756e-02 -1.099671422249e-03 0.000000000000e+00 0.000000000000e+00 -7.817773264060e-31 -7.444297443323e-30 0.000000000000e+00 0.000000000000e+00 1.000000000000e+00 0.000000000000e+00
2.511886431510e+08 1.038926950991e-02 -9.254186837683e-04 0.000000000000e+00 0.000000000000e+00 -5.863519787509e-31 -6.582716387469e-30 0.000000000000e+00 0.000000000000e+00 1.000000000000e+00 0.000000000000e+00
2.818382931264e+08 1.034873266354e-02 -7.705067268892e-04 0.000000000000e+00 0.000000000000e+00 -4.351074969609e-31 -5.843960875112e-30 0.000000000000e+00 0.000000000000e+00 1.000000000000e+00 0.000000000000e+00
3.162277660168e+08 1.033974714897e-02 -6.401716769424e-04 0.000000000000e+00 0.000000000000e+00 -3.221933611212e-31 -5.203913273674e-30 0.000000000000e+00 0.000000000000e+00 1.000000000000e+00 0.000000000000e+00
3.548133892336e+08 1.035276707661e-02 -5.370764453068e-04 0.000000000000e+00 0.000000000000e+00 -2.409107820690e-31 -4.643832800336e-30 0.000000000000e+00 0.000000000000e+00 1.000000000000e+00 0.000000000000e+00
3.981071705535e+08 1.037905866161e-02 -4.617451412166e-04 0.000000000000e+00 0.000000000000e+00 -1.845960764060e-31 -4.149331167132e-30 0.000000000000e+00 0.000000000000e+00 1.000000000000e+00 0.000000000000e+00
4.466835921510e+08 1.041094472869e-02 -4.129703980446e-04 0.000000000000e+00 0.000000000000e+00 -1.471428128419e-31 -3.709456413763e-30 0.000000000000e+00 0.000000000000e+00 1.000000000000e+00 0.000000000000e+00
5.011872336273e+08 1.044197047241e-02 -3.882030115387e-04 0.000000000000e+00 0.000000000000e+00 -1.232761412584e-31 -3.315908915468e-30 0.000000000000e+00 0.000000000000e+00 1.000000000000e+00 0.000000000000e+00
5.623413251903e+08 1.046699509803e-02 -3.839253017063e-04 0.000000000000e+00 0.000000000000e+00 -1.086592907322e-31 -2.962389450226e-30 0.000000000000e+00 0.000000000000e+00 1.000000000000e+00 0.000000000000e+00
6.309573444802e+08 1.048221295663e-02 -3.959987069117e-04 0.000000000000e+00 0.000000000000e+00 -9.988813382452e-32 -2.644070983853e-30 0.000000000000e+00 0.000000000000e+00 1.000000000000e+00 0.000000000000e+00
7.079457843841e+08 1.048511593465e-02 -4.199731593541e-04 0.000000000000e+00 0.000000000000e+00 -9.441514555423e-32 -2.357183370113e-30 0.000000000000e+00 0.000000000000e+00 1.000000000000e+00 0.000000000000e+00
7.943282347243e+08 1.047441556118e-02 -4.513530555725e-04 0.000000000000e+00 0.000000000000e+00 -9.043499492237e-32 -2.098697918170e-30 0.000000000000e+00 0.000000000000e+00 1.000000000000e+00 0.000000000000e+00
8.912509381337e+08 1.044994104459e-02 -4.858259344071e-04 0.000000000000e+00 0.000000000000e+00 -8.675626093033e-32 -1.866095956935e-30 0.000000000000e+00 0.000000000000e+00 1.000000000000e+00 0.000000000000e+00
1.000000000000e+09 1.041251842245e-02 -5.194662382200e-04 0.000000000000e+00 0.000000000000e+00 -8.267561958207e-32 -1.657203776968e-30 0.000000000000e+00 0.000000000000e+00 1.000000000000e+00 0.000000000000e+00
