# freq_hz Ad_dB Avdd_dB Avss_dB PSRRplus_dB PSRRminus_dB (Asupply clamped at the floor)
1.00000000e-01 9.41858835e+01 -6.47548026e+00 -2.68630185e+01 1.00661364e+02 1.21048902e+02
1.12201845e-01 9.41858833e+01 -6.47547962e+00 -2.68630187e+01 1.00661363e+02 1.21048902e+02
1.25892541e-01 9.41858831e+01 -6.47547883e+00 -2.68630189e+01 1.00661362e+02 1.21048902e+02
1.41253754e-01 9.41858828e+01 -6.47547783e+00 -2.68630192e+01 1.00661361e+02 1.21048902e+02
1.58489319e-01 9.41858824e+01 -6.47547657e+00 -2.68630196e+01 1.00661359e+02 1.21048902e+02
1.77827941e-01 9.41858819e+01 -6.47547498e+00 -2.68630201e+01 1.00661357e+02 1.21048902e+02
1.99526231e-01 9.41858813e+01 -6.47547298e+00 -2.68630207e+01 1.00661354e+02 1.21048902e+02
2.23872114e-01 9.41858806e+01 -6.47547046e+00 -2.68630214e+01 1.00661351e+02 1.21048902e+02
2.51188643e-01 9.41858797e+01 -6.47546730e+00 -2.68630223e+01 1.00661347e+02 1.21048902e+02
2.81838293e-01 9.41858785e+01 -6.47546331e+00 -2.68630235e+01 1.00661342e+02 1.21048902e+02
3.16227766e-01 9.41858770e+01 -6.47545829e+00 -2.68630250e+01 1.00661335e+02 1.21048902e+02
3.54813389e-01 9.41858752e+01 -6.47545197e+00 -2.68630268e+01 1.00661327e+02 1.21048902e+02
3.98107171e-01 9.41858728e+01 -6.47544401e+00 -2.68630291e+01 1.00661317e+02 1.21048902e+02
4.46683592e-01 9.41858699e+01 -6.47543399e+00 -2.68630321e+01 1.00661304e+02 1.21048902e+02
5.01187234e-01 9.41858662e+01 -6.47542138e+00 -2.68630358e+01 1.00661288e+02 1.21048902e+02
5.62341325e-01 9.41858615e+01 -6.47540551e+00 -2.68630404e+01 1.00661267e+02 1.21048902e+02
6.30957344e-01 9.41858556e+01 -6.47538552e+00 -2.68630463e+01 1.00661241e+02 1.21048902e+02
7.07945784e-01 9.41858483e+01 -6.47536036e+00 -2.68630537e+01 1.00661209e+02 1.21048902e+02
7.94328235e-01 9.41858390e+01 -6.47532868e+00 -2.68630629e+01 1.00661168e+02 1.21048902e+02
8.91250938e-01 9.41858272e+01 -6.47528881e+00 -2.68630746e+01 1.00661116e+02 1.21048902e+02
1.00000000e+00 9.41858125e+01 -6.47523861e+00 -2.68630893e+01 1.00661051e+02 1.21048902e+02
1.12201845e+00 9.41857939e+01 -6.47517541e+00 -2.68631079e+01 1.00660969e+02 1.21048902e+02
1.25892541e+00 9.41857705e+01 -6.47509585e+00 -2.68631312e+01 1.00660866e+02 1.21048902e+02
1.41253754e+00 9.41857411e+01 -6.47499570e+00 -2.68631605e+01 1.00660737e+02 1.21048902e+02
1.58489319e+00 9.41857041e+01 -6.47486961e+00 -2.68631975e+01 1.00660574e+02 1.21048902e+02
1.77827941e+00 9.41856574e+01 -6.47471089e+00 -2.68632440e+01 1.00660368e+02 1.21048901e+02
1.99526231e+00 9.41855987e+01 -6.47451109e+00 -2.68633026e+01 1.00660110e+02 1.21048901e+02
2.23872114e+00 9.41855248e+01 -6.47425957e+00 -2.68633763e+01 1.00659784e+02 1.21048901e+02
2.51188643e+00 9.41854317e+01 -6.47394296e+00 -2.68634692e+01 1.00659375e+02 1.21048901e+02
2.81838293e+00 9.41853146e+01 -6.47354443e+00 -2.68635860e+01 1.00658859e+02 1.21048901e+02
3.16227766e+00 9.41851671e+01 -6.47304278e+00 -2.68637331e+01 1.00658210e+02 1.21048900e+02
3.54813389e+00 9.41849815e+01 -6.47241138e+00 -2.68639183e+01 1.00657393e+02 1.21048900e+02
3.98107171e+00 9.41847478e+01 -6.47161670e+00 -2.68641514e+01 1.00656364e+02 1.21048899e+02
4.46683592e+00 9.41844536e+01 -6.47061659e+00 -2.68644449e+01 1.00655070e+02 1.21048898e+02
5.01187234e+00 9.41840832e+01 -6.46935804e+00 -2.68648144e+01 1.00653441e+02 1.21048898e+02
5.62341325e+00 9.41836170e+01 -6.46777444e+00 -2.68652794e+01 1.00651391e+02 1.21048896e+02
6.30957344e+00 9.41830302e+01 -6.46578212e+00 -2.68658648e+01 1.00648812e+02 1.21048895e+02
7.07945784e+00 9.41822915e+01 -6.46327599e+00 -2.68666016e+01 1.00645568e+02 1.21048893e+02
7.94328235e+00 9.41813618e+01 -6.46012423e+00 -2.68675291e+01 1.00641486e+02 1.21048891e+02
8.91250938e+00 9.41801915e+01 -6.45616157e+00 -2.68686964e+01 1.00636353e+02 1.21048888e+02
1.00000000e+01 9.41787188e+01 -6.45118104e+00 -2.68701655e+01 1.00629900e+02 1.21048884e+02
1.12201845e+01 9.41768654e+01 -6.44492382e+00 -2.68720143e+01 1.00621789e+02 1.21048880e+02
1.25892541e+01 9.41745333e+01 -6.43706681e+00 -2.68743407e+01 1.00611600e+02 1.21048874e+02
1.41253754e+01 9.41715991e+01 -6.42720755e+00 -2.68772677e+01 1.00598807e+02 1.21048867e+02
1.58489319e+01 9.41679079e+01 -6.41484606e+00 -2.68809497e+01 1.00582754e+02 1.21048858e+02
1.77827941e+01 9.41632655e+01 -6.39936341e+00 -2.68855806e+01 1.00562629e+02 1.21048846e+02
1.99526231e+01 9.41574281e+01 -6.37999675e+00 -2.68914035e+01 1.00537425e+02 1.21048832e+02
2.23872114e+01 9.41500904e+01 -6.35581101e+00 -2.68987230e+01 1.00505901e+02 1.21048813e+02
2.51188643e+01 9.41408703e+01 -6.32566798e+00 -2.69079201e+01 1.00466538e+02 1.21048790e+02
2.81838293e+01 9.41292907e+01 -6.28819437e+00 -2.69194709e+01 1.00417485e+02 1.21048762e+02
3.16227766e+01 9.41147566e+01 -6.24175165e+00 -2.69339686e+01 1.00356508e+02 1.21048725e+02
3.54813389e+01 9.40965282e+01 -6.18441250e+00 -2.69521512e+01 1.00280941e+02 1.21048679e+02
3.98107171e+01 9.40736882e+01 -6.11395086e+00 -2.69749336e+01 1.00187639e+02 1.21048622e+02
4.46683592e+01 9.40451041e+01 -6.02785542e+00 -2.70034451e+01 1.00072960e+02 1.21048549e+02
5.01187234e+01 9.40093843e+01 -5.92337912e+00 -2.70390736e+01 9.99327635e+01 1.21048458e+02
5.62341325e+01 9.39648296e+01 -5.79763872e+00 -2.70835134e+01 9.97624683e+01 1.21048343e+02
6.30957344e+01 9.39093807e+01 -5.64777794e+00 -2.71388175e+01 9.95571586e+01 1.21048198e+02
7.07945784e+01 9.38405664e+01 -5.47120201e+00 -2.72074496e+01 9.93117684e+01 1.21048016e+02
7.94328235e+01 9.37554566e+01 -5.26588086e+00 -2.72923300e+01 9.90213375e+01 1.21047787e+02
8.91250938e+01 9.36506281e+01 -5.03069990e+00 -2.73968697e+01 9.86813280e+01 1.21047498e+02
1.00000000e+02 9.35221560e+01 -4.76581657e+00 -2.75249783e+01 9.82879726e+01 1.21047134e+02
1.12201845e+02 9.33656425e+01 -4.47296057e+00 -2.76810342e+01 9.78386031e+01 1.21046677e+02
1.25892541e+02 9.31763000e+01 -4.15560678e+00 -2.78698008e+01 9.73319067e+01 1.21046101e+02
1.41253754e+02 9.29491012e+01 -3.81895779e+00 -2.80962745e+01 9.67680590e+01 1.21045376e+02
1.58489319e+02 9.26790036e+01 -3.46970159e+00 -2.83654596e+01 9.61487052e+01 1.21044463e+02
1.77827941e+02 9.23612423e+01 -3.11555365e+00 -2.86820722e+01 9.54767960e+01 1.21043315e+02
1.99526231e+02 9.19916695e+01 -2.76463986e+00 -2.90501994e+01 9.47563094e+01 1.21041869e+02
2.23872114e+02 9.15670979e+01 -2.42481406e+00 -2.94729518e+01 9.39919120e+01 1.21040050e+02
2.51188643e+02 9.10855963e+01 -2.10301896e+00 -2.99521644e+01 9.31886152e+01 1.21037761e+02
2.81838293e+02 9.05466807e+01 -1.80478954e+00 -3.04881998e+01 9.23514702e+01 1.21034880e+02
3.16227766e+02 8.99513644e+01 -1.53396405e+00 -3.10798929e+01 9.14853285e+01 1.21031257e+02
3.54813389e+02 8.93020545e+01 -1.29262199e+00 -3.17246458e+01 9.05946765e+01 1.21026700e+02
3.98107171e+02 8.86023181e+01 -1.08122232e+00 -3.24186521e+01 8.96835405e+01 1.21020970e+02
4.46683592e+02 8.78565633e+01 -8.98883464e-01 -3.31572039e+01 8.87554467e+01 1.21013767e+02
5.01187234e+02 8.70696909e+01 -7.43733786e-01 -3.39350251e+01 8.78134246e+01 1.21004716e+02
5.62341325e+02 8.62467684e+01 -6.13267779e-01 -3.47465796e+01 8.68600362e+01 1.20993348e+02
6.30957344e+02 8.53927595e+01 -5.04661326e-01 -3.55863192e+01 8.58974209e+01 1.20979079e+02
7.07945784e+02 8.45123265e+01 -4.15021148e-01 -3.64488547e+01 8.49273476e+01 1.20961181e+02
7.94328235e+02 8.36097050e+01 -3.41562179e-01 -3.73290489e+01 8.39512671e+01 1.20938754e+02
8.91250938e+02 8.26886422e+01 -2.81719222e-01 -3.82220411e+01 8.29703614e+01 1.20910683e+02
1.00000000e+03 8.17523831e+01 -2.33205545e-01 -3.91232174e+01 8.19855886e+01 1.20875601e+02
1.12201845e+03 8.08036895e+01 -1.94032677e-01 -4.00281437e+01 8.09977222e+01 1.20831833e+02
1.25892541e+03 7.98448800e+01 -1.62504380e-01 -4.09324732e+01 8.00073844e+01 1.20777353e+02
1.41253754e+03 7.88778795e+01 -1.37195206e-01 -4.18318451e+01 7.90150747e+01 1.20709725e+02
1.58489319e+03 7.79042718e+01 -1.16921265e-01 -4.27217840e+01 7.80211931e+01 1.20626056e+02
1.77827941e+03 7.69253509e+01 -1.00708351e-01 -4.35976137e+01 7.70260592e+01 1.20522965e+02
1.99526231e+03 7.59421678e+01 -8.77606506e-02 -4.44543982e+01 7.60299284e+01 1.20396566e+02
2.23872114e+03 7.49555725e+01 -7.74318256e-02 -4.52869258e+01 7.50330043e+01 1.20242498e+02
2.51188643e+03 7.39662498e+01 -6.91993415e-02 -4.60897511e+01 7.40354491e+01 1.20056001e+02
2.81838293e+03 7.29747498e+01 -6.26422859e-02 -4.68573086e+01 7.30373921e+01 1.19832058e+02
3.16227766e+03 7.19815135e+01 -5.74225812e-02 -4.75841059e+01 7.20389361e+01 1.19565619e+02
3.54813389e+03 7.09868936e+01 -5.32693041e-02 -4.82649907e+01 7.10401629e+01 1.19251884e+02
3.98107171e+03 6.99911719e+01 -4.99657403e-02 -4.88954700e+01 7.00411376e+01 1.18886642e+02
4.46683592e+03 6.89945732e+01 -4.73387879e-02 -4.94720418e+01 6.90419120e+01 1.18466615e+02
5.01187234e+03 6.79972769e+01 -4.52503387e-02 -4.99924847e+01 6.80425273e+01 1.17989762e+02
5.62341325e+03 6.69994257e+01 -4.35903051e-02 -5.04560505e+01 6.70430160e+01 1.17455476e+02
6.30957344e+03 6.60011333e+01 -4.22709979e-02 -5.08635191e+01 6.60434043e+01 1.16864652e+02
7.07945784e+03 6.50024901e+01 -4.12226104e-02 -5.12171009e+01 6.50437127e+01 1.16219591e+02
7.94328235e+03 6.40035682e+01 -4.03895969e-02 -5.15202078e+01 6.40439578e+01 1.15523776e+02
8.91250938e+03 6.30044246e+01 -3.97277763e-02 -5.17771346e+01 6.30441524e+01 1.14781559e+02
1.00000000e+04 6.20051050e+01 -3.92020179e-02 -5.19927090e+01 6.20443070e+01 1.13997814e+02
1.12201845e+04 6.10056454e+01 -3.87843947e-02 -5.21719587e+01 6.10444298e+01 1.13177604e+02
1.25892541e+04 6.00060747e+01 -3.84527120e-02 -5.23198344e+01 6.00445274e+01 1.12325909e+02
1.41253754e+04 5.90064155e+01 -3.81893352e-02 -5.24410040e+01 5.90446049e+01 1.11447420e+02
1.58489319e+04 5.80066862e+01 -3.79802564e-02 -5.25397210e+01 5.80446664e+01 1.10546407e+02
1.77827941e+04 5.70069010e+01 -3.78143528e-02 -5.26197564e+01 5.70447153e+01 1.09626657e+02
1.99526231e+04 5.60070714e+01 -3.76827966e-02 -5.26843812e+01 5.60447542e+01 1.08691453e+02
2.23872114e+04 5.50072064e+01 -3.75785866e-02 -5.27363825e+01 5.50447850e+01 1.07743589e+02
2.51188643e+04 5.40073133e+01 -3.74961759e-02 -5.27781013e+01 5.40448095e+01 1.06785415e+02
2.81838293e+04 5.30073978e+01 -3.74311778e-02 -5.28114809e+01 5.30448289e+01 1.05818879e+02
3.16227766e+04 5.20074642e+01 -3.73801320e-02 -5.28381191e+01 5.20448444e+01 1.04845583e+02
3.54813389e+04 5.10075163e+01 -3.73403208e-02 -5.28593189e+01 5.10448566e+01 1.03866835e+02
3.98107171e+04 5.00075567e+01 -3.73096246e-02 -5.28761351e+01 5.00448663e+01 1.02883692e+02
4.46683592e+04 4.90075876e+01 -3.72864090e-02 -5.28894161e+01 4.90448741e+01 1.01897004e+02
5.01187234e+04 4.80076107e+01 -3.72694379e-02 -5.28998389e+01 4.80448802e+01 1.00907450e+02
5.62341325e+04 4.70076272e+01 -3.72578075e-02 -5.29079394e+01 4.70448850e+01 9.99155666e+01
6.30957344e+04 4.60076379e+01 -3.72508987e-02 -5.29141370e+01 4.60448888e+01 9.89217748e+01
7.07945784e+04 4.50076434e+01 -3.72483434e-02 -5.29187540e+01 4.50448917e+01 9.79263974e+01
7.94328235e+04 4.40076440e+01 -3.72500057e-02 -5.29220315e+01 4.40448940e+01 9.69296755e+01
8.91250938e+04 4.30076398e+01 -3.72559741e-02 -5.29241412e+01 4.30448958e+01 9.59317811e+01
1.00000000e+05 4.20076305e+01 -3.72665665e-02 -5.29251938e+01 4.20448971e+01 9.49328244e+01
1.12201845e+05 4.10076157e+01 -3.72823467e-02 -5.29252446e+01 4.10448980e+01 9.39328603e+01
1.25892541e+05 4.00075945e+01 -3.73041553e-02 -5.29242962e+01 4.00448987e+01 9.29318907e+01
1.41253754e+05 3.90075658e+01 -3.73331533e-02 -5.29222989e+01 3.90448990e+01 9.19298647e+01
1.58489319e+05 3.80075281e+01 -3.73708850e-02 -5.29191479e+01 3.80448990e+01 9.09266760e+01
1.77827941e+05 3.70074794e+01 -3.74193594e-02 -5.29146781e+01 3.70448988e+01 8.99221575e+01
1.99526231e+05 3.60074171e+01 -3.74811575e-02 -5.29086563e+01 3.60448982e+01 8.89160734e+01
2.23872114e+05 3.50073378e+01 -3.75595696e-02 -5.29007691e+01 3.50448974e+01 8.79081069e+01
2.51188643e+05 3.40072374e+01 -3.76587703e-02 -5.28906084e+01 3.40448961e+01 8.68978457e+01
2.81838293e+05 3.30071105e+01 -3.77840408e-02 -5.28776516e+01 3.30448945e+01 8.58847620e+01
3.16227766e+05 3.20069503e+01 -3.79420496e-02 -5.28612380e+01 3.20448923e+01 8.48681883e+01
3.54813389e+05 3.10067483e+01 -3.81412069e-02 -5.28405397e+01 3.10448895e+01 8.38472880e+01
3.98107171e+05 3.00064938e+01 -3.83921119e-02 -5.28145266e+01 3.00448860e+01 8.28210204e+01
4.46683592e+05 2.90061733e+01 -3.87081154e-02 -5.27819260e+01 2.90448814e+01 8.17880993e+01
5.01187234e+05 2.80057696e+01 -3.91060292e-02 -5.27411770e+01 2.80448756e+01 8.07469466e+01
5.62341325e+05 2.70052613e+01 -3.96070165e-02 -5.26903808e+01 2.70448683e+01 7.96956421e+01
6.30957344e+05 2.60046214e+01 -4.02377146e-02 -5.26272500e+01 2.60448591e+01 7.86318715e+01
7.07945784e+05 2.50038159e+01 -4.10316434e-02 -5.25490611e+01 2.50448475e+01 7.75528770e+01
7.94328235e+05 2.40028019e+01 -4.20309759e-02 -5.24526180e+01 2.40448329e+01 7.64554200e+01
8.91250938e+05 2.30015257e+01 -4.32887622e-02 -5.23342357e+01 2.30448145e+01 7.53357615e+01
1.00000000e+06 2.19999196e+01 -4.48717171e-02 -5.21897601e+01 2.20447913e+01 7.41896797e+01
1.12201845e+06 2.09978984e+01 -4.68637163e-02 -5.20146349e+01 2.10447621e+01 7.30125333e+01
1.25892541e+06 1.99953552e+01 -4.93701725e-02 -5.18040353e+01 2.00447254e+01 7.17993905e+01
1.41253754e+06 1.89921556e+01 -5.25235057e-02 -5.15530738e+01 1.90446791e+01 7.05452294e+01
1.58489319e+06 1.79881308e+01 -5.64899687e-02 -5.12570819e+01 1.80446208e+01 6.92452127e+01
1.77827941e+06 1.69830693e+01 -6.14781432e-02 -5.09119489e+01 1.70445474e+01 6.78950181e+01
1.99526231e+06 1.59767056e+01 -6.77494858e-02 -5.05144841e+01 1.60444551e+01 6.64911897e+01
2.23872114e+06 1.49687074e+01 -7.56313635e-02 -5.00627528e+01 1.50443388e+01 6.50314602e+01
2.51188643e+06 1.39586593e+01 -8.55330963e-02 -4.95563290e+01 1.40441924e+01 6.35149884e+01
2.81838293e+06 1.29460426e+01 -9.79655692e-02 -4.89964229e+01 1.30440082e+01 6.19424655e+01
3.16227766e+06 1.19302113e+01 -1.13565025e-01 -4.83858605e+01 1.20437763e+01 6.03160718e+01
3.54813389e+06 1.09103628e+01 -1.33121619e-01 -4.77289289e+01 1.10434844e+01 5.86392918e+01
3.98107171e+06 9.88550385e+00 -1.57613244e-01 -4.70311274e+01 1.00431171e+01 5.69166313e+01
4.46683592e+06 8.85440992e+00 -1.88244844e-01 -4.62988792e+01 9.04265477e+00 5.51532891e+01
5.01187234e+06 7.81557993e+00 -2.26493040e-01 -4.55392576e+01 8.04207297e+00 5.33548375e+01
5.62341325e+06 6.76718587e+00 -2.74155034e-01 -4.47597679e+01 7.04134090e+00 5.15269538e+01
6.30957344e+06 5.70702029e+00 -3.33399587e-01 -4.39682038e+01 6.04041987e+00 4.96752241e+01
7.07945784e+06 4.63244522e+00 -4.06816084e-01 -4.31725808e+01 5.03926130e+00 4.78050260e+01
7.94328235e+06 3.54034889e+00 -4.97455345e-01 -4.23811313e+01 4.03780423e+00 4.59214802e+01
8.91250938e+06 2.42711923e+00 -6.08853002e-01 -4.16023391e+01 3.03597223e+00 4.40294583e+01
1.00000000e+07 1.28864625e+00 -7.45023350e-01 -4.08449811e+01 2.03366960e+00 4.21336273e+01
1.12201845e+07 1.20367209e-01 -9.10409418e-01 -4.01181449e+01 1.03077663e+00 4.02385121e+01
1.25892541e+07 -1.08263101e+00 -1.10977488e+00 -3.94311896e+01 2.71438719e-02 3.83485586e+01
1.41253754e+07 -2.32544198e+00 -1.34802715e+00 -3.87936203e+01 -9.77414830e-01 3.64681783e+01
1.58489319e+07 -3.61310077e+00 -1.62997001e+00 -3.82148562e+01 -1.98313075e+00 3.46017555e+01
1.77827941e+07 -4.95028864e+00 -1.95999845e+00 -3.77038861e+01 -2.99029018e+00 3.27535975e+01
1.99526231e+07 -6.34101231e+00 -2.34176637e+00 -3.72688218e+01 -3.99924595e+00 3.09278095e+01
2.23872114e+07 -7.78830374e+00 -2.77787338e+00 -3.69163822e+01 -5.01043036e+00 2.91280784e+01
2.51188643e+07 -9.29399322e+00 -3.26962392e+00 -3.66513549e+01 -6.02436930e+00 2.73573617e+01
2.81838293e+07 -1.08586005e+01 -3.81690400e+00 -3.64760906e+01 -7.04169649e+00 2.56174901e+01
3.16227766e+07 -1.24813650e+01 -4.41819867e+00 -3.63900820e+01 -8.06316633e+00 2.39087170e+01
3.54813389e+07 -1.41604055e+01 -5.07074264e+00 -3.63896742e+01 -9.08966284e+00 2.22292687e+01
3.98107171e+07 -1.58929698e+01 -5.77076947e+00 -3.64679383e+01 -1.01222003e+01 2.05749685e+01
4.46683592e+07 -1.76757199e+01 -6.51380975e+00 -3.66147383e+01 -1.11619101e+01 1.89390184e+01
5.01187234e+07 -1.95049949e+01 -7.29498996e+00 -3.68170164e+01 -1.22100049e+01 1.73120215e+01
5.62341325e+07 -2.13770072e+01 -8.10929585e+00 -3.70593270e+01 -1.32677114e+01 1.56823197e+01
6.30957344e+07 -2.32879400e+01 -8.95178141e+00 -3.73246455e+01 -1.43361586e+01 1.40367055e+01
7.07945784e+07 -2.52339326e+01 -9.81771845e+00 -3.75954687e+01 -1.54162141e+01 1.23615362e+01
7.94328235e+07 -2.72109524e+01 -1.07026911e+01 -3.78551700e+01 -1.65082612e+01 1.06442176e+01
8.91250938e+07 -2.92145684e+01 -1.16026441e+01 -3.80894848e+01 -1.76119243e+01 8.87491645e+00
1.00000000e+08 -3.12396574e+01 -1.25138941e+01 -3.82878821e+01 -1.87257633e+01 7.04822468e+00
1.12201845e+08 -3.32800957e+01 -1.34331145e+01 -3.84444978e+01 -1.98469813e+01 5.16440207e+00
1.25892541e+08 -3.53285047e+01 -1.43573013e+01 -3.85583534e+01 -2.09712034e+01 3.22984867e+00
1.41253754e+08 -3.73761295e+01 -1.52837315e+01 -3.86327725e+01 -2.20923980e+01 1.25664304e+00
1.58489319e+08 -3.94129163e+01 -1.62099216e+01 -3.86741693e+01 -2.32029947e+01 -7.38747059e-01
1.77827941e+08 -4.14278230e+01 -1.71335974e+01 -3.86905677e+01 -2.42942256e+01 -2.73725528e+00
1.99526231e+08 -4.34093458e+01 -1.80526815e+01 -3.86902341e+01 -2.53566643e+01 -4.71911174e+00
2.23872114e+08 -4.53461934e+01 -1.89653003e+01 -3.86806744e+01 -2.63808931e+01 -6.66551901e+00
2.51188643e+08 -4.72280006e+01 -1.98698064e+01 -3.86680768e+01 -2.73581942e+01 -8.55992376e+00
2.81838293e+08 -4.90459635e+01 -2.07647985e+01 -3.86571365e+01 -2.82811649e+01 -1.03888270e+01
3.16227766e+08 -5.07932980e+01 -2.16491175e+01 -3.86511384e+01 -2.91441805e+01 -1.21421596e+01
3.54813389e+08 -5.24654647e+01 -2.25217918e+01 -3.86521718e+01 -2.99436729e+01 -1.38132930e+01
3.98107171e+08 -5.40601506e+01 -2.33819170e+01 -3.86613796e+01 -3.06782336e+01 -1.53987709e+01
4.46683592e+08 -5.55770396e+01 -2.42284669e+01 -3.86791856e+01 -3.13485728e+01 -1.68978541e+01
5.01187234e+08 -5.70174329e+01 -2.50600628e+01 -3.87054714e+01 -3.19573701e+01 -1.83119615e+01
5.62341325e+08 -5.83837841e+01 -2.58747433e+01 -3.87397007e+01 -3.25090408e+01 -1.96440834e+01
6.30957344e+08 -5.96792129e+01 -2.66697880e+01 -3.87809964e+01 -3.30094250e+01 -2.08982165e+01
7.07945784e+08 -6.09070430e+01 -2.74416423e+01 -3.88281914e+01 -3.34654008e+01 -2.20788517e+01
7.94328235e+08 -6.20703969e+01 -2.81859736e+01 -3.88798733e+01 -3.38844233e+01 -2.31905236e+01
8.91250938e+08 -6.31718688e+01 -2.88978638e+01 -3.89344463e+01 -3.42740050e+01 -2.42374225e+01
1.00000000e+09 -6.42132928e+01 -2.95721231e+01 -3.89902213e+01 -3.46411697e+01 -2.52230716e+01
