# freq_hz Ad_dB Avdd_dB Avss_dB PSRRplus_dB PSRRminus_dB (Asupply clamped at the floor)
1.00000000e-01 9.48990527e+01 -6.48071439e+00 -4.07619040e+01 1.01379767e+02 1.35660957e+02
1.12201845e-01 9.48990525e+01 -6.48071365e+00 -4.07619042e+01 1.01379766e+02 1.35660957e+02
1.25892541e-01 9.48990522e+01 -6.48071271e+00 -4.07619045e+01 1.01379765e+02 1.35660957e+02
1.41253754e-01 9.48990519e+01 -6.48071154e+00 -4.07619048e+01 1.01379763e+02 1.35660957e+02
1.58489319e-01 9.48990514e+01 -6.48071006e+00 -4.07619052e+01 1.01379761e+02 1.35660957e+02
1.77827941e-01 9.48990509e+01 -6.48070819e+00 -4.07619057e+01 1.01379759e+02 1.35660957e+02
1.99526231e-01 9.48990502e+01 -6.48070585e+00 -4.07619064e+01 1.01379756e+02 1.35660957e+02
2.23872114e-01 9.48990493e+01 -6.48070289e+00 -4.07619072e+01 1.01379752e+02 1.35660956e+02
2.51188643e-01 9.48990482e+01 -6.48069918e+00 -4.07619082e+01 1.01379747e+02 1.35660956e+02
2.81838293e-01 9.48990469e+01 -6.48069450e+00 -4.07619095e+01 1.01379741e+02 1.35660956e+02
3.16227766e-01 9.48990451e+01 -6.48068860e+00 -4.07619111e+01 1.01379734e+02 1.35660956e+02
3.54813389e-01 9.48990430e+01 -6.48068119e+00 -4.07619132e+01 1.01379724e+02 1.35660956e+02
3.98107171e-01 9.48990402e+01 -6.48067185e+00 -4.07619158e+01 1.01379712e+02 1.35660956e+02
4.46683592e-01 9.48990368e+01 -6.48066009e+00 -4.07619190e+01 1.01379697e+02 1.35660956e+02
5.01187234e-01 9.48990324e+01 -6.48064529e+00 -4.07619231e+01 1.01379678e+02 1.35660956e+02
5.62341325e-01 9.48990270e+01 -6.48062666e+00 -4.07619282e+01 1.01379654e+02 1.35660955e+02
6.30957344e-01 9.48990201e+01 -6.48060320e+00 -4.07619347e+01 1.01379623e+02 1.35660955e+02
7.07945784e-01 9.48990114e+01 -6.48057367e+00 -4.07619429e+01 1.01379585e+02 1.35660954e+02
7.94328235e-01 9.48990005e+01 -6.48053649e+00 -4.07619532e+01 1.01379537e+02 1.35660954e+02
8.91250938e-01 9.48989868e+01 -6.48048969e+00 -4.07619661e+01 1.01379476e+02 1.35660953e+02
1.00000000e+00 9.48989695e+01 -6.48043077e+00 -4.07619824e+01 1.01379400e+02 1.35660952e+02
1.12201845e+00 9.48989478e+01 -6.48035659e+00 -4.07620029e+01 1.01379304e+02 1.35660951e+02
1.25892541e+00 9.48989204e+01 -6.48026322e+00 -4.07620287e+01 1.01379184e+02 1.35660949e+02
1.41253754e+00 9.48988859e+01 -6.48014567e+00 -4.07620612e+01 1.01379032e+02 1.35660947e+02
1.58489319e+00 9.48988425e+01 -6.47999769e+00 -4.07621020e+01 1.01378840e+02 1.35660945e+02
1.77827941e+00 9.48987879e+01 -6.47981140e+00 -4.07621535e+01 1.01378599e+02 1.35660941e+02
1.99526231e+00 9.48987191e+01 -6.47957691e+00 -4.07622183e+01 1.01378296e+02 1.35660937e+02
2.23872114e+00 9.48986325e+01 -6.47928172e+00 -4.07622999e+01 1.01377914e+02 1.35660932e+02
2.51188643e+00 9.48985235e+01 -6.47891014e+00 -4.07624026e+01 1.01377434e+02 1.35660926e+02
2.81838293e+00 9.48983862e+01 -6.47844243e+00 -4.07625319e+01 1.01376829e+02 1.35660918e+02
3.16227766e+00 9.48982135e+01 -6.47785373e+00 -4.07626947e+01 1.01376067e+02 1.35660908e+02
3.54813389e+00 9.48979960e+01 -6.47711278e+00 -4.07628996e+01 1.01375109e+02 1.35660896e+02
3.98107171e+00 9.48977222e+01 -6.47618026e+00 -4.07631576e+01 1.01373902e+02 1.35660880e+02
4.46683592e+00 9.48973775e+01 -6.47500674e+00 -4.07634823e+01 1.01372384e+02 1.35660860e+02
5.01187234e+00 9.48969437e+01 -6.47353009e+00 -4.07638911e+01 1.01370474e+02 1.35660835e+02
5.62341325e+00 9.48963976e+01 -6.47167222e+00 -4.07644056e+01 1.01368070e+02 1.35660803e+02
6.30957344e+00 9.48957101e+01 -6.46933509e+00 -4.07650533e+01 1.01365045e+02 1.35660763e+02
7.07945784e+00 9.48948449e+01 -6.46639567e+00 -4.07658685e+01 1.01361241e+02 1.35660713e+02
7.94328235e+00 9.48937558e+01 -6.46269964e+00 -4.07668945e+01 1.01356455e+02 1.35660650e+02
8.91250938e+00 9.48923851e+01 -6.45805372e+00 -4.07681859e+01 1.01350439e+02 1.35660571e+02
1.00000000e+01 9.48906602e+01 -6.45221606e+00 -4.07698109e+01 1.01342876e+02 1.35660471e+02
1.12201845e+01 9.48884896e+01 -6.44488460e+00 -4.07718558e+01 1.01333374e+02 1.35660345e+02
1.25892541e+01 9.48857585e+01 -6.43568278e+00 -4.07744286e+01 1.01321441e+02 1.35660187e+02
1.41253754e+01 9.48823227e+01 -6.42414241e+00 -4.07776652e+01 1.01306465e+02 1.35659988e+02
1.58489319e+01 9.48780012e+01 -6.40968323e+00 -4.07817359e+01 1.01287684e+02 1.35659737e+02
1.77827941e+01 9.48725668e+01 -6.39158898e+00 -4.07868546e+01 1.01264156e+02 1.35659421e+02
1.99526231e+01 9.48657349e+01 -6.36898012e+00 -4.07932889e+01 1.01234715e+02 1.35659024e+02
2.23872114e+01 9.48571494e+01 -6.34078355e+00 -4.08013741e+01 1.01197933e+02 1.35658524e+02
2.51188643e+01 9.48463649e+01 -6.30570069e+00 -4.08115288e+01 1.01152066e+02 1.35657894e+02
2.81838293e+01 9.48328260e+01 -6.26217641e+00 -4.08242749e+01 1.01095002e+02 1.35657101e+02
3.16227766e+01 9.48158414e+01 -6.20837274e+00 -4.08402618e+01 1.01024214e+02 1.35656103e+02
3.54813389e+01 9.47945530e+01 -6.14215383e+00 -4.08602943e+01 1.00936707e+02 1.35654847e+02
3.98107171e+01 9.47679000e+01 -6.06109101e+00 -4.08853668e+01 1.00828991e+02 1.35653267e+02
4.46683592e+01 9.47345769e+01 -5.96249976e+00 -4.09167011e+01 1.00697077e+02 1.35651278e+02
5.01187234e+01 9.46929858e+01 -5.84352242e+00 -4.09557895e+01 1.00536508e+02 1.35648775e+02
5.62341325e+01 9.46411859e+01 -5.70127058e+00 -4.10044410e+01 1.00342456e+02 1.35645627e+02
6.30957344e+01 9.45768400e+01 -5.53303754e+00 -4.10648263e+01 1.00109878e+02 1.35641666e+02
7.07945784e+01 9.44971658e+01 -5.33658168e+00 -4.11395197e+01 9.98337475e+01 1.35636686e+02
7.94328235e+01 9.43988967e+01 -5.11046631e+00 -4.12315264e+01 9.95093630e+01 1.35630423e+02
8.91250938e+01 9.42782633e+01 -4.85442036e+00 -4.13442887e+01 9.91326837e+01 1.35622552e+02
1.00000000e+02 9.41310096e+01 -4.56966352e+00 -4.14816536e+01 9.87006732e+01 1.35612663e+02
1.12201845e+02 9.39524571e+01 -4.25912599e+00 -4.16477888e+01 9.82115830e+01 1.35600246e+02
1.25892541e+02 9.37376327e+01 -3.92749509e+00 -4.18470309e+01 9.76651278e+01 1.35584664e+02
1.41253754e+02 9.34814702e+01 -3.58104352e+00 -4.20836557e+01 9.70625137e+01 1.35565126e+02
1.58489319e+02 9.31790831e+01 -3.22723395e+00 -4.23615706e+01 9.64063170e+01 1.35540654e+02
1.77827941e+02 9.28260929e+01 -2.87414244e+00 -4.26839468e+01 9.57002353e+01 1.35510040e+02
1.99526231e+02 9.24189772e+01 -2.52978453e+00 -4.30528263e+01 9.49487617e+01 1.35471803e+02
2.23872114e+02 9.19553858e+01 -2.20145109e+00 -4.34687548e+01 9.41568369e+01 1.35424141e+02
2.51188643e+02 9.14343702e+01 -1.89515846e+00 -4.39305008e+01 9.33295286e+01 1.35364871e+02
2.81838293e+02 9.08564797e+01 -1.61529076e+00 -4.44349073e+01 9.24717705e+01 1.35291387e+02
3.16227766e+02 9.02237058e+01 -1.36446819e+00 -4.49769039e+01 9.15881740e+01 1.35200610e+02
3.54813389e+02 8.95392845e+01 -1.14362829e+00 -4.55496771e+01 9.06829128e+01 1.35088962e+02
3.98107171e+02 8.88073981e+01 -9.52269469e-01 -4.61449690e+01 8.97596675e+01 1.34952367e+02
4.46683592e+02 8.80328304e+01 -7.88787254e-01 -4.67534664e+01 8.88216177e+01 1.34786297e+02
5.01187234e+02 8.72206292e+01 -6.50834846e-01 -4.73652413e+01 8.78714641e+01 1.34585871e+02
5.62341325e+02 8.63758153e+01 -5.35654950e-01 -4.79702135e+01 8.69114703e+01 1.34346029e+02
6.30957344e+02 8.55031618e+01 -4.40351248e-01 -4.85586187e+01 8.59435130e+01 1.34061780e+02
7.07945784e+02 8.46070470e+01 -3.62088078e-01 -4.91214656e+01 8.49691351e+01 1.33728513e+02
7.94328235e+02 8.36913742e+01 -2.98221427e-01 -4.96509631e+01 8.39895957e+01 1.33342337e+02
8.91250938e+02 8.27595445e+01 -2.46372538e-01 -5.01408808e+01 8.30059170e+01 1.32900425e+02
1.00000000e+03 8.18144671e+01 -2.04458309e-01 -5.05868082e+01 8.20189254e+01 1.32401275e+02
1.12201845e+03 8.08585942e+01 -1.70692046e-01 -5.09862707e+01 8.10292862e+01 1.31844865e+02
1.25892541e+03 7.98939679e+01 -1.43565855e-01 -5.13386853e+01 8.00375337e+01 1.31232653e+02
1.41253754e+03 7.89222730e+01 -1.21823154e-01 -5.16451605e+01 7.90440961e+01 1.30567434e+02
1.58489319e+03 7.79448887e+01 -1.04427179e-01 -5.19081785e+01 7.80493159e+01 1.29853067e+02
1.77827941e+03 7.69629374e+01 -9.05292343e-02 -5.21312135e+01 7.70534666e+01 1.29094151e+02
1.99526231e+03 7.59773276e+01 -7.94388905e-02 -5.23183415e+01 7.60567665e+01 1.28295669e+02
2.23872114e+03 7.49887922e+01 -7.05972308e-02 -5.24738907e+01 7.50593894e+01 1.27462683e+02
2.51188643e+03 7.39979205e+01 -6.35535670e-02 -5.26021604e+01 7.40614740e+01 1.26600081e+02
2.81838293e+03 7.30051850e+01 -5.79456061e-02 -5.27072194e+01 7.30631306e+01 1.25712404e+02
3.16227766e+03 7.20109641e+01 -5.34828283e-02 -5.27927792e+01 7.20644469e+01 1.24803743e+02
3.54813389e+03 7.10155601e+01 -4.99327230e-02 -5.28621298e+01 7.10654928e+01 1.23877690e+02
3.98107171e+03 7.00192142e+01 -4.71094936e-02 -5.29181232e+01 7.00663237e+01 1.22937337e+02
4.46683592e+03 6.90221190e+01 -4.48648549e-02 -5.29631879e+01 6.90669839e+01 1.21985307e+02
5.01187234e+03 6.80244278e+01 -4.30805758e-02 -5.29993623e+01 6.80675084e+01 1.21023790e+02
5.62341325e+03 6.70262625e+01 -4.16624609e-02 -5.30283388e+01 6.70679250e+01 1.20054601e+02
6.30957344e+03 6.60277204e+01 -4.05355113e-02 -5.30515094e+01 6.60682560e+01 1.19079230e+02
7.07945784e+03 6.50288788e+01 -3.96400416e-02 -5.30700111e+01 6.50685189e+01 1.18098890e+02
7.94328235e+03 6.40297992e+01 -3.89285725e-02 -5.30847672e+01 6.40687277e+01 1.17114566e+02
8.91250938e+03 6.30305303e+01 -3.83633469e-02 -5.30965238e+01 6.30688936e+01 1.16127054e+02
1.00000000e+04 6.20311111e+01 -3.79143471e-02 -5.31058819e+01 6.20690254e+01 1.15136993e+02
1.12201845e+04 6.10315724e+01 -3.75577146e-02 -5.31133238e+01 6.10691301e+01 1.14144896e+02
1.25892541e+04 6.00319388e+01 -3.72744904e-02 -5.31192356e+01 6.00692133e+01 1.13151174e+02
1.41253754e+04 5.90322297e+01 -3.70496126e-02 -5.31239257e+01 5.90692793e+01 1.12156155e+02
1.58489319e+04 5.80324606e+01 -3.68711187e-02 -5.31276399e+01 5.80693318e+01 1.11160101e+02
1.77827941e+04 5.70326439e+01 -3.67295116e-02 -5.31305733e+01 5.70693734e+01 1.10163217e+02
1.99526231e+04 5.60327893e+01 -3.66172555e-02 -5.31328804e+01 5.60694065e+01 1.09165670e+02
2.23872114e+04 5.50329044e+01 -3.65283755e-02 -5.31346833e+01 5.50694328e+01 1.08167588e+02
2.51188643e+04 5.40329956e+01 -3.64581406e-02 -5.31360771e+01 5.40694537e+01 1.07169073e+02
2.81838293e+04 5.30330675e+01 -3.64028118e-02 -5.31371357e+01 5.30694703e+01 1.06170203e+02
3.16227766e+04 5.20331240e+01 -3.63594435e-02 -5.31379152e+01 5.20694834e+01 1.05171039e+02
3.54813389e+04 5.10331681e+01 -3.63257268e-02 -5.31384571e+01 5.10694939e+01 1.04171625e+02
3.98107171e+04 5.00332023e+01 -3.62998663e-02 -5.31387899e+01 5.00695022e+01 1.03171992e+02
4.46683592e+04 4.90332282e+01 -3.62804851e-02 -5.31389315e+01 4.90695087e+01 1.02172160e+02
5.01187234e+04 4.80332473e+01 -3.62665513e-02 -5.31388894e+01 4.80695139e+01 1.01172137e+02
5.62341325e+04 4.70332607e+01 -3.62573229e-02 -5.31386612e+01 4.70695180e+01 1.00171922e+02
6.30957344e+04 4.60332689e+01 -3.62523085e-02 -5.31382349e+01 4.60695212e+01 9.91715038e+01
7.07945784e+04 4.50332725e+01 -3.62512412e-02 -5.31375878e+01 4.50695237e+01 9.81708603e+01
7.94328235e+04 4.40332716e+01 -3.62540639e-02 -5.31366856e+01 4.40695257e+01 9.71699572e+01
8.91250938e+04 4.30332662e+01 -3.62609272e-02 -5.31354804e+01 4.30695271e+01 9.61687466e+01
1.00000000e+05 4.20332560e+01 -3.62721964e-02 -5.31339084e+01 4.20695282e+01 9.51671644e+01
1.12201845e+05 4.10332405e+01 -3.62884716e-02 -5.31318862e+01 4.10695290e+01 9.41651267e+01
1.25892541e+05 4.00332188e+01 -3.63106196e-02 -5.31293069e+01 4.00695295e+01 9.31625258e+01
1.41253754e+05 3.90331898e+01 -3.63398196e-02 -5.31260344e+01 3.90695297e+01 9.21592242e+01
1.58489319e+05 3.80331520e+01 -3.63776265e-02 -5.31218962e+01 3.80695296e+01 9.11550482e+01
1.77827941e+05 3.70331032e+01 -3.64260534e-02 -5.31166748e+01 3.70695293e+01 9.01497780e+01
1.99526231e+05 3.60330410e+01 -3.64876788e-02 -5.31100968e+01 3.60695287e+01 8.91431378e+01
2.23872114e+05 3.50329620e+01 -3.65657838e-02 -5.31018191e+01 3.50695278e+01 8.81347811e+01
2.51188643e+05 3.40328620e+01 -3.66645267e-02 -5.30914124e+01 3.40695266e+01 8.71242744e+01
2.81838293e+05 3.30327357e+01 -3.67891644e-02 -5.30783405e+01 3.30695249e+01 8.61110762e+01
3.16227766e+05 3.20325764e+01 -3.69463314e-02 -5.30619356e+01 3.20695227e+01 8.50945120e+01
3.54813389e+05 3.10323755e+01 -3.71443933e-02 -5.30413690e+01 3.10695199e+01 8.40737445e+01
3.98107171e+05 3.00321225e+01 -3.73938911e-02 -5.30156149e+01 3.00695164e+01 8.30477374e+01
4.46683592e+05 2.90318037e+01 -3.77081011e-02 -5.29834112e+01 2.90695118e+01 8.20152149e+01
5.01187234e+05 2.80314023e+01 -3.81037390e-02 -5.29432124e+01 2.80695061e+01 8.09746148e+01
5.62341325e+05 2.70308970e+01 -3.86018480e-02 -5.28931407e+01 2.70694988e+01 7.99240377e+01
6.30957344e+05 2.60302608e+01 -3.92289121e-02 -5.28309345e+01 2.60694897e+01 7.88611952e+01
7.07945784e+05 2.50294599e+01 -4.00182585e-02 -5.27539001e+01 2.50694781e+01 7.77833600e+01
7.94328235e+05 2.40284518e+01 -4.10118179e-02 -5.26588745e+01 2.40694636e+01 7.66873263e+01
8.91250938e+05 2.30271830e+01 -4.22623344e-02 -5.25422067e+01 2.30694453e+01 7.55693896e+01
1.00000000e+06 2.20255861e+01 -4.38361393e-02 -5.23997741e+01 2.20694223e+01 7.44253603e+01
1.12201845e+06 2.10235766e+01 -4.58166261e-02 -5.22270461e+01 2.10693932e+01 7.32506228e+01
1.25892541e+06 2.00210481e+01 -4.83086026e-02 -5.20192117e+01 2.00693567e+01 7.20402598e+01
1.41253754e+06 1.90178670e+01 -5.14437306e-02 -5.17713806e+01 1.90693107e+01 7.07892475e+01
1.58489319e+06 1.80138655e+01 -5.53873139e-02 -5.14788589e+01 1.80692528e+01 6.94927244e+01
1.77827941e+06 1.70088331e+01 -6.03467479e-02 -5.11374861e+01 1.70691799e+01 6.81463192e+01
1.99526231e+06 1.60025061e+01 -6.65820089e-02 -5.07439962e+01 1.60690881e+01 6.67465023e+01
2.23872114e+06 1.49945539e+01 -7.44186229e-02 -5.02963579e+01 1.50689726e+01 6.52909118e+01
2.51188643e+06 1.39845635e+01 -8.42636250e-02 -4.97940353e+01 1.40688271e+01 6.37785988e+01
2.81838293e+06 1.29720190e+01 -9.66250771e-02 -4.92381260e+01 1.30686440e+01 6.22101450e+01
3.16227766e+06 1.19562778e+01 -1.12135749e-01 -4.86313517e+01 1.20684136e+01 6.05876295e+01
3.54813389e+06 1.09365420e+01 -1.31581555e-01 -4.79779122e+01 1.10681235e+01 5.89144542e+01
3.98107171e+06 9.91182324e+00 -1.55935239e-01 -4.72832424e+01 1.00677585e+01 5.71950657e+01
4.46683592e+06 8.88090346e+00 -1.86395574e-01 -4.65537252e+01 9.06729904e+00 5.54346287e+01
5.01187234e+06 7.84228900e+00 -2.24431863e-01 -4.57964156e+01 8.06672087e+00 5.36387046e+01
5.62341325e+06 6.79416057e+00 -2.71832789e-01 -4.50188177e+01 7.06599336e+00 5.18129783e+01
6.30957344e+06 5.73432066e+00 -3.30757412e-01 -4.42287362e+01 6.06507807e+00 4.99630569e+01
7.07945784e+06 4.66014231e+00 -4.03784398e-01 -4.34342041e+01 5.06392671e+00 4.80943464e+01
7.94328235e+06 3.56852550e+00 -4.93953204e-01 -4.26434742e+01 4.06247870e+00 4.62119997e+01
8.91250938e+06 2.45586998e+00 -6.04788116e-01 -4.18650500e+01 3.06065809e+00 4.43209199e+01
1.00000000e+07 1.31807662e+00 -7.40293134e-01 -4.11077264e+01 2.05836975e+00 4.24258030e+01
1.12201845e+07 1.50591257e-01 -9.04903449e-01 -4.03806074e+01 1.05549471e+00 4.05311986e+01
1.25892541e+07 -1.05149469e+00 -1.10337912e+00 -3.96930675e+01 5.18844218e-02 3.86415728e+01
1.41253754e+07 -2.29327623e+00 -1.34063008e+00 -3.90546283e+01 -9.52646154e-01 3.67613520e+01
1.58489319e+07 -3.57979742e+00 -1.62147050e+00 -3.84747282e+01 -1.95832692e+00 3.48949308e+01
1.77827941e+07 -4.91575724e+00 -1.95031473e+00 -3.79623795e+01 -2.96544250e+00 3.30466222e+01
1.99526231e+07 -6.30518864e+00 -2.33084494e+00 -3.75257223e+01 -3.97434370e+00 3.12205336e+01
2.23872114e+07 -7.75115677e+00 -2.76569634e+00 -3.71715079e+01 -4.98546043e+00 2.94203511e+01
2.51188643e+07 -9.25552900e+00 -3.25621324e+00 -3.69045579e+01 -5.99931576e+00 2.76490290e+01
2.81838293e+07 -1.08188620e+01 -3.80232180e+00 -3.67272555e+01 -7.01654016e+00 2.59083936e+01
3.16227766e+07 -1.24404277e+01 -4.40254324e+00 -3.66391213e+01 -8.03788446e+00 2.41986936e+01
3.54813389e+07 -1.41183701e+01 -5.05414121e+00 -3.66365204e+01 -9.06422887e+00 2.25181503e+01
3.98107171e+07 -1.58499531e+01 -5.75336912e+00 -3.67125363e+01 -1.00965839e+01 2.08625833e+01
4.46683592e+07 -1.76318461e+01 -6.49576838e+00 -3.68570387e+01 -1.11360777e+01 1.92251926e+01
5.01187234e+07 -1.94603894e+01 -7.27646865e+00 -3.70569726e+01 -1.21839208e+01 1.75965832e+01
5.62341325e+07 -2.13317934e+01 -8.09045375e+00 -3.72968972e+01 -1.32413396e+01 1.59651038e+01
6.30957344e+07 -2.32422397e+01 -8.93277306e+00 -3.75598002e+01 -1.43094667e+01 1.43175605e+01
7.07945784e+07 -2.51878705e+01 -9.79869345e+00 -3.78282013e+01 -1.53891770e+01 1.26403308e+01
7.94328235e+07 -2.71646628e+01 -1.06837955e+01 -3.80855078e+01 -1.64808673e+01 1.09208450e+01
8.91250938e+07 -2.91682042e+01 -1.15840228e+01 -3.83174964e+01 -1.75841813e+01 9.14929228e+00
1.00000000e+08 -3.11933990e+01 -1.24956943e+01 -3.85136766e+01 -1.86977047e+01 7.32027762e+00
1.12201845e+08 -3.32341582e+01 -1.34154887e+01 -3.86682155e+01 -1.98186695e+01 5.43405735e+00
1.25892541e+08 -3.52831412e+01 -1.43404113e+01 -3.87801507e+01 -2.09427298e+01 3.49700956e+00
1.41253754e+08 -3.73316284e+01 -1.52677518e+01 -3.88528054e+01 -2.20638766e+01 1.52117701e+00
1.58489319e+08 -3.93695917e+01 -1.61950426e+01 -3.88925802e+01 -2.31745490e+01 -4.77011512e-01
1.77827941e+08 -4.13859976e+01 -1.71200281e+01 -3.89074784e+01 -2.42659694e+01 -2.47851917e+00
1.99526231e+08 -4.33693294e+01 -1.80406508e+01 -3.89057436e+01 -2.53286786e+01 -4.46358583e+00
2.23872114e+08 -4.53082597e+01 -1.89550573e+01 -3.88948607e+01 -2.63532023e+01 -6.41339897e+00
2.51188643e+08 -4.71923662e+01 -1.98616191e+01 -3.88810000e+01 -2.73307471e+01 -8.31136615e+00
2.81838293e+08 -4.90127735e+01 -2.07589513e+01 -3.88688427e+01 -2.82538223e+01 -1.01439309e+01
3.16227766e+08 -5.07626207e+01 -2.16459084e+01 -3.88616643e+01 -2.91167123e+01 -1.19009564e+01
3.54813389e+08 -5.24372956e+01 -2.25215316e+01 -3.88615505e+01 -2.99157640e+01 -1.35757451e+01
3.98107171e+08 -5.40344257e+01 -2.33849298e+01 -3.88696472e+01 -3.06494960e+01 -1.51647785e+01
4.46683592e+08 -5.55536556e+01 -2.42350946e+01 -3.88863891e+01 -3.13185610e+01 -1.66672665e+01
5.01187234e+08 -5.69962701e+01 -2.50706722e+01 -3.89116780e+01 -3.19255979e+01 -1.80845921e+01
5.62341325e+08 -5.83647301e+01 -2.58897340e+01 -3.89450052e+01 -3.24749961e+01 -1.94197249e+01
6.30957344e+08 -5.96621833e+01 -2.66895988e+01 -3.89855277e+01 -3.29725845e+01 -2.06766556e+01
7.07945784e+08 -6.08919975e+01 -2.74667525e+01 -3.90321145e+01 -3.34252451e+01 -2.18598831e+01
7.94328235e+08 -6.20573500e+01 -2.82168949e+01 -3.90833854e+01 -3.38404551e+01 -2.29739646e+01
8.91250938e+08 -6.31608949e+01 -2.89351214e+01 -3.91377670e+01 -3.42257736e+01 -2.40231280e+01
1.00000000e+09 -6.42045257e+01 -2.96162252e+01 -3.91935766e+01 -3.45883005e+01 -2.50109490e+01
