# freq_hz rev(vout) imv(vout) rev(vinp) imv(vinp) rev(vinn) imv(vinn) rev(vdd) imv(vdd) rev(vss) imv(vss)
1.000000000000e-01 5.953135464043e-01 1.552765401173e-04 0.000000000000e+00 0.000000000000e+00 2.471302890587e-22 -9.474709359982e-19 1.000000000000e+00 0.000000000000e+00 0.000000000000e+00 0.000000000000e+00
1.122018454302e-01 5.953135619903e-01 1.742231367393e-04 0.000000000000e+00 0.000000000000e+00 2.471302794238e-22 -8.444343826710e-19 1.000000000000e+00 0.000000000000e+00 0.000000000000e+00 0.000000000000e+00
1.258925411794e-01 5.953135816162e-01 1.954815649978e-04 0.000000000000e+00 0.000000000000e+00 2.471302673000e-22 -7.526029605593e-19 1.000000000000e+00 0.000000000000e+00 0.000000000000e+00 0.000000000000e+00
1.412537544623e-01 5.953136063181e-01 2.193339098663e-04 0.000000000000e+00 0.000000000000e+00 2.471302520473e-22 -6.707581224730e-19 1.000000000000e+00 0.000000000000e+00 0.000000000000e+00 0.000000000000e+00
1.584893192461e-01 5.953136374165e-01 2.460966754073e-04 0.000000000000e+00 0.000000000000e+00 2.471302328502e-22 -5.978138371439e-19 1.000000000000e+00 0.000000000000e+00 0.000000000000e+00 0.000000000000e+00
1.778279410039e-01 5.953136765665e-01 2.761249843514e-04 0.000000000000e+00 0.000000000000e+00 2.471302086872e-22 -5.328021782229e-19 1.000000000000e+00 0.000000000000e+00 0.000000000000e+00 0.000000000000e+00
1.995262314969e-01 5.953137258610e-01 3.098172899988e-04 0.000000000000e+00 0.000000000000e+00 2.471301782663e-22 -4.748604805014e-19 1.000000000000e+00 0.000000000000e+00 0.000000000000e+00 0.000000000000e+00
2.238721138568e-01 5.953137879117e-01 3.476206629803e-04 0.000000000000e+00 0.000000000000e+00 2.471301399761e-22 -4.232198928425e-19 1.000000000000e+00 0.000000000000e+00 0.000000000000e+00 0.000000000000e+00
2.511886431510e-01 5.953138660292e-01 3.900367228840e-04 0.000000000000e+00 0.000000000000e+00 2.471300917735e-22 -3.771951760286e-19 1.000000000000e+00 0.000000000000e+00 0.000000000000e+00 0.000000000000e+00
2.818382931264e-01 5.953139643743e-01 4.376282934725e-04 0.000000000000e+00 0.000000000000e+00 2.471300310912e-22 -3.361756100308e-19 1.000000000000e+00 0.000000000000e+00 0.000000000000e+00 0.000000000000e+00
3.162277660168e-01 5.953140881854e-01 4.910268696112e-04 0.000000000000e+00 0.000000000000e+00 2.471299546966e-22 -2.996168901307e-19 1.000000000000e+00 0.000000000000e+00 0.000000000000e+00 0.000000000000e+00
3.548133892336e-01 5.953142440574e-01 5.509409948520e-04 0.000000000000e+00 0.000000000000e+00 2.471298585210e-22 -2.670339043276e-19 1.000000000000e+00 0.000000000000e+00 0.000000000000e+00 0.000000000000e+00
3.981071705535e-01 5.953144402822e-01 6.181656606051e-04 0.000000000000e+00 0.000000000000e+00 2.471297374478e-22 -2.379942961921e-19 1.000000000000e+00 0.000000000000e+00 0.000000000000e+00 0.000000000000e+00
4.466835921510e-01 5.953146873136e-01 6.935928512306e-04 0.000000000000e+00 0.000000000000e+00 2.471295850268e-22 -2.121127277699e-19 1.000000000000e+00 0.000000000000e+00 0.000000000000e+00 0.000000000000e+00
5.011872336273e-01 5.953149983156e-01 7.782233745782e-04 0.000000000000e+00 0.000000000000e+00 2.471293931359e-22 -1.890457663755e-19 1.000000000000e+00 0.000000000000e+00 0.000000000000e+00 0.000000000000e+00
5.623413251903e-01 5.953153898323e-01 8.731801343125e-04 0.000000000000e+00 0.000000000000e+00 2.471291515672e-22 -1.684873274402e-19 1.000000000000e+00 0.000000000000e+00 0.000000000000e+00 0.000000000000e+00
6.309573444802e-01 5.953158827263e-01 9.797230189727e-04 0.000000000000e+00 0.000000000000e+00 2.471288474483e-22 -1.501646129741e-19 1.000000000000e+00 0.000000000000e+00 0.000000000000e+00 0.000000000000e+00
7.079457843841e-01 5.953165032462e-01 1.099265604350e-03 0.000000000000e+00 0.000000000000e+00 2.471284645835e-22 -1.338344916881e-19 1.000000000000e+00 0.000000000000e+00 0.000000000000e+00 0.000000000000e+00
7.943282347243e-01 5.953172844286e-01 1.233393888670e-03 0.000000000000e+00 0.000000000000e+00 2.471279825894e-22 -1.192802727927e-19 1.000000000000e+00 0.000000000000e+00 0.000000000000e+00 0.000000000000e+00
8.912509381337e-01 5.953182678671e-01 1.383887306565e-03 0.000000000000e+00 0.000000000000e+00 2.471273758019e-22 -1.063088306447e-19 1.000000000000e+00 0.000000000000e+00 0.000000000000e+00 0.000000000000e+00
1.000000000000e+00 5.953195059490e-01 1.552742296893e-03 0.000000000000e+00 0.000000000000e+00 2.471266118983e-22 -9.474804209081e-20 1.000000000000e+00 0.000000000000e+00 0.000000000000e+00 0.000000000000e+00
1.122018454302e+00 5.953210645806e-01 1.742198732156e-03 0.000000000000e+00 0.000000000000e+00 2.471256502137e-22 -8.444450248698e-20 1.000000000000e+00 0.000000000000e+00 0.000000000000e+00 0.000000000000e+00
1.258925411794e+00 5.953230267657e-01 1.954769551993e-03 0.000000000000e+00 0.000000000000e+00 2.471244395344e-22 -7.526149012367e-20 1.000000000000e+00 0.000000000000e+00 0.000000000000e+00 0.000000000000e+00
1.412537544623e+00 5.953254969886e-01 2.193273984130e-03 0.000000000000e+00 0.000000000000e+00 2.471229153929e-22 -6.707715200567e-20 1.000000000000e+00 0.000000000000e+00 0.000000000000e+00 0.000000000000e+00
1.584893192461e+00 5.953286067582e-01 2.460874778328e-03 0.000000000000e+00 0.000000000000e+00 2.471209966476e-22 -5.978288693539e-20 1.000000000000e+00 0.000000000000e+00 0.000000000000e+00 0.000000000000e+00
1.778279410039e+00 5.953325216709e-01 2.761119925743e-03 0.000000000000e+00 0.000000000000e+00 2.471185811244e-22 -5.328190444786e-20 1.000000000000e+00 0.000000000000e+00 0.000000000000e+00 0.000000000000e+00
1.995262314969e+00 5.953374501481e-01 3.097989388693e-03 0.000000000000e+00 0.000000000000e+00 2.471155402263e-22 -4.748794045172e-20 1.000000000000e+00 0.000000000000e+00 0.000000000000e+00 0.000000000000e+00
2.238721138568e+00 5.953436545603e-01 3.475947417341e-03 0.000000000000e+00 0.000000000000e+00 2.471117120693e-22 -4.232411256109e-20 1.000000000000e+00 0.000000000000e+00 0.000000000000e+00 0.000000000000e+00
2.511886431510e+00 5.953514651736e-01 3.900001088827e-03 0.000000000000e+00 0.000000000000e+00 2.471068928772e-22 -3.772189991186e-20 1.000000000000e+00 0.000000000000e+00 0.000000000000e+00 0.000000000000e+00
2.818382931264e+00 5.953612977094e-01 4.375765761253e-03 0.000000000000e+00 0.000000000000e+00 2.471008261476e-22 -3.362023393093e-20 1.000000000000e+00 0.000000000000e+00 0.000000000000e+00 0.000000000000e+00
3.162277660168e+00 5.953736754702e-01 4.909538191992e-03 0.000000000000e+00 0.000000000000e+00 2.470931889998e-22 -2.996468799417e-20 1.000000000000e+00 0.000000000000e+00 0.000000000000e+00 0.000000000000e+00
3.548133892336e+00 5.953892570448e-01 5.508378124823e-03 0.000000000000e+00 0.000000000000e+00 2.470835750811e-22 -2.670675521214e-20 1.000000000000e+00 0.000000000000e+00 0.000000000000e+00 0.000000000000e+00
3.981071705535e+00 5.954088713698e-01 6.180199188470e-03 0.000000000000e+00 0.000000000000e+00 2.470714729328e-22 -2.380320477713e-20 1.000000000000e+00 0.000000000000e+00 0.000000000000e+00 0.000000000000e+00
4.466835921510e+00 5.954335616091e-01 6.933869983481e-03 0.000000000000e+00 0.000000000000e+00 2.470562389170e-22 -2.121550831016e-20 1.000000000000e+00 0.000000000000e+00 0.000000000000e+00 0.000000000000e+00
5.011872336273e+00 5.954646404535e-01 7.779326224574e-03 0.000000000000e+00 0.000000000000e+00 2.470370630961e-22 -1.890932861133e-20 1.000000000000e+00 0.000000000000e+00 0.000000000000e+00 0.000000000000e+00
5.623413251903e+00 5.955037595525e-01 8.727694765149e-03 0.000000000000e+00 0.000000000000e+00 2.470129263931e-22 -1.685406402073e-20 1.000000000000e+00 0.000000000000e+00 0.000000000000e+00 0.000000000000e+00
6.309573444802e+00 5.955529966884e-01 9.791430214955e-03 0.000000000000e+00 0.000000000000e+00 2.469825468048e-22 -1.502244234501e-20 1.000000000000e+00 0.000000000000e+00 0.000000000000e+00 0.000000000000e+00
7.079457843841e+00 5.956149653653e-01 1.098446464239e-02 0.000000000000e+00 0.000000000000e+00 2.469443117844e-22 -1.339015896533e-20 1.000000000000e+00 0.000000000000e+00 0.000000000000e+00 0.000000000000e+00
7.943282347243e+00 5.956929520349e-01 1.232237050204e-02 0.000000000000e+00 0.000000000000e+00 2.468961935729e-22 -1.193555431330e-20 1.000000000000e+00 0.000000000000e+00 0.000000000000e+00 0.000000000000e+00
8.912509381337e+00 5.957910882257e-01 1.382253633532e-02 0.000000000000e+00 0.000000000000e+00 2.468356429941e-22 -1.063932644377e-20 1.000000000000e+00 0.000000000000e+00 0.000000000000e+00 0.000000000000e+00
1.000000000000e+01 5.959145659528e-01 1.550435391775e-02 0.000000000000e+00 0.000000000000e+00 2.467594565456e-22 -9.484274883186e-21 1.000000000000e+00 0.000000000000e+00 0.000000000000e+00 0.000000000000e+00
1.122018454302e+01 5.960699068540e-01 1.738941420418e-02 0.000000000000e+00 0.000000000000e+00 2.466636103405e-22 -8.455072351120e-21 1.000000000000e+00 0.000000000000e+00 0.000000000000e+00 0.000000000000e+00
1.258925411794e+01 5.962652979601e-01 1.950170748147e-02 0.000000000000e+00 0.000000000000e+00 2.465430529347e-22 -7.538061324005e-21 1.000000000000e+00 0.000000000000e+00 0.000000000000e+00 0.000000000000e+00
1.412537544623e+01 5.965110093949e-01 2.186782035509e-02 0.000000000000e+00 0.000000000000e+00 2.463914476048e-22 -6.721072732922e-21 1.000000000000e+00 0.000000000000e+00 0.000000000000e+00 0.000000000000e+00
1.584893192461e+01 5.968199124108e-01 2.451711821615e-02 0.000000000000e+00 0.000000000000e+00 2.462008527155e-22 -5.993264381959e-21 1.000000000000e+00 0.000000000000e+00 0.000000000000e+00 0.000000000000e+00
1.778279410039e+01 5.972081194249e-01 2.748189623553e-02 0.000000000000e+00 0.000000000000e+00 2.459613268157e-22 -5.344976932450e-21 1.000000000000e+00 0.000000000000e+00 0.000000000000e+00 0.000000000000e+00
1.995262314969e+01 5.976957703717e-01 3.079747418323e-02 0.000000000000e+00 0.000000000000e+00 2.456604434532e-22 -4.767605522648e-21 1.000000000000e+00 0.000000000000e+00 0.000000000000e+00 0.000000000000e+00
2.238721138568e+01 5.983079927234e-01 3.450219968937e-02 0.000000000000e+00 0.000000000000e+00 2.452826988366e-22 -4.253485299836e-21 1.000000000000e+00 0.000000000000e+00 0.000000000000e+00 0.000000000000e+00
2.511886431510e+01 5.990760630764e-01 3.863731021222e-02 0.000000000000e+00 0.000000000000e+00 2.448087951315e-22 -3.795789313187e-21 1.000000000000e+00 0.000000000000e+00 0.000000000000e+00 0.000000000000e+00
2.818382931264e+01 6.000387965640e-01 4.324658493880e-02 0.000000000000e+00 0.000000000000e+00 2.442147831830e-22 -3.388437371682e-21 1.000000000000e+00 0.000000000000e+00 0.000000000000e+00 0.000000000000e+00
3.162277660168e+01 6.012441834123e-01 4.837569327489e-02 0.000000000000e+00 0.000000000000e+00 2.434710527534e-22 -3.026014603355e-21 1.000000000000e+00 0.000000000000e+00 0.000000000000e+00 0.000000000000e+00
3.548133892336e+01 6.027512763228e-01 5.407111596613e-02 0.000000000000e+00 0.000000000000e+00 2.425411679952e-22 -2.703698563601e-21 1.000000000000e+00 0.000000000000e+00 0.000000000000e+00 0.000000000000e+00
3.981071705535e+01 6.046323035233e-01 6.037847858793e-02 0.000000000000e+00 0.000000000000e+00 2.413805636878e-22 -2.417193835644e-21 1.000000000000e+00 0.000000000000e+00 0.000000000000e+00 0.000000000000e+00
4.466835921510e+01 6.069749329130e-01 6.734009753027e-02 0.000000000000e+00 0.000000000000e+00 2.399351482472e-22 -2.162673145006e-21 1.000000000000e+00 0.000000000000e+00 0.000000000000e+00 0.000000000000e+00
5.011872336273e+01 6.098845350246e-01 7.499150143871e-02 0.000000000000e+00 0.000000000000e+00 2.381399074648e-22 -1.936724081377e-21 1.000000000000e+00 0.000000000000e+00 0.000000000000e+00 0.000000000000e+00
5.623413251903e+01 6.134861756340e-01 8.335666831970e-02 0.000000000000e+00 0.000000000000e+00 2.359176750573e-22 -1.736300588217e-21 1.000000000000e+00 0.000000000000e+00 0.000000000000e+00 0.000000000000e+00
6.309573444802e+01 6.179259060755e-01 9.244173077606e-02 0.000000000000e+00 0.000000000000e+00 2.331783365340e-22 -1.558678463399e-21 1.000000000000e+00 0.000000000000e+00 0.000000000000e+00 0.000000000000e+00
7.079457843841e+01 6.233707076605e-01 1.022269823482e-01 0.000000000000e+00 0.000000000000e+00 2.298188634917e-22 -1.401414228198e-21 1.000000000000e+00 0.000000000000e+00 0.000000000000e+00 0.000000000000e+00
7.943282347243e+01 6.300062026129e-01 1.126572129258e-01 0.000000000000e+00 0.000000000000e+00 2.257247259797e-22 -1.262306902123e-21 1.000000000000e+00 0.000000000000e+00 0.000000000000e+00 0.000000000000e+00
8.912509381337e+01 6.380310126240e-01 1.236307665025e-01 0.000000000000e+00 0.000000000000e+00 2.207733733029e-22 -1.139362497813e-21 1.000000000000e+00 0.000000000000e+00 0.000000000000e+00 0.000000000000e+00
1.000000000000e+02 6.476465243452e-01 1.349882979423e-01 0.000000000000e+00 0.000000000000e+00 2.148405487708e-22 -1.030761457258e-21 1.000000000000e+00 0.000000000000e+00 0.000000000000e+00 0.000000000000e+00
1.122018454302e+02 6.590409660008e-01 1.465030108066e-01 0.000000000000e+00 0.000000000000e+00 2.078101145157e-22 -9.348297885558e-22 1.000000000000e+00 0.000000000000e+00 0.000000000000e+00 0.000000000000e+00
1.258925411794e+02 6.723673202537e-01 1.578750848509e-01 0.000000000000e+00 0.000000000000e+00 1.995876793786e-22 -8.500152716698e-22 1.000000000000e+00 0.000000000000e+00 0.000000000000e+00 0.000000000000e+00
1.412537544623e+02 6.877158886209e-01 1.687337755927e-01 0.000000000000e+00 0.000000000000e+00 1.901175268180e-22 -7.748706116415e-22 1.000000000000e+00 0.000000000000e+00 0.000000000000e+00 0.000000000000e+00
1.584893192461e+02 7.050843193026e-01 1.786508097826e-01 0.000000000000e+00 0.000000000000e+00 1.794011079076e-22 -7.080455342189e-22 1.000000000000e+00 0.000000000000e+00 0.000000000000e+00 0.000000000000e+00
1.778279410039e+02 7.243502909743e-01 1.871676151765e-01 0.000000000000e+00 0.000000000000e+00 1.675138955886e-22 -6.482891759743e-22 1.000000000000e+00 0.000000000000e+00 0.000000000000e+00 0.000000000000e+00
1.995262314969e+02 7.452539776606e-01 1.938361944749e-01 0.000000000000e+00 0.000000000000e+00 1.546162039415e-22 -5.944624599670e-22 1.000000000000e+00 0.000000000000e+00 0.000000000000e+00 0.000000000000e+00
2.238721138568e+02 7.673976819423e-01 1.982692981198e-01 0.000000000000e+00 0.000000000000e+00 1.409534144986e-22 -5.455576056091e-22 1.000000000000e+00 0.000000000000e+00 0.000000000000e+00 0.000000000000e+00
2.511886431510e+02 7.902675485998e-01 2.001911762512e-01 0.000000000000e+00 0.000000000000e+00 1.268425788049e-22 -5.007192409141e-22 1.000000000000e+00 0.000000000000e+00 0.000000000000e+00 0.000000000000e+00
2.818382931264e+02 8.132770108001e-01 1.994776056786e-01 0.000000000000e+00 0.000000000000e+00 1.126456118780e-22 -4.592600066371e-22 1.000000000000e+00 0.000000000000e+00 0.000000000000e+00 0.000000000000e+00
3.162277660168e+02 8.358251278967e-01 1.961749316743e-01 0.000000000000e+00 0.000000000000e+00 9.873329745821e-23 -4.206642014418e-22 1.000000000000e+00 0.000000000000e+00 0.000000000000e+00 0.000000000000e+00
3.548133892336e+02 8.573579767798e-01 1.904928887002e-01 0.000000000000e+00 0.000000000000e+00 8.544740920284e-23 -3.845761297185e-22 1.000000000000e+00 0.000000000000e+00 0.000000000000e+00 0.000000000000e+00
3.981071705535e+02 8.774201877283e-01 1.827731992215e-01 0.000000000000e+00 0.000000000000e+00 7.306891277638e-23 -3.507742898763e-22 1.000000000000e+00 0.000000000000e+00 0.000000000000e+00 0.000000000000e+00
4.466835921510e+02 8.956871177209e-01 1.734423282316e-01 0.000000000000e+00 0.000000000000e+00 6.179811473824e-23 -3.191364866629e-22 1.000000000000e+00 0.000000000000e+00 0.000000000000e+00 0.000000000000e+00
5.011872336273e+02 9.119743208665e-01 1.629597362883e-01 0.000000000000e+00 0.000000000000e+00 5.174881923372e-23 -2.896027899360e-22 1.000000000000e+00 0.000000000000e+00 0.000000000000e+00 0.000000000000e+00
5.623413251903e+02 9.262270926816e-01 1.517718960398e-01 0.000000000000e+00 0.000000000000e+00 4.295477923303e-23 -2.621426056071e-22 1.000000000000e+00 0.000000000000e+00 0.000000000000e+00 0.000000000000e+00
6.309573444802e+02 9.384967103289e-01 1.402785181552e-01 0.000000000000e+00 0.000000000000e+00 3.538435643759e-23 -2.367297755245e-22 1.000000000000e+00 0.000000000000e+00 0.000000000000e+00 0.000000000000e+00
7.079457843841e+02 9.489108999962e-01 1.288129647770e-01 0.000000000000e+00 0.000000000000e+00 2.895874307158e-23 -2.133268727909e-22 1.000000000000e+00 0.000000000000e+00 0.000000000000e+00 0.000000000000e+00
7.943282347243e+02 9.576447399112e-01 1.176353591014e-01 0.000000000000e+00 0.000000000000e+00 2.356991488521e-23 -1.918777243714e-22 1.000000000000e+00 0.000000000000e+00 0.000000000000e+00 0.000000000000e+00
8.912509381337e+02 9.648958991156e-01 1.069350813261e-01 0.000000000000e+00 0.000000000000e+00 1.909590896882e-23 -1.723060760361e-22 1.000000000000e+00 0.000000000000e+00 0.000000000000e+00 0.000000000000e+00
1.000000000000e+03 9.708658692758e-01 9.683898929554e-02 0.000000000000e+00 0.000000000000e+00 1.541240383041e-23 -1.545181021745e-22 1.000000000000e+00 0.000000000000e+00 0.000000000000e+00 0.000000000000e+00
1.122018454302e+03 9.757472184293e-01 8.742225479291e-02 0.000000000000e+00 0.000000000000e+00 1.240058390589e-23 -1.384068082176e-22 1.000000000000e+00 0.000000000000e+00 0.000000000000e+00 0.000000000000e+00
1.258925411794e+03 9.797159848438e-01 7.871960931221e-02 0.000000000000e+00 0.000000000000e+00 9.951832589070e-24 -1.238569341386e-22 1.000000000000e+00 0.000000000000e+00 0.000000000000e+00 0.000000000000e+00
1.412537544623e+03 9.829279921186e-01 7.073567590138e-02 0.000000000000e+00 0.000000000000e+00 7.970005834895e-24 -1.107495154692e-22 1.000000000000e+00 0.000000000000e+00 0.000000000000e+00 0.000000000000e+00
1.584893192461e+03 9.855178888565e-01 6.345375362846e-02 0.000000000000e+00 0.000000000000e+00 6.372024686422e-24 -9.896568693910e-23 1.000000000000e+00 0.000000000000e+00 0.000000000000e+00 0.000000000000e+00
1.778279410039e+03 9.875999124783e-01 5.684288279968e-02 0.000000000000e+00 0.000000000000e+00 5.087403996296e-24 -8.838960119579e-23 1.000000000000e+00 0.000000000000e+00 0.000000000000e+00 0.000000000000e+00
1.995262314969e+03 9.892696233298e-01 5.086328538010e-02 0.000000000000e+00 0.000000000000e+00 4.057182471400e-24 -7.891050185351e-23 1.000000000000e+00 0.000000000000e+00 0.000000000000e+00 0.000000000000e+00
2.238721138568e+03 9.906060850751e-01 4.547040212202e-02 0.000000000000e+00 0.000000000000e+00 3.232577357412e-24 -7.042407041255e-23 1.000000000000e+00 0.000000000000e+00 0.000000000000e+00 0.000000000000e+00
2.511886431510e+03 9.916741532907e-01 4.061778647595e-02 0.000000000000e+00 0.000000000000e+00 2.573572361396e-24 -6.283319239788e-23 1.000000000000e+00 0.000000000000e+00 0.000000000000e+00 0.000000000000e+00
2.818382931264e+03 9.925266714014e-01 3.625910561785e-02 0.000000000000e+00 0.000000000000e+00 2.047562744990e-24 -5.604828362809e-23 1.000000000000e+00 0.000000000000e+00 0.000000000000e+00 0.000000000000e+00
3.162277660168e+03 9.932064676852e-01 3.234946645478e-02 0.000000000000e+00 0.000000000000e+00 1.628123158669e-24 -4.998729897568e-23 1.000000000000e+00 0.000000000000e+00 0.000000000000e+00 0.000000000000e+00
3.548133892336e+03 9.937481084208e-01 2.884624492251e-02 0.000000000000e+00 0.000000000000e+00 1.293925936384e-24 -4.457552292066e-23 1.000000000000e+00 0.000000000000e+00 0.000000000000e+00 0.000000000000e+00
3.981071705535e+03 9.941793995931e-01 2.570955868082e-02 0.000000000000e+00 0.000000000000e+00 1.027814531217e-24 -3.974521874232e-23 1.000000000000e+00 0.000000000000e+00 0.000000000000e+00 0.000000000000e+00
4.466835921510e+03 9.945226505761e-01 2.290248982962e-02 0.000000000000e+00 0.000000000000e+00 8.160238095926e-25 -3.543519364431e-23 1.000000000000e+00 0.000000000000e+00 0.000000000000e+00 0.000000000000e+00
5.011872336273e+03 9.947957236220e-01 2.039113701220e-02 0.000000000000e+00 0.000000000000e+00 6.475325054207e-25 -3.159032117304e-23 1.000000000000e+00 0.000000000000e+00 0.000000000000e+00 0.000000000000e+00
5.623413251903e+03 9.950128968489e-01 1.814455477396e-02 0.000000000000e+00 0.000000000000e+00 5.135307424723e-25 -2.816104986061e-23 1.000000000000e+00 0.000000000000e+00 0.000000000000e+00 0.000000000000e+00
6.309573444802e+03 9.951855685194e-01 1.613462158870e-02 0.000000000000e+00 0.000000000000e+00 4.069854805912e-25 -2.510291763924e-23 1.000000000000e+00 0.000000000000e+00 0.000000000000e+00 0.000000000000e+00
7.079457843841e+03 9.953228284458e-01 1.433586574632e-02 0.000000000000e+00 0.000000000000e+00 3.222879417262e-25 -2.237608466829e-23 1.000000000000e+00 0.000000000000e+00 0.000000000000e+00 0.000000000000e+00
7.943282347243e+03 9.954319194945e-01 1.272526927327e-02 0.000000000000e+00 0.000000000000e+00 2.549688426622e-25 -1.994489224647e-23 1.000000000000e+00 0.000000000000e+00 0.000000000000e+00 0.000000000000e+00
8.912509381337e+03 9.955186090086e-01 1.128206353076e-02 0.000000000000e+00 0.000000000000e+00 2.014692049534e-25 -1.777745198176e-23 1.000000000000e+00 0.000000000000e+00 0.000000000000e+00 0.000000000000e+00
1.000000000000e+04 9.955874868966e-01 9.987525482611e-03 0.000000000000e+00 0.000000000000e+00 1.589564049813e-25 -1.584526698200e-23 1.000000000000e+00 0.000000000000e+00 0.000000000000e+00 0.000000000000e+00
1.122018454302e+04 9.956422043451e-01 8.824780288837e-03 0.000000000000e+00 0.000000000000e+00 1.251768542026e-25 -1.412288521324e-23 1.000000000000e+00 0.000000000000e+00 0.000000000000e+00 0.000000000000e+00
1.258925411794e+04 9.956856646434e-01 7.778613631313e-03 0.000000000000e+00 0.000000000000e+00 9.833821751688e-26 -1.258758412604e-23 1.000000000000e+00 0.000000000000e+00 0.000000000000e+00 0.000000000000e+00
1.412537544623e+04 9.957201755104e-01 6.835295538082e-03 0.000000000000e+00 0.000000000000e+00 7.701537396446e-26 -1.121908500571e-23 1.000000000000e+00 0.000000000000e+00 0.000000000000e+00 0.000000000000e+00
1.584893192461e+04 9.957475705459e-01 5.982416430392e-03 0.000000000000e+00 0.000000000000e+00 6.007541398127e-26 -9.999295137235e-24 1.000000000000e+00 0.000000000000e+00 0.000000000000e+00 0.000000000000e+00
1.778279410039e+04 9.957693059661e-01 5.208735384514e-03 0.000000000000e+00 0.000000000000e+00 4.661787000528e-26 -8.912075702447e-24 1.000000000000e+00 0.000000000000e+00 0.000000000000e+00 0.000000000000e+00
1.995262314969e+04 9.957865375767e-01 4.504040134861e-03 0.000000000000e+00 0.000000000000e+00 3.592711825253e-26 -7.943033280923e-24 1.000000000000e+00 0.000000000000e+00 0.000000000000e+00 0.000000000000e+00
2.238721138568e+04 9.958001819605e-01 3.859018055927e-03 0.000000000000e+00 0.000000000000e+00 2.743449322478e-26 -7.079332863769e-24 1.000000000000e+00 0.000000000000e+00 0.000000000000e+00 0.000000000000e+00
2.511886431510e+04 9.958109650597e-01 3.265137187618e-03 0.000000000000e+00 0.000000000000e+00 2.068814564081e-26 -6.309530378693e-24 1.000000000000e+00 0.000000000000e+00 0.000000000000e+00 0.000000000000e+00
2.818382931264e+04 9.958194606905e-01 2.714536285474e-03 0.000000000000e+00 0.000000000000e+00 1.532906913552e-26 -5.623422844279e-24 1.000000000000e+00 0.000000000000e+00 0.000000000000e+00 0.000000000000e+00
3.162277660168e+04 9.958261210089e-01 2.199922813247e-03 0.000000000000e+00 0.000000000000e+00 1.107203818825e-26 -5.011914406345e-24 1.000000000000e+00 0.000000000000e+00 0.000000000000e+00 0.000000000000e+00
3.548133892336e+04 9.958313005328e-01 1.714477814104e-03 0.000000000000e+00 0.000000000000e+00 7.690454397112e-27 -4.466896649751e-24 1.000000000000e+00 0.000000000000e+00 0.000000000000e+00 0.000000000000e+00
3.981071705535e+04 9.958352749844e-01 1.251766589164e-03 0.000000000000e+00 0.000000000000e+00 5.004301730719e-27 -3.981141718666e-24 1.000000000000e+00 0.000000000000e+00 0.000000000000e+00 0.000000000000e+00
4.466835921510e+04 9.958382559508e-01 8.056541388015e-04 0.000000000000e+00 0.000000000000e+00 2.870574179736e-27 -3.548206912893e-24 1.000000000000e+00 0.000000000000e+00 0.000000000000e+00 0.000000000000e+00
5.011872336273e+04 9.958404021374e-01 3.702243451187e-04 0.000000000000e+00 0.000000000000e+00 1.175669103753e-27 -3.162349555150e-24 1.000000000000e+00 0.000000000000e+00 0.000000000000e+00 0.000000000000e+00
5.623413251903e+04 9.958418278101e-01 -6.029810732855e-05 0.000000000000e+00 0.000000000000e+00 -1.706568841491e-28 -2.818451042701e-24 1.000000000000e+00 0.000000000000e+00 0.000000000000e+00 0.000000000000e+00
6.309573444802e+04 9.958426088754e-01 -4.916240560959e-04 0.000000000000e+00 0.000000000000e+00 -1.240090147974e-27 -2.511949106078e-24 1.000000000000e+00 0.000000000000e+00 0.000000000000e+00 0.000000000000e+00
7.079457843841e+04 9.958427869182e-01 -9.294754075313e-04 0.000000000000e+00 0.000000000000e+00 -2.089575344001e-27 -2.238777397599e-24 1.000000000000e+00 0.000000000000e+00 0.000000000000e+00 0.000000000000e+00
7.943282347243e+04 9.958423714157e-01 -1.379660878996e-03 0.000000000000e+00 0.000000000000e+00 -2.764346514256e-27 -1.995311623364e-24 1.000000000000e+00 0.000000000000e+00 0.000000000000e+00 0.000000000000e+00
8.912509381337e+04 9.958413402398e-01 -1.848152919791e-03 0.000000000000e+00 0.000000000000e+00 -3.300335070512e-27 -1.778321514772e-24 1.000000000000e+00 0.000000000000e+00 0.000000000000e+00 0.000000000000e+00
1.000000000000e+05 9.958396384792e-01 -2.341166813352e-03 0.000000000000e+00 0.000000000000e+00 -3.726082709481e-27 -1.584928009908e-24 1.000000000000e+00 0.000000000000e+00 0.000000000000e+00 0.000000000000e+00
1.122018454302e+05 9.958371755211e-01 -2.865241012898e-03 0.000000000000e+00 0.000000000000e+00 -4.064258200048e-27 -1.412565082073e-24 1.000000000000e+00 0.000000000000e+00 0.000000000000e+00 0.000000000000e+00
1.258925411794e+05 9.958338202061e-01 -3.427331864856e-03 0.000000000000e+00 0.000000000000e+00 -4.332876299081e-27 -1.258945712741e-24 1.000000000000e+00 0.000000000000e+00 0.000000000000e+00 0.000000000000e+00
1.412537544623e+05 9.958293938761e-01 -4.034893088260e-03 0.000000000000e+00 0.000000000000e+00 -4.546237955168e-27 -1.122031560258e-24 1.000000000000e+00 0.000000000000e+00 0.000000000000e+00 0.000000000000e+00
1.584893192461e+05 9.958236608344e-01 -4.695984398268e-03 0.000000000000e+00 0.000000000000e+00 -4.715706605437e-27 -1.000005923576e-24 1.000000000000e+00 0.000000000000e+00 0.000000000000e+00 0.000000000000e+00
1.778279410039e+05 9.958163158510e-01 -5.419369997654e-03 0.000000000000e+00 0.000000000000e+00 -4.850303718884e-27 -8.912496438103e-25 1.000000000000e+00 0.000000000000e+00 0.000000000000e+00 0.000000000000e+00
1.995262314969e+05 9.958069678559e-01 -6.214642655976e-03 0.000000000000e+00 0.000000000000e+00 -4.957198313343e-27 -7.943196245958e-25 1.000000000000e+00 0.000000000000e+00 0.000000000000e+00 0.000000000000e+00
2.238721138568e+05 9.957951191585e-01 -7.092346291088e-03 0.000000000000e+00 0.000000000000e+00 -5.042083852701e-27 -7.079296871347e-25 1.000000000000e+00 0.000000000000e+00 0.000000000000e+00 0.000000000000e+00
2.511886431510e+05 9.957801389870e-01 -8.064112709349e-03 0.000000000000e+00 0.000000000000e+00 -5.109480202781e-27 -6.309335062464e-25 1.000000000000e+00 0.000000000000e+00 0.000000000000e+00 0.000000000000e+00
2.818382931264e+05 9.957612299224e-01 -9.142816678207e-03 0.000000000000e+00 0.000000000000e+00 -5.162976442917e-27 -5.623094013358e-25 1.000000000000e+00 0.000000000000e+00 0.000000000000e+00 0.000000000000e+00
3.162277660168e+05 9.957373855245e-01 -1.034274372076e-02 0.000000000000e+00 0.000000000000e+00 -5.205421424644e-27 -5.011467807643e-25 1.000000000000e+00 0.000000000000e+00 0.000000000000e+00 0.000000000000e+00
3.548133892336e+05 9.957073368225e-01 -1.167977630563e-02 0.000000000000e+00 0.000000000000e+00 -5.239075496162e-27 -4.466340598659e-25 1.000000000000e+00 0.000000000000e+00 0.000000000000e+00 0.000000000000e+00
3.981071705535e+05 9.956694849583e-01 -1.317159921734e-02 0.000000000000e+00 0.000000000000e+00 -5.265730634674e-27 -3.980478924722e-25 1.000000000000e+00 0.000000000000e+00 0.000000000000e+00 0.000000000000e+00
4.466835921510e+05 9.956218162547e-01 -1.483793002194e-02 0.000000000000e+00 0.000000000000e+00 -5.286806924950e-27 -3.547435730603e-25 1.000000000000e+00 0.000000000000e+00 0.000000000000e+00 0.000000000000e+00
5.011872336273e+05 9.955617955463e-01 -1.670076611740e-02 0.000000000000e+00 0.000000000000e+00 -5.303426150279e-27 -3.161464823593e-25 1.000000000000e+00 0.000000000000e+00 0.000000000000e+00 0.000000000000e+00
5.623413251903e+05 9.954862317714e-01 -1.878466878657e-02 0.000000000000e+00 0.000000000000e+00 -5.316473746109e-27 -2.817444627828e-25 1.000000000000e+00 0.000000000000e+00 0.000000000000e+00 0.000000000000e+00
6.309573444802e+05 9.953911092714e-01 -2.111706599496e-02 0.000000000000e+00 0.000000000000e+00 -5.326644449261e-27 -2.510810227287e-25 1.000000000000e+00 0.000000000000e+00 0.000000000000e+00 0.000000000000e+00
7.079457843841e+05 9.952713756706e-01 -2.372859173346e-02 0.000000000000e+00 0.000000000000e+00 -5.334480055242e-27 -2.237492794645e-25 1.000000000000e+00 0.000000000000e+00 0.000000000000e+00 0.000000000000e+00
7.943282347243e+05 9.951206757077e-01 -2.665345392786e-02 0.000000000000e+00 0.000000000000e+00 -5.340398034023e-27 -1.993865603516e-25 1.000000000000e+00 0.000000000000e+00 0.000000000000e+00 0.000000000000e+00
8.912509381337e+05 9.949310173702e-01 -2.992983317093e-02 0.000000000000e+00 0.000000000000e+00 -5.344713470981e-27 -1.776695907681e-25 1.000000000000e+00 0.000000000000e+00 0.000000000000e+00 0.000000000000e+00
1.000000000000e+06 9.946923533955e-01 -3.360031637038e-02 0.000000000000e+00 0.000000000000e+00 -5.347656439798e-27 -1.583102048986e-25 1.000000000000e+00 0.000000000000e+00 0.000000000000e+00 0.000000000000e+00
1.122018454302e+06 9.943920574723e-01 -3.771235609128e-02 0.000000000000e+00 0.000000000000e+00 -5.349384285576e-27 -1.410515225585e-25 1.000000000000e+00 0.000000000000e+00 0.000000000000e+00 0.000000000000e+00
1.258925411794e+06 9.940142698599e-01 -4.231874863644e-02 0.000000000000e+00 0.000000000000e+00 -5.349989735575e-27 -1.256645414176e-25 1.000000000000e+00 0.000000000000e+00 0.000000000000e+00 0.000000000000e+00
1.412537544623e+06 9.935390810444e-01 -4.747812575408e-02 0.000000000000e+00 0.000000000000e+00 -5.349506235260e-27 -1.119450994454e-25 1.000000000000e+00 0.000000000000e+00 0.000000000000e+00 0.000000000000e+00
1.584893192461e+06 9.929415162920e-01 -5.325543550360e-02 0.000000000000e+00 0.000000000000e+00 -5.347909781699e-27 -9.971116745958e-26 1.000000000000e+00 0.000000000000e+00 0.000000000000e+00 0.000000000000e+00
1.778279410039e+06 9.921902760487e-01 -5.972239132222e-02 0.000000000000e+00 0.000000000000e+00 -5.345118285991e-27 -8.880043598852e-26 1.000000000000e+00 0.000000000000e+00 0.000000000000e+00 0.000000000000e+00
1.995262314969e+06 9.912461806793e-01 -6.695784126117e-02 0.000000000000e+00 0.000000000000e+00 -5.340987666398e-27 -7.906816476837e-26 1.000000000000e+00 0.000000000000e+00 0.000000000000e+00 0.000000000000e+00
2.238721138568e+06 9.900602588507e-01 -7.504800181283e-02 0.000000000000e+00 0.000000000000e+00 -5.335305166824e-27 -7.038526658827e-26 1.000000000000e+00 0.000000000000e+00 0.000000000000e+00 0.000000000000e+00
2.511886431510e+06 9.885714150786e-01 -8.408646935493e-02 0.000000000000e+00 0.000000000000e+00 -5.327779583148e-27 -6.263660065816e-26 1.000000000000e+00 0.000000000000e+00 0.000000000000e+00 0.000000000000e+00
2.818382931264e+06 9.867036079635e-01 -9.417388669575e-02 0.000000000000e+00 0.000000000000e+00 -5.318028083246e-27 -5.571945346105e-26 1.000000000000e+00 0.000000000000e+00 0.000000000000e+00 0.000000000000e+00
3.162277660168e+06 9.843624757772e-01 -1.054171009857e-01 0.000000000000e+00 0.000000000000e+00 -5.305559634948e-27 -4.954218783109e-26 1.000000000000e+00 0.000000000000e+00 0.000000000000e+00 0.000000000000e+00
3.548133892336e+06 9.814313638343e-01 -1.179275821477e-01 0.000000000000e+00 0.000000000000e+00 -5.289754613327e-27 -4.402304354891e-26 1.000000000000e+00 0.000000000000e+00 0.000000000000e+00 0.000000000000e+00
3.981071705535e+06 9.777667452671e-01 -1.318188047908e-01 0.000000000000e+00 0.000000000000e+00 -5.269840868668e-27 -3.908907505579e-26 1.000000000000e+00 0.000000000000e+00 0.000000000000e+00 0.000000000000e+00
4.466835921510e+06 9.731930983096e-01 -1.472022034036e-01 0.000000000000e+00 0.000000000000e+00 -5.244866549247e-27 -3.467521415619e-26 1.000000000000e+00 0.000000000000e+00 0.000000000000e+00 0.000000000000e+00
5.011872336273e+06 9.674974226612e-01 -1.641812176570e-01 0.000000000000e+00 0.000000000000e+00 -5.213670780048e-27 -3.072344762870e-26 1.000000000000e+00 0.000000000000e+00 0.000000000000e+00 0.000000000000e+00
5.623413251903e+06 9.604237677371e-01 -1.828428563650e-01 0.000000000000e+00 0.000000000000e+00 -5.174854327072e-27 -2.718210155488e-26 1.000000000000e+00 0.000000000000e+00 0.000000000000e+00 0.000000000000e+00
6.309573444802e+06 9.516684281287e-01 -2.032461547368e-01 0.000000000000e+00 0.000000000000e+00 -5.126753888163e-27 -2.400522568542e-26 1.000000000000e+00 0.000000000000e+00 0.000000000000e+00 0.000000000000e+00
7.079457843841e+06 9.408768558771e-01 -2.254069354692e-01 0.000000000000e+00 0.000000000000e+00 -5.067425893118e-27 -2.115207205928e-26 1.000000000000e+00 0.000000000000e+00 0.000000000000e+00 0.000000000000e+00
7.943282347243e+06 9.276438478167e-01 -2.492784825764e-01 0.000000000000e+00 0.000000000000e+00 -4.994648430476e-27 -1.858666195594e-26 1.000000000000e+00 0.000000000000e+00 0.000000000000e+00 0.000000000000e+00
8.912509381337e+06 9.115191504713e-01 -2.747282178540e-01 0.000000000000e+00 0.000000000000e+00 -4.905953195386e-27 -1.627743347168e-26 1.000000000000e+00 0.000000000000e+00 0.000000000000e+00 0.000000000000e+00
1.000000000000e+07 8.920211688126e-01 -3.015113578306e-01 0.000000000000e+00 0.000000000000e+00 -4.798702299710e-27 -1.419695783591e-26 1.000000000000e+00 0.000000000000e+00 0.000000000000e+00 0.000000000000e+00
1.122018454302e+07 8.686617351266e-01 -3.292439408147e-01 0.000000000000e+00 0.000000000000e+00 -4.670226275050e-27 -1.232170544879e-26 1.000000000000e+00 0.000000000000e+00 0.000000000000e+00 0.000000000000e+00
1.258925411794e+07 8.409845109217e-01 -3.573795423395e-01 0.000000000000e+00 0.000000000000e+00 -4.518037382548e-27 -1.063183257109e-26 1.000000000000e+00 0.000000000000e+00 0.000000000000e+00 0.000000000000e+00
1.412537544623e+07 8.086180570849e-01 -3.851961913901e-01 0.000000000000e+00 0.000000000000e+00 -4.340123783137e-27 -9.110947977868e-27 1.000000000000e+00 0.000000000000e+00 0.000000000000e+00 0.000000000000e+00
1.584893192461e+07 7.713414797493e-01 -4.118017811606e-01 0.000000000000e+00 0.000000000000e+00 -4.135312673278e-27 -7.745809616564e-27 1.000000000000e+00 0.000000000000e+00 0.000000000000e+00 0.000000000000e+00
1.778279410039e+07 7.291557835316e-01 -4.361664878690e-01 0.000000000000e+00 0.000000000000e+00 -3.903663966613e-27 -6.525900630574e-27 1.000000000000e+00 0.000000000000e+00 0.000000000000e+00 0.000000000000e+00
1.995262314969e+07 6.823484743662e-01 -4.571879763333e-01 0.000000000000e+00 0.000000000000e+00 -3.646825072059e-27 -5.442849884542e-27 1.000000000000e+00 0.000000000000e+00 0.000000000000e+00 0.000000000000e+00
2.238721138568e+07 6.315345612796e-01 -4.737885778335e-01 0.000000000000e+00 0.000000000000e+00 -3.368253099665e-27 -4.489699294361e-27 1.000000000000e+00 0.000000000000e+00 0.000000000000e+00 0.000000000000e+00
2.511886431510e+07 5.776567946057e-01 -4.850338071201e-01 0.000000000000e+00 0.000000000000e+00 -3.073209321946e-27 -3.660075277244e-27 1.000000000000e+00 0.000000000000e+00 0.000000000000e+00 0.000000000000e+00
2.818382931264e+07 5.219341172892e-01 -4.902515226615e-01 0.000000000000e+00 0.000000000000e+00 -2.768465289949e-27 -2.947377867408e-27 1.000000000000e+00 0.000000000000e+00 0.000000000000e+00 0.000000000000e+00
3.162277660168e+07 4.657597691127e-01 -4.891254288302e-01 0.000000000000e+00 0.000000000000e+00 -2.461729745330e-27 -2.344132220941e-27 1.000000000000e+00 0.000000000000e+00 0.000000000000e+00 0.000000000000e+00
3.548133892336e+07 4.105654250469e-01 -4.817395673897e-01 0.000000000000e+00 0.000000000000e+00 -2.160888956266e-27 -1.841630525838e-27 1.000000000000e+00 0.000000000000e+00 0.000000000000e+00 0.000000000000e+00
3.981071705535e+07 3.576788050302e-01 -4.685623911189e-01 0.000000000000e+00 0.000000000000e+00 -1.873214707232e-27 -1.429925258081e-27 1.000000000000e+00 0.000000000000e+00 0.000000000000e+00 0.000000000000e+00
4.466835921510e+07 3.082040427191e-01 -4.503755593011e-01 0.000000000000e+00 0.000000000000e+00 -1.604704040401e-27 -1.098141900477e-27 1.000000000000e+00 0.000000000000e+00 0.000000000000e+00 0.000000000000e+00
5.011872336273e+07 2.629459463213e-01 -4.281666943428e-01 0.000000000000e+00 0.000000000000e+00 -1.359668429277e-27 -8.350002616813e-28 1.000000000000e+00 0.000000000000e+00 0.000000000000e+00 0.000000000000e+00
5.623413251903e+07 2.223853494364e-01 -4.030115078509e-01 0.000000000000e+00 0.000000000000e+00 -1.140611061719e-27 -6.293993709611e-28 1.000000000000e+00 0.000000000000e+00 0.000000000000e+00 0.000000000000e+00
6.309573444802e+07 1.866993675941e-01 -3.759679803847e-01 0.000000000000e+00 0.000000000000e+00 -9.483551153810e-28 -4.709371795841e-28 1.000000000000e+00 0.000000000000e+00 0.000000000000e+00 0.000000000000e+00
7.079457843841e+07 1.558121929931e-01 -3.479968458061e-01 0.000000000000e+00 0.000000000000e+00 -7.823398261861e-28 -3.502850254332e-28 1.000000000000e+00 0.000000000000e+00 0.000000000000e+00 0.000000000000e+00
7.943282347243e+07 1.294601797377e-01 -3.199130701913e-01 0.000000000000e+00 0.000000000000e+00 -6.409912710497e-28 -2.593918563900e-28 1.000000000000e+00 0.000000000000e+00 0.000000000000e+00 0.000000000000e+00
8.912509381337e+07 1.072576886862e-01 -2.923656745032e-01 0.000000000000e+00 0.000000000000e+00 -5.220913695195e-28 -1.915351850824e-28 1.000000000000e+00 0.000000000000e+00 0.000000000000e+00 0.000000000000e+00
1.000000000000e+08 8.875485066893e-02 -2.658393134843e-01 0.000000000000e+00 0.000000000000e+00 -4.230964080918e-28 -1.412577320734e-28 1.000000000000e+00 0.000000000000e+00 0.000000000000e+00 0.000000000000e+00
1.122018454302e+08 7.348299538289e-02 -2.406700323973e-01 0.000000000000e+00 0.000000000000e+00 -3.413832024175e-28 -1.042334188314e-28 1.000000000000e+00 0.000000000000e+00 0.000000000000e+00 0.000000000000e+00
1.258925411794e+08 6.098693806063e-02 -2.170684700259e-01 0.000000000000e+00 0.000000000000e+00 -2.744207057095e-28 -7.710045857725e-29 1.000000000000e+00 0.000000000000e+00 0.000000000000e+00 0.000000000000e+00
1.412537544623e+08 5.084540665617e-02 -1.951454116729e-01 0.000000000000e+00 0.000000000000e+00 -2.198763282978e-28 -5.728908115506e-29 1.000000000000e+00 0.000000000000e+00 0.000000000000e+00 0.000000000000e+00
1.584893192461e+08 4.268186117397e-02 -1.749363148405e-01 0.000000000000e+00 0.000000000000e+00 -1.756710128202e-28 -4.286111656301e-29 1.000000000000e+00 0.000000000000e+00 0.000000000000e+00 0.000000000000e+00
1.778279410039e+08 3.616817207064e-02 -1.564228740612e-01 0.000000000000e+00 0.000000000000e+00 -1.399975362642e-28 -3.237029757610e-29 1.000000000000e+00 0.000000000000e+00 0.000000000000e+00 0.000000000000e+00
1.995262314969e+08 3.102342255760e-02 -1.395507490646e-01 0.000000000000e+00 0.000000000000e+00 -1.113146444915e-28 -2.474627528735e-29 1.000000000000e+00 0.000000000000e+00 0.000000000000e+00 0.000000000000e+00
2.238721138568e+08 2.700972332116e-02 -1.242432782560e-01 0.000000000000e+00 0.000000000000e+00 -8.832690923277e-29 -1.920172594992e-29 1.000000000000e+00 0.000000000000e+00 0.000000000000e+00 0.000000000000e+00
2.511886431510e+08 2.392652344592e-02 -1.104114218483e-01 0.000000000000e+00 0.000000000000e+00 -6.995747634338e-29 -1.516001850105e-29 1.000000000000e+00 0.000000000000e+00 0.000000000000e+00 0.000000000000e+00
2.818382931264e+08 2.160453694994e-02 -9.796041973495e-02 0.000000000000e+00 0.000000000000e+00 -5.531854757997e-29 -1.220014786015e-29 1.000000000000e+00 0.000000000000e+00 0.000000000000e+00 0.000000000000e+00
3.162277660168e+08 1.990009375680e-02 -8.679378639281e-02 0.000000000000e+00 0.000000000000e+00 -4.368262884715e-29 -1.001556039585e-29 1.000000000000e+00 0.000000000000e+00 0.000000000000e+00 0.000000000000e+00
3.548133892336e+08 1.869044714658e-02 -7.681534569017e-02 0.000000000000e+00 0.000000000000e+00 -3.445625881907e-29 -8.383779029312e-30 1.000000000000e+00 0.000000000000e+00 0.000000000000e+00 0.000000000000e+00
3.981071705535e+08 1.787029780035e-02 -6.793004000522e-02 0.000000000000e+00 0.000000000000e+00 -2.715701311341e-29 -7.144172322987e-30 1.000000000000e+00 0.000000000000e+00 0.000000000000e+00 0.000000000000e+00
4.466835921510e+08 1.734951972438e-02 -6.004420592626e-02 0.000000000000e+00 0.000000000000e+00 -2.139396285226e-29 -6.181695215419e-30 1.000000000000e+00 0.000000000000e+00 0.000000000000e+00 0.000000000000e+00
5.011872336273e+08 1.705182789677e-02 -5.306586591101e-02 0.000000000000e+00 0.000000000000e+00 -1.685137669622e-29 -5.414907875608e-30 1.000000000000e+00 0.000000000000e+00 0.000000000000e+00 0.000000000000e+00
5.623413251903e+08 1.691397256667e-02 -4.690535022076e-02 0.000000000000e+00 0.000000000000e+00 -1.327524407452e-29 -4.787025638557e-30 1.000000000000e+00 0.000000000000e+00 0.000000000000e+00 0.000000000000e+00
6.309573444802e+08 1.688502928060e-02 -4.147629659978e-02 0.000000000000e+00 0.000000000000e+00 -1.046212978223e-29 -4.259140332968e-30 1.000000000000e+00 0.000000000000e+00 0.000000000000e+00 0.000000000000e+00
7.079457843841e+08 1.692547183247e-02 -3.669686307230e-02 0.000000000000e+00 0.000000000000e+00 -8.249907383804e-30 -3.805054801821e-30 1.000000000000e+00 0.000000000000e+00 0.000000000000e+00 0.000000000000e+00
7.943282347243e+08 1.700590461618e-02 -3.249089440416e-02 0.000000000000e+00 0.000000000000e+00 -6.510012138362e-30 -3.407374512319e-30 1.000000000000e+00 0.000000000000e+00 0.000000000000e+00 0.000000000000e+00
8.912509381337e+08 1.710550715281e-02 -2.878880989906e-02 0.000000000000e+00 0.000000000000e+00 -5.140955487533e-30 -3.054612232066e-30 1.000000000000e+00 0.000000000000e+00 0.000000000000e+00 0.000000000000e+00
1.000000000000e+09 1.721034790657e-02 -2.552808293192e-02 0.000000000000e+00 0.000000000000e+00 -4.062920586275e-30 -2.739111941662e-30 1.000000000000e+00 0.000000000000e+00 0.000000000000e+00 0.000000000000e+00
