# freq_hz Ad_dB Avdd_dB Avss_dB PSRRplus_dB PSRRminus_dB (Asupply clamped at the floor)
1.00000000e-01 9.72832478e+01 -4.56635020e+00 -1.32870619e+01 1.01849598e+02 1.10570310e+02
1.12201845e-01 9.72832476e+01 -4.56634985e+00 -1.32870621e+01 1.01849597e+02 1.10570310e+02
1.25892541e-01 9.72832473e+01 -4.56634942e+00 -1.32870623e+01 1.01849597e+02 1.10570310e+02
1.41253754e-01 9.72832470e+01 -4.56634888e+00 -1.32870626e+01 1.01849596e+02 1.10570310e+02
1.58489319e-01 9.72832467e+01 -4.56634820e+00 -1.32870630e+01 1.01849595e+02 1.10570310e+02
1.77827941e-01 9.72832462e+01 -4.56634734e+00 -1.32870635e+01 1.01849594e+02 1.10570310e+02
1.99526231e-01 9.72832456e+01 -4.56634625e+00 -1.32870641e+01 1.01849592e+02 1.10570310e+02
2.23872114e-01 9.72832449e+01 -4.56634489e+00 -1.32870648e+01 1.01849590e+02 1.10570310e+02
2.51188643e-01 9.72832439e+01 -4.56634317e+00 -1.32870657e+01 1.01849587e+02 1.10570310e+02
2.81838293e-01 9.72832428e+01 -4.56634101e+00 -1.32870669e+01 1.01849584e+02 1.10570310e+02
3.16227766e-01 9.72832413e+01 -4.56633829e+00 -1.32870684e+01 1.01849580e+02 1.10570310e+02
3.54813389e-01 9.72832394e+01 -4.56633487e+00 -1.32870703e+01 1.01849574e+02 1.10570310e+02
3.98107171e-01 9.72832371e+01 -4.56633056e+00 -1.32870726e+01 1.01849568e+02 1.10570310e+02
4.46683592e-01 9.72832341e+01 -4.56632513e+00 -1.32870756e+01 1.01849559e+02 1.10570310e+02
5.01187234e-01 9.72832304e+01 -4.56631829e+00 -1.32870793e+01 1.01849549e+02 1.10570310e+02
5.62341325e-01 9.72832257e+01 -4.56630969e+00 -1.32870840e+01 1.01849535e+02 1.10570310e+02
6.30957344e-01 9.72832198e+01 -4.56629886e+00 -1.32870899e+01 1.01849519e+02 1.10570310e+02
7.07945784e-01 9.72832124e+01 -4.56628523e+00 -1.32870973e+01 1.01849498e+02 1.10570310e+02
7.94328235e-01 9.72832031e+01 -4.56626806e+00 -1.32871066e+01 1.01849471e+02 1.10570310e+02
8.91250938e-01 9.72831913e+01 -4.56624645e+00 -1.32871184e+01 1.01849438e+02 1.10570310e+02
1.00000000e+00 9.72831765e+01 -4.56621925e+00 -1.32871332e+01 1.01849396e+02 1.10570310e+02
1.12201845e+00 9.72831579e+01 -4.56618500e+00 -1.32871518e+01 1.01849343e+02 1.10570310e+02
1.25892541e+00 9.72831344e+01 -4.56614189e+00 -1.32871753e+01 1.01849276e+02 1.10570310e+02
1.41253754e+00 9.72831049e+01 -4.56608761e+00 -1.32872048e+01 1.01849192e+02 1.10570310e+02
1.58489319e+00 9.72830677e+01 -4.56601928e+00 -1.32872420e+01 1.01849087e+02 1.10570310e+02
1.77827941e+00 9.72830209e+01 -4.56593327e+00 -1.32872888e+01 1.01848954e+02 1.10570310e+02
1.99526231e+00 9.72829620e+01 -4.56582498e+00 -1.32873477e+01 1.01848787e+02 1.10570310e+02
2.23872114e+00 9.72828878e+01 -4.56568867e+00 -1.32874219e+01 1.01848576e+02 1.10570310e+02
2.51188643e+00 9.72827944e+01 -4.56551708e+00 -1.32875152e+01 1.01848311e+02 1.10570310e+02
2.81838293e+00 9.72826768e+01 -4.56530107e+00 -1.32876328e+01 1.01847978e+02 1.10570310e+02
3.16227766e+00 9.72825288e+01 -4.56502917e+00 -1.32877807e+01 1.01847558e+02 1.10570310e+02
3.54813389e+00 9.72823425e+01 -4.56468692e+00 -1.32879670e+01 1.01847029e+02 1.10570310e+02
3.98107171e+00 9.72821080e+01 -4.56425613e+00 -1.32882015e+01 1.01846364e+02 1.10570310e+02
4.46683592e+00 9.72818127e+01 -4.56371392e+00 -1.32884968e+01 1.01845527e+02 1.10570309e+02
5.01187234e+00 9.72814410e+01 -4.56303152e+00 -1.32888684e+01 1.01844473e+02 1.10570309e+02
5.62341325e+00 9.72809732e+01 -4.56217275e+00 -1.32893362e+01 1.01843146e+02 1.10570309e+02
6.30957344e+00 9.72803842e+01 -4.56109213e+00 -1.32899250e+01 1.01841476e+02 1.10570309e+02
7.07945784e+00 9.72796429e+01 -4.55973251e+00 -1.32906663e+01 1.01839375e+02 1.10570309e+02
7.94328235e+00 9.72787099e+01 -4.55802211e+00 -1.32915992e+01 1.01836732e+02 1.10570309e+02
8.91250938e+00 9.72775355e+01 -4.55587085e+00 -1.32927734e+01 1.01833406e+02 1.10570309e+02
1.00000000e+01 9.72760574e+01 -4.55316573e+00 -1.32942513e+01 1.01829223e+02 1.10570309e+02
1.12201845e+01 9.72741974e+01 -4.54976520e+00 -1.32961110e+01 1.01823963e+02 1.10570308e+02
1.25892541e+01 9.72718570e+01 -4.54549210e+00 -1.32984512e+01 1.01817349e+02 1.10570308e+02
1.41253754e+01 9.72689123e+01 -4.54012510e+00 -1.33013954e+01 1.01809037e+02 1.10570308e+02
1.58489319e+01 9.72652080e+01 -4.53338816e+00 -1.33050992e+01 1.01798596e+02 1.10570307e+02
1.77827941e+01 9.72605490e+01 -4.52493797e+00 -1.33097575e+01 1.01785487e+02 1.10570307e+02
1.99526231e+01 9.72546908e+01 -4.51434878e+00 -1.33156149e+01 1.01769040e+02 1.10570306e+02
2.23872114e+01 9.72473270e+01 -4.50109474e+00 -1.33229777e+01 1.01748422e+02 1.10570305e+02
2.51188643e+01 9.72380743e+01 -4.48452958e+00 -1.33322292e+01 1.01722604e+02 1.10570303e+02
2.81838293e+01 9.72264537e+01 -4.46386405e+00 -1.33438481e+01 1.01690318e+02 1.10570302e+02
3.16227766e+01 9.72118684e+01 -4.43814195e+00 -1.33584314e+01 1.01650010e+02 1.10570300e+02
3.54813389e+01 9.71935759e+01 -4.40621658e+00 -1.33767214e+01 1.01599793e+02 1.10570297e+02
3.98107171e+01 9.71706561e+01 -4.36673054e+00 -1.33996380e+01 1.01537387e+02 1.10570294e+02
4.46683592e+01 9.71419726e+01 -4.31810362e+00 -1.34283174e+01 1.01460076e+02 1.10570290e+02
5.01187234e+01 9.71061296e+01 -4.25853558e+00 -1.34641553e+01 1.01364665e+02 1.10570285e+02
5.62341325e+01 9.70614225e+01 -4.18603305e+00 -1.35088560e+01 1.01247456e+02 1.10570279e+02
6.30957344e+01 9.70057862e+01 -4.09847154e+00 -1.35644842e+01 1.01104258e+02 1.10570270e+02
7.07945784e+01 9.69367428e+01 -3.99370425e+00 -1.36335176e+01 1.00930447e+02 1.10570260e+02
7.94328235e+01 9.68513544e+01 -3.86972727e+00 -1.37188931e+01 1.00721082e+02 1.10570248e+02
8.91250938e+01 9.67461904e+01 -3.72490331e+00 -1.38240411e+01 1.00471094e+02 1.10570231e+02
1.00000000e+02 9.66173179e+01 -3.55823402e+00 -1.39528933e+01 1.00175552e+02 1.10570211e+02
1.12201845e+02 9.64603324e+01 -3.36965224e+00 -1.41098533e+01 9.98299847e+01 1.10570186e+02
1.25892541e+02 9.62704413e+01 -3.16028595e+00 -1.42997124e+01 9.94307272e+01 1.10570154e+02
1.41253754e+02 9.60426151e+01 -2.93263142e+00 -1.45274982e+01 9.89752465e+01 1.10570113e+02
1.58489319e+02 9.57718131e+01 -2.69057237e+00 -1.47982492e+01 9.84623855e+01 1.10570062e+02
1.77827941e+02 9.54532776e+01 -2.43920335e+00 -1.51167207e+01 9.78924810e+01 1.10569998e+02
1.99526231e+02 9.50828729e+01 -2.18445565e+00 -1.54870449e+01 9.72673285e+01 1.10569918e+02
2.23872114e+02 9.46574291e+01 -1.93257468e+00 -1.59123871e+01 9.65900038e+01 1.10569816e+02
2.51188643e+02 9.41750364e+01 -1.68953897e+00 -1.63946521e+01 9.58645754e+01 1.10569689e+02
2.81838293e+02 9.36352342e+01 -1.46052885e+00 -1.69342935e+01 9.50957631e+01 1.10569528e+02
3.16227766e+02 9.30390584e+01 -1.24953763e+00 -1.75302668e+01 9.42885960e+01 1.10569325e+02
3.54813389e+02 9.23889362e+01 -1.05917793e+00 -1.81801341e+01 9.34481142e+01 1.10569070e+02
3.98107171e+02 9.16884504e+01 -8.90685989e-01 -1.88802991e+01 9.25791364e+01 1.10568750e+02
4.46683592e+02 9.09420193e+01 -7.44084163e-01 -1.96263264e+01 9.16861034e+01 1.10568346e+02
5.01187234e+02 9.01545488e+01 -6.18439979e-01 -2.04132885e+01 9.07729888e+01 1.10567837e+02
5.62341325e+02 8.93311066e+01 -5.12158123e-01 -2.12360907e+01 8.98432647e+01 1.10567197e+02
6.30957344e+02 8.84766531e+01 -4.23255699e-01 -2.20897387e+01 8.88999088e+01 1.10566392e+02
7.07945784e+02 8.75958447e+01 -3.49590662e-01 -2.29695333e+01 8.79454353e+01 1.10565378e+02
7.94328235e+02 8.66929097e+01 -2.89031820e-01 -2.38711922e+01 8.69819415e+01 1.10564102e+02
8.91250938e+02 8.57715877e+01 -2.39572050e-01 -2.47909084e+01 8.60111597e+01 1.10562496e+02
1.00000000e+03 8.48351157e+01 -1.99393747e-01 -2.57253595e+01 8.50345094e+01 1.10560475e+02
1.12201845e+03 8.38862485e+01 -1.66898150e-01 -2.66716839e+01 8.40531467e+01 1.10557932e+02
1.25892541e+03 8.29272982e+01 -1.40709754e-01 -2.76274351e+01 8.30680080e+01 1.10554733e+02
1.41253754e+03 8.19601839e+01 -1.19665137e-01 -2.85905254e+01 8.20798490e+01 1.10550709e+02
1.58489319e+03 8.09864846e+01 -1.02793238e-01 -2.95591640e+01 8.10892778e+01 1.10545649e+02
1.77827941e+03 8.00074901e+01 -8.92919259e-02 -3.05317960e+01 8.00967820e+01 1.10539286e+02
1.99526231e+03 7.90242480e+01 -7.85040020e-02 -3.15070412e+01 7.91027520e+01 1.10531289e+02
2.23872114e+03 7.80376055e+01 -6.98944705e-02 -3.24836371e+01 7.81075000e+01 1.10521243e+02
2.51188643e+03 7.70482452e+01 -6.30300254e-02 -3.34603826e+01 7.71112752e+01 1.10508628e+02
2.81838293e+03 7.60567151e+01 -5.75611309e-02 -3.44360834e+01 7.61142763e+01 1.10492799e+02
3.16227766e+03 7.50634549e+01 -5.32067236e-02 -3.54094975e+01 7.51166616e+01 1.10472952e+02
3.54813389e+03 7.40688159e+01 -4.97413692e-02 -3.63792799e+01 7.41185572e+01 1.10448096e+02
3.98107171e+03 7.30730790e+01 -4.69846141e-02 -3.73439251e+01 7.31200636e+01 1.10417004e+02
4.46683592e+03 7.20764683e+01 -4.47922396e-02 -3.83017076e+01 7.21212605e+01 1.10378176e+02
5.01187234e+03 7.10791624e+01 -4.30491314e-02 -3.92506201e+01 7.11222115e+01 1.10329782e+02
5.62341325e+03 7.00813035e+01 -4.16634980e-02 -4.01883120e+01 7.01229670e+01 1.10269616e+02
6.30957344e+03 6.90830051e+01 -4.05622038e-02 -4.11120310e+01 6.91235673e+01 1.10195036e+02
7.07945784e+03 6.80843571e+01 -3.96870142e-02 -4.20185741e+01 6.81240441e+01 1.10102931e+02
7.94328235e+03 6.70854314e+01 -3.89915835e-02 -4.29042566e+01 6.71244229e+01 1.09989688e+02
8.91250938e+03 6.60862848e+01 -3.84390422e-02 -4.37649125e+01 6.61247239e+01 1.09851197e+02
1.00000000e+04 6.50869628e+01 -3.80000696e-02 -4.45959384e+01 6.51249629e+01 1.09682901e+02
1.12201845e+04 6.40875014e+01 -3.76513547e-02 -4.53923985e+01 6.41251528e+01 1.09479900e+02
1.25892541e+04 6.30879293e+01 -3.73743685e-02 -4.61492004e+01 6.31253036e+01 1.09237130e+02
1.41253754e+04 6.20882691e+01 -3.71543867e-02 -4.68613450e+01 6.21254235e+01 1.08949614e+02
1.58489319e+04 6.10885389e+01 -3.69797109e-02 -4.75242393e+01 6.11255186e+01 1.08612778e+02
1.77827941e+04 6.00887532e+01 -3.68410496e-02 -4.81340426e+01 6.01255942e+01 1.08222796e+02
1.99526231e+04 5.90889233e+01 -3.67310251e-02 -4.86879972e+01 5.91256543e+01 1.07776921e+02
2.23872114e+04 5.80890582e+01 -3.66437822e-02 -4.91846902e+01 5.81257020e+01 1.07273748e+02
2.51188643e+04 5.70891652e+01 -3.65746777e-02 -4.96241941e+01 5.71257399e+01 1.06713359e+02
2.81838293e+04 5.60892499e+01 -3.65200330e-02 -5.00080579e+01 5.61257700e+01 1.06097308e+02
3.16227766e+04 5.50893169e+01 -3.64769393e-02 -5.03391504e+01 5.51257939e+01 1.05428467e+02
3.54813389e+04 5.40893698e+01 -3.64431023e-02 -5.06213873e+01 5.41258129e+01 1.04710757e+02
3.98107171e+04 5.30894112e+01 -3.64167205e-02 -5.08593941e+01 5.31258279e+01 1.03948805e+02
4.46683592e+04 5.20894435e+01 -3.63963891e-02 -5.10581610e+01 5.21258399e+01 1.03147604e+02
5.01187234e+04 5.10894684e+01 -3.63810257e-02 -5.12227336e+01 5.11258494e+01 1.02312202e+02
5.62341325e+04 5.00894871e+01 -3.63698121e-02 -5.13579686e+01 5.01258569e+01 1.01447456e+02
6.30957344e+04 4.90895007e+01 -3.63621514e-02 -5.14683635e+01 4.91258629e+01 1.00557864e+02
7.07945784e+04 4.80895100e+01 -3.63576355e-02 -5.15579559e+01 4.81258676e+01 9.96474659e+01
7.94328235e+04 4.70895153e+01 -3.63560240e-02 -5.16302803e+01 4.71258714e+01 9.87197956e+01
8.91250938e+04 4.60895171e+01 -3.63572311e-02 -5.16883675e+01 4.61258743e+01 9.77778846e+01
1.00000000e+05 4.50895153e+01 -3.63613211e-02 -5.17347714e+01 4.51258766e+01 9.68242866e+01
1.12201845e+05 4.40895099e+01 -3.63685118e-02 -5.17716112e+01 4.41258784e+01 9.58611211e+01
1.25892541e+05 4.30895006e+01 -3.63791860e-02 -5.18006210e+01 4.31258798e+01 9.48901216e+01
1.41253754e+05 4.20894869e+01 -3.63939123e-02 -5.18231990e+01 4.21258808e+01 9.39126859e+01
1.58489319e+05 4.10894680e+01 -3.64134748e-02 -5.18404536e+01 4.11258815e+01 9.29299216e+01
1.77827941e+05 4.00894431e+01 -3.64389151e-02 -5.18532440e+01 4.01258820e+01 9.19426871e+01
1.99526231e+05 3.90894107e+01 -3.64715880e-02 -5.18622141e+01 3.91258823e+01 9.09516248e+01
2.23872114e+05 3.80893691e+01 -3.65132332e-02 -5.18678189e+01 3.81258823e+01 8.99571880e+01
2.51188643e+05 3.70893160e+01 -3.65660682e-02 -5.18703443e+01 3.71258821e+01 8.89596603e+01
2.81838293e+05 3.60892488e+01 -3.66329063e-02 -5.18699195e+01 3.61258817e+01 8.79591683e+01
3.16227766e+05 3.50891638e+01 -3.67173058e-02 -5.18665229e+01 3.51258811e+01 8.69556867e+01
3.54813389e+05 3.40890564e+01 -3.68237603e-02 -5.18599813e+01 3.41258802e+01 8.59490377e+01
3.98107171e+05 3.30889210e+01 -3.69579369e-02 -5.18499620e+01 3.31258789e+01 8.49388830e+01
4.46683592e+05 3.20887503e+01 -3.71269782e-02 -5.18359586e+01 3.21258773e+01 8.39247090e+01
5.01187234e+05 3.10885353e+01 -3.73398811e-02 -5.18172694e+01 3.11258752e+01 8.29058047e+01
5.62341325e+05 3.00882645e+01 -3.76079762e-02 -5.17929687e+01 3.01258725e+01 8.18812332e+01
6.30957344e+05 2.90879236e+01 -3.79455285e-02 -5.17618723e+01 2.91258691e+01 8.08497959e+01
7.07945784e+05 2.80874943e+01 -3.83704949e-02 -5.17224951e+01 2.81258648e+01 7.98099894e+01
7.94328235e+05 2.70869538e+01 -3.89054761e-02 -5.16730053e+01 2.71258593e+01 7.87599591e+01
8.91250938e+05 2.60862735e+01 -3.95789143e-02 -5.16111754e+01 2.61258524e+01 7.76974489e+01
1.00000000e+06 2.50854170e+01 -4.04265969e-02 -5.15343375e+01 2.51258436e+01 7.66197546e+01
1.12201845e+06 2.40843391e+01 -4.14935464e-02 -5.14393464e+01 2.41258327e+01 7.55236855e+01
1.25892541e+06 2.30829824e+01 -4.28363922e-02 -5.13225649e+01 2.31258188e+01 7.44055473e+01
1.41253754e+06 2.20812750e+01 -4.45263453e-02 -5.11798807e+01 2.21258014e+01 7.32611557e+01
1.58489319e+06 2.10791265e+01 -4.66529265e-02 -5.10067730e+01 2.11257794e+01 7.20858995e+01
1.77827941e+06 2.00764231e+01 -4.93286316e-02 -5.07984421e+01 2.01257518e+01 7.08748652e+01
1.99526231e+06 1.90730222e+01 -5.26947603e-02 -5.05500129e+01 1.91257170e+01 6.96230351e+01
2.23872114e+06 1.80687445e+01 -5.69286875e-02 -5.02568135e+01 1.81256731e+01 6.83255579e+01
2.51188643e+06 1.70633651e+01 -6.22529068e-02 -4.99147121e+01 1.71256180e+01 6.69780772e+01
2.81838293e+06 1.60566023e+01 -6.89462462e-02 -4.95204810e+01 1.61255485e+01 6.55770833e+01
3.16227766e+06 1.50481034e+01 -7.73577212e-02 -4.90721346e+01 1.51254611e+01 6.41202380e+01
3.54813389e+06 1.40374275e+01 -8.79235551e-02 -4.85691906e+01 1.41253511e+01 6.26066182e+01
3.98107171e+06 1.30240247e+01 -1.01187959e-01 -4.80128046e+01 1.31252126e+01 6.10368292e+01
4.46683592e+06 1.20072100e+01 -1.17828279e-01 -4.74057591e+01 1.21250383e+01 5.94129692e+01
5.01187234e+06 1.09861339e+01 -1.38685105e-01 -4.67523169e+01 1.11248190e+01 5.77384507e+01
5.62341325e+06 9.95974513e+00 -1.64797782e-01 -4.60579764e+01 1.01245429e+01 5.60177215e+01
6.30957344e+06 8.92675007e+00 -1.97445509e-01 -4.53291862e+01 9.12419558e+00 5.42559362e+01
7.07945784e+06 7.88556494e+00 -2.38193650e-01 -4.45730702e+01 8.12375859e+00 5.24586352e+01
7.94328235e+06 6.83426490e+00 -2.88944009e-01 -4.37972072e+01 7.12320891e+00 5.06314721e+01
8.91250938e+06 5.77053113e+00 -3.51986480e-01 -4.30094827e+01 6.12251761e+00 4.87800138e+01
1.00000000e+07 4.69160091e+00 -4.30047546e-01 -4.22180180e+01 5.12164845e+00 4.69096189e+01
1.12201845e+07 3.59422741e+00 -5.26328629e-01 -4.14311596e+01 4.12055604e+00 4.50253870e+01
1.25892541e+07 2.47465924e+00 -6.44524370e-01 -4.06575067e+01 3.11918361e+00 4.31321659e+01
1.41253754e+07 1.32865222e+00 -7.88808082e-01 -3.99059458e+01 2.11746030e+00 4.12345980e+01
1.58489319e+07 1.51528036e-01 -9.63769844e-01 -3.91856606e+01 1.11529788e+00 3.93371886e+01
1.77827941e+07 -1.06170669e+00 -1.17429343e+00 -3.85060859e+01 1.12586743e-01 3.74443792e+01
1.99526231e+07 -2.31617194e+00 -1.42536323e+00 -3.78767800e+01 -8.90808706e-01 3.55606081e+01
2.23872114e+07 -3.61685837e+00 -1.72180290e+00 -3.73071997e+01 -1.89505547e+00 3.36903413e+01
2.51188643e+07 -4.96832120e+00 -2.06796322e+00 -3.68063766e+01 -2.90035799e+00 3.18380554e+01
2.81838293e+07 -6.37435958e+00 -2.46739500e+00 -3.63825125e+01 -3.90696458e+00 3.00081529e+01
3.16227766e+07 -7.83773092e+00 -2.92255711e+00 -3.60425267e+01 -4.91517381e+00 2.82047958e+01
3.54813389e+07 -9.35995339e+00 -3.43461351e+00 -3.57915996e+01 -5.92533988e+00 2.64316462e+01
3.98107171e+07 -1.09412367e+01 -4.00336125e+00 -3.56327564e+01 -6.93787549e+00 2.46915196e+01
4.46683592e+07 -1.25805551e+01 -4.62730527e+00 -3.55665265e+01 -7.95324980e+00 2.29859714e+01
5.01187234e+07 -1.42758415e+01 -5.30386378e+00 -3.55907030e+01 -8.97197775e+00 2.13148615e+01
5.62341325e+07 -1.60242578e+01 -6.02966214e+00 -3.57002161e+01 -9.99459569e+00 1.96759582e+01
6.30957344e+07 -1.78224780e+01 -6.80086179e+00 -3.58871315e+01 -1.10216162e+01 1.80646536e+01
7.07945784e+07 -1.96669286e+01 -7.61347547e+00 -3.61407876e+01 -1.20534532e+01 1.64738589e+01
7.94328235e+07 -2.15539444e+01 -8.46363595e+00 -3.64480834e+01 -1.30903084e+01 1.48941390e+01
8.91250938e+07 -2.34798128e+01 -9.34780270e+00 -3.67939395e+01 -1.41320101e+01 1.33141267e+01
1.00000000e+08 -2.54407038e+01 -1.02629039e+01 -3.71619501e+01 -1.51777999e+01 1.17212463e+01
1.12201845e+08 -2.74324913e+01 -1.12064169e+01 -3.75352432e+01 -1.62260744e+01 1.01027519e+01
1.25892541e+08 -2.94504928e+01 -1.21763904e+01 -3.78975386e+01 -1.72741024e+01 8.44704578e+00
1.41253754e+08 -3.14891676e+01 -1.31714070e+01 -3.82343305e+01 -1.83177606e+01 6.74516293e+00
1.58489319e+08 -3.35418338e+01 -1.41904831e+01 -3.85340390e+01 -1.93513507e+01 4.99220524e+00
1.77827941e+08 -3.56004721e+01 -1.52328982e+01 -3.87888995e+01 -2.03675739e+01 3.18842742e+00
1.99526231e+08 -3.76556848e+01 -1.62979505e+01 -3.89953718e+01 -2.13577343e+01 1.33968704e+00
2.23872114e+08 -3.96968533e+01 -1.73846383e+01 -3.91539585e+01 -2.23122150e+01 -5.42894845e-01
2.51188643e+08 -4.17125044e+01 -1.84912835e+01 -3.92685011e+01 -2.32212209e+01 -2.44400328e+00
2.81838293e+08 -4.36908504e+01 -1.96151277e+01 -3.93451677e+01 -2.40757227e+01 -4.34568272e+00
3.16227766e+08 -4.56204378e+01 -2.07519563e+01 -3.93913855e+01 -2.48684815e+01 -6.22905226e+00
3.54813389e+08 -4.74908206e+01 -2.18958189e+01 -3.94149174e+01 -2.55950017e+01 -8.07590317e+00
3.98107171e+08 -4.92931739e+01 -2.30389201e+01 -3.94231735e+01 -2.62542537e+01 -9.87000038e+00
4.46683592e+08 -5.10207719e+01 -2.41717376e+01 -3.94227670e+01 -2.68490343e+01 -1.15980050e+01
5.01187234e+08 -5.26692715e+01 -2.52833889e+01 -3.94192753e+01 -2.73858826e+01 -1.32499962e+01
5.62341325e+08 -5.42367613e+01 -2.63622185e+01 -3.94171532e+01 -2.78745428e+01 -1.48196081e+01
6.30957344e+08 -5.57235720e+01 -2.73965322e+01 -3.94197468e+01 -2.83270399e+01 -1.63038252e+01
7.07945784e+08 -5.71318784e+01 -2.83753769e+01 -3.94293649e+01 -2.87565015e+01 -1.77025135e+01
7.94328235e+08 -5.84651564e+01 -2.92892613e+01 -3.94473725e+01 -2.91758951e+01 -1.90177839e+01
8.91250938e+08 -5.97275795e+01 -3.01307331e+01 -3.94742850e+01 -2.95968464e+01 -2.02532945e+01
1.00000000e+09 -6.09234342e+01 -3.08947594e+01 -3.95098589e+01 -3.00286748e+01 -2.14135753e+01
