# freq_hz rev(vout) imv(vout) rev(vinp) imv(vinp) rev(vinn) imv(vinn) rev(vdd) imv(vdd) rev(vss) imv(vss)
1.000000000000e-01 5.911292824287e-01 1.647447416429e-04 0.000000000000e+00 0.000000000000e+00 2.621993998136e-22 -9.408114730509e-19 1.000000000000e+00 0.000000000000e+00 0.000000000000e+00 0.000000000000e+00
1.122018454302e-01 5.911292997870e-01 1.848466324271e-04 0.000000000000e+00 0.000000000000e+00 2.621993885341e-22 -8.384991325805e-19 1.000000000000e+00 0.000000000000e+00 0.000000000000e+00 0.000000000000e+00
1.258925411794e-01 5.911293216504e-01 2.074013215783e-04 0.000000000000e+00 0.000000000000e+00 2.621993743584e-22 -7.473131661780e-19 1.000000000000e+00 0.000000000000e+00 0.000000000000e+00 0.000000000000e+00
1.412537544623e-01 5.911293491744e-01 2.327080944226e-04 0.000000000000e+00 0.000000000000e+00 2.621993565138e-22 -6.660435914507e-19 1.000000000000e+00 0.000000000000e+00 0.000000000000e+00 0.000000000000e+00
1.584893192461e-01 5.911293838045e-01 2.611027540477e-04 0.000000000000e+00 0.000000000000e+00 2.621993340555e-22 -5.936120104902e-19 1.000000000000e+00 0.000000000000e+00 0.000000000000e+00 0.000000000000e+00
1.778279410039e-01 5.911294274183e-01 2.929620769266e-04 0.000000000000e+00 0.000000000000e+00 2.621993057842e-22 -5.290573002771e-19 1.000000000000e+00 0.000000000000e+00 0.000000000000e+00 0.000000000000e+00
1.995262314969e-01 5.911294823496e-01 3.287088121025e-04 0.000000000000e+00 0.000000000000e+00 2.621992702040e-22 -4.715228590043e-19 1.000000000000e+00 0.000000000000e+00 0.000000000000e+00 0.000000000000e+00
2.238721138568e-01 5.911295514820e-01 3.688172902736e-04 0.000000000000e+00 0.000000000000e+00 2.621992254166e-22 -4.202452395927e-19 1.000000000000e+00 0.000000000000e+00 0.000000000000e+00 0.000000000000e+00
2.511886431510e-01 5.911296385050e-01 4.138197169460e-04 0.000000000000e+00 0.000000000000e+00 2.621991690149e-22 -3.745440191723e-19 1.000000000000e+00 0.000000000000e+00 0.000000000000e+00 0.000000000000e+00
2.818382931264e-01 5.911297480794e-01 4.643132334431e-04 0.000000000000e+00 0.000000000000e+00 2.621990980248e-22 -3.338127703318e-19 1.000000000000e+00 0.000000000000e+00 0.000000000000e+00 0.000000000000e+00
3.162277660168e-01 5.911298860034e-01 5.209678389287e-04 0.000000000000e+00 0.000000000000e+00 2.621990086470e-22 -2.975110141409e-19 1.000000000000e+00 0.000000000000e+00 0.000000000000e+00 0.000000000000e+00
3.548133892336e-01 5.911300596526e-01 5.845352785689e-04 0.000000000000e+00 0.000000000000e+00 2.621988961424e-22 -2.651570483488e-19 1.000000000000e+00 0.000000000000e+00 0.000000000000e+00 0.000000000000e+00
3.981071705535e-01 5.911302782739e-01 6.558590154286e-04 0.000000000000e+00 0.000000000000e+00 2.621987544939e-22 -2.363215554938e-19 1.000000000000e+00 0.000000000000e+00 0.000000000000e+00 0.000000000000e+00
4.466835921510e-01 5.911305535008e-01 7.358854182954e-04 0.000000000000e+00 0.000000000000e+00 2.621985761888e-22 -2.106219060936e-19 1.000000000000e+00 0.000000000000e+00 0.000000000000e+00 0.000000000000e+00
5.011872336273e-01 5.911308999721e-01 8.256763126609e-04 0.000000000000e+00 0.000000000000e+00 2.621983517051e-22 -1.877170814267e-19 1.000000000000e+00 0.000000000000e+00 0.000000000000e+00 0.000000000000e+00
5.623413251903e-01 5.911313361718e-01 9.264230615603e-04 0.000000000000e+00 0.000000000000e+00 2.621980691069e-22 -1.673031483770e-19 1.000000000000e+00 0.000000000000e+00 0.000000000000e+00 0.000000000000e+00
6.309573444802e-01 5.911318852751e-01 1.039462361117e-03 0.000000000000e+00 0.000000000000e+00 2.621977133299e-22 -1.491092264558e-19 1.000000000000e+00 0.000000000000e+00 0.000000000000e+00 0.000000000000e+00
7.079457843841e-01 5.911325765749e-01 1.166293959433e-03 0.000000000000e+00 0.000000000000e+00 2.621972654266e-22 -1.328938933754e-19 1.000000000000e+00 0.000000000000e+00 0.000000000000e+00 0.000000000000e+00
7.943282347243e-01 5.911334468898e-01 1.308600531491e-03 0.000000000000e+00 0.000000000000e+00 2.621967015768e-22 -1.184419815197e-19 1.000000000000e+00 0.000000000000e+00 0.000000000000e+00 0.000000000000e+00
8.912509381337e-01 5.911345425422e-01 1.468269970409e-03 0.000000000000e+00 0.000000000000e+00 2.621959917088e-22 -1.055617228021e-19 1.000000000000e+00 0.000000000000e+00 0.000000000000e+00 0.000000000000e+00
1.000000000000e+00 5.911359218584e-01 1.647420387782e-03 0.000000000000e+00 0.000000000000e+00 2.621950980696e-22 -9.408220400216e-20 1.000000000000e+00 0.000000000000e+00 0.000000000000e+00 0.000000000000e+00
1.122018454302e+00 5.911376582901e-01 1.848428145812e-03 0.000000000000e+00 0.000000000000e+00 2.621939730392e-22 -8.385109888665e-20 1.000000000000e+00 0.000000000000e+00 0.000000000000e+00 0.000000000000e+00
1.258925411794e+00 5.911398443385e-01 2.073959287868e-03 0.000000000000e+00 0.000000000000e+00 2.621925567164e-22 -7.473264690930e-20 1.000000000000e+00 0.000000000000e+00 0.000000000000e+00 0.000000000000e+00
1.412537544623e+00 5.911425963532e-01 2.327004769743e-03 0.000000000000e+00 0.000000000000e+00 2.621907737083e-22 -6.660585174492e-20 1.000000000000e+00 0.000000000000e+00 0.000000000000e+00 0.000000000000e+00
1.584893192461e+00 5.911460608831e-01 2.610919942326e-03 0.000000000000e+00 0.000000000000e+00 2.621885290507e-22 -5.936287576209e-20 1.000000000000e+00 0.000000000000e+00 0.000000000000e+00 0.000000000000e+00
1.778279410039e+00 5.911504223908e-01 2.929468784704e-03 0.000000000000e+00 0.000000000000e+00 2.621857032630e-22 -5.290760906514e-20 1.000000000000e+00 0.000000000000e+00 0.000000000000e+00 0.000000000000e+00
1.995262314969e+00 5.911559130779e-01 3.286873440309e-03 0.000000000000e+00 0.000000000000e+00 2.621821458838e-22 -4.715439418590e-20 1.000000000000e+00 0.000000000000e+00 0.000000000000e+00 0.000000000000e+00
2.238721138568e+00 5.911628252310e-01 3.687869663257e-03 0.000000000000e+00 0.000000000000e+00 2.621776675423e-22 -4.202688945386e-20 1.000000000000e+00 0.000000000000e+00 0.000000000000e+00 0.000000000000e+00
2.511886431510e+00 5.911715267537e-01 4.137768842071e-03 0.000000000000e+00 0.000000000000e+00 2.621720298861e-22 -3.745705598767e-20 1.000000000000e+00 0.000000000000e+00 0.000000000000e+00 0.000000000000e+00
2.818382931264e+00 5.911824808260e-01 4.642527322669e-03 0.000000000000e+00 0.000000000000e+00 2.621649328239e-22 -3.338425486800e-20 1.000000000000e+00 0.000000000000e+00 0.000000000000e+00 0.000000000000e+00
3.162277660168e+00 5.911962703279e-01 5.208823816766e-03 0.000000000000e+00 0.000000000000e+00 2.621559986955e-22 -2.975444248446e-20 1.000000000000e+00 0.000000000000e+00 0.000000000000e+00 0.000000000000e+00
3.548133892336e+00 5.912136289327e-01 5.844145722450e-03 0.000000000000e+00 0.000000000000e+00 2.621447521684e-22 -2.651945341541e-20 1.000000000000e+00 0.000000000000e+00 0.000000000000e+00 0.000000000000e+00
3.981071705535e+00 5.912354800125e-01 6.556885225552e-03 0.000000000000e+00 0.000000000000e+00 2.621305950028e-22 -2.363636129590e-20 1.000000000000e+00 0.000000000000e+00 0.000000000000e+00 0.000000000000e+00
4.466835921510e+00 5.912629855606e-01 7.356446072108e-03 0.000000000000e+00 0.000000000000e+00 2.621127743574e-22 -2.106690921093e-20 1.000000000000e+00 0.000000000000e+00 0.000000000000e+00 0.000000000000e+00
5.011872336273e+00 5.912976076497e-01 8.253361873935e-03 0.000000000000e+00 0.000000000000e+00 2.620903429344e-22 -1.877700204297e-20 1.000000000000e+00 0.000000000000e+00 0.000000000000e+00 0.000000000000e+00
5.623413251903e+00 5.913411858580e-01 9.259426741421e-03 0.000000000000e+00 0.000000000000e+00 2.620621089063e-22 -1.673625404486e-20 1.000000000000e+00 0.000000000000e+00 0.000000000000e+00 0.000000000000e+00
6.309573444802e+00 5.913960342273e-01 1.038783888770e-02 0.000000000000e+00 0.000000000000e+00 2.620265730319e-22 -1.491758563345e-20 1.000000000000e+00 0.000000000000e+00 0.000000000000e+00 0.000000000000e+00
7.079457843841e+00 5.914650630685e-01 1.165335756978e-02 0.000000000000e+00 0.000000000000e+00 2.619818497049e-22 -1.329686404391e-20 1.000000000000e+00 0.000000000000e+00 0.000000000000e+00 0.000000000000e+00
7.943282347243e+00 5.915519317487e-01 1.307247328234e-02 0.000000000000e+00 0.000000000000e+00 2.619255680920e-22 -1.185258309075e-20 1.000000000000e+00 0.000000000000e+00 0.000000000000e+00 0.000000000000e+00
8.912509381337e+00 5.916612398974e-01 1.466359042061e-02 0.000000000000e+00 0.000000000000e+00 2.618547480925e-22 -1.056557776654e-20 1.000000000000e+00 0.000000000000e+00 0.000000000000e+00 0.000000000000e+00
1.000000000000e+01 5.917987666812e-01 1.644722057307e-02 0.000000000000e+00 0.000000000000e+00 2.617656454329e-22 -9.418769903017e-21 1.000000000000e+00 0.000000000000e+00 0.000000000000e+00 0.000000000000e+00
1.122018454302e+01 5.919717695846e-01 1.844618301101e-02 0.000000000000e+00 0.000000000000e+00 2.616535580297e-22 -8.396941506639e-21 1.000000000000e+00 0.000000000000e+00 0.000000000000e+00 0.000000000000e+00
1.258925411794e+01 5.921893568046e-01 2.068580667700e-02 0.000000000000e+00 0.000000000000e+00 2.615125847546e-22 -7.486532760313e-21 1.000000000000e+00 0.000000000000e+00 0.000000000000e+00 0.000000000000e+00
1.412537544623e+01 5.924629497446e-01 2.319412468198e-02 0.000000000000e+00 0.000000000000e+00 2.613353257580e-22 -6.675462001680e-21 1.000000000000e+00 0.000000000000e+00 0.000000000000e+00 0.000000000000e+00
1.584893192461e+01 5.928068559277e-01 2.600204766389e-02 0.000000000000e+00 0.000000000000e+00 2.611125113020e-22 -5.952965276732e-21 1.000000000000e+00 0.000000000000e+00 0.000000000000e+00 0.000000000000e+00
1.778279410039e+01 5.932389752213e-01 2.914349587573e-02 0.000000000000e+00 0.000000000000e+00 2.608325441702e-22 -5.309453329359e-21 1.000000000000e+00 0.000000000000e+00 0.000000000000e+00 0.000000000000e+00
1.995262314969e+01 5.937816653702e-01 3.265546084267e-02 0.000000000000e+00 0.000000000000e+00 2.604809389293e-22 -4.736384106072e-21 1.000000000000e+00 0.000000000000e+00 0.000000000000e+00 0.000000000000e+00
2.238721138568e+01 5.944627949392e-01 3.657795523119e-02 0.000000000000e+00 0.000000000000e+00 2.600396397292e-22 -4.226149057587e-21 1.000000000000e+00 0.000000000000e+00 0.000000000000e+00 0.000000000000e+00
2.511886431510e+01 5.953170116936e-01 4.095379311591e-02 0.000000000000e+00 0.000000000000e+00 2.594861985395e-22 -3.771971691436e-21 1.000000000000e+00 0.000000000000e+00 0.000000000000e+00 0.000000000000e+00
2.818382931264e+01 5.963872506621e-01 4.582812135865e-02 0.000000000000e+00 0.000000000000e+00 2.587927980220e-22 -3.367816980715e-21 1.000000000000e+00 0.000000000000e+00 0.000000000000e+00 0.000000000000e+00
3.162277660168e+01 5.977264960816e-01 5.124759544189e-02 0.000000000000e+00 0.000000000000e+00 2.579251100809e-22 -3.008310360168e-21 1.000000000000e+00 0.000000000000e+00 0.000000000000e+00 0.000000000000e+00
3.548133892336e+01 5.993997905804e-01 5.725905951016e-02 0.000000000000e+00 0.000000000000e+00 2.568409940108e-22 -2.688665153405e-21 1.000000000000e+00 0.000000000000e+00 0.000000000000e+00 0.000000000000e+00
3.981071705535e+01 6.014864479936e-01 6.390755196223e-02 0.000000000000e+00 0.000000000000e+00 2.554890629430e-22 -2.404617361352e-21 1.000000000000e+00 0.000000000000e+00 0.000000000000e+00 0.000000000000e+00
4.466835921510e+01 6.040823651051e-01 7.123341779405e-02 0.000000000000e+00 0.000000000000e+00 2.538071859839e-22 -2.152366823680e-21 1.000000000000e+00 0.000000000000e+00 0.000000000000e+00 0.000000000000e+00
5.011872336273e+01 6.073022339191e-01 7.926827577946e-02 0.000000000000e+00 0.000000000000e+00 2.517210550093e-22 -1.928523832889e-21 1.000000000000e+00 0.000000000000e+00 0.000000000000e+00 0.000000000000e+00
5.623413251903e+01 6.112813184672e-01 8.802957721720e-02 0.000000000000e+00 0.000000000000e+00 2.491430333354e-22 -1.730060358253e-21 1.000000000000e+00 0.000000000000e+00 0.000000000000e+00 0.000000000000e+00
6.309573444802e+01 6.161762748576e-01 9.751352991418e-02 0.000000000000e+00 0.000000000000e+00 2.459716245484e-22 -1.554265130883e-21 1.000000000000e+00 0.000000000000e+00 0.000000000000e+00 0.000000000000e+00
7.079457843841e+01 6.221642619476e-01 1.076862847916e-01 0.000000000000e+00 0.000000000000e+00 2.420920486520e-22 -1.398701989439e-21 1.000000000000e+00 0.000000000000e+00 0.000000000000e+00 0.000000000000e+00
7.943282347243e+01 6.294393402931e-01 1.184735458969e-01 0.000000000000e+00 0.000000000000e+00 2.373785751319e-22 -1.261171112941e-21 1.000000000000e+00 0.000000000000e+00 0.000000000000e+00 0.000000000000e+00
8.912509381337e+01 6.382049562009e-01 1.297492223209e-01 0.000000000000e+00 0.000000000000e+00 2.316993925202e-22 -1.139673117161e-21 1.000000000000e+00 0.000000000000e+00 0.000000000000e+00 0.000000000000e+00
1.000000000000e+02 6.486612742361e-01 1.413244296290e-01 0.000000000000e+00 0.000000000000e+00 2.249248155532e-22 -1.032376481875e-21 1.000000000000e+00 0.000000000000e+00 0.000000000000e+00 0.000000000000e+00
1.122018454302e+02 6.609864462155e-01 1.529390347414e-01 0.000000000000e+00 0.000000000000e+00 2.169394208982e-22 -9.375893937336e-22 1.000000000000e+00 0.000000000000e+00 0.000000000000e+00 0.000000000000e+00
1.258925411794e+02 6.753117988406e-01 1.642588554195e-01 0.000000000000e+00 0.000000000000e+00 2.076581228918e-22 -8.537377187373e-22 1.000000000000e+00 0.000000000000e+00 0.000000000000e+00 0.000000000000e+00
1.412537544623e+02 6.916925413277e-01 1.748822056804e-01 0.000000000000e+00 0.000000000000e+00 1.970451518081e-22 -7.793512283708e-22 1.000000000000e+00 0.000000000000e+00 0.000000000000e+00 0.000000000000e+00
1.584893192461e+02 7.100778434464e-01 1.843591681710e-01 0.000000000000e+00 0.000000000000e+00 1.851334402730e-22 -7.130600301755e-22 1.000000000000e+00 0.000000000000e+00 0.000000000000e+00 0.000000000000e+00
1.778279410039e+02 7.302864806675e-01 1.922251984730e-01 0.000000000000e+00 0.000000000000e+00 1.720404023798e-22 -6.536020302314e-22 1.000000000000e+00 0.000000000000e+00 0.000000000000e+00 0.000000000000e+00
1.995262314969e+02 7.519956396558e-01 1.980472177725e-01 0.000000000000e+00 0.000000000000e+00 1.579751867047e-22 -5.998400427682e-22 1.000000000000e+00 0.000000000000e+00 0.000000000000e+00 0.000000000000e+00
2.238721138568e+02 7.747496603483e-01 2.014758486621e-01 0.000000000000e+00 0.000000000000e+00 1.432330122597e-22 -5.507842668680e-22 1.000000000000e+00 0.000000000000e+00 0.000000000000e+00 0.000000000000e+00
2.511886431510e+02 7.979917144334e-01 2.022935283536e-01 0.000000000000e+00 0.000000000000e+00 1.281746443186e-22 -5.056133283160e-22 1.000000000000e+00 0.000000000000e+00 0.000000000000e+00 0.000000000000e+00
2.818382931264e+02 8.211152913902e-01 2.004470090275e-01 0.000000000000e+00 0.000000000000e+00 1.131930369048e-22 -4.636863075763e-22 1.000000000000e+00 0.000000000000e+00 0.000000000000e+00 0.000000000000e+00
3.162277660168e+02 8.435260836611e-01 1.960555980728e-01 0.000000000000e+00 0.000000000000e+00 9.867323779524e-23 -4.245400318030e-22 1.000000000000e+00 0.000000000000e+00 0.000000000000e+00 0.000000000000e+00
3.548133892336e+02 8.647012783630e-01 1.893928446640e-01 0.000000000000e+00 0.000000000000e+00 8.495397391827e-23 -3.878700379563e-22 1.000000000000e+00 0.000000000000e+00 0.000000000000e+00 0.000000000000e+00
3.981071705535e+02 8.842341733263e-01 1.808467155816e-01 0.000000000000e+00 0.000000000000e+00 7.229874479947e-23 -3.534983791922e-22 1.000000000000e+00 0.000000000000e+00 0.000000000000e+00 0.000000000000e+00
4.466835921510e+02 9.018569736641e-01 1.708685064120e-01 0.000000000000e+00 0.000000000000e+00 6.088105292609e-23 -3.213348281489e-22 1.000000000000e+00 0.000000000000e+00 0.000000000000e+00 0.000000000000e+00
5.011872336273e+02 9.174411824308e-01 1.599219443025e-01 0.000000000000e+00 0.000000000000e+00 5.078415058585e-23 -2.913388238623e-22 1.000000000000e+00 0.000000000000e+00 0.000000000000e+00 0.000000000000e+00
5.623413251903e+02 9.309803975887e-01 1.484414349598e-01 0.000000000000e+00 0.000000000000e+00 4.201218561549e-23 -2.634878952703e-22 1.000000000000e+00 0.000000000000e+00 0.000000000000e+00 0.000000000000e+00
6.309573444802e+02 9.425629406661e-01 1.368040141891e-01 0.000000000000e+00 0.000000000000e+00 3.450793509841e-23 -2.377554560458e-22 1.000000000000e+00 0.000000000000e+00 0.000000000000e+00 0.000000000000e+00
7.079457843841e+02 9.523415642065e-01 1.253153302760e-01 0.000000000000e+00 0.000000000000e+00 2.817243170103e-23 -2.140981284140e-22 1.000000000000e+00 0.000000000000e+00 0.000000000000e+00 0.000000000000e+00
7.943282347243e+02 9.605055714511e-01 1.142071631923e-01 0.000000000000e+00 0.000000000000e+00 2.288302714624e-23 -1.924509326007e-22 1.000000000000e+00 0.000000000000e+00 0.000000000000e+00 0.000000000000e+00
8.912509381337e+02 9.672582748938e-01 1.036428342256e-01 0.000000000000e+00 0.000000000000e+00 1.850799665660e-23 -1.727279367785e-22 1.000000000000e+00 0.000000000000e+00 0.000000000000e+00 0.000000000000e+00
1.000000000000e+03 9.728006800642e-01 9.372696710029e-02 0.000000000000e+00 0.000000000000e+00 1.491711011475e-23 -1.548260368753e-22 1.000000000000e+00 0.000000000000e+00 0.000000000000e+00 0.000000000000e+00
1.122018454302e+03 9.773209497869e-01 8.451682979757e-02 0.000000000000e+00 0.000000000000e+00 1.198845810872e-23 -1.386300372774e-22 1.000000000000e+00 0.000000000000e+00 0.000000000000e+00 0.000000000000e+00
1.258925411794e+03 9.809885550627e-01 7.603342308045e-02 0.000000000000e+00 0.000000000000e+00 9.612241527516e-24 -1.240178140755e-22 1.000000000000e+00 0.000000000000e+00 0.000000000000e+00 0.000000000000e+00
1.412537544623e+03 9.839518583867e-01 6.827130248144e-02 0.000000000000e+00 0.000000000000e+00 7.692337313613e-24 -1.108648776260e-22 1.000000000000e+00 0.000000000000e+00 0.000000000000e+00 0.000000000000e+00
1.584893192461e+03 9.863379917576e-01 6.120671887513e-02 0.000000000000e+00 0.000000000000e+00 6.146377500925e-24 -9.904804165623e-23 1.000000000000e+00 0.000000000000e+00 0.000000000000e+00 0.000000000000e+00
1.778279410039e+03 9.882541231187e-01 5.480403899118e-02 0.000000000000e+00 0.000000000000e+00 4.904928695561e-24 -8.844815265663e-23 1.000000000000e+00 0.000000000000e+00 0.000000000000e+00 0.000000000000e+00
1.995262314969e+03 9.897894524307e-01 4.902060985534e-02 0.000000000000e+00 0.000000000000e+00 3.910198831076e-24 -7.895196676283e-23 1.000000000000e+00 0.000000000000e+00 0.000000000000e+00 0.000000000000e+00
2.238721138568e+03 9.910174937082e-01 4.381031565209e-02 0.000000000000e+00 0.000000000000e+00 3.114558653342e-24 -7.045331823466e-23 1.000000000000e+00 0.000000000000e+00 0.000000000000e+00 0.000000000000e+00
2.511886431510e+03 9.919983660402e-01 3.912608983959e-02 0.000000000000e+00 0.000000000000e+00 2.479057382469e-24 -6.285373475245e-23 1.000000000000e+00 0.000000000000e+00 0.000000000000e+00 0.000000000000e+00
2.818382931264e+03 9.927809359254e-01 3.492162320411e-02 0.000000000000e+00 0.000000000000e+00 1.972034705395e-24 -5.606264202325e-23 1.000000000000e+00 0.000000000000e+00 0.000000000000e+00 0.000000000000e+00
3.162277660168e+03 9.934047333913e-01 3.115247128098e-02 0.000000000000e+00 0.000000000000e+00 1.567879334698e-24 -4.999727753245e-23 1.000000000000e+00 0.000000000000e+00 0.000000000000e+00 0.000000000000e+00
3.548133892336e+03 9.939016149715e-01 2.777672448340e-02 0.000000000000e+00 0.000000000000e+00 1.245951573054e-24 -4.458240860398e-23 1.000000000000e+00 0.000000000000e+00 0.000000000000e+00 0.000000000000e+00
3.981071705535e+03 9.942971765223e-01 2.475536743781e-02 0.000000000000e+00 0.000000000000e+00 9.896679556008e-25 -3.974992721830e-23 1.000000000000e+00 0.000000000000e+00 0.000000000000e+00 0.000000000000e+00
4.466835921510e+03 9.946119349370e-01 2.205242282043e-02 0.000000000000e+00 0.000000000000e+00 7.857356215472e-25 -3.543837487765e-23 1.000000000000e+00 0.000000000000e+00 0.000000000000e+00 0.000000000000e+00
5.011872336273e+03 9.948623051036e-01 1.963494999557e-02 0.000000000000e+00 0.000000000000e+00 6.235193435580e-25 -3.159243550700e-23 1.000000000000e+00 0.000000000000e+00 0.000000000000e+00 0.000000000000e+00
5.623413251903e+03 9.950614004815e-01 1.747294929466e-02 0.000000000000e+00 0.000000000000e+00 4.945228326756e-25 -2.816242261992e-23 1.000000000000e+00 0.000000000000e+00 0.000000000000e+00 0.000000000000e+00
6.309573444802e+03 9.952196847094e-01 1.553920809656e-02 0.000000000000e+00 0.000000000000e+00 3.919665571550e-25 -2.510377819825e-23 1.000000000000e+00 0.000000000000e+00 0.000000000000e+00 0.000000000000e+00
7.079457843841e+03 9.953454991900e-01 1.380911398499e-02 0.000000000000e+00 0.000000000000e+00 3.104459125203e-25 -2.237659433457e-23 1.000000000000e+00 0.000000000000e+00 0.000000000000e+00 0.000000000000e+00
7.943282347243e+03 9.954454885192e-01 1.226045232522e-02 0.000000000000e+00 0.000000000000e+00 2.456555749657e-25 -1.994516412115e-23 1.000000000000e+00 0.000000000000e+00 0.000000000000e+00 0.000000000000e+00
8.912509381337e+03 9.955249424453e-01 1.087319983151e-02 0.000000000000e+00 0.000000000000e+00 1.941679303112e-25 -1.777756508097e-23 1.000000000000e+00 0.000000000000e+00 0.000000000000e+00 0.000000000000e+00
1.000000000000e+04 9.955880700450e-01 9.629321673369e-03 0.000000000000e+00 0.000000000000e+00 1.532554142929e-25 -1.584527626310e-23 1.000000000000e+00 0.000000000000e+00 0.000000000000e+00 0.000000000000e+00
1.122018454302e+04 9.956382191175e-01 8.512576760845e-03 0.000000000000e+00 0.000000000000e+00 1.207483410567e-25 -1.412282868399e-23 1.000000000000e+00 0.000000000000e+00 0.000000000000e+00 0.000000000000e+00
1.258925411794e+04 9.956780514608e-01 7.508333898871e-03 0.000000000000e+00 0.000000000000e+00 9.492130695161e-26 -1.258748787923e-23 1.000000000000e+00 0.000000000000e+00 0.000000000000e+00 0.000000000000e+00
1.412537544623e+04 9.957096827227e-01 6.603400088715e-03 0.000000000000e+00 0.000000000000e+00 7.440253672156e-26 -1.121896678025e-23 1.000000000000e+00 0.000000000000e+00 0.000000000000e+00 0.000000000000e+00
1.584893192461e+04 9.957347938676e-01 5.785861393891e-03 0.000000000000e+00 0.000000000000e+00 5.810160869314e-26 -9.999166833856e-24 1.000000000000e+00 0.000000000000e+00 0.000000000000e+00 0.000000000000e+00
1.778279410039e+04 9.957547199369e-01 5.044936133973e-03 0.000000000000e+00 0.000000000000e+00 4.515187651436e-26 -8.911945158359e-24 1.000000000000e+00 0.000000000000e+00 0.000000000000e+00 0.000000000000e+00
1.995262314969e+04 9.957705206664e-01 4.370839818400e-03 0.000000000000e+00 0.000000000000e+00 3.486462693692e-26 -7.942905519755e-24 1.000000000000e+00 0.000000000000e+00 0.000000000000e+00 0.000000000000e+00
2.238721138568e+04 9.957830366186e-01 3.754660981325e-03 0.000000000000e+00 0.000000000000e+00 2.669259893566e-26 -7.079210974273e-24 1.000000000000e+00 0.000000000000e+00 0.000000000000e+00 0.000000000000e+00
2.511886431510e+04 9.957929337560e-01 3.188246946479e-03 0.000000000000e+00 0.000000000000e+00 2.020096350552e-26 -6.309416131047e-24 1.000000000000e+00 0.000000000000e+00 0.000000000000e+00 0.000000000000e+00
2.818382931264e+04 9.958007387856e-01 2.664098490293e-03 0.000000000000e+00 0.000000000000e+00 1.504424536886e-26 -5.623317121112e-24 1.000000000000e+00 0.000000000000e+00 0.000000000000e+00 0.000000000000e+00
3.162277660168e+04 9.958068671316e-01 2.175272349333e-03 0.000000000000e+00 0.000000000000e+00 1.094797434560e-26 -5.011817503097e-24 1.000000000000e+00 0.000000000000e+00 0.000000000000e+00 0.000000000000e+00
3.548133892336e+04 9.958116450107e-01 1.715290513776e-03 0.000000000000e+00 0.000000000000e+00 7.694099839270e-27 -4.466808483025e-24 1.000000000000e+00 0.000000000000e+00 0.000000000000e+00 0.000000000000e+00
3.981071705535e+04 9.958153267740e-01 1.278055283960e-03 0.000000000000e+00 0.000000000000e+00 5.109398449509e-27 -3.981061969882e-24 1.000000000000e+00 0.000000000000e+00 0.000000000000e+00 0.000000000000e+00
4.466835921510e+04 9.958181084333e-01 8.577690756688e-04 0.000000000000e+00 0.000000000000e+00 3.056261542096e-27 -3.548135126576e-24 1.000000000000e+00 0.000000000000e+00 0.000000000000e+00 0.000000000000e+00
5.011872336273e+04 9.958201380870e-01 4.488580047497e-04 0.000000000000e+00 0.000000000000e+00 1.425374897919e-27 -3.162285205470e-24 1.000000000000e+00 0.000000000000e+00 0.000000000000e+00 0.000000000000e+00
5.623413251903e+04 9.958215237998e-01 4.589829184198e-05 0.000000000000e+00 0.000000000000e+00 1.299022445696e-28 -2.818393577893e-24 1.000000000000e+00 0.000000000000e+00 0.000000000000e+00 0.000000000000e+00
6.309573444802e+04 9.958223393523e-01 -3.564554395536e-04 0.000000000000e+00 0.000000000000e+00 -8.991359826456e-28 -2.511897977506e-24 1.000000000000e+00 0.000000000000e+00 0.000000000000e+00 0.000000000000e+00
7.079457843841e+04 9.958226281679e-01 -7.635408927215e-04 0.000000000000e+00 0.000000000000e+00 -1.716534090769e-27 -2.238732078242e-24 1.000000000000e+00 0.000000000000e+00 0.000000000000e+00 0.000000000000e+00
7.943282347243e+04 9.958224056227e-01 -1.180758773065e-03 0.000000000000e+00 0.000000000000e+00 -2.365817896368e-27 -1.995271619062e-24 1.000000000000e+00 0.000000000000e+00 0.000000000000e+00 0.000000000000e+00
8.912509381337e+04 9.958216598640e-01 -1.613644321094e-03 0.000000000000e+00 0.000000000000e+00 -2.881561848728e-27 -1.778286370584e-24 1.000000000000e+00 0.000000000000e+00 0.000000000000e+00 0.000000000000e+00
1.000000000000e+05 9.958203511788e-01 -2.067940643701e-03 0.000000000000e+00 0.000000000000e+00 -3.291229754685e-27 -1.584897313216e-24 1.000000000000e+00 0.000000000000e+00 0.000000000000e+00 0.000000000000e+00
1.122018454302e+05 9.958184098807e-01 -2.549673810083e-03 0.000000000000e+00 0.000000000000e+00 -3.616635614068e-27 -1.412538463577e-24 1.000000000000e+00 0.000000000000e+00 0.000000000000e+00 0.000000000000e+00
1.258925411794e+05 9.958157325926e-01 -3.065236746736e-03 0.000000000000e+00 0.000000000000e+00 -3.875111070299e-27 -1.258922846151e-24 1.000000000000e+00 0.000000000000e+00 0.000000000000e+00 0.000000000000e+00
1.412537544623e+05 9.958121767535e-01 -3.621467596285e-03 0.000000000000e+00 0.000000000000e+00 -4.080418756941e-27 -1.122012161197e-24 1.000000000000e+00 0.000000000000e+00 0.000000000000e+00 0.000000000000e+00
1.584893192461e+05 9.958075530234e-01 -4.225744536467e-03 0.000000000000e+00 0.000000000000e+00 -4.243491829091e-27 -9.999897481155e-25 1.000000000000e+00 0.000000000000e+00 0.000000000000e+00 0.000000000000e+00
1.778279410039e+05 9.958016152058e-01 -4.886082253473e-03 0.000000000000e+00 0.000000000000e+00 -4.373014378956e-27 -8.912364868209e-25 1.000000000000e+00 0.000000000000e+00 0.000000000000e+00 0.000000000000e+00
1.995262314969e+05 9.957940471478e-01 -5.611237289581e-03 0.000000000000e+00 0.000000000000e+00 -4.475883420440e-27 -7.943093182088e-25 1.000000000000e+00 0.000000000000e+00 0.000000000000e+00 0.000000000000e+00
2.238721138568e+05 9.957844459014e-01 -6.410825905170e-03 0.000000000000e+00 0.000000000000e+00 -4.557578049949e-27 -7.079220993133e-25 1.000000000000e+00 0.000000000000e+00 0.000000000000e+00 0.000000000000e+00
2.511886431510e+05 9.957723003124e-01 -7.295446380565e-03 0.000000000000e+00 0.000000000000e+00 -4.622447651152e-27 -6.309285396055e-25 1.000000000000e+00 0.000000000000e+00 0.000000000000e+00 0.000000000000e+00
2.818382931264e+05 9.957569637614e-01 -8.276826059902e-03 0.000000000000e+00 0.000000000000e+00 -4.673948901458e-27 -5.623069922216e-25 1.000000000000e+00 0.000000000000e+00 0.000000000000e+00 0.000000000000e+00
3.162277660168e+05 9.957376199166e-01 -9.367962461857e-03 0.000000000000e+00 0.000000000000e+00 -4.714821697298e-27 -5.011468987320e-25 1.000000000000e+00 0.000000000000e+00 0.000000000000e+00 0.000000000000e+00
3.548133892336e+05 9.957132391759e-01 -1.058330657724e-02 0.000000000000e+00 0.000000000000e+00 -4.747243500763e-27 -4.466367074230e-25 1.000000000000e+00 0.000000000000e+00 0.000000000000e+00 0.000000000000e+00
3.981071705535e+05 9.956825240220e-01 -1.193894555651e-02 0.000000000000e+00 0.000000000000e+00 -4.772941411676e-27 -3.980531052179e-25 1.000000000000e+00 0.000000000000e+00 0.000000000000e+00 0.000000000000e+00
4.466835921510e+05 9.956438401065e-01 -1.345281071077e-02 0.000000000000e+00 0.000000000000e+00 -4.793284017411e-27 -3.547514202366e-25 1.000000000000e+00 0.000000000000e+00 0.000000000000e+00 0.000000000000e+00
5.011872336273e+05 9.955951295703e-01 -1.514490697152e-02 0.000000000000e+00 0.000000000000e+00 -4.809353960870e-27 -3.161570677739e-25 1.000000000000e+00 0.000000000000e+00 0.000000000000e+00 0.000000000000e+00
5.623413251903e+05 9.955338017910e-01 -1.703757349669e-02 0.000000000000e+00 0.000000000000e+00 -4.822007415821e-27 -2.817579261429e-25 1.000000000000e+00 0.000000000000e+00 0.000000000000e+00 0.000000000000e+00
6.309573444802e+05 9.954565962329e-01 -1.915576393114e-02 0.000000000000e+00 0.000000000000e+00 -4.831918583746e-27 -2.510975413947e-25 1.000000000000e+00 0.000000000000e+00 0.000000000000e+00 0.000000000000e+00
7.079457843841e+05 9.953594100423e-01 -2.152735444511e-02 0.000000000000e+00 0.000000000000e+00 -4.839614765997e-27 -2.237690706769e-25 1.000000000000e+00 0.000000000000e+00 0.000000000000e+00 0.000000000000e+00
7.943282347243e+05 9.952370812818e-01 -2.418349193764e-02 0.000000000000e+00 0.000000000000e+00 -4.845506070215e-27 -1.994098838616e-25 1.000000000000e+00 0.000000000000e+00 0.000000000000e+00 0.000000000000e+00
8.912509381337e+05 9.950831170102e-01 -2.715896585395e-02 0.000000000000e+00 0.000000000000e+00 -4.849906440461e-27 -1.776967519283e-25 1.000000000000e+00 0.000000000000e+00 0.000000000000e+00 0.000000000000e+00
1.000000000000e+06 9.948893522260e-01 -3.049261353369e-02 0.000000000000e+00 0.000000000000e+00 -4.853050171678e-27 -1.583415582363e-25 1.000000000000e+00 0.000000000000e+00 0.000000000000e+00 0.000000000000e+00
1.122018454302e+06 9.946455222369e-01 -3.422776225852e-02 0.000000000000e+00 0.000000000000e+00 -4.855105130875e-27 -1.410874757730e-25 1.000000000000e+00 0.000000000000e+00 0.000000000000e+00 0.000000000000e+00
1.258925411794e+06 9.943387277600e-01 -3.841269190865e-02 0.000000000000e+00 0.000000000000e+00 -4.856181102910e-27 -1.257055597958e-25 1.000000000000e+00 0.000000000000e+00 0.000000000000e+00 0.000000000000e+00
1.412537544623e+06 9.939527662689e-01 -4.310112493256e-02 0.000000000000e+00 0.000000000000e+00 -4.856336110818e-27 -1.119917106301e-25 1.000000000000e+00 0.000000000000e+00 0.000000000000e+00 0.000000000000e+00
1.584893192461e+06 9.934672982475e-01 -4.835272213822e-02 0.000000000000e+00 0.000000000000e+00 -4.855579402355e-27 -9.976396647317e-26 1.000000000000e+00 0.000000000000e+00 0.000000000000e+00 0.000000000000e+00
1.778279410039e+06 9.928568097489e-01 -5.423357377214e-02 0.000000000000e+00 0.000000000000e+00 -4.853872399718e-27 -8.886009035584e-26 1.000000000000e+00 0.000000000000e+00 0.000000000000e+00 0.000000000000e+00
1.995262314969e+06 9.920893262202e-01 -6.081665013277e-02 0.000000000000e+00 0.000000000000e+00 -4.851126800875e-27 -7.913541947446e-26 1.000000000000e+00 0.000000000000e+00 0.000000000000e+00 0.000000000000e+00
2.238721138568e+06 9.911248235562e-01 -6.818217651973e-02 0.000000000000e+00 0.000000000000e+00 -4.847200590073e-27 -7.046094851766e-26 1.000000000000e+00 0.000000000000e+00 0.000000000000e+00 0.000000000000e+00
2.511886431510e+06 9.899132763503e-01 -7.641786562736e-02 0.000000000000e+00 0.000000000000e+00 -4.841891298333e-27 -6.272162195994e-26 1.000000000000e+00 0.000000000000e+00 0.000000000000e+00 0.000000000000e+00
2.818382931264e+06 9.883922760185e-01 -8.561892154683e-02 0.000000000000e+00 0.000000000000e+00 -4.834926593975e-27 -5.581481306077e-26 1.000000000000e+00 0.000000000000e+00 0.000000000000e+00 0.000000000000e+00
3.162277660168e+06 9.864841497215e-01 -9.588769268502e-02 0.000000000000e+00 0.000000000000e+00 -4.825952023354e-27 -4.964897000905e-26 1.000000000000e+00 0.000000000000e+00 0.000000000000e+00 0.000000000000e+00
3.548133892336e+06 9.840925162164e-01 -1.073327992532e-01 0.000000000000e+00 0.000000000000e+00 -4.814515482052e-27 -4.414241208707e-26 1.000000000000e+00 0.000000000000e+00 0.000000000000e+00 0.000000000000e+00
3.981071705535e+06 9.810982315270e-01 -1.200675079406e-01 0.000000000000e+00 0.000000000000e+00 -4.800048531380e-27 -3.922226092767e-26 1.000000000000e+00 0.000000000000e+00 0.000000000000e+00 0.000000000000e+00
4.466835921510e+06 9.773547179853e-01 -1.342070410865e-01 0.000000000000e+00 0.000000000000e+00 -4.781844321569e-27 -3.482349413653e-26 1.000000000000e+00 0.000000000000e+00 0.000000000000e+00 0.000000000000e+00
5.011872336273e+06 9.726827410754e-01 -1.498644293380e-01 0.000000000000e+00 0.000000000000e+00 -4.759032777066e-27 -3.088811045364e-26 1.000000000000e+00 0.000000000000e+00 0.000000000000e+00 0.000000000000e+00
5.623413251903e+06 9.668648239957e-01 -1.671444067054e-01 0.000000000000e+00 0.000000000000e+00 -4.730553730570e-27 -2.736439759047e-26 1.000000000000e+00 0.000000000000e+00 0.000000000000e+00 0.000000000000e+00
6.309573444802e+06 9.596396815276e-01 -1.861347715539e-01 0.000000000000e+00 0.000000000000e+00 -4.695130222867e-27 -2.420629543952e-26 1.000000000000e+00 0.000000000000e+00 0.000000000000e+00 0.000000000000e+00
7.079457843841e+06 9.506973473381e-01 -2.068945699714e-01 0.000000000000e+00 0.000000000000e+00 -4.651245086299e-27 -2.137284881848e-26 1.000000000000e+00 0.000000000000e+00 0.000000000000e+00 0.000000000000e+00
7.943282347243e+06 9.396760710308e-01 -2.294385062487e-01 0.000000000000e+00 0.000000000000e+00 -4.597126327477e-27 -1.882774463653e-26 1.000000000000e+00 0.000000000000e+00 0.000000000000e+00 0.000000000000e+00
8.912509381337e+06 9.261625809831e-01 -2.537171841610e-01 0.000000000000e+00 0.000000000000e+00 -4.530749116644e-27 -1.653892821464e-26 1.000000000000e+00 0.000000000000e+00 0.000000000000e+00 0.000000000000e+00
1.000000000000e+07 9.096979072664e-01 -2.795932809025e-01 0.000000000000e+00 0.000000000000e+00 -4.449865271092e-27 -1.447829186618e-26 1.000000000000e+00 0.000000000000e+00 0.000000000000e+00 0.000000000000e+00
1.122018454302e+07 8.897915100146e-01 -3.068146674286e-01 0.000000000000e+00 0.000000000000e+00 -4.352073778032e-27 -1.262142495046e-26 1.000000000000e+00 0.000000000000e+00 0.000000000000e+00 0.000000000000e+00
1.258925411794e+07 8.659467297866e-01 -3.349869367265e-01 0.000000000000e+00 0.000000000000e+00 -4.234947229737e-27 -1.094740809969e-26 1.000000000000e+00 0.000000000000e+00 0.000000000000e+00 0.000000000000e+00
1.412537544623e+07 8.377001725086e-01 -3.635497767389e-01 0.000000000000e+00 0.000000000000e+00 -4.096226981592e-27 -9.438625103539e-27 1.000000000000e+00 0.000000000000e+00 0.000000000000e+00 0.000000000000e+00
1.584893192461e+07 8.046760533676e-01 -3.917638663515e-01 0.000000000000e+00 0.000000000000e+00 -3.934091972331e-27 -8.080555339017e-27 1.000000000000e+00 0.000000000000e+00 0.000000000000e+00 0.000000000000e+00
1.778279410039e+07 7.666533036487e-01 -4.187167796570e-01 0.000000000000e+00 0.000000000000e+00 -3.747490122291e-27 -6.861501191804e-27 1.000000000000e+00 0.000000000000e+00 0.000000000000e+00 0.000000000000e+00
1.995262314969e+07 7.236383458297e-01 -4.433565787546e-01 0.000000000000e+00 0.000000000000e+00 -3.536496957404e-27 -5.772204430746e-27 1.000000000000e+00 0.000000000000e+00 0.000000000000e+00 0.000000000000e+00
2.238721138568e+07 6.759307219656e-01 -4.645589293660e-01 0.000000000000e+00 0.000000000000e+00 -3.302637773517e-27 -4.805320043447e-27 1.000000000000e+00 0.000000000000e+00 0.000000000000e+00 0.000000000000e+00
2.511886431510e+07 6.241643050336e-01 -4.812267678017e-01 0.000000000000e+00 0.000000000000e+00 -3.049087645167e-27 -3.954750230802e-27 1.000000000000e+00 0.000000000000e+00 0.000000000000e+00 0.000000000000e+00
2.818382931264e+07 5.693065817660e-01 -4.924114642484e-01 0.000000000000e+00 0.000000000000e+00 -2.780662545920e-27 -3.214891618087e-27 1.000000000000e+00 0.000000000000e+00 0.000000000000e+00 0.000000000000e+00
3.162277660168e+07 5.126048993704e-01 -4.974341381185e-01 0.000000000000e+00 0.000000000000e+00 -2.503546824538e-27 -2.579900070621e-27 1.000000000000e+00 0.000000000000e+00 0.000000000000e+00 0.000000000000e+00
3.548133892336e+07 4.554814433131e-01 -4.959801461361e-01 0.000000000000e+00 0.000000000000e+00 -2.224766435774e-27 -2.043105626496e-27 1.000000000000e+00 0.000000000000e+00 0.000000000000e+00 0.000000000000e+00
3.981071705535e+07 3.993940567857e-01 -4.881429700019e-01 0.000000000000e+00 0.000000000000e+00 -1.951493777501e-27 -1.596694133657e-27 1.000000000000e+00 0.000000000000e+00 0.000000000000e+00 0.000000000000e+00
4.466835921510e+07 3.456912447438e-01 -4.744061802592e-01 0.000000000000e+00 0.000000000000e+00 -1.690325992455e-27 -1.231710126616e-27 1.000000000000e+00 0.000000000000e+00 0.000000000000e+00 0.000000000000e+00
5.011872336273e+07 2.954913639542e-01 -4.555692414795e-01 0.000000000000e+00 0.000000000000e+00 -1.446686823552e-27 -9.383501425986e-28 1.000000000000e+00 0.000000000000e+00 0.000000000000e+00 0.000000000000e+00
5.623413251903e+07 2.496073316771e-01 -4.326373307766e-01 0.000000000000e+00 0.000000000000e+00 -1.224458645928e-27 -7.064435581884e-28 1.000000000000e+00 0.000000000000e+00 0.000000000000e+00 0.000000000000e+00
6.309573444802e+07 2.085236636185e-01 -4.067014137558e-01 0.000000000000e+00 0.000000000000e+00 -1.025878229772e-27 -5.259875664632e-28 1.000000000000e+00 0.000000000000e+00 0.000000000000e+00 0.000000000000e+00
7.079457843841e+07 1.724189016367e-01 -3.788316628888e-01 0.000000000000e+00 0.000000000000e+00 -8.516602977011e-28 -3.876189544915e-28 1.000000000000e+00 0.000000000000e+00 0.000000000000e+00 0.000000000000e+00
7.943282347243e+07 1.412183127485e-01 -3.499983490442e-01 0.000000000000e+00 0.000000000000e+00 -7.012714000242e-28 -2.829509457991e-28 1.000000000000e+00 0.000000000000e+00 0.000000000000e+00 0.000000000000e+00
8.912509381337e+07 1.146601633400e-01 -3.210244327570e-01 0.000000000000e+00 0.000000000000e+00 -5.732686849513e-28 -2.047541381499e-28 1.000000000000e+00 0.000000000000e+00 0.000000000000e+00 0.000000000000e+00
1.000000000000e+08 9.236196521807e-02 -2.925666919295e-01 0.000000000000e+00 0.000000000000e+00 -4.656343520463e-28 -1.469986331814e-28 1.000000000000e+00 0.000000000000e+00 0.000000000000e+00 0.000000000000e+00
1.122018454302e+08 7.387802916645e-02 -2.651184515058e-01 0.000000000000e+00 0.000000000000e+00 -3.760625495975e-28 -1.047937623721e-28 1.000000000000e+00 0.000000000000e+00 0.000000000000e+00 0.000000000000e+00
1.258925411794e+08 5.874430475066e-02 -2.390262059873e-01 0.000000000000e+00 0.000000000000e+00 -3.021799532759e-28 -7.426529317762e-29 1.000000000000e+00 0.000000000000e+00 0.000000000000e+00 0.000000000000e+00
1.412537544623e+08 4.650985117486e-02 -2.145134069987e-01 0.000000000000e+00 0.000000000000e+00 -2.416988434276e-28 -5.240407764825e-29 1.000000000000e+00 0.000000000000e+00 0.000000000000e+00 0.000000000000e+00
1.584893192461e+08 3.675626983515e-02 -1.917063396157e-01 0.000000000000e+00 0.000000000000e+00 -1.925114683881e-28 -3.691063891063e-29 1.000000000000e+00 0.000000000000e+00 0.000000000000e+00 0.000000000000e+00
1.778279410039e+08 2.910734906312e-02 -1.706586647802e-01 0.000000000000e+00 0.000000000000e+00 -1.527384837720e-28 -2.605090323571e-29 1.000000000000e+00 0.000000000000e+00 0.000000000000e+00 0.000000000000e+00
1.995262314969e+08 2.323142431801e-02 -1.513725691514e-01 0.000000000000e+00 0.000000000000e+00 -1.207444878211e-28 -1.853087680521e-29 1.000000000000e+00 0.000000000000e+00 0.000000000000e+00 0.000000000000e+00
2.238721138568e+08 1.883886626195e-02 -1.338154897056e-01 0.000000000000e+00 0.000000000000e+00 -9.513197638599e-29 -1.339290828225e-29 1.000000000000e+00 0.000000000000e+00 0.000000000000e+00 0.000000000000e+00
2.511886431510e+08 1.567687310065e-02 -1.179321407851e-01 0.000000000000e+00 0.000000000000e+00 -7.472265831729e-29 -9.932980308723e-30 1.000000000000e+00 0.000000000000e+00 0.000000000000e+00 0.000000000000e+00
2.818382931264e+08 1.352343821660e-02 -1.036521665698e-01 0.000000000000e+00 0.000000000000e+00 -5.853269436443e-29 -7.636726776527e-30 1.000000000000e+00 0.000000000000e+00 0.000000000000e+00 0.000000000000e+00
3.162277660168e+08 1.218197630409e-02 -9.089423343415e-02 0.000000000000e+00 0.000000000000e+00 -4.574635153582e-29 -6.131092692602e-30 1.000000000000e+00 0.000000000000e+00 0.000000000000e+00 0.000000000000e+00
3.548133892336e+08 1.147757927719e-02 -7.956774708677e-02 0.000000000000e+00 0.000000000000e+00 -3.569087481986e-29 -5.148378083025e-30 1.000000000000e+00 0.000000000000e+00 0.000000000000e+00 0.000000000000e+00
3.981071705535e+08 1.125524150220e-02 -6.957354147563e-02 0.000000000000e+00 0.000000000000e+00 -2.781405072122e-29 -4.499610791430e-30 1.000000000000e+00 0.000000000000e+00 0.000000000000e+00 0.000000000000e+00
4.466835921510e+08 1.137974446697e-02 -6.080474852613e-02 0.000000000000e+00 0.000000000000e+00 -2.166494686942e-29 -4.054643185614e-30 1.000000000000e+00 0.000000000000e+00 0.000000000000e+00 0.000000000000e+00
5.011872336273e+08 1.173640456962e-02 -5.314861768580e-02 0.000000000000e+00 0.000000000000e+00 -1.687765500724e-29 -3.726964048669e-30 1.000000000000e+00 0.000000000000e+00 0.000000000000e+00 0.000000000000e+00
5.623413251903e+08 1.223172632168e-02 -4.648944947844e-02 0.000000000000e+00 0.000000000000e+00 -1.315753503197e-29 -3.461847137027e-30 1.000000000000e+00 0.000000000000e+00 0.000000000000e+00 0.000000000000e+00
6.309573444802e+08 1.279319978892e-02 -4.071226486064e-02 0.000000000000e+00 0.000000000000e+00 -1.026940767664e-29 -3.227002589290e-30 1.000000000000e+00 0.000000000000e+00 0.000000000000e+00 0.000000000000e+00
7.079457843841e+08 1.336790778929e-02 -3.570654381309e-02 0.000000000000e+00 0.000000000000e+00 -8.027271401192e-30 -3.005270531152e-30 1.000000000000e+00 0.000000000000e+00 0.000000000000e+00 0.000000000000e+00
7.943282347243e+08 1.392005482186e-02 -3.136938569163e-02 0.000000000000e+00 0.000000000000e+00 -6.285301939835e-30 -2.789080679951e-30 1.000000000000e+00 0.000000000000e+00 0.000000000000e+00 0.000000000000e+00
8.912509381337e+08 1.442782465386e-02 -2.760768059164e-02 0.000000000000e+00 0.000000000000e+00 -4.930035577481e-30 -2.576445660223e-30 1.000000000000e+00 0.000000000000e+00 0.000000000000e+00 0.000000000000e+00
1.000000000000e+09 1.488005847412e-02 -2.433918242943e-02 0.000000000000e+00 0.000000000000e+00 -3.873701194460e-30 -2.368234859653e-30 1.000000000000e+00 0.000000000000e+00 0.000000000000e+00 0.000000000000e+00
