# freq_hz rev(vout) imv(vout) rev(vinp) imv(vinp) rev(vinn) imv(vinn) rev(vdd) imv(vdd) rev(vss) imv(vss)
1.000000000000e-01 6.722266383326e-01 1.242461603333e-04 0.000000000000e+00 0.000000000000e+00 1.977439057689e-22 -1.069881923681e-18 1.000000000000e+00 0.000000000000e+00 0.000000000000e+00 0.000000000000e+00
1.122018454302e-01 6.722266506887e-01 1.394064794300e-04 0.000000000000e+00 0.000000000000e+00 1.977438981940e-22 -9.535332856983e-19 1.000000000000e+00 0.000000000000e+00 0.000000000000e+00 0.000000000000e+00
1.258925411794e-01 6.722266662470e-01 1.564166350328e-04 0.000000000000e+00 0.000000000000e+00 1.977438886661e-22 -8.498374550994e-19 1.000000000000e+00 0.000000000000e+00 0.000000000000e+00 0.000000000000e+00
1.412537544623e-01 6.722266858287e-01 1.755023404343e-04 0.000000000000e+00 0.000000000000e+00 1.977438766907e-22 -7.574184511703e-19 1.000000000000e+00 0.000000000000e+00 0.000000000000e+00 0.000000000000e+00
1.584893192461e-01 6.722267104814e-01 1.969168497297e-04 0.000000000000e+00 0.000000000000e+00 1.977438616133e-22 -6.750499299236e-19 1.000000000000e+00 0.000000000000e+00 0.000000000000e+00 0.000000000000e+00
1.778279410039e-01 6.722267415037e-01 2.209443181612e-04 0.000000000000e+00 0.000000000000e+00 1.977438426364e-22 -6.016389110970e-19 1.000000000000e+00 0.000000000000e+00 0.000000000000e+00 0.000000000000e+00
1.995262314969e-01 6.722267805800e-01 2.479035723916e-04 0.000000000000e+00 0.000000000000e+00 1.977438187515e-22 -5.362112751034e-19 1.000000000000e+00 0.000000000000e+00 0.000000000000e+00 0.000000000000e+00
2.238721138568e-01 6.722268297615e-01 2.781523408349e-04 0.000000000000e+00 0.000000000000e+00 1.977437886921e-22 -4.778988369387e-19 1.000000000000e+00 0.000000000000e+00 0.000000000000e+00 0.000000000000e+00
2.511886431510e-01 6.722268916669e-01 3.120919997826e-04 0.000000000000e+00 0.000000000000e+00 1.977437508350e-22 -4.259278259765e-19 1.000000000000e+00 0.000000000000e+00 0.000000000000e+00 0.000000000000e+00
2.818382931264e-01 6.722269696165e-01 3.501728988356e-04 0.000000000000e+00 0.000000000000e+00 1.977437032008e-22 -3.796086184982e-19 1.000000000000e+00 0.000000000000e+00 0.000000000000e+00 0.000000000000e+00
3.162277660168e-01 6.722270677420e-01 3.929003355262e-04 0.000000000000e+00 0.000000000000e+00 1.977436432282e-22 -3.383265867600e-19 1.000000000000e+00 0.000000000000e+00 0.000000000000e+00 0.000000000000e+00
3.548133892336e-01 6.722271912926e-01 4.408412588344e-04 0.000000000000e+00 0.000000000000e+00 1.977435677257e-22 -3.015339432523e-19 1.000000000000e+00 0.000000000000e+00 0.000000000000e+00 0.000000000000e+00
3.981071705535e-01 6.722273468030e-01 4.946317900669e-04 0.000000000000e+00 0.000000000000e+00 1.977434726663e-22 -2.687424719694e-19 1.000000000000e+00 0.000000000000e+00 0.000000000000e+00 0.000000000000e+00
4.466835921510e-01 6.722275426022e-01 5.549856606901e-04 0.000000000000e+00 0.000000000000e+00 1.977433530086e-22 -2.395170500288e-19 1.000000000000e+00 0.000000000000e+00 0.000000000000e+00 0.000000000000e+00
5.011872336273e-01 6.722277891193e-01 6.227036787420e-04 0.000000000000e+00 0.000000000000e+00 1.977432023488e-22 -2.134698738164e-19 1.000000000000e+00 0.000000000000e+00 0.000000000000e+00 0.000000000000e+00
5.623413251903e-01 6.722280994111e-01 6.986843490424e-04 0.000000000000e+00 0.000000000000e+00 1.977430127013e-22 -1.902553131280e-19 1.000000000000e+00 0.000000000000e+00 0.000000000000e+00 0.000000000000e+00
6.309573444802e-01 6.722284900898e-01 7.839357868202e-04 0.000000000000e+00 0.000000000000e+00 1.977427739458e-22 -1.695653248517e-19 1.000000000000e+00 0.000000000000e+00 0.000000000000e+00 0.000000000000e+00
7.079457843841e-01 6.722289818793e-01 8.795890827964e-04 0.000000000000e+00 0.000000000000e+00 1.977424733710e-22 -1.511253654109e-19 1.000000000000e+00 0.000000000000e+00 0.000000000000e+00 0.000000000000e+00
7.943282347243e-01 6.722296010422e-01 9.869132945177e-04 0.000000000000e+00 0.000000000000e+00 1.977420949643e-22 -1.346907477562e-19 1.000000000000e+00 0.000000000000e+00 0.000000000000e+00 0.000000000000e+00
8.912509381337e-01 6.722303805022e-01 1.107332261570e-03 0.000000000000e+00 0.000000000000e+00 1.977416185851e-22 -1.200433944891e-19 1.000000000000e+00 0.000000000000e+00 0.000000000000e+00 0.000000000000e+00
1.000000000000e+00 6.722313617785e-01 1.242443464367e-03 0.000000000000e+00 0.000000000000e+00 1.977410188710e-22 -1.069889441281e-19 1.000000000000e+00 0.000000000000e+00 0.000000000000e+00 0.000000000000e+00
1.122018454302e+00 6.722325971412e-01 1.394039172788e-03 0.000000000000e+00 0.000000000000e+00 1.977402638597e-22 -9.535417205640e-20 1.000000000000e+00 0.000000000000e+00 0.000000000000e+00 0.000000000000e+00
1.258925411794e+00 6.722341523329e-01 1.564130159612e-03 0.000000000000e+00 0.000000000000e+00 1.977393133913e-22 -8.498469191069e-20 1.000000000000e+00 0.000000000000e+00 0.000000000000e+00 0.000000000000e+00
1.412537544623e+00 6.722361101947e-01 1.754972284176e-03 0.000000000000e+00 0.000000000000e+00 1.977381168187e-22 -7.574290698957e-20 1.000000000000e+00 0.000000000000e+00 0.000000000000e+00 0.000000000000e+00
1.584893192461e+00 6.722385749565e-01 1.969096288915e-03 0.000000000000e+00 0.000000000000e+00 1.977366104479e-22 -6.750618442352e-20 1.000000000000e+00 0.000000000000e+00 0.000000000000e+00 0.000000000000e+00
1.778279410039e+00 6.722416778515e-01 2.209341185870e-03 0.000000000000e+00 0.000000000000e+00 1.977347140855e-22 -6.016522790393e-20 1.000000000000e+00 0.000000000000e+00 0.000000000000e+00 0.000000000000e+00
1.995262314969e+00 6.722455840963e-01 2.478891653079e-03 0.000000000000e+00 0.000000000000e+00 1.977323267258e-22 -5.362262739974e-20 1.000000000000e+00 0.000000000000e+00 0.000000000000e+00 0.000000000000e+00
2.238721138568e+00 6.722505016118e-01 2.781319906118e-03 0.000000000000e+00 0.000000000000e+00 1.977293213269e-22 -4.779156657058e-20 1.000000000000e+00 0.000000000000e+00 0.000000000000e+00 0.000000000000e+00
2.511886431510e+00 6.722566922170e-01 3.120632549086e-03 0.000000000000e+00 0.000000000000e+00 1.977255378793e-22 -4.259467078230e-20 1.000000000000e+00 0.000000000000e+00 0.000000000000e+00 0.000000000000e+00
2.818382931264e+00 6.722644853669e-01 3.501322966129e-03 0.000000000000e+00 0.000000000000e+00 1.977207750007e-22 -3.796298037559e-20 1.000000000000e+00 0.000000000000e+00 0.000000000000e+00 0.000000000000e+00
3.162277660168e+00 6.722742958312e-01 3.928429851115e-03 0.000000000000e+00 0.000000000000e+00 1.977147792257e-22 -3.383503562736e-20 1.000000000000e+00 0.000000000000e+00 0.000000000000e+00 0.000000000000e+00
3.548133892336e+00 6.722866456367e-01 4.407602523479e-03 0.000000000000e+00 0.000000000000e+00 1.977072314824e-22 -3.015606120679e-20 1.000000000000e+00 0.000000000000e+00 0.000000000000e+00 0.000000000000e+00
3.981071705535e+00 6.723021917505e-01 4.945173709493e-03 0.000000000000e+00 0.000000000000e+00 1.976977302978e-22 -2.687723934243e-20 1.000000000000e+00 0.000000000000e+00 0.000000000000e+00 0.000000000000e+00
4.466835921510e+00 6.723217610482e-01 5.548240493037e-03 0.000000000000e+00 0.000000000000e+00 1.976857702917e-22 -2.395506203878e-20 1.000000000000e+00 0.000000000000e+00 0.000000000000e+00 0.000000000000e+00
5.011872336273e+00 6.723463939741e-01 6.224754141552e-03 0.000000000000e+00 0.000000000000e+00 1.976707155878e-22 -2.135075374847e-20 1.000000000000e+00 0.000000000000e+00 0.000000000000e+00 0.000000000000e+00
5.623413251903e+00 6.723773996470e-01 6.983619479356e-03 0.000000000000e+00 0.000000000000e+00 1.976517661065e-22 -1.902975683703e-20 1.000000000000e+00 0.000000000000e+00 0.000000000000e+00 0.000000000000e+00
6.309573444802e+00 6.724164250222e-01 7.834804386836e-03 0.000000000000e+00 0.000000000000e+00 1.976279152945e-22 -1.696127302337e-20 1.000000000000e+00 0.000000000000e+00 0.000000000000e+00 0.000000000000e+00
7.079457843841e+00 6.724655416699e-01 8.789459851226e-03 0.000000000000e+00 0.000000000000e+00 1.975978970851e-22 -1.511785469705e-20 1.000000000000e+00 0.000000000000e+00 0.000000000000e+00 0.000000000000e+00
7.943282347243e+00 6.725273546672e-01 9.860050703041e-03 0.000000000000e+00 0.000000000000e+00 1.975601193470e-22 -1.347504069248e-20 1.000000000000e+00 0.000000000000e+00 0.000000000000e+00 0.000000000000e+00
8.912509381337e+00 6.726051390060e-01 1.106049672569e-02 0.000000000000e+00 0.000000000000e+00 1.975125805420e-22 -1.201103169034e-20 1.000000000000e+00 0.000000000000e+00 0.000000000000e+00 0.000000000000e+00
1.000000000000e+01 6.727030104909e-01 1.240632313388e-02 0.000000000000e+00 0.000000000000e+00 1.974527652332e-22 -1.070640093532e-20 1.000000000000e+00 0.000000000000e+00 0.000000000000e+00 0.000000000000e+00
1.122018454302e+01 6.728261390925e-01 1.391481838839e-02 0.000000000000e+00 0.000000000000e+00 1.973775137379e-22 -9.543836419861e-21 1.000000000000e+00 0.000000000000e+00 0.000000000000e+00 0.000000000000e+00
1.258925411794e+01 6.729810155065e-01 1.560519578865e-02 0.000000000000e+00 0.000000000000e+00 1.972828592132e-22 -8.507911129800e-21 1.000000000000e+00 0.000000000000e+00 0.000000000000e+00 0.000000000000e+00
1.412537544623e+01 6.731757822242e-01 1.749875311328e-02 0.000000000000e+00 0.000000000000e+00 1.971638252350e-22 -7.584878272299e-21 1.000000000000e+00 0.000000000000e+00 0.000000000000e+00 0.000000000000e+00
1.584893192461e+01 6.734206450812e-01 1.961902142809e-02 0.000000000000e+00 0.000000000000e+00 1.970141744400e-22 -6.762488788081e-21 1.000000000000e+00 0.000000000000e+00 0.000000000000e+00 0.000000000000e+00
1.778279410039e+01 6.737283811047e-01 2.199188982542e-02 0.000000000000e+00 0.000000000000e+00 1.968260979603e-22 -6.029828695705e-21 1.000000000000e+00 0.000000000000e+00 0.000000000000e+00 0.000000000000e+00
1.995262314969e+01 6.741149634052e-01 2.464568671145e-02 0.000000000000e+00 0.000000000000e+00 1.965898336521e-22 -5.377174110615e-21 1.000000000000e+00 0.000000000000e+00 0.000000000000e+00 0.000000000000e+00
2.238721138568e+01 6.746003240757e-01 2.761118990135e-02 0.000000000000e+00 0.000000000000e+00 1.962931997961e-22 -4.795861991876e-21 1.000000000000e+00 0.000000000000e+00 0.000000000000e+00 0.000000000000e+00
2.511886431510e+01 6.752092782277e-01 3.092152641705e-02 0.000000000000e+00 0.000000000000e+00 1.959210303234e-22 -4.278174877047e-21 1.000000000000e+00 0.000000000000e+00 0.000000000000e+00 0.000000000000e+00
2.818382931264e+01 6.759726306185e-01 3.461190786163e-02 0.000000000000e+00 0.000000000000e+00 1.954544985669e-22 -3.817238046832e-21 1.000000000000e+00 0.000000000000e+00 0.000000000000e+00 0.000000000000e+00
3.162277660168e+01 6.769284806824e-01 3.871912780787e-02 0.000000000000e+00 0.000000000000e+00 1.948703195969e-22 -3.406927708375e-21 1.000000000000e+00 0.000000000000e+00 0.000000000000e+00 0.000000000000e+00
3.548133892336e+01 6.781237308327e-01 4.328072328808e-02 0.000000000000e+00 0.000000000000e+00 1.941398284531e-22 -3.041788925246e-21 1.000000000000e+00 0.000000000000e+00 0.000000000000e+00 0.000000000000e+00
3.981071705535e+01 6.796157800531e-01 4.833367346026e-02 0.000000000000e+00 0.000000000000e+00 1.932279450904e-22 -2.716962134773e-21 1.000000000000e+00 0.000000000000e+00 0.000000000000e+00 0.000000000000e+00
4.466835921510e+01 6.814743462451e-01 5.391247671844e-02 0.000000000000e+00 0.000000000000e+00 1.920920605708e-22 -2.428117188587e-21 1.000000000000e+00 0.000000000000e+00 0.000000000000e+00 0.000000000000e+00
5.011872336273e+01 6.837833012885e-01 6.004641688017e-02 0.000000000000e+00 0.000000000000e+00 1.906809156426e-22 -2.171393944238e-21 1.000000000000e+00 0.000000000000e+00 0.000000000000e+00 0.000000000000e+00
5.623413251903e+01 6.866423097454e-01 6.675580942046e-02 0.000000000000e+00 0.000000000000e+00 1.889335990985e-22 -1.943348511603e-21 1.000000000000e+00 0.000000000000e+00 0.000000000000e+00 0.000000000000e+00
6.309573444802e+01 6.901679353716e-01 7.404702523991e-02 0.000000000000e+00 0.000000000000e+00 1.867788716822e-22 -1.740904348614e-21 1.000000000000e+00 0.000000000000e+00 0.000000000000e+00 0.000000000000e+00
7.079457843841e+01 6.944937103591e-01 8.190614879509e-02 0.000000000000e+00 0.000000000000e+00 1.841351235907e-22 -1.561307509536e-21 1.000000000000e+00 0.000000000000e+00 0.000000000000e+00 0.000000000000e+00
7.943282347243e+01 6.997684674708e-01 9.029127554380e-02 0.000000000000e+00 0.000000000000e+00 1.809113939609e-22 -1.402085507603e-21 1.000000000000e+00 0.000000000000e+00 0.000000000000e+00 0.000000000000e+00
8.912509381337e+01 7.061520442431e-01 9.912373571550e-02 0.000000000000e+00 0.000000000000e+00 1.770099961969e-22 -1.261009482367e-21 1.000000000000e+00 0.000000000000e+00 0.000000000000e+00 0.000000000000e+00
1.000000000000e+02 7.138073592729e-01 1.082789873448e-01 0.000000000000e+00 0.000000000000e+00 1.723313606856e-22 -1.136059696452e-21 1.000000000000e+00 0.000000000000e+00 0.000000000000e+00 0.000000000000e+00
1.122018454302e+02 7.228879535614e-01 1.175785586281e-01 0.000000000000e+00 0.000000000000e+00 1.667816490529e-22 -1.025394820119e-21 1.000000000000e+00 0.000000000000e+00 0.000000000000e+00 0.000000000000e+00
1.258925411794e+02 7.335205531359e-01 1.267851664035e-01 0.000000000000e+00 0.000000000000e+00 1.602834111923e-22 -9.273259622639e-22 1.000000000000e+00 0.000000000000e+00 0.000000000000e+00 0.000000000000e+00
1.412537544623e+02 7.457832023321e-01 1.356037853723e-01 0.000000000000e+00 0.000000000000e+00 1.527889494113e-22 -8.402968372608e-22 1.000000000000e+00 0.000000000000e+00 0.000000000000e+00 0.000000000000e+00
1.584893192461e+02 7.596810887437e-01 1.436916168126e-01 0.000000000000e+00 0.000000000000e+00 1.442950932290e-22 -7.628715993178e-22 1.000000000000e+00 0.000000000000e+00 0.000000000000e+00 0.000000000000e+00
1.778279410039e+02 7.751240965245e-01 1.506791281134e-01 0.000000000000e+00 0.000000000000e+00 1.348569180090e-22 -6.937314281154e-22 1.000000000000e+00 0.000000000000e+00 0.000000000000e+00 0.000000000000e+00
1.995262314969e+02 7.919117520087e-01 1.562022424634e-01 0.000000000000e+00 0.000000000000e+00 1.245969455890e-22 -6.316796988503e-22 1.000000000000e+00 0.000000000000e+00 0.000000000000e+00 0.000000000000e+00
2.238721138568e+02 8.097315870435e-01 1.599424714167e-01 0.000000000000e+00 0.000000000000e+00 1.137061445398e-22 -5.756535838048e-22 1.000000000000e+00 0.000000000000e+00 0.000000000000e+00 0.000000000000e+00
2.511886431510e+02 8.281751458490e-01 1.616682083239e-01 0.000000000000e+00 0.000000000000e+00 1.024341473913e-22 -5.247377690123e-22 1.000000000000e+00 0.000000000000e+00 0.000000000000e+00 0.000000000000e+00
2.818382931264e+02 8.467717695655e-01 1.612681270198e-01 0.000000000000e+00 0.000000000000e+00 9.106860282494e-23 -4.781745989953e-22 1.000000000000e+00 0.000000000000e+00 0.000000000000e+00 0.000000000000e+00
3.162277660168e+02 8.650350520714e-01 1.587681990401e-01 0.000000000000e+00 0.000000000000e+00 7.990678364761e-23 -4.353653261348e-22 1.000000000000e+00 0.000000000000e+00 0.000000000000e+00 0.000000000000e+00
3.548133892336e+02 8.825126376102e-01 1.543276662278e-01 0.000000000000e+00 0.000000000000e+00 6.922515237983e-23 -3.958594936909e-22 1.000000000000e+00 0.000000000000e+00 0.000000000000e+00 0.000000000000e+00
3.981071705535e+02 8.988288594257e-01 1.482150915925e-01 0.000000000000e+00 0.000000000000e+00 5.925330215632e-23 -3.593330302791e-22 1.000000000000e+00 0.000000000000e+00 0.000000000000e+00 0.000000000000e+00
4.466835921510e+02 9.137121992317e-01 1.407709146258e-01 0.000000000000e+00 0.000000000000e+00 5.015717456248e-23 -3.255588869311e-22 1.000000000000e+00 0.000000000000e+00 0.000000000000e+00 0.000000000000e+00
5.011872336273e+02 9.270044274559e-01 1.323656046995e-01 0.000000000000e+00 0.000000000000e+00 4.203347345924e-23 -2.943756883626e-22 1.000000000000e+00 0.000000000000e+00 0.000000000000e+00 0.000000000000e+00
5.623413251903e+02 9.386533112810e-01 1.233618823924e-01 0.000000000000e+00 0.000000000000e+00 3.491412153511e-23 -2.656594983286e-22 1.000000000000e+00 0.000000000000e+00 0.000000000000e+00 0.000000000000e+00
6.309573444802e+02 9.486940745369e-01 1.140865137949e-01 0.000000000000e+00 0.000000000000e+00 2.877759133686e-23 -2.393019952385e-22 1.000000000000e+00 0.000000000000e+00 0.000000000000e+00 0.000000000000e+00
7.079457843841e+02 9.572257135226e-01 1.048135564759e-01 0.000000000000e+00 0.000000000000e+00 2.356338011184e-23 -2.151961454145e-22 1.000000000000e+00 0.000000000000e+00 0.000000000000e+00 0.000000000000e+00
7.943282347243e+02 9.643873165253e-01 9.575803563572e-02 0.000000000000e+00 0.000000000000e+00 1.918648242095e-23 -1.932286953556e-22 1.000000000000e+00 0.000000000000e+00 0.000000000000e+00 0.000000000000e+00
8.912509381337e+02 9.703376989042e-01 8.707744793991e-02 0.000000000000e+00 0.000000000000e+00 1.554983639142e-23 -1.732778442537e-22 1.000000000000e+00 0.000000000000e+00 0.000000000000e+00 0.000000000000e+00
1.000000000000e+03 9.752398267578e-01 7.887812425336e-02 0.000000000000e+00 0.000000000000e+00 1.255384337684e-23 -1.552142391286e-22 1.000000000000e+00 0.000000000000e+00 0.000000000000e+00 0.000000000000e+00
1.122018454302e+03 9.792501386738e-01 7.122388658718e-02 0.000000000000e+00 0.000000000000e+00 1.010289409505e-23 -1.389036869187e-22 1.000000000000e+00 0.000000000000e+00 0.000000000000e+00 0.000000000000e+00
1.258925411794e+03 9.825120941197e-01 6.414515470966e-02 0.000000000000e+00 0.000000000000e+00 8.109311601598e-24 -1.242104218103e-22 1.000000000000e+00 0.000000000000e+00 0.000000000000e+00 0.000000000000e+00
1.412537544623e+03 9.851529730785e-01 5.764737905045e-02 0.000000000000e+00 0.000000000000e+00 6.495307234266e-24 -1.110002109070e-22 1.000000000000e+00 0.000000000000e+00 0.000000000000e+00 0.000000000000e+00
1.584893192461e+03 9.872829516198e-01 5.171824940173e-02 0.000000000000e+00 0.000000000000e+00 5.193545583663e-24 -9.914293450692e-23 1.000000000000e+00 0.000000000000e+00 0.000000000000e+00 0.000000000000e+00
1.778279410039e+03 9.889956296254e-01 4.633351614054e-02 0.000000000000e+00 0.000000000000e+00 4.146821968960e-24 -8.851451704527e-23 1.000000000000e+00 0.000000000000e+00 0.000000000000e+00 0.000000000000e+00
1.995262314969e+03 9.903693852145e-01 4.146148754846e-02 0.000000000000e+00 0.000000000000e+00 3.307234663755e-24 -7.899822592814e-23 1.000000000000e+00 0.000000000000e+00 0.000000000000e+00 0.000000000000e+00
2.238721138568e+03 9.914691184445e-01 3.706637675518e-02 0.000000000000e+00 0.000000000000e+00 2.635119212292e-24 -7.048542509600e-23 1.000000000000e+00 0.000000000000e+00 0.000000000000e+00 0.000000000000e+00
2.511886431510e+03 9.923481002656e-01 3.311070773550e-02 0.000000000000e+00 0.000000000000e+00 2.097918416687e-24 -6.287589416621e-23 1.000000000000e+00 0.000000000000e+00 0.000000000000e+00 0.000000000000e+00
2.818382931264e+03 9.930497567213e-01 2.955698412850e-02 0.000000000000e+00 0.000000000000e+00 1.669091901888e-24 -5.607782241554e-23 1.000000000000e+00 0.000000000000e+00 0.000000000000e+00 0.000000000000e+00
3.162277660168e+03 9.936092973442e-01 2.636879941018e-02 0.000000000000e+00 0.000000000000e+00 1.327120898425e-24 -5.000757307502e-23 1.000000000000e+00 0.000000000000e+00 0.000000000000e+00 0.000000000000e+00
3.548133892336e+03 9.940551482029e-01 2.351153506868e-02 0.000000000000e+00 0.000000000000e+00 1.054632417911e-24 -4.458929548408e-23 1.000000000000e+00 0.000000000000e+00 0.000000000000e+00 0.000000000000e+00
3.981071705535e+03 9.944101815423e-01 2.095276245466e-02 0.000000000000e+00 0.000000000000e+00 8.376477397836e-25 -3.975444492330e-23 1.000000000000e+00 0.000000000000e+00 0.000000000000e+00 0.000000000000e+00
4.466835921510e+03 9.946927518424e-01 1.866243642243e-02 0.000000000000e+00 0.000000000000e+00 6.649492076741e-25 -3.544125441256e-23 1.000000000000e+00 0.000000000000e+00 0.000000000000e+00 0.000000000000e+00
5.011872336273e+03 9.949175570808e-01 1.661294655556e-02 0.000000000000e+00 0.000000000000e+00 5.275538533743e-25 -3.159419006592e-23 1.000000000000e+00 0.000000000000e+00 0.000000000000e+00 0.000000000000e+00
5.623413251903e+03 9.950963474568e-01 1.477907396585e-02 0.000000000000e+00 0.000000000000e+00 4.182802455757e-25 -2.816341169606e-23 1.000000000000e+00 0.000000000000e+00 0.000000000000e+00 0.000000000000e+00
6.309573444802e+03 9.952385040932e-01 1.313788807502e-02 0.000000000000e+00 0.000000000000e+00 3.313947998516e-25 -2.510425290513e-23 1.000000000000e+00 0.000000000000e+00 0.000000000000e+00 0.000000000000e+00
7.079457843841e+03 9.953515087616e-01 1.166860767824e-02 0.000000000000e+00 0.000000000000e+00 2.623246909535e-25 -2.237672943716e-23 1.000000000000e+00 0.000000000000e+00 0.000000000000e+00 0.000000000000e+00
7.943282347243e+03 9.954413233864e-01 1.035244309433e-02 0.000000000000e+00 0.000000000000e+00 2.074259002153e-25 -1.994508066679e-23 1.000000000000e+00 0.000000000000e+00 0.000000000000e+00 0.000000000000e+00
8.912509381337e+03 9.955126955536e-01 9.172430779666e-03 0.000000000000e+00 0.000000000000e+00 1.637964838244e-25 -1.777734638236e-23 1.000000000000e+00 0.000000000000e+00 0.000000000000e+00 0.000000000000e+00
1.000000000000e+04 9.955694037515e-01 8.113267934395e-03 0.000000000000e+00 0.000000000000e+00 1.291266696395e-25 -1.584497917981e-23 1.000000000000e+00 0.000000000000e+00 0.000000000000e+00 0.000000000000e+00
1.122018454302e+04 9.956144537913e-01 7.161151860767e-03 0.000000000000e+00 0.000000000000e+00 1.015787853132e-25 -1.412249157998e-23 1.000000000000e+00 0.000000000000e+00 0.000000000000e+00 0.000000000000e+00
1.258925411794e+04 9.956502358450e-01 6.303626927439e-03 0.000000000000e+00 0.000000000000e+00 7.969124902343e-26 -1.258713623069e-23 1.000000000000e+00 0.000000000000e+00 0.000000000000e+00 0.000000000000e+00
1.412537544623e+04 9.956786498150e-01 5.529440656430e-03 0.000000000000e+00 0.000000000000e+00 6.230190598330e-26 -1.121861712295e-23 1.000000000000e+00 0.000000000000e+00 0.000000000000e+00 0.000000000000e+00
1.584893192461e+04 9.957012052999e-01 4.828409567811e-03 0.000000000000e+00 0.000000000000e+00 4.848687934416e-26 -9.998829537526e-24 1.000000000000e+00 0.000000000000e+00 0.000000000000e+00 0.000000000000e+00
1.778279410039e+04 9.957191012210e-01 4.191294792234e-03 0.000000000000e+00 0.000000000000e+00 3.751183758616e-26 -8.911626372983e-24 1.000000000000e+00 0.000000000000e+00 0.000000000000e+00 0.000000000000e+00
1.995262314969e+04 9.957332891879e-01 3.609687097986e-03 0.000000000000e+00 0.000000000000e+00 2.879318375122e-26 -7.942608537559e-24 1.000000000000e+00 0.000000000000e+00 0.000000000000e+00 0.000000000000e+00
2.238721138568e+04 9.957445238692e-01 3.075900697621e-03 0.000000000000e+00 0.000000000000e+00 2.186716300045e-26 -7.078937179814e-24 1.000000000000e+00 0.000000000000e+00 0.000000000000e+00 0.000000000000e+00
2.511886431510e+04 9.957534029900e-01 2.582875087410e-03 0.000000000000e+00 0.000000000000e+00 1.636528357270e-26 -6.309165661252e-24 1.000000000000e+00 0.000000000000e+00 0.000000000000e+00 0.000000000000e+00
2.818382931264e+04 9.957603990402e-01 2.124084068634e-03 0.000000000000e+00 0.000000000000e+00 1.199476747114e-26 -5.623089321340e-24 1.000000000000e+00 0.000000000000e+00 0.000000000000e+00 0.000000000000e+00
3.162277660168e+04 9.957658843610e-01 1.693451067407e-03 0.000000000000e+00 0.000000000000e+00 8.523005796013e-27 -5.011611240042e-24 1.000000000000e+00 0.000000000000e+00 0.000000000000e+00 0.000000000000e+00
3.548133892336e+04 9.957701509243e-01 1.285269863599e-03 0.000000000000e+00 0.000000000000e+00 5.765201038101e-27 -4.466622357327e-24 1.000000000000e+00 0.000000000000e+00 0.000000000000e+00 0.000000000000e+00
3.981071705535e+04 9.957734258510e-01 8.941298382180e-04 0.000000000000e+00 0.000000000000e+00 3.574544596131e-27 -3.980894458730e-24 1.000000000000e+00 0.000000000000e+00 0.000000000000e+00 0.000000000000e+00
4.466835921510e+04 9.957758834866e-01 5.148448633291e-04 0.000000000000e+00 0.000000000000e+00 1.834410449917e-27 -3.547984677598e-24 1.000000000000e+00 0.000000000000e+00 0.000000000000e+00 0.000000000000e+00
5.011872336273e+04 9.957776546741e-01 1.423849749204e-04 0.000000000000e+00 0.000000000000e+00 4.521518320367e-28 -3.162150296903e-24 1.000000000000e+00 0.000000000000e+00 0.000000000000e+00 0.000000000000e+00
5.623413251903e+04 9.957788337132e-01 -2.281900196132e-04 0.000000000000e+00 0.000000000000e+00 -6.458278621602e-28 -2.818272755574e-24 1.000000000000e+00 0.000000000000e+00 0.000000000000e+00 0.000000000000e+00
6.309573444802e+04 9.957794833786e-01 -6.017958406854e-04 0.000000000000e+00 0.000000000000e+00 -1.517991407995e-27 -2.511789876062e-24 1.000000000000e+00 0.000000000000e+00 0.000000000000e+00 0.000000000000e+00
7.079457843841e+04 9.957796382595e-01 -9.833887728817e-04 0.000000000000e+00 0.000000000000e+00 -2.210779238170e-27 -2.238635431626e-24 1.000000000000e+00 0.000000000000e+00 0.000000000000e+00 0.000000000000e+00
7.943282347243e+04 9.957793065995e-01 -1.378031283103e-03 0.000000000000e+00 0.000000000000e+00 -2.761081387477e-27 -1.995185264048e-24 1.000000000000e+00 0.000000000000e+00 0.000000000000e+00 0.000000000000e+00
8.912509381337e+04 9.957784707349e-01 -1.790959071497e-03 0.000000000000e+00 0.000000000000e+00 -3.198201279840e-27 -1.778209245690e-24 1.000000000000e+00 0.000000000000e+00 0.000000000000e+00 0.000000000000e+00
1.000000000000e+05 9.957770861544e-01 -2.227650429313e-03 0.000000000000e+00 0.000000000000e+00 -3.545415773053e-27 -1.584828454791e-24 1.000000000000e+00 0.000000000000e+00 0.000000000000e+00 0.000000000000e+00
1.122018454302e+05 9.957750791301e-01 -2.693897823065e-03 0.000000000000e+00 0.000000000000e+00 -3.821213038763e-27 -1.412477000210e-24 1.000000000000e+00 0.000000000000e+00 0.000000000000e+00 0.000000000000e+00
1.258925411794e+05 9.957723427845e-01 -3.195888687662e-03 0.000000000000e+00 0.000000000000e+00 -4.040282906733e-27 -1.258867992207e-24 1.000000000000e+00 0.000000000000e+00 0.000000000000e+00 0.000000000000e+00
1.412537544623e+05 9.957687314121e-01 -3.740281062366e-03 0.000000000000e+00 0.000000000000e+00 -4.214289538031e-27 -1.121963209997e-24 1.000000000000e+00 0.000000000000e+00 0.000000000000e+00 0.000000000000e+00
1.584893192461e+05 9.957640527157e-01 -4.334296015480e-03 0.000000000000e+00 0.000000000000e+00 -4.352499202907e-27 -9.999460651151e-25 1.000000000000e+00 0.000000000000e+00 0.000000000000e+00 0.000000000000e+00
1.778279410039e+05 9.957580575515e-01 -4.985814534885e-03 0.000000000000e+00 0.000000000000e+00 -4.462274174052e-27 -8.911975029809e-25 1.000000000000e+00 0.000000000000e+00 0.000000000000e+00 0.000000000000e+00
1.995262314969e+05 9.957504267548e-01 -5.703470778825e-03 0.000000000000e+00 0.000000000000e+00 -4.549454778063e-27 -7.942745237804e-25 1.000000000000e+00 0.000000000000e+00 0.000000000000e+00 0.000000000000e+00
2.238721138568e+05 9.957407540181e-01 -6.496784243972e-03 0.000000000000e+00 0.000000000000e+00 -4.618687467644e-27 -7.078910379226e-25 1.000000000000e+00 0.000000000000e+00 0.000000000000e+00 0.000000000000e+00
2.511886431510e+05 9.957285243779e-01 -7.376270289060e-03 0.000000000000e+00 0.000000000000e+00 -4.673658264800e-27 -6.309008028564e-25 1.000000000000e+00 0.000000000000e+00 0.000000000000e+00 0.000000000000e+00
2.818382931264e+05 9.957130867722e-01 -8.353585472867e-03 0.000000000000e+00 0.000000000000e+00 -4.717295175880e-27 -5.622822147521e-25 1.000000000000e+00 0.000000000000e+00 0.000000000000e+00 0.000000000000e+00
3.162277660168e+05 9.956936194422e-01 -9.441677035678e-03 0.000000000000e+00 0.000000000000e+00 -4.751921661493e-27 -5.011247536399e-25 1.000000000000e+00 0.000000000000e+00 0.000000000000e+00 0.000000000000e+00
3.548133892336e+05 9.956690862390e-01 -1.065495351822e-02 0.000000000000e+00 0.000000000000e+00 -4.779381422160e-27 -4.466169022004e-25 1.000000000000e+00 0.000000000000e+00 0.000000000000e+00 0.000000000000e+00
3.981071705535e+05 9.956381815140e-01 -1.200947536441e-02 0.000000000000e+00 0.000000000000e+00 -4.801137757778e-27 -3.980353780080e-25 1.000000000000e+00 0.000000000000e+00 0.000000000000e+00 0.000000000000e+00
4.466835921510e+05 9.955992609125e-01 -1.352315514525e-02 0.000000000000e+00 0.000000000000e+00 -4.818347988123e-27 -3.547355365122e-25 1.000000000000e+00 0.000000000000e+00 0.000000000000e+00 0.000000000000e+00
5.011872336273e+05 9.955502539085e-01 -1.521599859529e-02 0.000000000000e+00 0.000000000000e+00 -4.831929522614e-27 -3.161428172446e-25 1.000000000000e+00 0.000000000000e+00 0.000000000000e+00 0.000000000000e+00
5.623413251903e+05 9.954885542230e-01 -1.711035037088e-02 0.000000000000e+00 0.000000000000e+00 -4.842604869276e-27 -2.817451200876e-25 1.000000000000e+00 0.000000000000e+00 0.000000000000e+00 0.000000000000e+00
6.309573444802e+05 9.954108815262e-01 -1.923118701199e-02 0.000000000000e+00 0.000000000000e+00 -4.850943572114e-27 -2.510860101531e-25 1.000000000000e+00 0.000000000000e+00 0.000000000000e+00 0.000000000000e+00
7.079457843841e+05 9.953131082056e-01 -2.160641748447e-02 0.000000000000e+00 0.000000000000e+00 -4.857389112293e-27 -2.237586614530e-25 1.000000000000e+00 0.000000000000e+00 0.000000000000e+00 0.000000000000e+00
7.943282347243e+05 9.951900412428e-01 -2.426723352050e-02 0.000000000000e+00 0.000000000000e+00 -4.862284885662e-27 -1.994004587217e-25 1.000000000000e+00 0.000000000000e+00 0.000000000000e+00 0.000000000000e+00
8.912509381337e+05 9.950351486653e-01 -2.724848231084e-02 0.000000000000e+00 0.000000000000e+00 -4.865891822346e-27 -1.776881859916e-25 1.000000000000e+00 0.000000000000e+00 0.000000000000e+00 0.000000000000e+00
1.000000000000e+06 9.948402164809e-01 -3.058907170850e-02 0.000000000000e+00 0.000000000000e+00 -4.868401967000e-27 -1.583337380395e-25 1.000000000000e+00 0.000000000000e+00 0.000000000000e+00 0.000000000000e+00
1.122018454302e+06 9.945949184867e-01 -3.433241336947e-02 0.000000000000e+00 0.000000000000e+00 -4.869949576208e-27 -1.410802977833e-25 1.000000000000e+00 0.000000000000e+00 0.000000000000e+00 0.000000000000e+00
1.258925411794e+06 9.942862784439e-01 -3.852688157903e-02 0.000000000000e+00 0.000000000000e+00 -4.870617105489e-27 -1.256989290869e-25 1.000000000000e+00 0.000000000000e+00 0.000000000000e+00 0.000000000000e+00
1.412537544623e+06 9.938979972331e-01 -4.322630977921e-02 0.000000000000e+00 0.000000000000e+00 -4.870441071937e-27 -1.119855396347e-25 1.000000000000e+00 0.000000000000e+00 0.000000000000e+00 0.000000000000e+00
1.584893192461e+06 9.934096145959e-01 -4.849048039467e-02 0.000000000000e+00 0.000000000000e+00 -4.869413083747e-27 -9.975817388201e-26 1.000000000000e+00 0.000000000000e+00 0.000000000000e+00 0.000000000000e+00
1.778279410039e+06 9.927954658342e-01 -5.438561577574e-02 0.000000000000e+00 0.000000000000e+00 -4.867480068060e-27 -8.885460011218e-26 1.000000000000e+00 0.000000000000e+00 0.000000000000e+00 0.000000000000e+00
1.995262314969e+06 9.920233882901e-01 -6.098482936596e-02 0.000000000000e+00 0.000000000000e+00 -4.864541857174e-27 -7.913015984147e-26 1.000000000000e+00 0.000000000000e+00 0.000000000000e+00 0.000000000000e+00
2.238721138568e+06 9.910531243070e-01 -6.836849294367e-02 0.000000000000e+00 0.000000000000e+00 -4.860446178967e-27 -7.045585128168e-26 1.000000000000e+00 0.000000000000e+00 0.000000000000e+00 0.000000000000e+00
2.511886431510e+06 9.898343589411e-01 -7.662446593664e-02 0.000000000000e+00 0.000000000000e+00 -4.854981643523e-27 -6.271662169575e-26 1.000000000000e+00 0.000000000000e+00 0.000000000000e+00 0.000000000000e+00
2.818382931264e+06 9.883043264118e-01 -8.584809053525e-02 0.000000000000e+00 0.000000000000e+00 -4.847867836595e-27 -5.580984651968e-26 1.000000000000e+00 0.000000000000e+00 0.000000000000e+00 0.000000000000e+00
3.162277660168e+06 9.863849156567e-01 -9.614183135061e-02 0.000000000000e+00 0.000000000000e+00 -4.838742622159e-27 -4.964397563675e-26 1.000000000000e+00 0.000000000000e+00 0.000000000000e+00 0.000000000000e+00
3.548133892336e+06 9.839792114933e-01 -1.076143855072e-01 0.000000000000e+00 0.000000000000e+00 -4.827146303092e-27 -4.413732969523e-26 1.000000000000e+00 0.000000000000e+00 0.000000000000e+00 0.000000000000e+00
3.981071705535e+06 9.809674252866e-01 -1.203790315048e-01 0.000000000000e+00 0.000000000000e+00 -4.812502593704e-27 -3.921703156701e-26 1.000000000000e+00 0.000000000000e+00 0.000000000000e+00 0.000000000000e+00
4.466835921510e+06 9.772022103934e-01 -1.345509038427e-01 0.000000000000e+00 0.000000000000e+00 -4.794096273142e-27 -3.481806023712e-26 1.000000000000e+00 0.000000000000e+00 0.000000000000e+00 0.000000000000e+00
5.011872336273e+06 9.725034293907e-01 -1.502427975431e-01 0.000000000000e+00 0.000000000000e+00 -4.771048081150e-27 -3.088241630601e-26 1.000000000000e+00 0.000000000000e+00 0.000000000000e+00 0.000000000000e+00
5.623413251903e+06 9.666525673499e-01 -1.675590039357e-01 0.000000000000e+00 0.000000000000e+00 -4.742287742573e-27 -2.735839026131e-26 1.000000000000e+00 0.000000000000e+00 0.000000000000e+00 0.000000000000e+00
6.309573444802e+06 9.593871805034e-01 -1.865865917980e-01 0.000000000000e+00 0.000000000000e+00 -4.706527098720e-27 -2.419992626315e-26 1.000000000000e+00 0.000000000000e+00 0.000000000000e+00 0.000000000000e+00
7.079457843841e+06 9.503960632169e-01 -2.073834987221e-01 0.000000000000e+00 0.000000000000e+00 -4.662236807585e-27 -2.136607557987e-26 1.000000000000e+00 0.000000000000e+00 0.000000000000e+00 0.000000000000e+00
7.943282347243e+06 9.393162225052e-01 -2.299628351193e-01 0.000000000000e+00 0.000000000000e+00 -4.607632001068e-27 -1.882053456025e-26 1.000000000000e+00 0.000000000000e+00 0.000000000000e+00 0.000000000000e+00
8.912509381337e+06 9.257332731940e-01 -2.542730180181e-01 0.000000000000e+00 0.000000000000e+00 -4.540674907699e-27 -1.653126186010e-26 1.000000000000e+00 0.000000000000e+00 0.000000000000e+00 0.000000000000e+00
1.000000000000e+07 9.091874618223e-01 -2.801738567903e-01 0.000000000000e+00 0.000000000000e+00 -4.459105423330e-27 -1.447016787462e-26 1.000000000000e+00 0.000000000000e+00 0.000000000000e+00 0.000000000000e+00
1.122018454302e+07 8.891880772432e-01 -3.074096385083e-01 0.000000000000e+00 0.000000000000e+00 -4.360513263851e-27 -1.261286543809e-26 1.000000000000e+00 0.000000000000e+00 0.000000000000e+00 0.000000000000e+00
1.258925411794e+07 8.652392603154e-01 -3.355817254173e-01 0.000000000000e+00 0.000000000000e+00 -4.242466623607e-27 -1.093846418114e-26 1.000000000000e+00 0.000000000000e+00 0.000000000000e+00 0.000000000000e+00
1.412537544623e+07 8.368797945167e-01 -3.641251616400e-01 0.000000000000e+00 0.000000000000e+00 -4.102710019974e-27 -9.429381652764e-27 1.000000000000e+00 0.000000000000e+00 0.000000000000e+00 0.000000000000e+00
1.584893192461e+07 8.037378281771e-01 -3.922960270006e-01 0.000000000000e+00 0.000000000000e+00 -3.939435928518e-27 -8.071133683506e-27 1.000000000000e+00 0.000000000000e+00 0.000000000000e+00 0.000000000000e+00
1.778279410039e+07 7.655982089791e-01 -4.191780499087e-01 0.000000000000e+00 0.000000000000e+00 -3.751618463441e-27 -6.852058157647e-27 1.000000000000e+00 0.000000000000e+00 0.000000000000e+00 0.000000000000e+00
1.995262314969e+07 7.224751743814e-01 -4.437171137648e-01 0.000000000000e+00 0.000000000000e+00 -3.539372816313e-27 -5.762926227862e-27 1.000000000000e+00 0.000000000000e+00 0.000000000000e+00 0.000000000000e+00
2.238721138568e+07 6.746774306851e-01 -4.647893376118e-01 0.000000000000e+00 0.000000000000e+00 -3.304275789553e-27 -4.796410157396e-27 1.000000000000e+00 0.000000000000e+00 0.000000000000e+00 0.000000000000e+00
2.511886431510e+07 6.228482851341e-01 -4.813014903634e-01 0.000000000000e+00 0.000000000000e+00 -3.049561092728e-27 -3.946411833430e-27 1.000000000000e+00 0.000000000000e+00 0.000000000000e+00 0.000000000000e+00
2.818382931264e+07 5.679634317866e-01 -4.923123647135e-01 0.000000000000e+00 0.000000000000e+00 -2.780102927825e-27 -3.207306809218e-27 1.000000000000e+00 0.000000000000e+00 0.000000000000e+00 0.000000000000e+00
3.162277660168e+07 5.112756071620e-01 -4.971535233635e-01 0.000000000000e+00 0.000000000000e+00 -2.502134512586e-27 -2.573209847670e-27 1.000000000000e+00 0.000000000000e+00 0.000000000000e+00 0.000000000000e+00
3.548133892336e+07 4.542083456851e-01 -4.955224267573e-01 0.000000000000e+00 0.000000000000e+00 -2.222713291673e-27 -2.037395025186e-27 1.000000000000e+00 0.000000000000e+00 0.000000000000e+00 0.000000000000e+00
3.981071705535e+07 3.982163662915e-01 -4.875244573996e-01 0.000000000000e+00 0.000000000000e+00 -1.949021093126e-27 -1.591985972704e-27 1.000000000000e+00 0.000000000000e+00 0.000000000000e+00 0.000000000000e+00
4.466835921510e+07 3.446411092827e-01 -4.736530270031e-01 0.000000000000e+00 0.000000000000e+00 -1.687642480777e-27 -1.227968456842e-27 1.000000000000e+00 0.000000000000e+00 0.000000000000e+00 0.000000000000e+00
5.011872336273e+07 2.945912566684e-01 -4.547140512945e-01 0.000000000000e+00 0.000000000000e+00 -1.443971117003e-27 -9.354917991645e-28 1.000000000000e+00 0.000000000000e+00 0.000000000000e+00 0.000000000000e+00
5.623413251903e+07 2.488691392720e-01 -4.317152699570e-01 0.000000000000e+00 0.000000000000e+00 -1.221849011339e-27 -7.043543115876e-28 1.000000000000e+00 0.000000000000e+00 0.000000000000e+00 0.000000000000e+00
6.309573444802e+07 2.079493513929e-01 -4.057466481675e-01 0.000000000000e+00 0.000000000000e+00 -1.023469894815e-27 -5.245389007112e-28 1.000000000000e+00 0.000000000000e+00 0.000000000000e+00 0.000000000000e+00
7.079457843841e+07 1.720022834668e-01 -3.778746855079e-01 0.000000000000e+00 0.000000000000e+00 -8.495088945293e-28 -3.866823454660e-28 1.000000000000e+00 0.000000000000e+00 0.000000000000e+00 0.000000000000e+00
7.943282347243e+07 1.409473340161e-01 -3.490644096082e-01 0.000000000000e+00 0.000000000000e+00 -6.994001197237e-28 -2.824080014237e-28 1.000000000000e+00 0.000000000000e+00 0.000000000000e+00 0.000000000000e+00
8.912509381337e+07 1.145191825219e-01 -3.201329825745e-01 0.000000000000e+00 0.000000000000e+00 -5.716767797202e-28 -2.045023819595e-28 1.000000000000e+00 0.000000000000e+00 0.000000000000e+00 0.000000000000e+00
1.000000000000e+08 9.233370019238e-02 -2.917315870897e-01 0.000000000000e+00 0.000000000000e+00 -4.643052414137e-28 -1.469536479958e-28 1.000000000000e+00 0.000000000000e+00 0.000000000000e+00 0.000000000000e+00
1.122018454302e+08 7.394502245857e-02 -2.643486153771e-01 0.000000000000e+00 0.000000000000e+00 -3.749705602030e-28 -1.048887903421e-28 1.000000000000e+00 0.000000000000e+00 0.000000000000e+00 0.000000000000e+00
1.258925411794e+08 5.888990330067e-02 -2.383264929794e-01 0.000000000000e+00 0.000000000000e+00 -3.012953672400e-28 -7.444936070635e-29 1.000000000000e+00 0.000000000000e+00 0.000000000000e+00 0.000000000000e+00
1.412537544623e+08 4.671877598498e-02 -2.138854852404e-01 0.000000000000e+00 0.000000000000e+00 -2.409913446988e-28 -5.263947964795e-29 1.000000000000e+00 0.000000000000e+00 0.000000000000e+00 0.000000000000e+00
1.584893192461e+08 3.701488002006e-02 -1.911494858132e-01 0.000000000000e+00 0.000000000000e+00 -1.919522759095e-28 -3.717033520724e-29 1.000000000000e+00 0.000000000000e+00 0.000000000000e+00 0.000000000000e+00
1.778279410039e+08 2.940370242617e-02 -1.701704235029e-01 0.000000000000e+00 0.000000000000e+00 -1.523015107504e-28 -2.631613772228e-29 1.000000000000e+00 0.000000000000e+00 0.000000000000e+00 0.000000000000e+00
1.995262314969e+08 2.355521927566e-02 -1.509492681832e-01 0.000000000000e+00 0.000000000000e+00 -1.204068357690e-28 -1.878915646935e-29 1.000000000000e+00 0.000000000000e+00 0.000000000000e+00 0.000000000000e+00
2.238721138568e+08 1.918132837651e-02 -1.334526262801e-01 0.000000000000e+00 0.000000000000e+00 -9.487400987625e-29 -1.363637111205e-29 1.000000000000e+00 0.000000000000e+00 0.000000000000e+00 0.000000000000e+00
2.511886431510e+08 1.603062859255e-02 -1.176246653702e-01 0.000000000000e+00 0.000000000000e+00 -7.452783966811e-29 -1.015712234984e-29 1.000000000000e+00 0.000000000000e+00 0.000000000000e+00 0.000000000000e+00
2.818382931264e+08 1.388239810115e-02 -1.033946950291e-01 0.000000000000e+00 0.000000000000e+00 -5.838729940073e-29 -7.839432517343e-30 1.000000000000e+00 0.000000000000e+00 0.000000000000e+00 0.000000000000e+00
3.162277660168e+08 1.254123880693e-02 -9.068121667363e-02 0.000000000000e+00 0.000000000000e+00 -4.563914187860e-29 -6.311906679668e-30 1.000000000000e+00 0.000000000000e+00 0.000000000000e+00 0.000000000000e+00
3.548133892336e+08 1.183334574958e-02 -7.939362068141e-02 0.000000000000e+00 0.000000000000e+00 -3.561276875347e-29 -5.307960540693e-30 1.000000000000e+00 0.000000000000e+00 0.000000000000e+00 0.000000000000e+00
3.981071705535e+08 1.160473369016e-02 -6.943286762488e-02 0.000000000000e+00 0.000000000000e+00 -2.775781224986e-29 -4.639330478490e-30 1.000000000000e+00 0.000000000000e+00 0.000000000000e+00 0.000000000000e+00
4.466835921510e+08 1.172110991970e-02 -6.069235153592e-02 0.000000000000e+00 0.000000000000e+00 -2.162489942444e-29 -4.176272903289e-30 1.000000000000e+00 0.000000000000e+00 0.000000000000e+00 0.000000000000e+00
5.011872336273e+08 1.206860169592e-02 -5.305970535758e-02 0.000000000000e+00 0.000000000000e+00 -1.684942037638e-29 -3.832455192867e-30 1.000000000000e+00 0.000000000000e+00 0.000000000000e+00 0.000000000000e+00
5.623413251903e+08 1.255438877146e-02 -4.641970895768e-02 0.000000000000e+00 0.000000000000e+00 -1.313779693321e-29 -3.553167695435e-30 1.000000000000e+00 0.000000000000e+00 0.000000000000e+00 0.000000000000e+00
6.309573444802e+08 1.310648779964e-02 -4.065792330664e-02 0.000000000000e+00 0.000000000000e+00 -1.025570036820e-29 -3.306027480518e-30 1.000000000000e+00 0.000000000000e+00 0.000000000000e+00 0.000000000000e+00
7.079457843841e+08 1.367235887960e-02 -3.566439001570e-02 0.000000000000e+00 0.000000000000e+00 -8.017794707675e-30 -3.073714890904e-30 1.000000000000e+00 0.000000000000e+00 0.000000000000e+00 0.000000000000e+00
7.943282347243e+08 1.421644654185e-02 -3.133675553846e-02 0.000000000000e+00 0.000000000000e+00 -6.278764025226e-30 -2.848466970486e-30 1.000000000000e+00 0.000000000000e+00 0.000000000000e+00 0.000000000000e+00
8.912509381337e+08 1.471705889176e-02 -2.758241446009e-02 0.000000000000e+00 0.000000000000e+00 -4.925523683515e-30 -2.628095601563e-30 1.000000000000e+00 0.000000000000e+00 0.000000000000e+00 0.000000000000e+00
1.000000000000e+09 1.516307199602e-02 -2.431956488644e-02 0.000000000000e+00 0.000000000000e+00 -3.870578965521e-30 -2.413277860625e-30 1.000000000000e+00 0.000000000000e+00 0.000000000000e+00 0.000000000000e+00
