# freq_hz Ad_dB Avdd_dB Avss_dB PSRRplus_dB PSRRminus_dB (Asupply clamped at the floor)
1.00000000e-01 9.55576235e+01 -6.67349590e+00 -2.99728102e+01 1.02231119e+02 1.25530434e+02
1.12201845e-01 9.55576233e+01 -6.67349495e+00 -2.99728105e+01 1.02231118e+02 1.25530434e+02
1.25892541e-01 9.55576229e+01 -6.67349376e+00 -2.99728108e+01 1.02231117e+02 1.25530434e+02
1.41253754e-01 9.55576225e+01 -6.67349226e+00 -2.99728112e+01 1.02231115e+02 1.25530434e+02
1.58489319e-01 9.55576220e+01 -6.67349038e+00 -2.99728117e+01 1.02231112e+02 1.25530434e+02
1.77827941e-01 9.55576214e+01 -6.67348800e+00 -2.99728124e+01 1.02231109e+02 1.25530434e+02
1.99526231e-01 9.55576205e+01 -6.67348501e+00 -2.99728132e+01 1.02231106e+02 1.25530434e+02
2.23872114e-01 9.55576195e+01 -6.67348125e+00 -2.99728142e+01 1.02231101e+02 1.25530434e+02
2.51188643e-01 9.55576182e+01 -6.67347651e+00 -2.99728155e+01 1.02231095e+02 1.25530434e+02
2.81838293e-01 9.55576165e+01 -6.67347054e+00 -2.99728172e+01 1.02231087e+02 1.25530434e+02
3.16227766e-01 9.55576144e+01 -6.67346303e+00 -2.99728193e+01 1.02231077e+02 1.25530434e+02
3.54813389e-01 9.55576118e+01 -6.67345357e+00 -2.99728219e+01 1.02231065e+02 1.25530434e+02
3.98107171e-01 9.55576085e+01 -6.67344167e+00 -2.99728251e+01 1.02231050e+02 1.25530434e+02
4.46683592e-01 9.55576044e+01 -6.67342668e+00 -2.99728293e+01 1.02231031e+02 1.25530434e+02
5.01187234e-01 9.55575991e+01 -6.67340782e+00 -2.99728345e+01 1.02231007e+02 1.25530434e+02
5.62341325e-01 9.55575926e+01 -6.67338406e+00 -2.99728410e+01 1.02230977e+02 1.25530434e+02
6.30957344e-01 9.55575843e+01 -6.67335416e+00 -2.99728493e+01 1.02230938e+02 1.25530434e+02
7.07945784e-01 9.55575739e+01 -6.67331652e+00 -2.99728596e+01 1.02230890e+02 1.25530433e+02
7.94328235e-01 9.55575607e+01 -6.67326913e+00 -2.99728727e+01 1.02230830e+02 1.25530433e+02
8.91250938e-01 9.55575442e+01 -6.67320947e+00 -2.99728891e+01 1.02230754e+02 1.25530433e+02
1.00000000e+00 9.55575234e+01 -6.67313437e+00 -2.99729098e+01 1.02230658e+02 1.25530433e+02
1.12201845e+00 9.55574972e+01 -6.67303982e+00 -2.99729359e+01 1.02230537e+02 1.25530433e+02
1.25892541e+00 9.55574642e+01 -6.67292080e+00 -2.99729687e+01 1.02230385e+02 1.25530433e+02
1.41253754e+00 9.55574227e+01 -6.67277096e+00 -2.99730100e+01 1.02230194e+02 1.25530433e+02
1.58489319e+00 9.55573705e+01 -6.67258234e+00 -2.99730619e+01 1.02229953e+02 1.25530432e+02
1.77827941e+00 9.55573047e+01 -6.67234491e+00 -2.99731274e+01 1.02229650e+02 1.25530432e+02
1.99526231e+00 9.55572218e+01 -6.67204602e+00 -2.99732098e+01 1.02229268e+02 1.25530432e+02
2.23872114e+00 9.55571176e+01 -6.67166978e+00 -2.99733135e+01 1.02228787e+02 1.25530431e+02
2.51188643e+00 9.55569863e+01 -6.67119621e+00 -2.99734441e+01 1.02228183e+02 1.25530430e+02
2.81838293e+00 9.55568211e+01 -6.67060012e+00 -2.99736084e+01 1.02227421e+02 1.25530430e+02
3.16227766e+00 9.55566131e+01 -6.66984987e+00 -2.99738153e+01 1.02226463e+02 1.25530428e+02
3.54813389e+00 9.55563512e+01 -6.66890566e+00 -2.99740758e+01 1.02225257e+02 1.25530427e+02
3.98107171e+00 9.55560216e+01 -6.66771741e+00 -2.99744037e+01 1.02223739e+02 1.25530425e+02
4.46683592e+00 9.55556066e+01 -6.66622222e+00 -2.99748165e+01 1.02221829e+02 1.25530423e+02
5.01187234e+00 9.55550842e+01 -6.66434102e+00 -2.99753361e+01 1.02219425e+02 1.25530420e+02
5.62341325e+00 9.55544267e+01 -6.66197453e+00 -2.99759901e+01 1.02216401e+02 1.25530417e+02
6.30957344e+00 9.55535991e+01 -6.65899814e+00 -2.99768134e+01 1.02212597e+02 1.25530412e+02
7.07945784e+00 9.55525575e+01 -6.65525560e+00 -2.99778495e+01 1.02207813e+02 1.25530407e+02
7.94328235e+00 9.55512464e+01 -6.65055116e+00 -2.99791536e+01 1.02201798e+02 1.25530400e+02
8.91250938e+00 9.55495965e+01 -6.64463988e+00 -2.99807948e+01 1.02194236e+02 1.25530391e+02
1.00000000e+01 9.55475202e+01 -6.63721580e+00 -2.99828601e+01 1.02184736e+02 1.25530380e+02
1.12201845e+01 9.55449078e+01 -6.62789751e+00 -2.99854587e+01 1.02172805e+02 1.25530367e+02
1.25892541e+01 9.55416212e+01 -6.61621070e+00 -2.99887280e+01 1.02157832e+02 1.25530349e+02
1.41253754e+01 9.55374871e+01 -6.60156746e+00 -2.99928401e+01 1.02139055e+02 1.25530327e+02
1.58489319e+01 9.55322881e+01 -6.58324197e+00 -2.99980115e+01 1.02115530e+02 1.25530300e+02
1.77827941e+01 9.55257519e+01 -6.56034276e+00 -3.00045130e+01 1.02086095e+02 1.25530265e+02
1.99526231e+01 9.55175373e+01 -6.53178184e+00 -3.00126839e+01 1.02049319e+02 1.25530221e+02
2.23872114e+01 9.55072177e+01 -6.49624217e+00 -3.00229484e+01 1.02003460e+02 1.25530166e+02
2.51188643e+01 9.54942609e+01 -6.45214576e+00 -3.00358360e+01 1.01946407e+02 1.25530097e+02
2.81838293e+01 9.54780040e+01 -6.39762649e+00 -3.00520056e+01 1.01875630e+02 1.25530010e+02
3.16227766e+01 9.54576239e+01 -6.33051400e+00 -3.00722759e+01 1.01788138e+02 1.25529900e+02
3.54813389e+01 9.54321021e+01 -6.24833771e+00 -3.00976594e+01 1.01680440e+02 1.25529762e+02
3.98107171e+01 9.54001840e+01 -6.14836261e+00 -3.01294036e+01 1.01548547e+02 1.25529588e+02
4.46683592e+01 9.53603321e+01 -6.02767098e+00 -3.01690364e+01 1.01388003e+02 1.25529368e+02
5.01187234e+01 9.53106759e+01 -5.88330416e+00 -3.02184167e+01 1.01193980e+02 1.25529093e+02
5.62341325e+01 9.52489592e+01 -5.71247488e+00 -3.02797862e+01 1.00961434e+02 1.25528745e+02
6.30957344e+01 9.51724891e+01 -5.51285179e+00 -3.03558193e+01 1.00685341e+02 1.25528308e+02
7.07945784e+01 9.50780949e+01 -5.28290191e+00 -3.04496634e+01 1.00360997e+02 1.25527758e+02
7.94328235e+01 9.49621046e+01 -5.02225624e+00 -3.05649612e+01 9.99843608e+01 1.25527066e+02
8.91250938e+01 9.48203529e+01 -4.73204267e+00 -3.07058414e+01 9.95523955e+01 1.25526194e+02
1.00000000e+02 9.46482351e+01 -4.41511641e+00 -3.08768621e+01 9.90633515e+01 1.25525097e+02
1.12201845e+02 9.44408219e+01 -4.07611999e+00 -3.10828945e+01 9.85169419e+01 1.25523716e+02
1.25892541e+02 9.41930459e+01 -3.72132608e+00 -3.13289330e+01 9.79143720e+01 1.25521979e+02
1.41253754e+02 9.38999615e+01 -3.35825539e+00 -3.16198309e+01 9.72582169e+01 1.25519792e+02
1.58489319e+02 9.35570649e+01 -2.99510864e+00 -3.19599765e+01 9.65521735e+01 1.25517041e+02
1.77827941e+02 9.31606415e+01 -2.64009289e+00 -3.23529390e+01 9.58007343e+01 1.25513580e+02
1.99526231e+02 9.27080931e+01 -2.30074684e+00 -3.28011342e+01 9.50088399e+01 1.25509227e+02
2.23872114e+02 9.21981880e+01 -1.98337006e+00 -3.33055653e+01 9.41815580e+01 1.25503753e+02
2.51188643e+02 9.16311854e+01 -1.69263699e+00 -3.38656862e+01 9.33238224e+01 1.25496872e+02
2.81838293e+02 9.10088093e+01 -1.43143560e+00 -3.44794143e+01 9.24402449e+01 1.25488224e+02
3.16227766e+02 9.03340758e+01 -1.20092371e+00 -3.51432852e+01 9.15349995e+01 1.25477361e+02
3.54813389e+02 8.96110104e+01 -1.00075691e+00 -3.58527137e+01 9.06117673e+01 1.25463724e+02
3.98107171e+02 8.88443080e+01 -8.29420225e-01 -3.66023090e+01 8.96737282e+01 1.25446617e+02
4.46683592e+02 8.80389897e+01 -6.84593681e-01 -3.73861862e+01 8.87235833e+01 1.25425176e+02
5.01187234e+02 8.72001010e+01 -5.63495591e-01 -3.81982316e+01 8.77635966e+01 1.25398333e+02
5.62341325e+02 8.63324768e+01 -4.63168285e-01 -3.90322964e+01 8.67956451e+01 1.25364773e+02
6.30957344e+02 8.54405799e+01 -3.80691830e-01 -3.98823099e+01 8.58212718e+01 1.25322890e+02
7.07945784e+02 8.45284091e+01 -3.13326986e-01 -4.07423207e+01 8.48417360e+01 1.25270730e+02
7.94328235e+02 8.35994625e+01 -2.58597880e-01 -4.16064800e+01 8.38580604e+01 1.25205943e+02
8.91250938e+02 8.26567426e+01 -2.14328568e-01 -4.24689883e+01 8.28710712e+01 1.25125731e+02
1.00000000e+03 8.17027864e+01 -1.78647464e-01 -4.33240260e+01 8.18814338e+01 1.25026812e+02
1.12201845e+03 8.07397113e+01 -1.49971519e-01 -4.41656905e+01 8.08896829e+01 1.24905402e+02
1.25892541e+03 7.97692673e+01 -1.26979206e-01 -4.49879610e+01 7.98962465e+01 1.24757228e+02
1.41253754e+03 7.87928886e+01 -1.08578652e-01 -4.57847131e+01 7.89014672e+01 1.24577602e+02
1.58489319e+03 7.78117436e+01 -9.38750613e-02 -4.65497990e+01 7.79056187e+01 1.24361543e+02
1.77827941e+03 7.68267793e+01 -8.21398604e-02 -4.72772065e+01 7.69089191e+01 1.24103986e+02
1.99526231e+03 7.58387597e+01 -7.27828427e-02 -4.79612959e+01 7.59115426e+01 1.23800056e+02
2.23872114e+03 7.48482997e+01 -6.53278240e-02 -4.85970956e+01 7.49136276e+01 1.23445395e+02
2.51188643e+03 7.38558926e+01 -5.93918472e-02 -4.91806227e+01 7.39152844e+01 1.23036515e+02
2.81838293e+03 7.28619333e+01 -5.46677147e-02 -4.97091734e+01 7.29166010e+01 1.22571107e+02
3.16227766e+03 7.18667376e+01 -5.09094990e-02 -5.01815301e+01 7.19176471e+01 1.22048268e+02
3.54813389e+03 7.08705575e+01 -4.79206391e-02 -5.05980376e+01 7.09184782e+01 1.21468595e+02
3.98107171e+03 6.98735942e+01 -4.55442308e-02 -5.09605293e+01 6.99191384e+01 1.20834124e+02
4.46683592e+03 6.88760078e+01 -4.36551532e-02 -5.12721158e+01 6.89196630e+01 1.20148124e+02
5.01187234e+03 6.78779260e+01 -4.21537110e-02 -5.15368760e+01 6.79200797e+01 1.19414802e+02
5.62341325e+03 6.68794502e+01 -4.09605184e-02 -5.17595055e+01 6.69204107e+01 1.18638956e+02
6.30957344e+03 6.58806613e+01 -4.00123948e-02 -5.19449741e+01 6.59206737e+01 1.17825635e+02
7.07945784e+03 6.48816235e+01 -3.92590773e-02 -5.20982331e+01 6.49208826e+01 1.16979857e+02
7.94328235e+03 6.38823879e+01 -3.86605929e-02 -5.22239934e+01 6.39210485e+01 1.16106381e+02
8.91250938e+03 6.28829952e+01 -3.81851610e-02 -5.23265779e+01 6.29211803e+01 1.15209573e+02
1.00000000e+04 6.18834775e+01 -3.78075205e-02 -5.24098410e+01 6.19212850e+01 1.14293318e+02
1.12201845e+04 6.08838606e+01 -3.75075970e-02 -5.24771410e+01 6.09213682e+01 1.13361002e+02
1.25892541e+04 5.98841648e+01 -3.72694412e-02 -5.25313506e+01 5.99214343e+01 1.12415515e+02
1.41253754e+04 5.88844064e+01 -3.70803850e-02 -5.25748901e+01 5.89214868e+01 1.11459296e+02
1.58489319e+04 5.78845981e+01 -3.69303695e-02 -5.26097748e+01 5.79215284e+01 1.10494373e+02
1.77827941e+04 5.68847501e+01 -3.68114116e-02 -5.26376660e+01 5.69215615e+01 1.09522416e+02
1.99526231e+04 5.58848707e+01 -3.67171800e-02 -5.26599228e+01 5.59215878e+01 1.08544793e+02
2.23872114e+04 5.48849661e+01 -3.66426587e-02 -5.26776494e+01 5.49216087e+01 1.07562615e+02
2.51188643e+04 5.38850414e+01 -3.65838807e-02 -5.26917382e+01 5.39216253e+01 1.06576780e+02
2.81838293e+04 5.28851007e+01 -3.65377168e-02 -5.27029063e+01 5.29216385e+01 1.05588007e+02
3.16227766e+04 5.18851472e+01 -3.65017091e-02 -5.27117277e+01 5.19216489e+01 1.04596875e+02
3.54813389e+04 5.08851833e+01 -3.64739404e-02 -5.27186587e+01 5.09216572e+01 1.03603842e+02
3.98107171e+04 4.98852108e+01 -3.64529322e-02 -5.27240599e+01 4.99216638e+01 1.02609271e+02
4.46683592e+04 4.88852314e+01 -3.64375660e-02 -5.27282138e+01 4.89216690e+01 1.01613445e+02
5.01187234e+04 4.78852461e+01 -3.64270234e-02 -5.27313381e+01 4.79216731e+01 1.00616584e+02
5.62341325e+04 4.68852556e+01 -3.64207430e-02 -5.27335971e+01 4.69216763e+01 9.96188527e+01
6.30957344e+04 4.58852605e+01 -3.64183906e-02 -5.27351098e+01 4.59216789e+01 9.86203703e+01
7.07945784e+04 4.48852610e+01 -3.64198407e-02 -5.27359561e+01 4.49216808e+01 9.76212171e+01
7.94328235e+04 4.38852572e+01 -3.64251706e-02 -5.27361805e+01 4.39216824e+01 9.66214377e+01
8.91250938e+04 4.28852488e+01 -3.64346643e-02 -5.27357950e+01 4.29216835e+01 9.56210439e+01
1.00000000e+05 4.18852355e+01 -3.64488271e-02 -5.27347792e+01 4.19216843e+01 9.46200147e+01
1.12201845e+05 4.08852165e+01 -3.64684132e-02 -5.27330796e+01 4.09216849e+01 9.36182960e+01
1.25892541e+05 3.98851907e+01 -3.64944657e-02 -5.27306063e+01 3.99216852e+01 9.26157970e+01
1.41253754e+05 3.88851569e+01 -3.65283717e-02 -5.27272294e+01 3.89216852e+01 9.16123863e+01
1.58489319e+05 3.78851132e+01 -3.65719367e-02 -5.27227713e+01 3.79216851e+01 9.06078844e+01
1.77827941e+05 3.68850572e+01 -3.66274804e-02 -5.27169984e+01 3.69216847e+01 8.96020557e+01
1.99526231e+05 3.58849861e+01 -3.66979600e-02 -5.27096096e+01 3.59216841e+01 8.85945957e+01
2.23872114e+05 3.48848960e+01 -3.67871281e-02 -5.27002208e+01 3.49216832e+01 8.75851169e+01
2.51188643e+05 3.38847822e+01 -3.68997317e-02 -5.26883475e+01 3.39216819e+01 8.65731296e+01
2.81838293e+05 3.28846385e+01 -3.70417653e-02 -5.26733811e+01 3.29216802e+01 8.55580196e+01
3.16227766e+05 3.18844573e+01 -3.72207893e-02 -5.26545623e+01 3.19216781e+01 8.45390196e+01
3.54813389e+05 3.08842290e+01 -3.74463319e-02 -5.26309480e+01 3.09216753e+01 8.35151770e+01
3.98107171e+05 2.98839414e+01 -3.77303955e-02 -5.26013729e+01 2.99216718e+01 8.24853143e+01
4.46683592e+05 2.88835793e+01 -3.80880939e-02 -5.25644057e+01 2.89216674e+01 8.14479850e+01
5.01187234e+05 2.78831233e+01 -3.85384543e-02 -5.25183010e+01 2.79216617e+01 8.04014243e+01
5.62341325e+05 2.68825492e+01 -3.91054258e-02 -5.24609477e+01 2.69216546e+01 7.93434969e+01
6.30957344e+05 2.58818265e+01 -3.98191475e-02 -5.23898200e+01 2.59216457e+01 7.82716465e+01
7.07945784e+05 2.48809169e+01 -4.07175421e-02 -5.23019336e+01 2.49216344e+01 7.71828504e+01
7.94328235e+05 2.38797719e+01 -4.18483162e-02 -5.21938198e+01 2.39216202e+01 7.60735917e+01
8.91250938e+05 2.28783308e+01 -4.32714726e-02 -5.20615266e+01 2.29216023e+01 7.49398574e+01
1.00000000e+06 2.18765173e+01 -4.50624584e-02 -5.19006617e+01 2.19215797e+01 7.37771789e+01
1.12201845e+06 2.08742352e+01 -4.73161106e-02 -5.17064955e+01 2.09215513e+01 7.25807307e+01
1.25892541e+06 1.98713640e+01 -5.01515902e-02 -5.14741329e+01 1.99215156e+01 7.13454969e+01
1.41253754e+06 1.88677520e+01 -5.37185447e-02 -5.11987616e+01 1.89214706e+01 7.00665137e+01
1.58489319e+06 1.78632091e+01 -5.82047900e-02 -5.08759683e+01 1.79214139e+01 6.87391775e+01
1.77827941e+06 1.68574967e+01 -6.38458555e-02 -5.05020956e+01 1.69213426e+01 6.73595923e+01
1.99526231e+06 1.58503160e+01 -7.09368093e-02 -5.00745954e+01 1.59212528e+01 6.59249114e+01
2.23872114e+06 1.48412929e+01 -7.98468448e-02 -4.95923259e+01 1.49211398e+01 6.44336188e+01
2.51188643e+06 1.38299603e+01 -9.10371680e-02 -4.90557381e+01 1.39209975e+01 6.28856985e+01
2.81838293e+06 1.28157356e+01 -1.05082785e-01 -4.84669219e+01 1.29208184e+01 6.12826575e+01
3.16227766e+06 1.17978942e+01 -1.22698790e-01 -4.78295069e+01 1.19205930e+01 5.96274011e+01
3.54813389e+06 1.07755375e+01 -1.44771711e-01 -4.71484485e+01 1.09203093e+01 5.79239861e+01
3.98107171e+06 9.74755587e+00 -1.72396293e-01 -4.64297483e+01 9.91995216e+00 5.61773042e+01
4.46683592e+06 8.71258501e+00 -2.06917753e-01 -4.56801669e+01 8.91950276e+00 5.43927519e+01
5.01187234e+06 7.66895834e+00 -2.49978926e-01 -4.49069748e+01 7.91893727e+00 5.25759331e+01
5.62341325e+06 6.61465505e+00 -3.03570696e-01 -4.41177723e+01 6.91822575e+00 5.07324274e+01
6.30957344e+06 5.54724801e+00 -3.70082635e-01 -4.33203881e+01 5.91733064e+00 4.88676361e+01
7.07945784e+06 4.46385615e+00 -4.52348640e-01 -4.25228474e+01 4.91620479e+00 4.69867036e+01
7.94328235e+06 3.36110927e+00 -5.53679748e-01 -4.17333925e+01 3.91478902e+00 4.50945018e+01
8.91250938e+06 2.23513589e+00 -6.77873321e-01 -4.09605255e+01 2.91300921e+00 4.31956613e+01
1.00000000e+07 1.08158749e+00 -8.29185103e-01 -4.02130450e+01 1.91077259e+00 4.12946325e+01
1.12201845e+07 -1.04286177e-01 -1.01224938e+00 -3.95000439e+01 9.07963200e-01 3.93957577e+01
1.25892541e+07 -1.32749770e+00 -1.23193413e+00 -3.88308376e+01 -9.55635714e-02 3.75033399e+01
1.41253754e+07 -2.59311217e+00 -1.49312451e+00 -3.82148015e+01 -1.09998766e+00 3.56216894e+01
1.58489319e+07 -3.90597219e+00 -1.80043994e+00 -3.76611039e+01 -2.10553225e+00 3.37551317e+01
1.77827941e+07 -5.27038018e+00 -2.15790710e+00 -3.71783377e+01 -3.11247308e+00 3.19079575e+01
1.99526231e+07 -6.68977792e+00 -2.56862880e+00 -3.67740749e+01 -4.12114912e+00 3.00842970e+01
2.23872114e+07 -8.16647527e+00 -3.03450088e+00 -3.64543789e+01 -5.13197438e+00 2.82879036e+01
2.51188643e+07 -9.70147955e+00 -3.55602913e+00 -3.62233235e+01 -6.14545042e+00 2.65218439e+01
2.81838293e+07 -1.12944603e+01 -4.13228187e+00 -3.60825619e+01 -7.16217842e+00 2.47881016e+01
3.16227766e+07 -1.29438546e+01 -4.76098552e+00 -3.60309847e+01 -8.18286912e+00 2.30871301e+01
3.54813389e+07 -1.46470869e+01 -5.43873914e+00 -3.60644924e+01 -9.20834777e+00 2.14174055e+01
3.98107171e+07 -1.64008511e+01 -6.16130152e+00 -3.61759045e+01 -1.02395496e+01 1.97750534e+01
4.46683592e+07 -1.82013980e+01 -6.92389794e+00 -3.63550280e+01 -1.12775001e+01 1.81536300e+01
5.01187234e+07 -2.00447737e+01 -7.72150226e+00 -3.65889131e+01 -1.23232715e+01 1.65441393e+01
5.62341325e+07 -2.19269743e+01 -8.54906716e+00 -3.68623306e+01 -1.33779071e+01 1.49353563e+01
6.30957344e+07 -2.38439957e+01 -9.40169294e+00 -3.71585115e+01 -1.44423028e+01 1.33145157e+01
7.07945784e+07 -2.57917769e+01 -1.02747377e+01 -3.74601710e+01 -1.55170392e+01 1.16683940e+01
7.94328235e+07 -2.77660430e+01 -1.11638782e+01 -3.77507996e+01 -1.66021648e+01 9.98475659e+00
8.91250938e+07 -2.97620725e+01 -1.20651317e+01 -3.80161068e+01 -1.76969407e+01 8.25403432e+00
1.00000000e+08 -3.17744263e+01 -1.29748502e+01 -3.82453840e+01 -1.87995761e+01 6.47095768e+00
1.12201845e+08 -3.37966944e+01 -1.38896940e+01 -3.84324664e+01 -1.99070004e+01 4.63577194e+00
1.25892541e+08 -3.58213269e+01 -1.48065969e+01 -3.85760048e+01 -2.10147300e+01 2.75467789e+00
1.41253754e+08 -3.78396160e+01 -1.57227303e+01 -3.86789440e+01 -2.21168857e+01 8.39327995e-01
1.58489319e+08 -3.98418739e+01 -1.66354793e+01 -3.87473633e+01 -2.32063946e+01 -1.09451057e+00
1.77827941e+08 -4.18178132e+01 -1.75424399e+01 -3.87890323e+01 -2.42753733e+01 -3.02878091e+00
1.99526231e+08 -4.37570859e+01 -1.84414466e+01 -3.88120580e+01 -2.53156393e+01 -4.94502784e+00
2.23872114e+08 -4.56498977e+01 -1.93306276e+01 -3.88238830e+01 -2.63192700e+01 -6.82601466e+00
2.51188643e+08 -4.74875935e+01 -2.02084784e+01 -3.88307131e+01 -2.72791151e+01 -8.65688040e+00
2.81838293e+08 -4.92631187e+01 -2.10739265e+01 -3.88373198e+01 -2.81891922e+01 -1.04257989e+01
3.16227766e+08 -5.09712903e+01 -2.19263543e+01 -3.88470950e+01 -2.90449360e+01 -1.21241952e+01
3.54813389e+08 -5.26088556e+01 -2.27655427e+01 -3.88622381e+01 -2.98433129e+01 -1.37466176e+01
3.98107171e+08 -5.41743556e+01 -2.35915133e+01 -3.88839832e+01 -3.05828423e+01 -1.52903724e+01
4.46683592e+08 -5.56678400e+01 -2.44042703e+01 -3.89128150e+01 -3.12635696e+01 -1.67550249e+01
5.01187234e+08 -5.70904995e+01 -2.52034784e+01 -3.89486475e+01 -3.18870210e+01 -1.81418520e+01
5.62341325e+08 -5.84442735e+01 -2.59881376e+01 -3.89909590e+01 -3.24561358e+01 -1.94533145e+01
6.30957344e+08 -5.97314780e+01 -2.67563258e+01 -3.90388902e+01 -3.29751522e+01 -2.06925878e+01
7.07945784e+08 -6.09544769e+01 -2.75050689e+01 -3.90913148e+01 -3.34494080e+01 -2.18631622e+01
7.94328235e+08 -6.21154032e+01 -2.82303731e+01 -3.91468996e+01 -3.38850301e+01 -2.29685035e+01
8.91250938e+08 -6.32159330e+01 -2.89274200e+01 -3.92041725e+01 -3.42885129e+01 -2.40117604e+01
1.00000000e+09 -6.42571186e+01 -2.95909040e+01 -3.92616072e+01 -3.46662146e+01 -2.49955114e+01
