# freq_hz rev(vout) imv(vout) rev(vinp) imv(vinp) rev(vinn) imv(vinn) rev(vdd) imv(vdd) rev(vss) imv(vss)
1.000000000000e-01 4.668705241684e-01 2.376580846436e-04 0.000000000000e+00 0.000000000000e+00 3.782445893678e-22 -7.430475170531e-19 1.000000000000e+00 0.000000000000e+00 0.000000000000e+00 0.000000000000e+00
1.122018454302e-01 4.668705518200e-01 2.666567428325e-04 0.000000000000e+00 0.000000000000e+00 3.782445695777e-22 -6.622418358744e-19 1.000000000000e+00 0.000000000000e+00 0.000000000000e+00 0.000000000000e+00
1.258925411794e-01 4.668705866370e-01 2.991937667166e-04 0.000000000000e+00 0.000000000000e+00 3.782445446658e-22 -5.902237015107e-19 1.000000000000e+00 0.000000000000e+00 0.000000000000e+00 0.000000000000e+00
1.412537544623e-01 4.668706304643e-01 3.357008998408e-04 0.000000000000e+00 0.000000000000e+00 3.782445133119e-22 -5.260374770617e-19 1.000000000000e+00 0.000000000000e+00 0.000000000000e+00 0.000000000000e+00
1.584893192461e-01 4.668706856383e-01 3.766625654450e-04 0.000000000000e+00 0.000000000000e+00 3.782444738447e-22 -4.688314503304e-19 1.000000000000e+00 0.000000000000e+00 0.000000000000e+00 0.000000000000e+00
1.778279410039e-01 4.668707551006e-01 4.226222939598e-04 0.000000000000e+00 0.000000000000e+00 3.782444241598e-22 -4.178465321020e-19 1.000000000000e+00 0.000000000000e+00 0.000000000000e+00 0.000000000000e+00
1.995262314969e-01 4.668708425451e-01 4.741899346125e-04 0.000000000000e+00 0.000000000000e+00 3.782443616151e-22 -3.724061834832e-19 1.000000000000e+00 0.000000000000e+00 0.000000000000e+00 0.000000000000e+00
2.238721138568e-01 4.668709526354e-01 5.320497467212e-04 0.000000000000e+00 0.000000000000e+00 3.782442828749e-22 -3.319074386615e-19 1.000000000000e+00 0.000000000000e+00 0.000000000000e+00 0.000000000000e+00
2.511886431510e-01 4.668710912258e-01 5.969694779863e-04 0.000000000000e+00 0.000000000000e+00 3.782441837524e-22 -2.958129038924e-19 1.000000000000e+00 0.000000000000e+00 0.000000000000e+00 0.000000000000e+00
2.818382931264e-01 4.668712657038e-01 6.698105499738e-04 0.000000000000e+00 0.000000000000e+00 3.782440589633e-22 -2.636436266344e-19 1.000000000000e+00 0.000000000000e+00 0.000000000000e+00 0.000000000000e+00
3.162277660168e-01 4.668714853570e-01 7.515394858159e-04 0.000000000000e+00 0.000000000000e+00 3.782439018653e-22 -2.349727401207e-19 1.000000000000e+00 0.000000000000e+00 0.000000000000e+00 0.000000000000e+00
3.548133892336e-01 4.668717618870e-01 8.432407313088e-04 0.000000000000e+00 0.000000000000e+00 3.782437040894e-22 -2.094197991086e-19 1.000000000000e+00 0.000000000000e+00 0.000000000000e+00 0.000000000000e+00
3.981071705535e-01 4.668721100176e-01 9.461310391427e-04 0.000000000000e+00 0.000000000000e+00 3.782434551050e-22 -1.866457315947e-19 1.000000000000e+00 0.000000000000e+00 0.000000000000e+00 0.000000000000e+00
4.466835921510e-01 4.668725482888e-01 1.061575606370e-03 0.000000000000e+00 0.000000000000e+00 3.782431416521e-22 -1.663483395400e-19 1.000000000000e+00 0.000000000000e+00 0.000000000000e+00 0.000000000000e+00
5.011872336273e-01 4.668731000307e-01 1.191106178346e-03 0.000000000000e+00 0.000000000000e+00 3.782427470450e-22 -1.482582888809e-19 1.000000000000e+00 0.000000000000e+00 0.000000000000e+00 0.000000000000e+00
5.623413251903e-01 4.668737946387e-01 1.336441357849e-03 0.000000000000e+00 0.000000000000e+00 3.782422502600e-22 -1.321355356405e-19 1.000000000000e+00 0.000000000000e+00 0.000000000000e+00 0.000000000000e+00
6.309573444802e-01 4.668746690957e-01 1.499509387198e-03 0.000000000000e+00 0.000000000000e+00 3.782416248470e-22 -1.177661406766e-19 1.000000000000e+00 0.000000000000e+00 0.000000000000e+00 0.000000000000e+00
7.079457843841e-01 4.668757699661e-01 1.682473702607e-03 0.000000000000e+00 0.000000000000e+00 3.782408375028e-22 -1.049594308476e-19 1.000000000000e+00 0.000000000000e+00 0.000000000000e+00 0.000000000000e+00
7.943282347243e-01 4.668771558702e-01 1.887761596210e-03 0.000000000000e+00 0.000000000000e+00 3.782398463025e-22 -9.354546889451e-20 1.000000000000e+00 0.000000000000e+00 0.000000000000e+00 0.000000000000e+00
8.912509381337e-01 4.668789006064e-01 2.118096360510e-03 0.000000000000e+00 0.000000000000e+00 3.782385984648e-22 -8.337279847629e-20 1.000000000000e+00 0.000000000000e+00 0.000000000000e+00 0.000000000000e+00
1.000000000000e+00 4.668810970905e-01 2.376533334051e-03 0.000000000000e+00 0.000000000000e+00 3.782370275369e-22 -7.430643443812e-20 1.000000000000e+00 0.000000000000e+00 0.000000000000e+00 0.000000000000e+00
1.122018454302e+00 4.668838622692e-01 2.666500315870e-03 0.000000000000e+00 0.000000000000e+00 3.782350498779e-22 -6.622607163463e-20 1.000000000000e+00 0.000000000000e+00 0.000000000000e+00 0.000000000000e+00
1.258925411794e+00 4.668873433860e-01 2.991842869137e-03 0.000000000000e+00 0.000000000000e+00 3.782325601791e-22 -5.902448856047e-20 1.000000000000e+00 0.000000000000e+00 0.000000000000e+00 0.000000000000e+00
1.412537544623e+00 4.668917257766e-01 3.356875093976e-03 0.000000000000e+00 0.000000000000e+00 3.782294258884e-22 -5.260612457979e-20 1.000000000000e+00 0.000000000000e+00 0.000000000000e+00 0.000000000000e+00
1.584893192461e+00 4.668972427874e-01 3.766436511526e-03 0.000000000000e+00 0.000000000000e+00 3.782254801160e-22 -4.688581190143e-20 1.000000000000e+00 0.000000000000e+00 0.000000000000e+00 0.000000000000e+00
1.778279410039e+00 4.669041881285e-01 4.225955771784e-03 0.000000000000e+00 0.000000000000e+00 3.782205128003e-22 -4.178764544618e-20 1.000000000000e+00 0.000000000000e+00 0.000000000000e+00 0.000000000000e+00
1.995262314969e+00 4.669129315336e-01 4.741521967953e-03 0.000000000000e+00 0.000000000000e+00 3.782142595072e-22 -3.724397563649e-20 1.000000000000e+00 0.000000000000e+00 0.000000000000e+00 0.000000000000e+00
2.238721138568e+00 4.669239384168e-01 5.319964417708e-03 0.000000000000e+00 0.000000000000e+00 3.782063873720e-22 -3.319451072610e-20 1.000000000000e+00 0.000000000000e+00 0.000000000000e+00 0.000000000000e+00
2.511886431510e+00 4.669377946133e-01 5.968941847374e-03 0.000000000000e+00 0.000000000000e+00 3.781964774047e-22 -2.958551676418e-20 1.000000000000e+00 0.000000000000e+00 0.000000000000e+00 0.000000000000e+00
2.818382931264e+00 4.669552375024e-01 6.697041989764e-03 0.000000000000e+00 0.000000000000e+00 3.781840022309e-22 -2.636910457651e-20 1.000000000000e+00 0.000000000000e+00 0.000000000000e+00 0.000000000000e+00
3.162277660168e+00 4.669771951512e-01 7.513892673521e-03 0.000000000000e+00 0.000000000000e+00 3.781682980960e-22 -2.350259430272e-20 1.000000000000e+00 0.000000000000e+00 0.000000000000e+00 0.000000000000e+00
3.548133892336e+00 4.670048356202e-01 8.430285532772e-03 0.000000000000e+00 0.000000000000e+00 3.781485296017e-22 -2.094794906058e-20 1.000000000000e+00 0.000000000000e+00 0.000000000000e+00 0.000000000000e+00
3.981071705535e+00 4.670396287732e-01 9.458313496577e-03 0.000000000000e+00 0.000000000000e+00 3.781236454998e-22 -1.867127020990e-20 1.000000000000e+00 0.000000000000e+00 0.000000000000e+00 0.000000000000e+00
4.466835921510e+00 4.670834242637e-01 1.061152319142e-02 0.000000000000e+00 0.000000000000e+00 3.780923229160e-22 -1.664234753954e-20 1.000000000000e+00 0.000000000000e+00 0.000000000000e+00 0.000000000000e+00
5.011872336273e+00 4.671385492016e-01 1.190508332203e-02 0.000000000000e+00 0.000000000000e+00 3.780528974989e-22 -1.483425838207e-20 1.000000000000e+00 0.000000000000e+00 0.000000000000e+00 0.000000000000e+00
5.623413251903e+00 4.672079310475e-01 1.335596989673e-02 0.000000000000e+00 0.000000000000e+00 3.780032755252e-22 -1.322301035813e-20 1.000000000000e+00 0.000000000000e+00 0.000000000000e+00 0.000000000000e+00
6.309573444802e+00 4.672952517051e-01 1.498316884513e-02 0.000000000000e+00 0.000000000000e+00 3.779408236934e-22 -1.178722299421e-20 1.000000000000e+00 0.000000000000e+00 0.000000000000e+00 0.000000000000e+00
7.079457843841e+00 4.674051408909e-01 1.680789601590e-02 0.000000000000e+00 0.000000000000e+00 3.778622308249e-22 -1.050784399600e-20 1.000000000000e+00 0.000000000000e+00 0.000000000000e+00 0.000000000000e+00
7.943282347243e+00 4.675434182249e-01 1.885383369082e-02 0.000000000000e+00 0.000000000000e+00 3.777633347213e-22 -9.367896401971e-21 1.000000000000e+00 0.000000000000e+00 0.000000000000e+00 0.000000000000e+00
8.912509381337e+00 4.677173961784e-01 2.114738142965e-02 0.000000000000e+00 0.000000000000e+00 3.776389054946e-22 -8.352253264129e-21 1.000000000000e+00 0.000000000000e+00 0.000000000000e+00 0.000000000000e+00
1.000000000000e+01 4.679362585615e-01 2.371791711527e-02 0.000000000000e+00 0.000000000000e+00 3.774823748738e-22 -7.447436860198e-21 1.000000000000e+00 0.000000000000e+00 0.000000000000e+00 0.000000000000e+00
1.122018454302e+01 4.682115321248e-01 2.659806124134e-02 0.000000000000e+00 0.000000000000e+00 3.772854989140e-22 -6.641439761046e-21 1.000000000000e+00 0.000000000000e+00 0.000000000000e+00 0.000000000000e+00
1.258925411794e+01 4.685576729841e-01 2.982393338678e-02 0.000000000000e+00 0.000000000000e+00 3.770379385849e-22 -5.923565374122e-21 1.000000000000e+00 0.000000000000e+00 0.000000000000e+00 0.000000000000e+00
1.412537544623e+01 4.689927931718e-01 3.343538404616e-02 0.000000000000e+00 0.000000000000e+00 3.767267401408e-22 -5.284285829564e-21 1.000000000000e+00 0.000000000000e+00 0.000000000000e+00 0.000000000000e+00
1.584893192461e+01 4.695395567811e-01 3.747617687679e-02 0.000000000000e+00 0.000000000000e+00 3.763356941969e-22 -4.715115302050e-21 1.000000000000e+00 0.000000000000e+00 0.000000000000e+00 0.000000000000e+00
1.778279410039e+01 4.702262795245e-01 4.199408516341e-02 0.000000000000e+00 0.000000000000e+00 3.758445493238e-22 -4.208497063822e-21 1.000000000000e+00 0.000000000000e+00 0.000000000000e+00 0.000000000000e+00
1.995262314969e+01 4.710882677697e-01 4.704085100065e-02 0.000000000000e+00 0.000000000000e+00 3.752280543683e-22 -3.757702728391e-21 1.000000000000e+00 0.000000000000e+00 0.000000000000e+00 0.000000000000e+00
2.238721138568e+01 4.721694341099e-01 5.267193507259e-02 0.000000000000e+00 0.000000000000e+00 3.744548029943e-22 -3.356742299023e-21 1.000000000000e+00 0.000000000000e+00 0.000000000000e+00 0.000000000000e+00
2.511886431510e+01 4.735242223481e-01 5.894595782993e-02 0.000000000000e+00 0.000000000000e+00 3.734858569335e-22 -3.000283759452e-21 1.000000000000e+00 0.000000000000e+00 0.000000000000e+00 0.000000000000e+00
2.818382931264e+01 4.752198627411e-01 6.592369822261e-02 0.000000000000e+00 0.000000000000e+00 3.722731330309e-22 -2.683581048256e-21 1.000000000000e+00 0.000000000000e+00 0.000000000000e+00 0.000000000000e+00
3.162277660168e+01 4.773389540065e-01 7.366647342337e-02 0.000000000000e+00 0.000000000000e+00 3.707575565914e-22 -2.402409346193e-21 1.000000000000e+00 0.000000000000e+00 0.000000000000e+00 0.000000000000e+00
3.548133892336e+01 4.799823234375e-01 8.223367337380e-02 0.000000000000e+00 0.000000000000e+00 3.688670158225e-22 -2.153006670262e-21 1.000000000000e+00 0.000000000000e+00 0.000000000000e+00 0.000000000000e+00
3.981071705535e+01 4.832720420973e-01 9.167917152317e-02 0.000000000000e+00 0.000000000000e+00 3.665142053632e-22 -1.932020823713e-21 1.000000000000e+00 0.000000000000e+00 0.000000000000e+00 0.000000000000e+00
4.466835921510e+01 4.873543559767e-01 1.020462874448e-01 0.000000000000e+00 0.000000000000e+00 3.635945299179e-22 -1.736460800307e-21 1.000000000000e+00 0.000000000000e+00 0.000000000000e+00 0.000000000000e+00
5.011872336273e+01 4.924021237042e-01 1.133609565839e-01 0.000000000000e+00 0.000000000000e+00 3.599843608022e-22 -1.563651799534e-21 1.000000000000e+00 0.000000000000e+00 0.000000000000e+00 0.000000000000e+00
5.623413251903e+01 4.986161173568e-01 1.256227989271e-01 0.000000000000e+00 0.000000000000e+00 3.555401056025e-22 -1.411193099774e-21 1.000000000000e+00 0.000000000000e+00 0.000000000000e+00 0.000000000000e+00
6.309573444802e+01 5.062242483251e-01 1.387939204297e-01 0.000000000000e+00 0.000000000000e+00 3.500987618378e-22 -1.276918196432e-21 1.000000000000e+00 0.000000000000e+00 0.000000000000e+00 0.000000000000e+00
7.079457843841e+01 5.154774540493e-01 1.527855945025e-01 0.000000000000e+00 0.000000000000e+00 3.434808587703e-22 -1.158856888112e-21 1.000000000000e+00 0.000000000000e+00 0.000000000000e+00 0.000000000000e+00
7.943282347243e+01 5.266407005715e-01 1.674435296268e-01 0.000000000000e+00 0.000000000000e+00 3.354968923912e-22 -1.055199438535e-21 1.000000000000e+00 0.000000000000e+00 0.000000000000e+00 0.000000000000e+00
8.912509381337e+01 5.399774700928e-01 1.825332860648e-01 0.000000000000e+00 0.000000000000e+00 3.259584199356e-22 -9.642635967765e-22 1.000000000000e+00 0.000000000000e+00 0.000000000000e+00 0.000000000000e+00
1.000000000000e+02 5.557264421619e-01 1.977285351057e-01 0.000000000000e+00 0.000000000000e+00 3.146947375239e-22 -8.844661027694e-22 1.000000000000e+00 0.000000000000e+00 0.000000000000e+00 0.000000000000e+00
1.122018454302e+02 5.740701252445e-01 2.126060693455e-01 0.000000000000e+00 0.000000000000e+00 3.015753148973e-22 -8.143012065778e-22 1.000000000000e+00 0.000000000000e+00 0.000000000000e+00 0.000000000000e+00
1.258925411794e+02 5.950971736672e-01 2.266523328938e-01 0.000000000000e+00 0.000000000000e+00 2.865367463824e-22 -7.523293748925e-22 1.000000000000e+00 0.000000000000e+00 0.000000000000e+00 0.000000000000e+00
1.412537544623e+02 6.187629745816e-01 2.392860482840e-01 0.000000000000e+00 0.000000000000e+00 2.696109391378e-22 -6.971792458316e-22 1.000000000000e+00 0.000000000000e+00 0.000000000000e+00 0.000000000000e+00
1.584893192461e+02 6.448562068214e-01 2.498995017349e-01 0.000000000000e+00 0.000000000000e+00 2.509490302974e-22 -6.475644755578e-22 1.000000000000e+00 0.000000000000e+00 0.000000000000e+00 0.000000000000e+00
1.778279410039e+02 6.729811754352e-01 2.579168320484e-01 0.000000000000e+00 0.000000000000e+00 2.308340213319e-22 -6.023141249549e-22 1.000000000000e+00 0.000000000000e+00 0.000000000000e+00 0.000000000000e+00
1.995262314969e+02 7.025651557534e-01 2.628618793746e-01 0.000000000000e+00 0.000000000000e+00 2.096755255639e-22 -5.604111125811e-22 1.000000000000e+00 0.000000000000e+00 0.000000000000e+00 0.000000000000e+00
2.238721138568e+02 7.328955939029e-01 2.644227511893e-01 0.000000000000e+00 0.000000000000e+00 1.879831623185e-22 -5.210294150996e-22 1.000000000000e+00 0.000000000000e+00 0.000000000000e+00 0.000000000000e+00
2.511886431510e+02 7.631843057974e-01 2.624980130270e-01 0.000000000000e+00 0.000000000000e+00 1.663206417336e-22 -4.835591021717e-22 1.000000000000e+00 0.000000000000e+00 0.000000000000e+00 0.000000000000e+00
2.818382931264e+02 7.926474079323e-01 2.572123503728e-01 0.000000000000e+00 0.000000000000e+00 1.452485981660e-22 -4.476104070244e-22 1.000000000000e+00 0.000000000000e+00 0.000000000000e+00 0.000000000000e+00
3.162277660168e+02 8.205843334557e-01 2.488973551763e-01 0.000000000000e+00 0.000000000000e+00 1.252680778091e-22 -4.129936296811e-22 1.000000000000e+00 0.000000000000e+00 0.000000000000e+00 0.000000000000e+00
3.548133892336e+02 8.464396081859e-01 2.380427536473e-01 0.000000000000e+00 0.000000000000e+00 1.067763564166e-22 -3.796785909420e-22 1.000000000000e+00 0.000000000000e+00 0.000000000000e+00 0.000000000000e+00
3.981071705535e+02 8.698369196078e-01 2.252307928153e-01 0.000000000000e+00 0.000000000000e+00 9.004257311723e-23 -3.477426574531e-22 1.000000000000e+00 0.000000000000e+00 0.000000000000e+00 0.000000000000e+00
4.466835921510e+02 8.905835176619e-01 2.110688654289e-01 0.000000000000e+00 0.000000000000e+00 7.520458296678e-23 -3.173180559185e-22 1.000000000000e+00 0.000000000000e+00 0.000000000000e+00 0.000000000000e+00
5.011872336273e+02 9.086504331486e-01 1.961327519761e-01 0.000000000000e+00 0.000000000000e+00 6.228310476565e-23 -2.885472699126e-22 1.000000000000e+00 0.000000000000e+00 0.000000000000e+00 0.000000000000e+00
5.623413251903e+02 9.241379756504e-01 1.809272937387e-01 0.000000000000e+00 0.000000000000e+00 5.120639698498e-23 -2.615513396137e-22 1.000000000000e+00 0.000000000000e+00 0.000000000000e+00 0.000000000000e+00
6.309573444802e+02 9.372361919118e-01 1.658656168969e-01 0.000000000000e+00 0.000000000000e+00 4.183853797578e-23 -2.364118178389e-22 1.000000000000e+00 0.000000000000e+00 0.000000000000e+00 0.000000000000e+00
7.079457843841e+02 9.481876817213e-01 1.512640330275e-01 0.000000000000e+00 0.000000000000e+00 3.400602009275e-23 -2.131642844036e-22 1.000000000000e+00 0.000000000000e+00 0.000000000000e+00 0.000000000000e+00
7.943282347243e+02 9.572570302514e-01 1.373479464158e-01 0.000000000000e+00 0.000000000000e+00 2.751961171718e-23 -1.918000412347e-22 1.000000000000e+00 0.000000000000e+00 0.000000000000e+00 0.000000000000e+00
8.912509381337e+02 9.647083400848e-01 1.242640532702e-01 0.000000000000e+00 0.000000000000e+00 2.219042637756e-23 -1.722725827229e-22 1.000000000000e+00 0.000000000000e+00 0.000000000000e+00 0.000000000000e+00
1.000000000000e+03 9.707904693637e-01 1.120950445777e-01 0.000000000000e+00 0.000000000000e+00 1.784048044065e-23 -1.545061019057e-22 1.000000000000e+00 0.000000000000e+00 0.000000000000e+00 0.000000000000e+00
1.122018454302e+03 9.757286211721e-01 1.008742459600e-01 0.000000000000e+00 0.000000000000e+00 1.430870839392e-23 -1.384041702526e-22 1.000000000000e+00 0.000000000000e+00 0.000000000000e+00 0.000000000000e+00
1.258925411794e+03 9.797206468610e-01 9.059873520401e-02 0.000000000000e+00 0.000000000000e+00 1.145360671133e-23 -1.238575235167e-22 1.000000000000e+00 0.000000000000e+00 0.000000000000e+00 0.000000000000e+00
1.412537544623e+03 9.829365418663e-01 8.124030311552e-02 0.000000000000e+00 0.000000000000e+00 9.153594443093e-24 -1.107504787956e-22 1.000000000000e+00 0.000000000000e+00 0.000000000000e+00 0.000000000000e+00
1.584893192461e+03 9.855199034647e-01 7.275415318491e-02 0.000000000000e+00 0.000000000000e+00 7.305970626237e-24 -9.896588924601e-23 1.000000000000e+00 0.000000000000e+00 0.000000000000e+00 0.000000000000e+00
1.778279410039e+03 9.875904454193e-01 6.508552795746e-02 0.000000000000e+00 0.000000000000e+00 5.825115805591e-24 -8.838875389969e-23 1.000000000000e+00 0.000000000000e+00 0.000000000000e+00 0.000000000000e+00
1.995262314969e+03 9.892469536375e-01 5.817457789090e-02 0.000000000000e+00 0.000000000000e+00 4.640378141841e-24 -7.890869357318e-23 1.000000000000e+00 0.000000000000e+00 0.000000000000e+00 0.000000000000e+00
2.238721138568e+03 9.905702939652e-01 5.195981740867e-02 0.000000000000e+00 0.000000000000e+00 3.693922230989e-24 -7.042152595449e-23 1.000000000000e+00 0.000000000000e+00 0.000000000000e+00 0.000000000000e+00
2.511886431510e+03 9.916262474378e-01 4.638048838562e-02 0.000000000000e+00 0.000000000000e+00 2.938701327015e-24 -6.283015704836e-23 1.000000000000e+00 0.000000000000e+00 0.000000000000e+00 0.000000000000e+00
2.818382931264e+03 9.924680594612e-01 4.137810429340e-02 0.000000000000e+00 0.000000000000e+00 2.336634160324e-24 -5.604497379397e-23 1.000000000000e+00 0.000000000000e+00 0.000000000000e+00 0.000000000000e+00
3.162277660168e+03 9.931386602689e-01 3.689739579231e-02 0.000000000000e+00 0.000000000000e+00 1.857016858934e-24 -4.998388628184e-23 1.000000000000e+00 0.000000000000e+00 0.000000000000e+00 0.000000000000e+00
3.548133892336e+03 9.936725563074e-01 3.288682940140e-02 0.000000000000e+00 0.000000000000e+00 1.475170222059e-24 -4.457213395828e-23 1.000000000000e+00 0.000000000000e+00 0.000000000000e+00 0.000000000000e+00
3.981071705535e+03 9.940974152913e-01 2.929882914271e-02 0.000000000000e+00 0.000000000000e+00 1.171306077804e-24 -3.974194118094e-23 1.000000000000e+00 0.000000000000e+00 0.000000000000e+00 0.000000000000e+00
4.466835921510e+03 9.944353785307e-01 2.608979712744e-02 0.000000000000e+00 0.000000000000e+00 9.295886954570e-25 -3.543208411047e-23 1.000000000000e+00 0.000000000000e+00 0.000000000000e+00 0.000000000000e+00
5.011872336273e+03 9.947041375213e-01 2.322000273473e-02 0.000000000000e+00 0.000000000000e+00 7.373647942094e-25 -3.158741280274e-23 1.000000000000e+00 0.000000000000e+00 0.000000000000e+00 0.000000000000e+00
5.623413251903e+03 9.949178109536e-01 2.065339002441e-02 0.000000000000e+00 0.000000000000e+00 5.845362890372e-25 -2.815835872098e-23 1.000000000000e+00 0.000000000000e+00 0.000000000000e+00 0.000000000000e+00
6.309573444802e+03 9.950876552674e-01 1.835733817846e-02 0.000000000000e+00 0.000000000000e+00 4.630520808849e-25 -2.510044784026e-23 1.000000000000e+00 0.000000000000e+00 0.000000000000e+00 0.000000000000e+00
7.079457843841e+03 9.952226379157e-01 1.630239888851e-02 0.000000000000e+00 0.000000000000e+00 3.664980319955e-25 -2.237383226161e-23 1.000000000000e+00 0.000000000000e+00 0.000000000000e+00 0.000000000000e+00
7.943282347243e+03 9.953298983381e-01 1.446202675004e-02 0.000000000000e+00 0.000000000000e+00 2.897672452994e-25 -1.994284810770e-23 1.000000000000e+00 0.000000000000e+00 0.000000000000e+00 0.000000000000e+00
8.912509381337e+03 9.954151176737e-01 1.281231315710e-02 0.000000000000e+00 0.000000000000e+00 2.287956044863e-25 -1.777560388749e-23 1.000000000000e+00 0.000000000000e+00 0.000000000000e+00 0.000000000000e+00
1.000000000000e+04 9.954828146712e-01 1.133173022840e-02 0.000000000000e+00 0.000000000000e+00 1.803500879633e-25 -1.584360107180e-23 1.000000000000e+00 0.000000000000e+00 0.000000000000e+00 0.000000000000e+00
1.122018454302e+04 9.955365821363e-01 1.000088857216e-02 0.000000000000e+00 0.000000000000e+00 1.418595964680e-25 -1.412138699398e-23 1.000000000000e+00 0.000000000000e+00 0.000000000000e+00 0.000000000000e+00
1.258925411794e+04 9.955792756149e-01 8.802310811781e-03 0.000000000000e+00 0.000000000000e+00 1.112799267694e-25 -1.258623914249e-23 1.000000000000e+00 0.000000000000e+00 0.000000000000e+00 0.000000000000e+00
1.412537544623e+04 9.956131637871e-01 7.720221515690e-03 0.000000000000e+00 0.000000000000e+00 8.698610671729e-26 -1.121787927176e-23 1.000000000000e+00 0.000000000000e+00 0.000000000000e+00 0.000000000000e+00
1.584893192461e+04 9.956400482266e-01 6.740353355958e-03 0.000000000000e+00 0.000000000000e+00 6.768661509127e-26 -9.998215398316e-24 1.000000000000e+00 0.000000000000e+00 0.000000000000e+00 0.000000000000e+00
1.778279410039e+04 9.956613586756e-01 5.849768765160e-03 0.000000000000e+00 0.000000000000e+00 5.235508040320e-26 -8.911109580655e-24 1.000000000000e+00 0.000000000000e+00 0.000000000000e+00 0.000000000000e+00
1.995262314969e+04 9.956782287600e-01 5.036696041067e-03 0.000000000000e+00 0.000000000000e+00 4.017592402633e-26 -7.942169340205e-24 1.000000000000e+00 0.000000000000e+00 0.000000000000e+00 0.000000000000e+00
2.238721138568e+04 9.956915560959e-01 4.290378653437e-03 0.000000000000e+00 0.000000000000e+00 3.050111774380e-26 -7.078560621841e-24 1.000000000000e+00 0.000000000000e+00 0.000000000000e+00 0.000000000000e+00
2.511886431510e+04 9.957020499218e-01 3.600936415594e-03 0.000000000000e+00 0.000000000000e+00 2.281579386357e-26 -6.308840284493e-24 1.000000000000e+00 0.000000000000e+00 0.000000000000e+00 0.000000000000e+00
2.818382931264e+04 9.957102687625e-01 2.959237148858e-03 0.000000000000e+00 0.000000000000e+00 1.671090236880e-26 -5.622806234134e-24 1.000000000000e+00 0.000000000000e+00 0.000000000000e+00 0.000000000000e+00
3.162277660168e+04 9.957166501060e-01 2.356777466005e-03 0.000000000000e+00 0.000000000000e+00 1.186147529684e-26 -5.011363447916e-24 1.000000000000e+00 0.000000000000e+00 0.000000000000e+00 0.000000000000e+00
3.548133892336e+04 9.957215336589e-01 1.785571328853e-03 0.000000000000e+00 0.000000000000e+00 8.009351164752e-27 -4.466404279928e-24 1.000000000000e+00 0.000000000000e+00 0.000000000000e+00 0.000000000000e+00
3.981071705535e+04 9.957251794111e-01 1.238045071375e-03 0.000000000000e+00 0.000000000000e+00 4.949445964712e-27 -3.980701579527e-24 1.000000000000e+00 0.000000000000e+00 0.000000000000e+00 0.000000000000e+00
4.466835921510e+04 9.957277814633e-01 7.069376106017e-04 0.000000000000e+00 0.000000000000e+00 2.518843699632e-27 -3.547813288388e-24 1.000000000000e+00 0.000000000000e+00 0.000000000000e+00 0.000000000000e+00
5.011872336273e+04 9.957294783545e-01 1.852046099913e-04 0.000000000000e+00 0.000000000000e+00 5.881280923982e-28 -3.161997310177e-24 1.000000000000e+00 0.000000000000e+00 0.000000000000e+00 0.000000000000e+00
5.623413251903e+04 9.957303604322e-01 -3.340746170721e-04 0.000000000000e+00 0.000000000000e+00 -9.455045234234e-28 -2.818135565545e-24 1.000000000000e+00 0.000000000000e+00 0.000000000000e+00 0.000000000000e+00
6.309573444802e+04 9.957304746604e-01 -8.577886527803e-04 0.000000000000e+00 0.000000000000e+00 -2.163716856778e-27 -2.511666254713e-24 1.000000000000e+00 0.000000000000e+00 0.000000000000e+00 0.000000000000e+00
7.079457843841e+04 9.957298271181e-01 -1.392885148391e-03 0.000000000000e+00 0.000000000000e+00 -3.131377591517e-27 -2.238523450037e-24 1.000000000000e+00 0.000000000000e+00 0.000000000000e+00 0.000000000000e+00
7.943282347243e+04 9.957283833222e-01 -1.946462808107e-03 0.000000000000e+00 0.000000000000e+00 -3.900014678014e-27 -1.995083232030e-24 1.000000000000e+00 0.000000000000e+00 0.000000000000e+00 0.000000000000e+00
8.912509381337e+04 9.957260663921e-01 -2.525865380818e-03 0.000000000000e+00 0.000000000000e+00 -4.510558628841e-27 -1.778115664749e-24 1.000000000000e+00 0.000000000000e+00 0.000000000000e+00 0.000000000000e+00
1.000000000000e+05 9.957227529556e-01 -3.138778878053e-03 0.000000000000e+00 0.000000000000e+00 -4.995521737145e-27 -1.584741980819e-24 1.000000000000e+00 0.000000000000e+00 0.000000000000e+00 0.000000000000e+00
1.122018454302e+05 9.957182665875e-01 -3.793332301328e-03 0.000000000000e+00 0.000000000000e+00 -5.380727778900e-27 -1.412396413327e-24 1.000000000000e+00 0.000000000000e+00 0.000000000000e+00 0.000000000000e+00
1.258925411794e+05 9.957123684001e-01 -4.498209204797e-03 0.000000000000e+00 0.000000000000e+00 -5.686692978726e-27 -1.258792171831e-24 1.000000000000e+00 0.000000000000e+00 0.000000000000e+00 0.000000000000e+00
1.412537544623e+05 9.957047443571e-01 -5.262756163887e-03 0.000000000000e+00 0.000000000000e+00 -5.929708990449e-27 -1.121891113817e-24 1.000000000000e+00 0.000000000000e+00 0.000000000000e+00 0.000000000000e+00
1.584893192461e+05 9.956949885449e-01 -6.097110421962e-03 0.000000000000e+00 0.000000000000e+00 -6.122717081796e-27 -9.998767108885e-25 1.000000000000e+00 0.000000000000e+00 0.000000000000e+00 0.000000000000e+00
1.778279410039e+05 9.956825815813e-01 -7.012332357405e-03 0.000000000000e+00 0.000000000000e+00 -6.275995498704e-27 -8.911299524392e-25 1.000000000000e+00 0.000000000000e+00 0.000000000000e+00 0.000000000000e+00
1.995262314969e+05 9.956668629943e-01 -8.020550370603e-03 0.000000000000e+00 0.000000000000e+00 -6.397706347788e-27 -7.942078679555e-25 1.000000000000e+00 0.000000000000e+00 0.000000000000e+00 0.000000000000e+00
2.238721138568e+05 9.956469960774e-01 -9.135122237453e-03 0.000000000000e+00 0.000000000000e+00 -6.494332120205e-27 -7.078243836195e-25 1.000000000000e+00 0.000000000000e+00 0.000000000000e+00 0.000000000000e+00
2.511886431510e+05 9.956219234555e-01 -1.037080576546e-02 0.000000000000e+00 0.000000000000e+00 -6.571017625286e-27 -6.308332597401e-25 1.000000000000e+00 0.000000000000e+00 0.000000000000e+00 0.000000000000e+00
2.818382931264e+05 9.955903108563e-01 -1.174395514025e-02 0.000000000000e+00 0.000000000000e+00 -6.631847259950e-27 -5.622128828182e-25 1.000000000000e+00 0.000000000000e+00 0.000000000000e+00 0.000000000000e+00
3.162277660168e+05 9.955504762742e-01 -1.327273033208e-02 0.000000000000e+00 0.000000000000e+00 -6.680060600894e-27 -5.010527108113e-25 1.000000000000e+00 0.000000000000e+00 0.000000000000e+00 0.000000000000e+00
3.548133892336e+05 9.955003008205e-01 -1.497732793561e-02 0.000000000000e+00 0.000000000000e+00 -6.718223853985e-27 -4.465411918848e-25 1.000000000000e+00 0.000000000000e+00 0.000000000000e+00 0.000000000000e+00
3.981071705535e+05 9.954371162157e-01 -1.688024567883e-02 0.000000000000e+00 0.000000000000e+00 -6.748370135245e-27 -3.979549962956e-25 1.000000000000e+00 0.000000000000e+00 0.000000000000e+00 0.000000000000e+00
4.466835921510e+05 9.953575635951e-01 -1.900656217463e-02 0.000000000000e+00 0.000000000000e+00 -6.772105298763e-27 -3.546494189035e-25 1.000000000000e+00 0.000000000000e+00 0.000000000000e+00 0.000000000000e+00
5.011872336273e+05 9.952574160283e-01 -2.138424644021e-02 0.000000000000e+00 0.000000000000e+00 -6.790692772883e-27 -3.160498248596e-25 1.000000000000e+00 0.000000000000e+00 0.000000000000e+00 0.000000000000e+00
5.623413251903e+05 9.951313552490e-01 -2.404450538645e-02 0.000000000000e+00 0.000000000000e+00 -6.805123000979e-27 -2.816440249345e-25 1.000000000000e+00 0.000000000000e+00 0.000000000000e+00 0.000000000000e+00
6.309573444802e+05 9.949726919260e-01 -2.702215031022e-02 0.000000000000e+00 0.000000000000e+00 -6.816164091707e-27 -2.509754796371e-25 1.000000000000e+00 0.000000000000e+00 0.000000000000e+00 0.000000000000e+00
7.079457843841e+05 9.947730142611e-01 -3.035600708876e-02 0.000000000000e+00 0.000000000000e+00 -6.824404759909e-27 -2.236372416735e-25 1.000000000000e+00 0.000000000000e+00 0.000000000000e+00 0.000000000000e+00
7.943282347243e+05 9.945217483579e-01 -3.408934411964e-02 0.000000000000e+00 0.000000000000e+00 -6.830284240475e-27 -1.992665567509e-25 1.000000000000e+00 0.000000000000e+00 0.000000000000e+00 0.000000000000e+00
8.912509381337e+05 9.942056078462e-01 -3.827033206697e-02 0.000000000000e+00 0.000000000000e+00 -6.834116253477e-27 -1.775400509196e-25 1.000000000000e+00 0.000000000000e+00 0.000000000000e+00 0.000000000000e+00
1.000000000000e+06 9.938079067170e-01 -4.295251905948e-02 0.000000000000e+00 0.000000000000e+00 -6.836105726565e-27 -1.581694408378e-25 1.000000000000e+00 0.000000000000e+00 0.000000000000e+00 0.000000000000e+00
1.122018454302e+06 9.933077025049e-01 -4.819531536481e-02 0.000000000000e+00 0.000000000000e+00 -6.836360529343e-27 -1.408977100678e-25 1.000000000000e+00 0.000000000000e+00 0.000000000000e+00 0.000000000000e+00
1.258925411794e+06 9.926787318272e-01 -5.406445565504e-02 0.000000000000e+00 0.000000000000e+00 -6.834896875112e-27 -1.254957010101e-25 1.000000000000e+00 0.000000000000e+00 0.000000000000e+00 0.000000000000e+00
1.412537544623e+06 9.918880914812e-01 -6.063242108737e-02 0.000000000000e+00 0.000000000000e+00 -6.831641087643e-27 -1.117590773811e-25 1.000000000000e+00 0.000000000000e+00 0.000000000000e+00 0.000000000000e+00
1.584893192461e+06 9.908946119384e-01 -6.797876838209e-02 0.000000000000e+00 0.000000000000e+00 -6.826426578632e-27 -9.950561736481e-26 1.000000000000e+00 0.000000000000e+00 0.000000000000e+00 0.000000000000e+00
1.778279410039e+06 9.896468629090e-01 -7.619029979550e-02 0.000000000000e+00 0.000000000000e+00 -6.818986240100e-27 -8.857280203448e-26 1.000000000000e+00 0.000000000000e+00 0.000000000000e+00 0.000000000000e+00
1.995262314969e+06 9.880807252060e-01 -8.536098583672e-02 0.000000000000e+00 0.000000000000e+00 -6.808940729843e-27 -7.881566769972e-26 1.000000000000e+00 0.000000000000e+00 0.000000000000e+00 0.000000000000e+00
2.238721138568e+06 9.861164631951e-01 -9.559150007222e-02 0.000000000000e+00 0.000000000000e+00 -6.795781525426e-27 -7.010489465524e-26 1.000000000000e+00 0.000000000000e+00 0.000000000000e+00 0.000000000000e+00
2.511886431510e+06 9.836552395922e-01 -1.069881947745e-01 0.000000000000e+00 0.000000000000e+00 -6.778849488272e-27 -6.232510821966e-26 1.000000000000e+00 0.000000000000e+00 0.000000000000e+00 0.000000000000e+00
2.818382931264e+06 9.805750364330e-01 -1.196612680469e-01 0.000000000000e+00 0.000000000000e+00 -6.757308275980e-27 -5.537337115890e-26 1.000000000000e+00 0.000000000000e+00 0.000000000000e+00 0.000000000000e+00
3.162277660168e+06 9.767259927342e-01 -1.337218042894e-01 0.000000000000e+00 0.000000000000e+00 -6.730113051076e-27 -4.915784965629e-26 1.000000000000e+00 0.000000000000e+00 0.000000000000e+00 0.000000000000e+00
3.548133892336e+06 9.719252506996e-01 -1.492772787527e-01 0.000000000000e+00 0.000000000000e+00 -6.695975271994e-27 -4.359663774211e-26 1.000000000000e+00 0.000000000000e+00 0.000000000000e+00 0.000000000000e+00
3.981071705535e+06 9.659515408526e-01 -1.664250215159e-01 0.000000000000e+00 0.000000000000e+00 -6.653325231899e-27 -3.861672782738e-26 1.000000000000e+00 0.000000000000e+00 0.000000000000e+00 0.000000000000e+00
4.466835921510e+06 9.585399473086e-01 -1.852430613997e-01 0.000000000000e+00 0.000000000000e+00 -6.600275768643e-27 -3.415311720553e-26 1.000000000000e+00 0.000000000000e+00 0.000000000000e+00 0.000000000000e+00
5.011872336273e+06 9.493776054082e-01 -2.057777343265e-01 0.000000000000e+00 0.000000000000e+00 -6.534592543247e-27 -3.014804221327e-26 1.000000000000e+00 0.000000000000e+00 0.000000000000e+00 0.000000000000e+00
5.623413251903e+06 9.381015064800e-01 -2.280275170989e-01 0.000000000000e+00 0.000000000000e+00 -6.453679443704e-27 -2.655033254540e-26 1.000000000000e+00 0.000000000000e+00 0.000000000000e+00 0.000000000000e+00
6.309573444802e+06 9.243001146169e-01 -2.519228175252e-01 0.000000000000e+00 0.000000000000e+00 -6.354591485072e-27 -2.331487753152e-26 1.000000000000e+00 0.000000000000e+00 0.000000000000e+00 0.000000000000e+00
7.079457843841e+06 9.075210761445e-01 -2.773020345592e-01 0.000000000000e+00 0.000000000000e+00 -6.234091720445e-27 -2.040219299478e-26 1.000000000000e+00 0.000000000000e+00 0.000000000000e+00 0.000000000000e+00
7.943282347243e+06 8.872877858010e-01 -3.038852258272e-01 0.000000000000e+00 0.000000000000e+00 -6.088772085482e-27 -1.777807093869e-26 1.000000000000e+00 0.000000000000e+00 0.000000000000e+00 0.000000000000e+00
8.912509381337e+06 8.631276820333e-01 -3.312482750594e-01 0.000000000000e+00 0.000000000000e+00 -5.915258891817e-27 -1.541328387297e-26 1.000000000000e+00 0.000000000000e+00 0.000000000000e+00 0.000000000000e+00
1.000000000000e+07 8.346144678826e-01 -3.588024729672e-01 0.000000000000e+00 0.000000000000e+00 -5.710518716632e-27 -1.328330181395e-26 1.000000000000e+00 0.000000000000e+00 0.000000000000e+00 0.000000000000e+00
1.122018454302e+07 8.014244883562e-01 -3.857865476715e-01 0.000000000000e+00 0.000000000000e+00 -5.472266147216e-27 -1.136796532604e-26 1.000000000000e+00 0.000000000000e+00 0.000000000000e+00 0.000000000000e+00
1.258925411794e+07 7.634038844207e-01 -4.112795935161e-01 0.000000000000e+00 0.000000000000e+00 -5.199448647845e-27 -9.651048476966e-27 1.000000000000e+00 0.000000000000e+00 0.000000000000e+00 0.000000000000e+00
1.412537544623e+07 7.206380535906e-01 -4.342427950562e-01 0.000000000000e+00 0.000000000000e+00 -4.892746928981e-27 -8.119650259612e-27 1.000000000000e+00 0.000000000000e+00 0.000000000000e+00 0.000000000000e+00
1.584893192461e+07 6.735095409519e-01 -4.535940037981e-01 0.000000000000e+00 0.000000000000e+00 -4.554990090481e-27 -6.763381480338e-27 1.000000000000e+00 0.000000000000e+00 0.000000000000e+00 0.000000000000e+00
1.778279410039e+07 6.227271000298e-01 -4.683115601066e-01 0.000000000000e+00 0.000000000000e+00 -4.191360439606e-27 -5.573370281831e-27 1.000000000000e+00 0.000000000000e+00 0.000000000000e+00 0.000000000000e+00
1.995262314969e+07 5.693101791997e-01 -4.775535653524e-01 0.000000000000e+00 0.000000000000e+00 -3.809274096282e-27 -4.541183807883e-27 1.000000000000e+00 0.000000000000e+00 0.000000000000e+00 0.000000000000e+00
2.238721138568e+07 5.145212977392e-01 -4.807697227814e-01 0.000000000000e+00 0.000000000000e+00 -3.417883386696e-27 -3.657829751571e-27 1.000000000000e+00 0.000000000000e+00 0.000000000000e+00 0.000000000000e+00
2.511886431510e+07 4.597524517227e-01 -4.777796727958e-01 0.000000000000e+00 0.000000000000e+00 -3.027246601614e-27 -2.913024823591e-27 1.000000000000e+00 0.000000000000e+00 0.000000000000e+00 0.000000000000e+00
2.818382931264e+07 4.063859828262e-01 -4.687976761352e-01 0.000000000000e+00 0.000000000000e+00 -2.647314764763e-27 -2.294874030515e-27 1.000000000000e+00 0.000000000000e+00 0.000000000000e+00 0.000000000000e+00
3.162277660168e+07 3.556588096733e-01 -4.543974745968e-01 0.000000000000e+00 0.000000000000e+00 -2.286946687873e-27 -1.790002766888e-27 1.000000000000e+00 0.000000000000e+00 0.000000000000e+00 0.000000000000e+00
3.548133892336e+07 3.085573859494e-01 -4.354275979179e-01 0.000000000000e+00 0.000000000000e+00 -1.953152182812e-27 -1.384063699159e-27 1.000000000000e+00 0.000000000000e+00 0.000000000000e+00 0.000000000000e+00
3.981071705535e+07 2.657601099285e-01 -4.128992776960e-01 0.000000000000e+00 0.000000000000e+00 -1.650685189946e-27 -1.062453487410e-27 1.000000000000e+00 0.000000000000e+00 0.000000000000e+00 0.000000000000e+00
4.466835921510e+07 2.276294880108e-01 -3.878722181315e-01 0.000000000000e+00 0.000000000000e+00 -1.382002426066e-27 -8.110519134125e-28 1.000000000000e+00 0.000000000000e+00 0.000000000000e+00 0.000000000000e+00
5.011872336273e+07 1.942443535370e-01 -3.613583214205e-01 0.000000000000e+00 0.000000000000e+00 -1.147514525963e-27 -6.168343277494e-28 1.000000000000e+00 0.000000000000e+00 0.000000000000e+00 0.000000000000e+00
5.623413251903e+07 1.654564739618e-01 -3.342540964561e-01 0.000000000000e+00 0.000000000000e+00 -9.460124895088e-28 -4.682781527510e-28 1.000000000000e+00 0.000000000000e+00 0.000000000000e+00 0.000000000000e+00
6.309573444802e+07 1.409559425949e-01 -3.073033748147e-01 0.000000000000e+00 0.000000000000e+00 -7.751530520795e-28 -3.555523240740e-28 1.000000000000e+00 0.000000000000e+00 0.000000000000e+00 0.000000000000e+00
7.079457843841e+07 1.203335441746e-01 -2.810858077000e-01 0.000000000000e+00 0.000000000000e+00 -6.319155607001e-28 -2.705246474744e-28 1.000000000000e+00 0.000000000000e+00 0.000000000000e+00 0.000000000000e+00
7.943282347243e+07 1.031331739275e-01 -2.560239190895e-01 0.000000000000e+00 0.000000000000e+00 -5.129802831068e-28 -2.066419612167e-28 1.000000000000e+00 0.000000000000e+00 0.000000000000e+00 0.000000000000e+00
8.912509381337e+07 8.889161779977e-02 -2.324013885756e-01 0.000000000000e+00 0.000000000000e+00 -4.150102759013e-28 -1.587380138067e-28 1.000000000000e+00 0.000000000000e+00 0.000000000000e+00 0.000000000000e+00
1.000000000000e+08 7.716588362120e-02 -2.103865299647e-01 0.000000000000e+00 0.000000000000e+00 -3.348405620384e-28 -1.228133181637e-28 1.000000000000e+00 0.000000000000e+00 0.000000000000e+00 0.000000000000e+00
1.122018454302e+08 6.754984566189e-02 -1.900566645003e-01 0.000000000000e+00 0.000000000000e+00 -2.695896623340e-28 -9.581742440121e-29 1.000000000000e+00 0.000000000000e+00 0.000000000000e+00 0.000000000000e+00
1.258925411794e+08 5.968256804435e-02 -1.714207068546e-01 0.000000000000e+00 0.000000000000e+00 -2.167122260670e-28 -7.545145750247e-29 1.000000000000e+00 0.000000000000e+00 0.000000000000e+00 0.000000000000e+00
1.412537544623e+08 5.325068110295e-02 -1.544385596169e-01 0.000000000000e+00 0.000000000000e+00 -1.740106679683e-28 -5.999917774085e-29 1.000000000000e+00 0.000000000000e+00 0.000000000000e+00 0.000000000000e+00
1.584893192461e+08 4.798689048686e-02 -1.390368159954e-01 0.000000000000e+00 0.000000000000e+00 -1.396207431686e-28 -4.818842595149e-29 1.000000000000e+00 0.000000000000e+00 0.000000000000e+00 0.000000000000e+00
1.778279410039e+08 4.366628831130e-02 -1.251208581123e-01 0.000000000000e+00 0.000000000000e+00 -1.119824192984e-28 -3.908106674343e-29 1.000000000000e+00 0.000000000000e+00 0.000000000000e+00 0.000000000000e+00
1.995262314969e+08 4.010170776410e-02 -1.125837873782e-01 0.000000000000e+00 0.000000000000e+00 -8.980406304884e-29 -3.198769890656e-29 1.000000000000e+00 0.000000000000e+00 0.000000000000e+00 0.000000000000e+00
2.238721138568e+08 3.713896297511e-02 -1.013127995334e-01 0.000000000000e+00 0.000000000000e+00 -7.202519584252e-29 -2.640279504653e-29 1.000000000000e+00 0.000000000000e+00 0.000000000000e+00 0.000000000000e+00
2.511886431510e+08 3.465246442074e-02 -9.119366637301e-02 0.000000000000e+00 0.000000000000e+00 -5.778096732349e-29 -2.195605236644e-29 1.000000000000e+00 0.000000000000e+00 0.000000000000e+00 0.000000000000e+00
2.818382931264e+08 3.254140767800e-02 -8.211394074389e-02 0.000000000000e+00 0.000000000000e+00 -4.636999259814e-29 -1.837623209277e-29 1.000000000000e+00 0.000000000000e+00 0.000000000000e+00 0.000000000000e+00
3.162277660168e+08 3.072650875149e-02 -7.396538503011e-02 0.000000000000e+00 0.000000000000e+00 -3.722619551570e-29 -1.546440976184e-29 1.000000000000e+00 0.000000000000e+00 0.000000000000e+00 0.000000000000e+00
3.548133892336e+08 2.914711269512e-02 -6.664595728135e-02 0.000000000000e+00 0.000000000000e+00 -2.989468227603e-29 -1.307421648407e-29 1.000000000000e+00 0.000000000000e+00 0.000000000000e+00 0.000000000000e+00
3.981071705535e+08 2.775844559581e-02 -6.006149916264e-02 0.000000000000e+00 0.000000000000e+00 -2.401133460609e-29 -1.109724756522e-29 1.000000000000e+00 0.000000000000e+00 0.000000000000e+00 0.000000000000e+00
4.466835921510e+08 2.652881978672e-02 -5.412709346343e-02 0.000000000000e+00 0.000000000000e+00 -1.928567476235e-29 -9.452312280195e-30 1.000000000000e+00 0.000000000000e+00 0.000000000000e+00 0.000000000000e+00
5.011872336273e+08 2.543672469633e-02 -4.876794367965e-02 0.000000000000e+00 0.000000000000e+00 -1.548654630500e-29 -8.077580991419e-30 1.000000000000e+00 0.000000000000e+00 0.000000000000e+00 0.000000000000e+00
5.623413251903e+08 2.446789549150e-02 -4.391961388839e-02 0.000000000000e+00 0.000000000000e+00 -1.243021513075e-29 -6.924951697638e-30 1.000000000000e+00 0.000000000000e+00 0.000000000000e+00 0.000000000000e+00
6.309573444802e+08 2.361257966786e-02 -3.952755830478e-02 0.000000000000e+00 0.000000000000e+00 -9.970573046807e-30 -5.956121766658e-30 1.000000000000e+00 0.000000000000e+00 0.000000000000e+00 0.000000000000e+00
7.079457843841e+08 2.286325833489e-02 -3.554602228240e-02 0.000000000000e+00 0.000000000000e+00 -7.991184181455e-30 -5.139942435493e-30 1.000000000000e+00 0.000000000000e+00 0.000000000000e+00 0.000000000000e+00
7.943282347243e+08 2.221300922815e-02 -3.193653584832e-02 0.000000000000e+00 0.000000000000e+00 -6.398938528548e-30 -4.450691874037e-30 1.000000000000e+00 0.000000000000e+00 0.000000000000e+00 0.000000000000e+00
8.912509381337e+08 2.165456127974e-02 -2.866628473717e-02 0.000000000000e+00 0.000000000000e+00 -5.119075583307e-30 -3.866958586741e-30 1.000000000000e+00 0.000000000000e+00 0.000000000000e+00 0.000000000000e+00
1.000000000000e+09 2.117995168441e-02 -2.570661510512e-02 0.000000000000e+00 0.000000000000e+00 -4.091334864141e-30 -3.370894005021e-30 1.000000000000e+00 0.000000000000e+00 0.000000000000e+00 0.000000000000e+00
