# freq_hz rev(vout) imv(vout) rev(vinp) imv(vinp) rev(vinn) imv(vinn) rev(vdd) imv(vdd) rev(vss) imv(vss)
1.000000000000e-01 5.996269260641e+04 -2.894010844253e+01 5.000000000000e-01 0.000000000000e+00 -5.000000000000e-01 -9.543358929410e-14 0.000000000000e+00 0.000000000000e+00 0.000000000000e+00 0.000000000000e+00
1.122018454302e-01 5.996268898991e+04 -3.247133378493e+01 5.000000000000e-01 0.000000000000e+00 -5.000000000000e-01 -8.505527085794e-14 0.000000000000e+00 0.000000000000e+00 0.000000000000e+00 0.000000000000e+00
1.258925411794e-01 5.996268443700e+04 -3.643343297735e+01 5.000000000000e-01 0.000000000000e+00 -5.000000000000e-01 -7.580558418952e-14 0.000000000000e+00 0.000000000000e+00 0.000000000000e+00 0.000000000000e+00
1.412537544623e-01 5.996267870523e+04 -4.087898024767e+01 5.000000000000e-01 0.000000000000e+00 -5.000000000000e-01 -6.756179156652e-14 0.000000000000e+00 0.000000000000e+00 0.000000000000e+00 0.000000000000e+00
1.584893192461e-01 5.996267148937e+04 -4.586696471233e+01 5.000000000000e-01 0.000000000000e+00 -5.000000000000e-01 -6.021450286949e-14 0.000000000000e+00 0.000000000000e+00 0.000000000000e+00 0.000000000000e+00
1.778279410039e-01 5.996266240513e+04 -5.146357305433e+01 5.000000000000e-01 0.000000000000e+00 -5.000000000000e-01 -5.366622404135e-14 0.000000000000e+00 0.000000000000e+00 0.000000000000e+00 0.000000000000e+00
1.995262314969e-01 5.996265096876e+04 -5.774306767910e+01 5.000000000000e-01 0.000000000000e+00 -5.000000000000e-01 -4.783006340056e-14 0.000000000000e+00 0.000000000000e+00 0.000000000000e+00 0.000000000000e+00
2.238721138568e-01 5.996263657122e+04 -6.478877198847e+01 5.000000000000e-01 0.000000000000e+00 -5.000000000000e-01 -4.262857864127e-14 0.000000000000e+00 0.000000000000e+00 0.000000000000e+00 0.000000000000e+00
2.511886431510e-01 5.996261844581e+04 -7.269417582957e+01 5.000000000000e-01 0.000000000000e+00 -5.000000000000e-01 -3.799274922094e-14 0.000000000000e+00 0.000000000000e+00 0.000000000000e+00 0.000000000000e+00
2.818382931264e-01 5.996259562728e+04 -8.156417576301e+01 5.000000000000e-01 0.000000000000e+00 -5.000000000000e-01 -3.386106049976e-14 0.000000000000e+00 0.000000000000e+00 0.000000000000e+00 0.000000000000e+00
3.162277660168e-01 5.996256690048e+04 -9.151646657339e+01 5.000000000000e-01 0.000000000000e+00 -5.000000000000e-01 -3.017868747864e-14 0.000000000000e+00 0.000000000000e+00 0.000000000000e+00 0.000000000000e+00
3.548133892336e-01 5.996253073563e+04 -1.026831024383e+02 5.000000000000e-01 0.000000000000e+00 -5.000000000000e-01 -2.689676730489e-14 0.000000000000e+00 0.000000000000e+00 0.000000000000e+00 0.000000000000e+00
3.981071705535e-01 5.996248520683e+04 -1.152122484028e+02 5.000000000000e-01 0.000000000000e+00 -5.000000000000e-01 -2.397175089179e-14 0.000000000000e+00 0.000000000000e+00 0.000000000000e+00 0.000000000000e+00
4.466835921510e-01 5.996242788957e+04 -1.292701453038e+02 5.000000000000e-01 0.000000000000e+00 -5.000000000000e-01 -2.136482504867e-14 0.000000000000e+00 0.000000000000e+00 0.000000000000e+00 0.000000000000e+00
5.011872336273e-01 5.996235573158e+04 -1.450433140800e+02 5.000000000000e-01 0.000000000000e+00 -5.000000000000e-01 -1.904139745350e-14 0.000000000000e+00 0.000000000000e+00 0.000000000000e+00 0.000000000000e+00
5.623413251903e-01 5.996226489029e+04 -1.627410285255e+02 5.000000000000e-01 0.000000000000e+00 -5.000000000000e-01 -1.697063763373e-14 0.000000000000e+00 0.000000000000e+00 0.000000000000e+00 0.000000000000e+00
6.309573444802e-01 5.996215052827e+04 -1.825980890240e+02 5.000000000000e-01 0.000000000000e+00 -5.000000000000e-01 -1.512506786470e-14 0.000000000000e+00 0.000000000000e+00 0.000000000000e+00 0.000000000000e+00
7.079457843841e-01 5.996200655564e+04 -2.048779336859e+02 5.000000000000e-01 0.000000000000e+00 -5.000000000000e-01 -1.348019855693e-14 0.000000000000e+00 0.000000000000e+00 0.000000000000e+00 0.000000000000e+00
7.943282347243e-01 5.996182530582e+04 -2.298761276241e+02 5.000000000000e-01 0.000000000000e+00 -5.000000000000e-01 -1.201420329412e-14 0.000000000000e+00 0.000000000000e+00 0.000000000000e+00 0.000000000000e+00
8.912509381337e-01 5.996159712737e+04 -2.579242759014e+02 5.000000000000e-01 0.000000000000e+00 -5.000000000000e-01 -1.070762920989e-14 0.000000000000e+00 0.000000000000e+00 0.000000000000e+00 0.000000000000e+00
1.000000000000e+00 5.996130987020e+04 -2.893944109854e+02 5.000000000000e-01 0.000000000000e+00 -5.000000000000e-01 -9.543138860107e-15 0.000000000000e+00 0.000000000000e+00 0.000000000000e+00 0.000000000000e+00
1.122018454302e+00 5.996094823876e+04 -3.247039113928e+02 5.000000000000e-01 0.000000000000e+00 -5.000000000000e-01 -8.505280165479e-15 0.000000000000e+00 0.000000000000e+00 0.000000000000e+00 0.000000000000e+00
1.258925411794e+00 5.996049297795e+04 -3.643210146255e+02 5.000000000000e-01 0.000000000000e+00 -5.000000000000e-01 -7.580281371926e-15 0.000000000000e+00 0.000000000000e+00 0.000000000000e+00 0.000000000000e+00
1.412537544623e+00 5.995991984837e+04 -4.087709944884e+02 5.000000000000e-01 0.000000000000e+00 -5.000000000000e-01 -6.755868307777e-15 0.000000000000e+00 0.000000000000e+00 0.000000000000e+00 0.000000000000e+00
1.584893192461e+00 5.995919833657e+04 -4.586430804356e+02 5.000000000000e-01 0.000000000000e+00 -5.000000000000e-01 -6.021101513013e-15 0.000000000000e+00 0.000000000000e+00 0.000000000000e+00 0.000000000000e+00
1.778279410039e+00 5.995829003171e+04 -5.145982046551e+02 5.000000000000e-01 0.000000000000e+00 -5.000000000000e-01 -5.366231079330e-15 0.000000000000e+00 0.000000000000e+00 0.000000000000e+00 0.000000000000e+00
1.995262314969e+00 5.995714658277e+04 -5.773776710694e+02 5.000000000000e-01 0.000000000000e+00 -5.000000000000e-01 -4.782567274861e-15 0.000000000000e+00 0.000000000000e+00 0.000000000000e+00 0.000000000000e+00
2.238721138568e+00 5.995570712786e+04 -6.478128491136e+02 5.000000000000e-01 0.000000000000e+00 -5.000000000000e-01 -4.262365236821e-15 0.000000000000e+00 0.000000000000e+00 0.000000000000e+00 0.000000000000e+00
2.511886431510e+00 5.995389505977e+04 -7.268360037356e+02 5.000000000000e-01 0.000000000000e+00 -5.000000000000e-01 -3.798722202038e-15 0.000000000000e+00 0.000000000000e+00 0.000000000000e+00 0.000000000000e+00
2.818382931264e+00 5.995161395693e+04 -8.154923810721e+02 5.000000000000e-01 0.000000000000e+00 -5.000000000000e-01 -3.385485911704e-15 0.000000000000e+00 0.000000000000e+00 0.000000000000e+00 0.000000000000e+00
3.162277660168e+00 5.994874246541e+04 -9.149536759341e+02 5.000000000000e-01 0.000000000000e+00 -5.000000000000e-01 -3.017172974939e-15 0.000000000000e+00 0.000000000000e+00 0.000000000000e+00 0.000000000000e+00
3.548133892336e+00 5.994512786287e+04 -1.026533011509e+03 5.000000000000e-01 0.000000000000e+00 -5.000000000000e-01 -2.688896107968e-15 0.000000000000e+00 0.000000000000e+00 0.000000000000e+00 0.000000000000e+00
3.981071705535e+00 5.994057796760e+04 -1.151701561917e+03 5.000000000000e-01 0.000000000000e+00 -5.000000000000e-01 -2.396299283448e-15 0.000000000000e+00 0.000000000000e+00 0.000000000000e+00 0.000000000000e+00
4.466835921510e+00 5.993485097081e+04 -1.292106942120e+03 5.000000000000e-01 0.000000000000e+00 -5.000000000000e-01 -2.135499929502e-15 0.000000000000e+00 0.000000000000e+00 0.000000000000e+00 0.000000000000e+00
5.011872336273e+00 5.992764266490e+04 -1.449593473809e+03 5.000000000000e-01 0.000000000000e+00 -5.000000000000e-01 -1.903037411575e-15 0.000000000000e+00 0.000000000000e+00 0.000000000000e+00 0.000000000000e+00
5.623413251903e+00 5.991857041042e+04 -1.626224405448e+03 5.000000000000e-01 0.000000000000e+00 -5.000000000000e-01 -1.695827113647e-15 0.000000000000e+00 0.000000000000e+00 0.000000000000e+00 0.000000000000e+00
6.309573444802e+00 5.990715302369e+04 -1.824306112863e+03 5.000000000000e-01 0.000000000000e+00 -5.000000000000e-01 -1.511119509693e-15 0.000000000000e+00 0.000000000000e+00 0.000000000000e+00 0.000000000000e+00
7.079457843841e+00 5.989278557076e+04 -2.046414223961e+03 5.000000000000e-01 0.000000000000e+00 -5.000000000000e-01 -1.346463682586e-15 0.000000000000e+00 0.000000000000e+00 0.000000000000e+00 0.000000000000e+00
7.943282347243e+00 5.987470781511e+04 -2.295421483929e+03 5.000000000000e-01 0.000000000000e+00 -5.000000000000e-01 -1.199674806759e-15 0.000000000000e+00 0.000000000000e+00 0.000000000000e+00 0.000000000000e+00
8.912509381337e+00 5.985196478036e+04 -2.574526986848e+03 5.000000000000e-01 0.000000000000e+00 -5.000000000000e-01 -1.068805163729e-15 0.000000000000e+00 0.000000000000e+00 0.000000000000e+00 0.000000000000e+00
1.000000000000e+01 5.982335755116e+04 -2.887286120307e+03 5.000000000000e-01 0.000000000000e+00 -5.000000000000e-01 -9.521183066620e-16 0.000000000000e+00 0.000000000000e+00 0.000000000000e+00 0.000000000000e+00
1.122018454302e+01 5.978738204388e+04 -3.237640165947e+03 5.000000000000e-01 0.000000000000e+00 -5.000000000000e-01 -8.480660322764e-16 0.000000000000e+00 0.000000000000e+00 0.000000000000e+00 0.000000000000e+00
1.258925411794e+01 5.974215304039e+04 -3.629943923498e+03 5.000000000000e-01 0.000000000000e+00 -5.000000000000e-01 -7.552678560821e-16 0.000000000000e+00 0.000000000000e+00 0.000000000000e+00 0.000000000000e+00
1.412537544623e+01 5.968531030790e+04 -4.068988915494e+03 5.000000000000e-01 0.000000000000e+00 -5.000000000000e-01 -6.724927207519e-16 0.000000000000e+00 0.000000000000e+00 0.000000000000e+00 0.000000000000e+00
1.584893192461e+01 5.961390316689e+04 -4.560018602558e+03 5.000000000000e-01 0.000000000000e+00 -5.000000000000e-01 -5.986426978892e-16 0.000000000000e+00 0.000000000000e+00 0.000000000000e+00 0.000000000000e+00
1.778279410039e+01 5.952424948481e+04 -5.108730491599e+03 5.000000000000e-01 0.000000000000e+00 -5.000000000000e-01 -5.327384710109e-16 0.000000000000e+00 0.000000000000e+00 0.000000000000e+00 0.000000000000e+00
1.995262314969e+01 5.941176489123e+04 -5.721257927143e+03 5.000000000000e-01 0.000000000000e+00 -5.000000000000e-01 -4.739064126714e-16 0.000000000000e+00 0.000000000000e+00 0.000000000000e+00 0.000000000000e+00
2.238721138568e+01 5.927075823322e+04 -6.404121580905e+03 5.000000000000e-01 0.000000000000e+00 -5.000000000000e-01 -4.213670917341e-16 0.000000000000e+00 0.000000000000e+00 0.000000000000e+00 0.000000000000e+00
2.511886431510e+01 5.909419024107e+04 -7.164137062597e+03 5.000000000000e-01 0.000000000000e+00 -5.000000000000e-01 -3.744250682236e-16 0.000000000000e+00 0.000000000000e+00 0.000000000000e+00 0.000000000000e+00
2.818382931264e+01 5.887339454362e+04 -8.008260578881e+03 5.000000000000e-01 0.000000000000e+00 -5.000000000000e-01 -3.324598532824e-16 0.000000000000e+00 0.000000000000e+00 0.000000000000e+00 0.000000000000e+00
3.162277660168e+01 5.859776427461e+04 -8.943349207581e+03 5.000000000000e-01 0.000000000000e+00 -5.000000000000e-01 -2.949179307026e-16 0.000000000000e+00 0.000000000000e+00 0.000000000000e+00 0.000000000000e+00
3.548133892336e+01 5.825441453143e+04 -9.975806441332e+03 5.000000000000e-01 0.000000000000e+00 -5.000000000000e-01 -2.613057542622e-16 0.000000000000e+00 0.000000000000e+00 0.000000000000e+00 0.000000000000e+00
3.981071705535e+01 5.782784214903e+04 -1.111107800115e+04 5.000000000000e-01 0.000000000000e+00 -5.000000000000e-01 -2.311836512153e-16 0.000000000000e+00 0.000000000000e+00 0.000000000000e+00 0.000000000000e+00
4.466835921510e+01 5.729962107128e+04 -1.235295918670e+04 5.000000000000e-01 0.000000000000e+00 -5.000000000000e-01 -2.041605756520e-16 0.000000000000e+00 0.000000000000e+00 0.000000000000e+00 0.000000000000e+00
5.011872336273e+01 5.664819531592e+04 -1.370267617939e+04 5.000000000000e-01 0.000000000000e+00 -5.000000000000e-01 -1.798896639189e-16 0.000000000000e+00 0.000000000000e+00 0.000000000000e+00 0.000000000000e+00
5.623413251903e+01 5.584886250313e+04 -1.515771449302e+04 5.000000000000e-01 0.000000000000e+00 -5.000000000000e-01 -1.580645443481e-16 0.000000000000e+00 0.000000000000e+00 0.000000000000e+00 0.000000000000e+00
6.309573444802e+01 5.487407722604e+04 -1.671039494744e+04 5.000000000000e-01 0.000000000000e+00 -5.000000000000e-01 -1.384163400987e-16 0.000000000000e+00 0.000000000000e+00 0.000000000000e+00 0.000000000000e+00
7.079457843841e+01 5.369423881452e+04 -1.834624938442e+04 5.000000000000e-01 0.000000000000e+00 -5.000000000000e-01 -1.207112707129e-16 0.000000000000e+00 0.000000000000e+00 0.000000000000e+00 0.000000000000e+00
7.943282347243e+01 5.227914876951e+04 -2.004233232895e+04 5.000000000000e-01 0.000000000000e+00 -5.000000000000e-01 -1.047486993861e-16 0.000000000000e+00 0.000000000000e+00 0.000000000000e+00 0.000000000000e+00
8.912509381337e+01 5.060030659667e+04 -2.176572246300e+04 5.000000000000e-01 0.000000000000e+00 -5.000000000000e-01 -9.035938782504e-17 0.000000000000e+00 0.000000000000e+00 0.000000000000e+00 0.000000000000e+00
1.000000000000e+02 4.863412819488e+04 -2.347260605180e+04 5.000000000000e-01 0.000000000000e+00 -5.000000000000e-01 -7.740361905180e-17 0.000000000000e+00 0.000000000000e+00 0.000000000000e+00 0.000000000000e+00
1.122018454302e+02 4.636598835274e+04 -2.510845519704e+04 5.000000000000e-01 0.000000000000e+00 -5.000000000000e-01 -6.576875994674e-17 0.000000000000e+00 0.000000000000e+00 0.000000000000e+00 0.000000000000e+00
1.258925411794e+02 4.379469923813e+04 -2.660984799547e+04 5.000000000000e-01 0.000000000000e+00 -5.000000000000e-01 -5.536581277708e-17 0.000000000000e+00 0.000000000000e+00 0.000000000000e+00 0.000000000000e+00
1.412537544623e+02 4.093668181883e+04 -2.790833668435e+04 5.000000000000e-01 0.000000000000e+00 -5.000000000000e-01 -4.612461658134e-17 0.000000000000e+00 0.000000000000e+00 0.000000000000e+00 0.000000000000e+00
1.584893192461e+02 3.782878376163e+04 -2.893638587616e+04 5.000000000000e-01 0.000000000000e+00 -5.000000000000e-01 -3.798765718381e-17 0.000000000000e+00 0.000000000000e+00 0.000000000000e+00 0.000000000000e+00
1.778279410039e+02 3.452862557409e+04 -2.963479628720e+04 5.000000000000e-01 0.000000000000e+00 -5.000000000000e-01 -3.090291327259e-17 0.000000000000e+00 0.000000000000e+00 0.000000000000e+00 0.000000000000e+00
1.995262314969e+02 3.111168378474e+04 -2.996036568880e+04 5.000000000000e-01 0.000000000000e+00 -5.000000000000e-01 -2.481667811348e-17 0.000000000000e+00 0.000000000000e+00 0.000000000000e+00 0.000000000000e+00
2.238721138568e+02 2.766507308329e+04 -2.989211180952e+04 5.000000000000e-01 0.000000000000e+00 -5.000000000000e-01 -1.966762655853e-17 0.000000000000e+00 0.000000000000e+00 0.000000000000e+00 0.000000000000e+00
2.511886431510e+02 2.427895994085e+04 -2.943447833045e+04 5.000000000000e-01 0.000000000000e+00 -5.000000000000e-01 -1.538332481614e-17 0.000000000000e+00 0.000000000000e+00 0.000000000000e+00 0.000000000000e+00
2.818382931264e+02 2.103732876880e+04 -2.861664609449e+04 5.000000000000e-01 0.000000000000e+00 -5.000000000000e-01 -1.187984367157e-17 0.000000000000e+00 0.000000000000e+00 0.000000000000e+00 0.000000000000e+00
3.162277660168e+02 1.801004846188e+04 -2.748814157335e+04 5.000000000000e-01 0.000000000000e+00 -5.000000000000e-01 -9.064315490500e-18 0.000000000000e+00 0.000000000000e+00 0.000000000000e+00 0.000000000000e+00
3.548133892336e+02 1.524773636713e+04 -2.611192211971e+04 5.000000000000e-01 0.000000000000e+00 -5.000000000000e-01 -6.839518145107e-18 0.000000000000e+00 0.000000000000e+00 0.000000000000e+00 0.000000000000e+00
3.981071705535e+02 1.278001588406e+04 -2.455662056461e+04 5.000000000000e-01 0.000000000000e+00 -5.000000000000e-01 -5.109183785647e-18 0.000000000000e+00 0.000000000000e+00 0.000000000000e+00 0.000000000000e+00
4.466835921510e+02 1.061682974964e+04 -2.288952425925e+04 5.000000000000e-01 0.000000000000e+00 -5.000000000000e-01 -3.782813974615e-18 0.000000000000e+00 0.000000000000e+00 0.000000000000e+00 0.000000000000e+00
5.011872336273e+02 8.751853982739e+03 -2.117131833013e+04 5.000000000000e-01 0.000000000000e+00 -5.000000000000e-01 -2.779202519766e-18 0.000000000000e+00 0.000000000000e+00 0.000000000000e+00 0.000000000000e+00
5.623413251903e+02 7.166880832911e+03 -1.945295054045e+04 5.000000000000e-01 0.000000000000e+00 -5.000000000000e-01 -2.028384648278e-18 0.000000000000e+00 0.000000000000e+00 0.000000000000e+00 0.000000000000e+00
6.309573444802e+02 5.836212566068e+03 -1.777443451441e+04 5.000000000000e-01 0.000000000000e+00 -5.000000000000e-01 -1.472147185465e-18 0.000000000000e+00 0.000000000000e+00 0.000000000000e+00 0.000000000000e+00
7.079457843841e+02 4.730447097641e+03 -1.616511154030e+04 5.000000000000e-01 0.000000000000e+00 -5.000000000000e-01 -1.063462845928e-18 0.000000000000e+00 0.000000000000e+00 0.000000000000e+00 0.000000000000e+00
7.943282347243e+02 3.819378069608e+03 -1.464482047032e+04 5.000000000000e-01 0.000000000000e+00 -5.000000000000e-01 -7.652666400885e-19 0.000000000000e+00 0.000000000000e+00 0.000000000000e+00 0.000000000000e+00
8.912509381337e+02 3.073986223127e+03 -1.322549879313e+04 5.000000000000e-01 0.000000000000e+00 -5.000000000000e-01 -5.489364234853e-19 0.000000000000e+00 0.000000000000e+00 0.000000000000e+00 0.000000000000e+00
1.000000000000e+03 2.467645099837e+03 -1.191287096585e+04 5.000000000000e-01 0.000000000000e+00 -5.000000000000e-01 -3.927379154355e-19 0.000000000000e+00 0.000000000000e+00 0.000000000000e+00 0.000000000000e+00
1.122018454302e+03 1.976721513293e+03 -1.070801409368e+04 5.000000000000e-01 0.000000000000e+00 -5.000000000000e-01 -2.803920013530e-19 0.000000000000e+00 0.000000000000e+00 0.000000000000e+00 0.000000000000e+00
1.258925411794e+03 1.580751782779e+03 -9.608697622948e+03 5.000000000000e-01 0.000000000000e+00 -5.000000000000e-01 -1.998406400202e-19 0.000000000000e+00 0.000000000000e+00 0.000000000000e+00 0.000000000000e+00
1.412537544623e+03 1.262346905954e+03 -8.610466001524e+03 5.000000000000e-01 0.000000000000e+00 -5.000000000000e-01 -1.422325025937e-19 0.000000000000e+00 0.000000000000e+00 0.000000000000e+00 0.000000000000e+00
1.584893192461e+03 1.006943110756e+03 -7.707475647233e+03 5.000000000000e-01 0.000000000000e+00 -5.000000000000e-01 -1.011172072992e-19 0.000000000000e+00 0.000000000000e+00 0.000000000000e+00 0.000000000000e+00
1.778279410039e+03 8.024793155565e+02 -6.893118211444e+03 5.000000000000e-01 0.000000000000e+00 -5.000000000000e-01 -7.182141854582e-20 0.000000000000e+00 0.000000000000e+00 0.000000000000e+00 0.000000000000e+00
1.995262314969e+03 6.390544903025e+02 -6.160468922716e+03 5.000000000000e-01 0.000000000000e+00 -5.000000000000e-01 -5.097509248467e-20 0.000000000000e+00 0.000000000000e+00 0.000000000000e+00 0.000000000000e+00
2.238721138568e+03 5.085966822796e+02 -5.502597825831e+03 5.000000000000e-01 0.000000000000e+00 -5.000000000000e-01 -3.615710533590e-20 0.000000000000e+00 0.000000000000e+00 0.000000000000e+00 0.000000000000e+00
2.511886431510e+03 4.045607491897e+02 -4.912777077974e+03 5.000000000000e-01 0.000000000000e+00 -5.000000000000e-01 -2.563326200055e-20 0.000000000000e+00 0.000000000000e+00 0.000000000000e+00 0.000000000000e+00
2.818382931264e+03 3.216622392019e+02 -4.384611584852e+03 5.000000000000e-01 0.000000000000e+00 -5.000000000000e-01 -1.816436468128e-20 0.000000000000e+00 0.000000000000e+00 0.000000000000e+00 0.000000000000e+00
3.162277660168e+03 2.556489723896e+02 -3.912114476862e+03 5.000000000000e-01 0.000000000000e+00 -5.000000000000e-01 -1.286661135569e-20 0.000000000000e+00 0.000000000000e+00 0.000000000000e+00 0.000000000000e+00
3.548133892336e+03 2.031085386885e+02 -3.489743845716e+03 5.000000000000e-01 0.000000000000e+00 -5.000000000000e-01 -9.110627980042e-21 0.000000000000e+00 0.000000000000e+00 0.000000000000e+00 0.000000000000e+00
3.981071705535e+03 1.613082459647e+02 -3.112412981480e+03 5.000000000000e-01 0.000000000000e+00 -5.000000000000e-01 -6.448767217900e-21 0.000000000000e+00 0.000000000000e+00 0.000000000000e+00 0.000000000000e+00
4.466835921510e+03 1.280633972517e+02 -2.775483052810e+03 5.000000000000e-01 0.000000000000e+00 -5.000000000000e-01 -4.562944119708e-21 0.000000000000e+00 0.000000000000e+00 0.000000000000e+00 0.000000000000e+00
5.011872336273e+03 1.016297221999e+02 -2.474744649329e+03 5.000000000000e-01 0.000000000000e+00 -5.000000000000e-01 -3.227311385431e-21 0.000000000000e+00 0.000000000000e+00 0.000000000000e+00 0.000000000000e+00
5.623413251903e+03 8.061605766751e+01 -2.206392715775e+03 5.000000000000e-01 0.000000000000e+00 -5.000000000000e-01 -2.281611451199e-21 0.000000000000e+00 0.000000000000e+00 0.000000000000e+00 0.000000000000e+00
6.309573444802e+03 6.391379385599e+01 -1.966998017845e+03 5.000000000000e-01 0.000000000000e+00 -5.000000000000e-01 -1.612184454770e-21 0.000000000000e+00 0.000000000000e+00 0.000000000000e+00 0.000000000000e+00
7.079457843841e+03 5.064007285121e+01 -1.753477272099e+03 5.000000000000e-01 0.000000000000e+00 -5.000000000000e-01 -1.138451289715e-21 0.000000000000e+00 0.000000000000e+00 0.000000000000e+00 0.000000000000e+00
7.943282347243e+03 4.009218828335e+01 -1.563063351158e+03 5.000000000000e-01 0.000000000000e+00 -5.000000000000e-01 -8.033039322694e-22 0.000000000000e+00 0.000000000000e+00 0.000000000000e+00 0.000000000000e+00
8.912509381337e+03 3.171105860985e+01 -1.393276465460e+03 5.000000000000e-01 0.000000000000e+00 -5.000000000000e-01 -5.662795417643e-22 0.000000000000e+00 0.000000000000e+00 0.000000000000e+00 0.000000000000e+00
1.000000000000e+04 2.505201972794e+01 -1.241896866736e+03 5.000000000000e-01 0.000000000000e+00 -5.000000000000e-01 -3.987152774138e-22 0.000000000000e+00 0.000000000000e+00 0.000000000000e+00 0.000000000000e+00
1.122018454302e+04 1.976150248296e+01 -1.106939373090e+03 5.000000000000e-01 0.000000000000e+00 -5.000000000000e-01 -2.803109691313e-22 0.000000000000e+00 0.000000000000e+00 0.000000000000e+00 0.000000000000e+00
1.258925411794e+04 1.555842965211e+01 -9.866298494230e+02 5.000000000000e-01 0.000000000000e+00 -5.000000000000e-01 -1.966916357937e-22 0.000000000000e+00 0.000000000000e+00 0.000000000000e+00 0.000000000000e+00
1.412537544623e+04 1.221939018117e+01 -8.793836668615e+02 5.000000000000e-01 0.000000000000e+00 -5.000000000000e-01 -1.376796217775e-22 0.000000000000e+00 0.000000000000e+00 0.000000000000e+00 0.000000000000e+00
1.584893192461e+04 9.566831788030e+00 -7.837860939922e+02 5.000000000000e-01 0.000000000000e+00 -5.000000000000e-01 -9.607010592489e-23 0.000000000000e+00 0.000000000000e+00 0.000000000000e+00 0.000000000000e+00
1.778279410039e+04 7.459662512002e+00 -6.985745292320e+02 5.000000000000e-01 0.000000000000e+00 -5.000000000000e-01 -6.676353310285e-23 0.000000000000e+00 0.000000000000e+00 0.000000000000e+00 0.000000000000e+00
1.995262314969e+04 5.785772942985e+00 -6.226224588657e+02 5.000000000000e-01 0.000000000000e+00 -5.000000000000e-01 -4.615104272632e-23 0.000000000000e+00 0.000000000000e+00 0.000000000000e+00 0.000000000000e+00
2.238721138568e+04 4.456088640431e+00 -5.549250132357e+02 5.000000000000e-01 0.000000000000e+00 -5.000000000000e-01 -3.167918155424e-23 0.000000000000e+00 0.000000000000e+00 0.000000000000e+00 0.000000000000e+00
2.511886431510e+04 3.399840892481e+00 -4.945859899409e+02 5.000000000000e-01 0.000000000000e+00 -5.000000000000e-01 -2.154163806837e-23 0.000000000000e+00 0.000000000000e+00 0.000000000000e+00 0.000000000000e+00
2.818382931264e+04 2.560807047487e+00 -4.408062147523e+02 5.000000000000e-01 0.000000000000e+00 -5.000000000000e-01 -1.446095544332e-23 0.000000000000e+00 0.000000000000e+00 0.000000000000e+00 0.000000000000e+00
3.162277660168e+04 1.894322147311e+00 -3.928731162006e+02 5.000000000000e-01 0.000000000000e+00 -5.000000000000e-01 -9.533974114625e-24 0.000000000000e+00 0.000000000000e+00 0.000000000000e+00 0.000000000000e+00
3.548133892336e+04 1.364903948959e+00 -3.501513970400e+02 5.000000000000e-01 0.000000000000e+00 -5.000000000000e-01 -6.122407353107e-24 0.000000000000e+00 0.000000000000e+00 0.000000000000e+00 0.000000000000e+00
3.981071705535e+04 9.443656333888e-01 -3.120746940614e+02 5.000000000000e-01 0.000000000000e+00 -5.000000000000e-01 -3.775376827073e-24 0.000000000000e+00 0.000000000000e+00 0.000000000000e+00 0.000000000000e+00
4.466835921510e+04 6.103161855289e-01 -2.781381263947e+02 5.000000000000e-01 0.000000000000e+00 -5.000000000000e-01 -2.174578146204e-24 0.000000000000e+00 0.000000000000e+00 0.000000000000e+00 0.000000000000e+00
5.011872336273e+04 3.449688939879e-01 -2.478916410758e+02 5.000000000000e-01 0.000000000000e+00 -5.000000000000e-01 -1.095468938699e-24 0.000000000000e+00 0.000000000000e+00 0.000000000000e+00 0.000000000000e+00
5.623413251903e+04 1.341947135480e-01 -2.209340729983e+02 5.000000000000e-01 0.000000000000e+00 -5.000000000000e-01 -3.798005062269e-25 0.000000000000e+00 0.000000000000e+00 0.000000000000e+00 0.000000000000e+00
6.309573444802e+04 -3.322979852125e-02 -1.969078442679e+02 5.000000000000e-01 0.000000000000e+00 -5.000000000000e-01 8.382003536170e-26 0.000000000000e+00 0.000000000000e+00 0.000000000000e+00 0.000000000000e+00
7.079457843841e+04 -1.662199448794e-01 -1.754942353416e+02 5.000000000000e-01 0.000000000000e+00 -5.000000000000e-01 3.736829352127e-25 0.000000000000e+00 0.000000000000e+00 0.000000000000e+00 0.000000000000e+00
7.943282347243e+04 -2.718575173661e-01 -1.564091671268e+02 5.000000000000e-01 0.000000000000e+00 -5.000000000000e-01 5.447051459845e-25 0.000000000000e+00 0.000000000000e+00 0.000000000000e+00 0.000000000000e+00
8.912509381337e+04 -3.557678379321e-01 -1.393994394346e+02 5.000000000000e-01 0.000000000000e+00 -5.000000000000e-01 6.353116454337e-25 0.000000000000e+00 0.000000000000e+00 0.000000000000e+00 0.000000000000e+00
1.000000000000e+05 -4.224192705647e-01 -1.242393768373e+02 5.000000000000e-01 0.000000000000e+00 -5.000000000000e-01 6.723011496765e-25 0.000000000000e+00 0.000000000000e+00 0.000000000000e+00 0.000000000000e+00
1.122018454302e+05 -4.753611420096e-01 -1.107278381073e+02 5.000000000000e-01 0.000000000000e+00 -5.000000000000e-01 6.742854826903e-25 0.000000000000e+00 0.000000000000e+00 0.000000000000e+00 0.000000000000e+00
1.258925411794e+05 -5.174127336936e-01 -9.868555004061e+01 5.000000000000e-01 0.000000000000e+00 -5.000000000000e-01 6.541197231746e-25 0.000000000000e+00 0.000000000000e+00 0.000000000000e+00 0.000000000000e+00
1.412537544623e+05 -5.508134044144e-01 -8.795273061775e+01 5.000000000000e-01 0.000000000000e+00 -5.000000000000e-01 6.206183783755e-25 0.000000000000e+00 0.000000000000e+00 0.000000000000e+00 0.000000000000e+00
1.584893192461e+05 -5.773418353523e-01 -7.838697022204e+01 5.000000000000e-01 0.000000000000e+00 -5.000000000000e-01 5.797665570597e-25 0.000000000000e+00 0.000000000000e+00 0.000000000000e+00 0.000000000000e+00
1.778279410039e+05 -5.984107453063e-01 -6.986134295805e+01 5.000000000000e-01 0.000000000000e+00 -5.000000000000e-01 5.355740362125e-25 0.000000000000e+00 0.000000000000e+00 0.000000000000e+00 0.000000000000e+00
1.995262314969e+05 -6.151421209750e-01 -6.226272313927e+01 5.000000000000e-01 0.000000000000e+00 -5.000000000000e-01 4.906768825468e-25 0.000000000000e+00 0.000000000000e+00 0.000000000000e+00 0.000000000000e+00
2.238721138568e+05 -6.284269623558e-01 -5.549028468334e+01 5.000000000000e-01 0.000000000000e+00 -5.000000000000e-01 4.467606782643e-25 0.000000000000e+00 0.000000000000e+00 0.000000000000e+00 0.000000000000e+00
2.511886431510e+05 -6.389727319364e-01 -4.945416357086e+01 5.000000000000e-01 0.000000000000e+00 -5.000000000000e-01 4.048577495898e-25 0.000000000000e+00 0.000000000000e+00 0.000000000000e+00 0.000000000000e+00
2.818382931264e+05 -6.473410284611e-01 -4.407426566284e+01 5.000000000000e-01 0.000000000000e+00 -5.000000000000e-01 3.655554516843e-25 0.000000000000e+00 0.000000000000e+00 0.000000000000e+00 0.000000000000e+00
3.162277660168e+05 -6.539774935366e-01 -3.927920408018e+01 5.000000000000e-01 0.000000000000e+00 -5.000000000000e-01 3.291417198377e-25 0.000000000000e+00 0.000000000000e+00 0.000000000000e+00 0.000000000000e+00
3.548133892336e+05 -6.592355440670e-01 -3.500535207917e+01 5.000000000000e-01 0.000000000000e+00 -5.000000000000e-01 2.957064154957e-25 0.000000000000e+00 0.000000000000e+00 0.000000000000e+00 0.000000000000e+00
3.981071705535e+05 -6.633951922726e-01 -3.119599885677e+01 5.000000000000e-01 0.000000000000e+00 -5.000000000000e-01 2.652115608136e-25 0.000000000000e+00 0.000000000000e+00 0.000000000000e+00 0.000000000000e+00
4.466835921510e+05 -6.666779586194e-01 -2.780059711026e+01 5.000000000000e-01 0.000000000000e+00 -5.000000000000e-01 2.375397136343e-25 0.000000000000e+00 0.000000000000e+00 0.000000000000e+00 0.000000000000e+00
5.011872336273e+05 -6.692586690078e-01 -2.477409236413e+01 5.000000000000e-01 0.000000000000e+00 -5.000000000000e-01 2.125270123279e-25 0.000000000000e+00 0.000000000000e+00 0.000000000000e+00 0.000000000000e+00
5.623413251903e+05 -6.712747663953e-01 -2.207632517703e+01 5.000000000000e-01 0.000000000000e+00 -5.000000000000e-01 1.899854989468e-25 0.000000000000e+00 0.000000000000e+00 0.000000000000e+00 0.000000000000e+00
6.309573444802e+05 -6.728336324676e-01 -1.967149830398e+01 5.000000000000e-01 0.000000000000e+00 -5.000000000000e-01 1.697179681360e-25 0.000000000000e+00 0.000000000000e+00 0.000000000000e+00 0.000000000000e+00
7.079457843841e+05 -6.740183098147e-01 -1.752770174792e+01 5.000000000000e-01 0.000000000000e+00 -5.000000000000e-01 1.515276283971e-25 0.000000000000e+00 0.000000000000e+00 0.000000000000e+00 0.000000000000e+00
7.943282347243e+05 -6.748919300967e-01 -1.561648940207e+01 5.000000000000e-01 0.000000000000e+00 -5.000000000000e-01 1.352241831930e-25 0.000000000000e+00 0.000000000000e+00 0.000000000000e+00 0.000000000000e+00
8.912509381337e+05 -6.755010852791e-01 -1.391250168169e+01 5.000000000000e-01 0.000000000000e+00 -5.000000000000e-01 1.206274598838e-25 0.000000000000e+00 0.000000000000e+00 0.000000000000e+00 0.000000000000e+00
1.000000000000e+06 -6.758783236866e-01 -1.239312914196e+01 5.000000000000e-01 0.000000000000e+00 -5.000000000000e-01 1.075693761434e-25 0.000000000000e+00 0.000000000000e+00 0.000000000000e+00 0.000000000000e+00
1.122018454302e+06 -6.760439064077e-01 -1.103821263468e+01 5.000000000000e-01 0.000000000000e+00 -5.000000000000e-01 9.589479481323e-26 0.000000000000e+00 0.000000000000e+00 0.000000000000e+00 0.000000000000e+00
1.258925411794e+06 -6.760069230469e-01 -9.829776045583e+00 5.000000000000e-01 0.000000000000e+00 -5.000000000000e-01 8.546165035618e-26 0.000000000000e+00 0.000000000000e+00 0.000000000000e+00 0.000000000000e+00
1.412537544623e+06 -6.757658336312e-01 -8.751788092454e+00 5.000000000000e-01 0.000000000000e+00 -5.000000000000e-01 7.614061176954e-26 0.000000000000e+00 0.000000000000e+00 0.000000000000e+00 0.000000000000e+00
1.584893192461e+06 -6.753084780012e-01 -7.789950063019e+00 5.000000000000e-01 0.000000000000e+00 -5.000000000000e-01 6.781446402635e-26 0.000000000000e+00 0.000000000000e+00 0.000000000000e+00 0.000000000000e+00
1.778279410039e+06 -6.746115718626e-01 -6.931506722678e+00 5.000000000000e-01 0.000000000000e+00 -5.000000000000e-01 6.037733200014e-26 0.000000000000e+00 0.000000000000e+00 0.000000000000e+00 0.000000000000e+00
1.995262314969e+06 -6.736396925677e-01 -6.165077957584e+00 5.000000000000e-01 0.000000000000e+00 -5.000000000000e-01 5.373383044962e-26 0.000000000000e+00 0.000000000000e+00 0.000000000000e+00 0.000000000000e+00
2.238721138568e+06 -6.723437460361e-01 -5.480509009936e+00 5.000000000000e-01 0.000000000000e+00 -5.000000000000e-01 4.779819549433e-26 0.000000000000e+00 0.000000000000e+00 0.000000000000e+00 0.000000000000e+00
2.511886431510e+06 -6.706589052328e-01 -4.868737450831e+00 5.000000000000e-01 0.000000000000e+00 -5.000000000000e-01 4.249343384217e-26 0.000000000000e+00 0.000000000000e+00 0.000000000000e+00 0.000000000000e+00
2.818382931264e+06 -6.685020178057e-01 -4.321675286142e+00 5.000000000000e-01 0.000000000000e+00 -5.000000000000e-01 3.775051268599e-26 0.000000000000e+00 0.000000000000e+00 0.000000000000e+00 0.000000000000e+00
3.162277660168e+06 -6.657685109577e-01 -3.832104852131e+00 5.000000000000e-01 0.000000000000e+00 -5.000000000000e-01 3.350760460048e-26 0.000000000000e+00 0.000000000000e+00 0.000000000000e+00 0.000000000000e+00
3.548133892336e+06 -6.623288762281e-01 -3.393587386693e+00 5.000000000000e-01 0.000000000000e+00 -5.000000000000e-01 2.970939592553e-26 0.000000000000e+00 0.000000000000e+00 0.000000000000e+00 0.000000000000e+00
3.981071705535e+06 -6.580249128369e-01 -3.000383385451e+00 5.000000000000e-01 0.000000000000e+00 -5.000000000000e-01 2.630646351082e-26 0.000000000000e+00 0.000000000000e+00 0.000000000000e+00 0.000000000000e+00
4.466835921510e+06 -6.526660616166e-01 -2.647384050684e+00 5.000000000000e-01 0.000000000000e+00 -5.000000000000e-01 2.325472251945e-26 0.000000000000e+00 0.000000000000e+00 0.000000000000e+00 0.000000000000e+00
5.011872336273e+06 -6.460263838534e-01 -2.330053281806e+00 5.000000000000e-01 0.000000000000e+00 -5.000000000000e-01 2.051494640315e-26 0.000000000000e+00 0.000000000000e+00 0.000000000000e+00 0.000000000000e+00
5.623413251903e+06 -6.378430468185e-01 -2.044379713450e+00 5.000000000000e-01 0.000000000000e+00 -5.000000000000e-01 1.805235882026e-26 0.000000000000e+00 0.000000000000e+00 0.000000000000e+00 0.000000000000e+00
6.309573444802e+06 -6.278175640289e-01 -1.786838211433e+00 5.000000000000e-01 0.000000000000e+00 -5.000000000000e-01 1.583629536121e-26 0.000000000000e+00 0.000000000000e+00 0.000000000000e+00 0.000000000000e+00
7.079457843841e+06 -6.156214591703e-01 -1.554359897113e+00 5.000000000000e-01 0.000000000000e+00 -5.000000000000e-01 1.383992961913e-26 0.000000000000e+00 0.000000000000e+00 0.000000000000e+00 0.000000000000e+00
7.943282347243e+06 -6.009083788211e-01 -1.344309104560e+00 5.000000000000e-01 0.000000000000e+00 -5.000000000000e-01 1.204005279605e-26 0.000000000000e+00 0.000000000000e+00 0.000000000000e+00 0.000000000000e+00
8.912509381337e+06 -5.833347667581e-01 -1.154464610292e+00 5.000000000000e-01 0.000000000000e+00 -5.000000000000e-01 1.041688795316e-26 0.000000000000e+00 0.000000000000e+00 0.000000000000e+00 0.000000000000e+00
1.000000000000e+07 -5.625907277974e-01 -9.830010551776e-01 5.000000000000e-01 0.000000000000e+00 -5.000000000000e-01 8.953909526663e-27 0.000000000000e+00 0.000000000000e+00 0.000000000000e+00 0.000000000000e+00
1.122018454302e+07 -5.384412892888e-01 -8.284649729036e-01 5.000000000000e-01 0.000000000000e+00 -5.000000000000e-01 7.637627743690e-27 0.000000000000e+00 0.000000000000e+00 0.000000000000e+00 0.000000000000e+00
1.258925411794e+07 -5.107756374130e-01 -6.897388294381e-01 5.000000000000e-01 0.000000000000e+00 -5.000000000000e-01 6.457290220978e-27 0.000000000000e+00 0.000000000000e+00 0.000000000000e+00 0.000000000000e+00
1.412537544623e+07 -4.796581800582e-01 -5.659868884431e-01 5.000000000000e-01 0.000000000000e+00 -5.000000000000e-01 5.404456018980e-27 0.000000000000e+00 0.000000000000e+00 0.000000000000e+00 0.000000000000e+00
1.584893192461e+07 -4.453713007658e-01 -4.565795217575e-01 5.000000000000e-01 0.000000000000e+00 -5.000000000000e-01 4.472417722867e-27 0.000000000000e+00 0.000000000000e+00 0.000000000000e+00 0.000000000000e+00
1.778279410039e+07 -4.084371246195e-01 -3.609982069775e-01 5.000000000000e-01 0.000000000000e+00 -5.000000000000e-01 3.655487824830e-27 0.000000000000e+00 0.000000000000e+00 0.000000000000e+00 0.000000000000e+00
1.995262314969e+07 -3.696066360454e-01 -2.787309683024e-01 5.000000000000e-01 0.000000000000e+00 -5.000000000000e-01 2.948220025251e-27 0.000000000000e+00 0.000000000000e+00 0.000000000000e+00 0.000000000000e+00
2.238721138568e+07 -3.298104329494e-01 -2.091747975562e-01 5.000000000000e-01 0.000000000000e+00 -5.000000000000e-01 2.344685087520e-27 0.000000000000e+00 0.000000000000e+00 0.000000000000e+00 0.000000000000e+00
2.511886431510e+07 -2.900754317821e-01 -1.515640990458e-01 5.000000000000e-01 0.000000000000e+00 -5.000000000000e-01 1.837938939377e-27 0.000000000000e+00 0.000000000000e+00 0.000000000000e+00 0.000000000000e+00
2.818382931264e+07 -2.514224332744e-01 -1.049399996788e-01 5.000000000000e-01 0.000000000000e+00 -5.000000000000e-01 1.419790143345e-27 0.000000000000e+00 0.000000000000e+00 0.000000000000e+00 0.000000000000e+00
3.162277660168e+07 -2.147658597006e-01 -6.816514744811e-02 5.000000000000e-01 0.000000000000e+00 -5.000000000000e-01 1.080899650567e-27 0.000000000000e+00 0.000000000000e+00 0.000000000000e+00 0.000000000000e+00
3.548133892336e+07 -1.808360085924e-01 -3.997644329388e-02 5.000000000000e-01 0.000000000000e+00 -5.000000000000e-01 8.111572316553e-28 0.000000000000e+00 0.000000000000e+00 0.000000000000e+00 0.000000000000e+00
3.981071705535e+07 -1.501363831991e-01 -1.905921861118e-02 5.000000000000e-01 0.000000000000e+00 -5.000000000000e-01 6.002139446737e-28 0.000000000000e+00 0.000000000000e+00 0.000000000000e+00 0.000000000000e+00
4.466835921510e+07 -1.229379285072e-01 -4.123933228813e-03 5.000000000000e-01 0.000000000000e+00 -5.000000000000e-01 4.380321856279e-28 0.000000000000e+00 0.000000000000e+00 0.000000000000e+00 0.000000000000e+00
5.011872336273e+07 -9.930295146853e-02 6.029765734548e-03 5.000000000000e-01 0.000000000000e+00 -5.000000000000e-01 3.153423417322e-28 0.000000000000e+00 0.000000000000e+00 0.000000000000e+00 0.000000000000e+00
5.623413251903e+07 -7.912692321057e-02 1.246974812629e-02 5.000000000000e-01 0.000000000000e+00 -5.000000000000e-01 2.239465676180e-28 0.000000000000e+00 0.000000000000e+00 0.000000000000e+00 0.000000000000e+00
6.309573444802e+07 -6.218635513772e-02 1.611005101209e-02 5.000000000000e-01 0.000000000000e+00 -5.000000000000e-01 1.568610921106e-28 0.000000000000e+00 0.000000000000e+00 0.000000000000e+00 0.000000000000e+00
7.079457843841e+07 -4.818384590598e-02 1.770790600076e-02 5.000000000000e-01 0.000000000000e+00 -5.000000000000e-01 1.083232278837e-28 0.000000000000e+00 0.000000000000e+00 0.000000000000e+00 0.000000000000e+00
7.943282347243e+07 -3.678522462949e-02 1.787347594289e-02 5.000000000000e-01 0.000000000000e+00 -5.000000000000e-01 7.370442188249e-29 0.000000000000e+00 0.000000000000e+00 0.000000000000e+00 0.000000000000e+00
8.912509381337e+07 -2.764708688284e-02 1.708660007796e-02 5.000000000000e-01 0.000000000000e+00 -5.000000000000e-01 4.937072547390e-29 0.000000000000e+00 0.000000000000e+00 0.000000000000e+00 0.000000000000e+00
1.000000000000e+08 -2.043534239383e-02 1.571598688763e-02 5.000000000000e-01 0.000000000000e+00 -5.000000000000e-01 3.252385755754e-29 0.000000000000e+00 0.000000000000e+00 0.000000000000e+00 0.000000000000e+00
1.122018454302e+08 -1.483662050663e-02 1.403785922171e-02 5.000000000000e-01 0.000000000000e+00 -5.000000000000e-01 2.104529995344e-29 0.000000000000e+00 0.000000000000e+00 0.000000000000e+00 0.000000000000e+00
1.258925411794e+08 -1.056471245851e-02 1.225255760609e-02 5.000000000000e-01 0.000000000000e+00 -5.000000000000e-01 1.335604313300e-29 0.000000000000e+00 0.000000000000e+00 0.000000000000e+00 0.000000000000e+00
1.412537544623e+08 -7.363942661989e-03 1.049876474033e-02 5.000000000000e-01 0.000000000000e+00 -5.000000000000e-01 8.297180345843e-30 0.000000000000e+00 0.000000000000e+00 0.000000000000e+00 0.000000000000e+00
1.584893192461e+08 -5.010745279023e-03 8.865693193752e-03 5.000000000000e-01 0.000000000000e+00 -5.000000000000e-01 5.031789419781e-30 0.000000000000e+00 0.000000000000e+00 0.000000000000e+00 0.000000000000e+00
1.778279410039e+08 -3.314062578754e-03 7.403775840531e-03 5.000000000000e-01 0.000000000000e+00 -5.000000000000e-01 2.966066176929e-30 0.000000000000e+00 0.000000000000e+00 0.000000000000e+00 0.000000000000e+00
1.995262314969e+08 -2.114708328512e-03 6.134240947645e-03 5.000000000000e-01 0.000000000000e+00 -5.000000000000e-01 1.686827246500e-30 0.000000000000e+00 0.000000000000e+00 0.000000000000e+00 0.000000000000e+00
2.238721138568e+08 -1.283660972886e-03 5.057654514519e-03 5.000000000000e-01 0.000000000000e+00 -5.000000000000e-01 9.125789968623e-31 0.000000000000e+00 0.000000000000e+00 0.000000000000e+00 0.000000000000e+00
2.511886431510e+08 -7.193259230846e-04 4.161278290193e-03 5.000000000000e-01 0.000000000000e+00 -5.000000000000e-01 4.557701133178e-31 0.000000000000e+00 0.000000000000e+00 0.000000000000e+00 0.000000000000e+00
2.818382931264e+08 -3.439918159091e-04 3.425032130692e-03 5.000000000000e-01 0.000000000000e+00 -5.000000000000e-01 1.942532268336e-31 0.000000000000e+00 0.000000000000e+00 0.000000000000e+00 0.000000000000e+00
3.162277660168e+08 -9.985543964463e-05 2.825950378999e-03 5.000000000000e-01 0.000000000000e+00 -5.000000000000e-01 5.025645601662e-32 0.000000000000e+00 0.000000000000e+00 0.000000000000e+00 0.000000000000e+00
3.548133892336e+08 5.497307058200e-05 2.341194676355e-03 5.000000000000e-01 0.000000000000e+00 -5.000000000000e-01 -2.465869717872e-32 0.000000000000e+00 0.000000000000e+00 0.000000000000e+00 0.000000000000e+00
3.981071705535e+08 1.501447173824e-04 1.949837567307e-03 5.000000000000e-01 0.000000000000e+00 -5.000000000000e-01 -6.002472630002e-32 0.000000000000e+00 0.000000000000e+00 0.000000000000e+00 0.000000000000e+00
4.466835921510e+08 2.062146698083e-04 1.633712164180e-03 5.000000000000e-01 0.000000000000e+00 -5.000000000000e-01 -7.347501590559e-32 0.000000000000e+00 0.000000000000e+00 0.000000000000e+00 0.000000000000e+00
5.011872336273e+08 2.371742694331e-04 1.377629512133e-03 5.000000000000e-01 0.000000000000e+00 -5.000000000000e-01 -7.531607914530e-32 0.000000000000e+00 0.000000000000e+00 0.000000000000e+00 0.000000000000e+00
5.623413251903e+08 2.523927281942e-04 1.169220779690e-03 5.000000000000e-01 0.000000000000e+00 -5.000000000000e-01 -7.143268419577e-32 0.000000000000e+00 0.000000000000e+00 0.000000000000e+00 0.000000000000e+00
6.309573444802e+08 2.580479803462e-04 9.985950976368e-04 5.000000000000e-01 0.000000000000e+00 -5.000000000000e-01 -6.509094788462e-32 0.000000000000e+00 0.000000000000e+00 0.000000000000e+00 0.000000000000e+00
7.079457843841e+08 2.581487403007e-04 8.579379137209e-04 5.000000000000e-01 0.000000000000e+00 -5.000000000000e-01 -5.803502044658e-32 0.000000000000e+00 0.000000000000e+00 0.000000000000e+00 0.000000000000e+00
7.943282347243e+08 2.552478720060e-04 7.411211200114e-04 5.000000000000e-01 0.000000000000e+00 -5.000000000000e-01 -5.114253625586e-32 0.000000000000e+00 0.000000000000e+00 0.000000000000e+00 0.000000000000e+00
8.912509381337e+08 2.509323419520e-04 6.433586243533e-04 5.000000000000e-01 0.000000000000e+00 -5.000000000000e-01 -4.481018857260e-32 0.000000000000e+00 0.000000000000e+00 0.000000000000e+00 0.000000000000e+00
1.000000000000e+09 2.461560892817e-04 5.609180408130e-04 5.000000000000e-01 0.000000000000e+00 -5.000000000000e-01 -3.917695838135e-32 0.000000000000e+00 0.000000000000e+00 0.000000000000e+00 0.000000000000e+00
