# freq_hz rev(vout) imv(vout) rev(vinp) imv(vinp) rev(vinn) imv(vinn) rev(vdd) imv(vdd) rev(vss) imv(vss)
1.000000000000e-01 -1.385092469961e-02 7.268939189936e-06 0.000000000000e+00 0.000000000000e+00 1.156887603112e-23 2.204443132332e-20 0.000000000000e+00 0.000000000000e+00 1.000000000000e+00 0.000000000000e+00
1.122018454302e-01 -1.385092385548e-02 8.155883488958e-06 0.000000000000e+00 0.000000000000e+00 1.156887542781e-23 1.964711890018e-20 0.000000000000e+00 0.000000000000e+00 1.000000000000e+00 0.000000000000e+00
1.258925411794e-01 -1.385092278940e-02 9.151051182908e-06 0.000000000000e+00 0.000000000000e+00 1.156887466565e-23 1.751051180367e-20 0.000000000000e+00 0.000000000000e+00 1.000000000000e+00 0.000000000000e+00
1.412537544623e-01 -1.385092144860e-02 1.026764745263e-05 0.000000000000e+00 0.000000000000e+00 1.156887370698e-23 1.560625856148e-20 0.000000000000e+00 0.000000000000e+00 1.000000000000e+00 0.000000000000e+00
1.584893192461e-01 -1.385091976080e-02 1.152048872226e-05 0.000000000000e+00 0.000000000000e+00 1.156887250005e-23 1.390909088881e-20 0.000000000000e+00 0.000000000000e+00 1.000000000000e+00 0.000000000000e+00
1.778279410039e-01 -1.385091763782e-02 1.292619925260e-05 0.000000000000e+00 0.000000000000e+00 1.156887098187e-23 1.239648840321e-20 0.000000000000e+00 0.000000000000e+00 1.000000000000e+00 0.000000000000e+00
1.995262314969e-01 -1.385091496299e-02 1.450343170726e-05 0.000000000000e+00 0.000000000000e+00 1.156886906893e-23 1.104837978528e-20 0.000000000000e+00 0.000000000000e+00 1.000000000000e+00 0.000000000000e+00
2.238721138568e-01 -1.385091159398e-02 1.627311463711e-05 0.000000000000e+00 0.000000000000e+00 1.156886665952e-23 9.846876453408e-21 0.000000000000e+00 0.000000000000e+00 1.000000000000e+00 0.000000000000e+00
2.511886431510e-01 -1.385090735496e-02 1.825873014702e-05 0.000000000000e+00 0.000000000000e+00 1.156886362785e-23 8.776035190916e-21 0.000000000000e+00 0.000000000000e+00 1.000000000000e+00 0.000000000000e+00
2.818382931264e-01 -1.385090202215e-02 2.048662542311e-05 0.000000000000e+00 0.000000000000e+00 1.156885981388e-23 7.821646585542e-21 0.000000000000e+00 0.000000000000e+00 1.000000000000e+00 0.000000000000e+00
3.162277660168e-01 -1.385089530307e-02 2.298636224311e-05 0.000000000000e+00 0.000000000000e+00 1.156885500844e-23 6.971046475444e-21 0.000000000000e+00 0.000000000000e+00 1.000000000000e+00 0.000000000000e+00
3.548133892336e-01 -1.385088684461e-02 2.579110914766e-05 0.000000000000e+00 0.000000000000e+00 1.156884895899e-23 6.212947916903e-21 0.000000000000e+00 0.000000000000e+00 1.000000000000e+00 0.000000000000e+00
3.981071705535e-01 -1.385087619720e-02 2.893808137252e-05 0.000000000000e+00 0.000000000000e+00 1.156884134397e-23 5.537291402896e-21 0.000000000000e+00 0.000000000000e+00 1.000000000000e+00 0.000000000000e+00
4.466835921510e-01 -1.385086279111e-02 3.246903442233e-05 0.000000000000e+00 0.000000000000e+00 1.156883175593e-23 4.935111380921e-21 0.000000000000e+00 0.000000000000e+00 1.000000000000e+00 0.000000000000e+00
5.011872336273e-01 -1.385084591844e-02 3.643081781460e-05 0.000000000000e+00 0.000000000000e+00 1.156881968863e-23 4.398417290025e-21 0.000000000000e+00 0.000000000000e+00 1.000000000000e+00 0.000000000000e+00
5.623413251903e-01 -1.385082467384e-02 4.087599620787e-05 0.000000000000e+00 0.000000000000e+00 1.156880449447e-23 3.920087523345e-21 0.000000000000e+00 0.000000000000e+00 1.000000000000e+00 0.000000000000e+00
6.309573444802e-01 -1.385079792904e-02 4.586354625215e-05 0.000000000000e+00 0.000000000000e+00 1.156878536656e-23 3.493774936549e-21 0.000000000000e+00 0.000000000000e+00 1.000000000000e+00 0.000000000000e+00
7.079457843841e-01 -1.385076425999e-02 5.145963816252e-05 0.000000000000e+00 0.000000000000e+00 1.156876128646e-23 3.113822620606e-21 0.000000000000e+00 0.000000000000e+00 1.000000000000e+00 0.000000000000e+00
7.943282347243e-01 -1.385072187246e-02 5.773851236746e-05 0.000000000000e+00 0.000000000000e+00 1.156873097083e-23 2.775188838854e-21 0.000000000000e+00 0.000000000000e+00 1.000000000000e+00 0.000000000000e+00
8.912509381337e-01 -1.385066850951e-02 6.478346267900e-05 0.000000000000e+00 0.000000000000e+00 1.156869280559e-23 2.473380126848e-21 0.000000000000e+00 0.000000000000e+00 1.000000000000e+00 0.000000000000e+00
1.000000000000e+00 -1.385060132987e-02 7.268793877159e-05 0.000000000000e+00 0.000000000000e+00 1.156864475863e-23 2.204391666443e-21 0.000000000000e+00 0.000000000000e+00 1.000000000000e+00 0.000000000000e+00
1.122018454302e+00 -1.385051675724e-02 8.155678228658e-05 0.000000000000e+00 0.000000000000e+00 1.156858427220e-23 1.964654144357e-21 0.000000000000e+00 0.000000000000e+00 1.000000000000e+00 0.000000000000e+00
1.258925411794e+00 -1.385041029007e-02 9.150761248403e-05 0.000000000000e+00 0.000000000000e+00 1.156850812679e-23 1.750986389554e-21 0.000000000000e+00 0.000000000000e+00 1.000000000000e+00 0.000000000000e+00
1.412537544623e+00 -1.385027625665e-02 1.026723791286e-04 0.000000000000e+00 0.000000000000e+00 1.156841226594e-23 1.560553160394e-21 0.000000000000e+00 0.000000000000e+00 1.000000000000e+00 0.000000000000e+00
1.584893192461e+00 -1.385010751614e-02 1.151991023426e-04 0.000000000000e+00 0.000000000000e+00 1.156829158253e-23 1.390827523286e-21 0.000000000000e+00 0.000000000000e+00 1.000000000000e+00 0.000000000000e+00
1.778279410039e+00 -1.384989509569e-02 1.292538212686e-04 0.000000000000e+00 0.000000000000e+00 1.156813965919e-23 1.239557323411e-21 0.000000000000e+00 0.000000000000e+00 1.000000000000e+00 0.000000000000e+00
1.995262314969e+00 -1.384962768195e-02 1.450227750691e-04 0.000000000000e+00 0.000000000000e+00 1.156794840459e-23 1.104735296722e-21 0.000000000000e+00 0.000000000000e+00 1.000000000000e+00 0.000000000000e+00
2.238721138568e+00 -1.384929104046e-02 1.627148432298e-04 0.000000000000e+00 0.000000000000e+00 1.156770763822e-23 9.845724371084e-22 0.000000000000e+00 0.000000000000e+00 1.000000000000e+00 0.000000000000e+00
2.511886431510e+00 -1.384886724791e-02 1.825642732214e-04 0.000000000000e+00 0.000000000000e+00 1.156740454131e-23 8.774742564313e-22 0.000000000000e+00 0.000000000000e+00 1.000000000000e+00 0.000000000000e+00
2.818382931264e+00 -1.384833376156e-02 2.048337270012e-04 0.000000000000e+00 0.000000000000e+00 1.156702299130e-23 7.820196280950e-22 0.000000000000e+00 0.000000000000e+00 1.000000000000e+00 0.000000000000e+00
3.162277660168e+00 -1.384766219274e-02 2.298176784593e-04 0.000000000000e+00 0.000000000000e+00 1.156654268454e-23 6.969419276493e-22 0.000000000000e+00 0.000000000000e+00 1.000000000000e+00 0.000000000000e+00
3.548133892336e+00 -1.384681682155e-02 2.578461974233e-04 0.000000000000e+00 0.000000000000e+00 1.156593807409e-23 6.211122269087e-22 0.000000000000e+00 0.000000000000e+00 1.000000000000e+00 0.000000000000e+00
3.981071705535e+00 -1.384575268091e-02 2.892891545053e-04 0.000000000000e+00 0.000000000000e+00 1.156517699955e-23 5.535243127953e-22 0.000000000000e+00 0.000000000000e+00 1.000000000000e+00 0.000000000000e+00
4.466835921510e+00 -1.384441320599e-02 3.245608829657e-04 0.000000000000e+00 0.000000000000e+00 1.156421900559e-23 4.932813370934e-22 0.000000000000e+00 0.000000000000e+00 1.000000000000e+00 0.000000000000e+00
5.011872336273e+00 -1.384272722468e-02 3.641253284649e-04 0.000000000000e+00 0.000000000000e+00 1.156301318984e-23 4.395839151247e-22 0.000000000000e+00 0.000000000000e+00 1.000000000000e+00 0.000000000000e+00
5.623413251903e+00 -1.384060520115e-02 4.085017143353e-04 0.000000000000e+00 0.000000000000e+00 1.156149551624e-23 3.917195188167e-22 0.000000000000e+00 0.000000000000e+00 1.000000000000e+00 0.000000000000e+00
6.309573444802e+00 -1.383793451643e-02 4.582707385987e-04 0.000000000000e+00 0.000000000000e+00 1.155958543957e-23 3.490530223220e-22 0.000000000000e+00 0.000000000000e+00 1.000000000000e+00 0.000000000000e+00
7.079457843841e+00 -1.383457358849e-02 5.140813037301e-04 0.000000000000e+00 0.000000000000e+00 1.155718170015e-23 3.110182757974e-22 0.000000000000e+00 0.000000000000e+00 1.000000000000e+00 0.000000000000e+00
7.943282347243e+00 -1.383034441091e-02 5.766577490720e-04 0.000000000000e+00 0.000000000000e+00 1.155415698761e-23 2.771105925026e-22 0.000000000000e+00 0.000000000000e+00 1.000000000000e+00 0.000000000000e+00
8.912509381337e+00 -1.382502334302e-02 6.468075247914e-04 0.000000000000e+00 0.000000000000e+00 1.155035135393e-23 2.468800546801e-22 0.000000000000e+00 0.000000000000e+00 1.000000000000e+00 0.000000000000e+00
1.000000000000e+01 -1.381832949538e-02 7.254291750120e-04 0.000000000000e+00 0.000000000000e+00 1.154556390663e-23 2.199255444461e-22 0.000000000000e+00 0.000000000000e+00 1.000000000000e+00 0.000000000000e+00
1.122018454302e+01 -1.380991032080e-02 8.135204217758e-04 0.000000000000e+00 0.000000000000e+00 1.153954250355e-23 1.958894243480e-22 0.000000000000e+00 0.000000000000e+00 1.000000000000e+00 0.000000000000e+00
1.258925411794e+01 -1.379932369237e-02 9.121860104526e-04 0.000000000000e+00 0.000000000000e+00 1.153197093509e-23 1.744527957252e-22 0.000000000000e+00 0.000000000000e+00 1.000000000000e+00 0.000000000000e+00
1.412537544623e+01 -1.378601565749e-02 1.022644799577e-03 0.000000000000e+00 0.000000000000e+00 1.152245301369e-23 1.553312721339e-22 0.000000000000e+00 0.000000000000e+00 1.000000000000e+00 0.000000000000e+00
1.584893192461e+01 -1.376929303532e-02 1.146235335489e-03 0.000000000000e+00 0.000000000000e+00 1.151049297563e-23 1.382712134721e-22 0.000000000000e+00 0.000000000000e+00 1.000000000000e+00 0.000000000000e+00
1.778279410039e+01 -1.374828979419e-02 1.284418803641e-03 0.000000000000e+00 0.000000000000e+00 1.149547143411e-23 1.230463709726e-22 0.000000000000e+00 0.000000000000e+00 1.000000000000e+00 0.000000000000e+00
1.995262314969e+01 -1.372192610920e-02 1.438777782030e-03 0.000000000000e+00 0.000000000000e+00 1.147661609716e-23 1.094548998715e-22 0.000000000000e+00 0.000000000000e+00 1.000000000000e+00 0.000000000000e+00
2.238721138568e+01 -1.368885891598e-02 1.611008586297e-03 0.000000000000e+00 0.000000000000e+00 1.145296640368e-23 9.731670122868e-23 0.000000000000e+00 0.000000000000e+00 1.000000000000e+00 0.000000000000e+00
2.511886431510e+01 -1.364742307324e-02 1.802904182313e-03 0.000000000000e+00 0.000000000000e+00 1.142333144272e-23 8.647106076629e-23 0.000000000000e+00 0.000000000000e+00 1.000000000000e+00 0.000000000000e+00
2.818382931264e+01 -1.359556235776e-02 2.016323561047e-03 0.000000000000e+00 0.000000000000e+00 1.138624060108e-23 7.677455498857e-23 0.000000000000e+00 0.000000000000e+00 1.000000000000e+00 0.000000000000e+00
3.162277660168e+01 -1.353075049992e-02 2.253142184002e-03 0.000000000000e+00 0.000000000000e+00 1.133988708801e-23 6.809920118438e-23 0.000000000000e+00 0.000000000000e+00 1.000000000000e+00 0.000000000000e+00
3.548133892336e+01 -1.344990372850e-02 2.515176581820e-03 0.000000000000e+00 0.000000000000e+00 1.128206538683e-23 6.033083100729e-23 0.000000000000e+00 0.000000000000e+00 1.000000000000e+00 0.000000000000e+00
3.981071705535e+01 -1.334928854314e-02 2.804074578820e-03 0.000000000000e+00 0.000000000000e+00 1.121010529393e-23 5.336767120893e-23 0.000000000000e+00 0.000000000000e+00 1.000000000000e+00 0.000000000000e+00
4.466835921510e+01 -1.322443203267e-02 3.121161221576e-03 0.000000000000e+00 0.000000000000e+00 1.112080777823e-23 4.711911887000e-23 0.000000000000e+00 0.000000000000e+00 1.000000000000e+00 0.000000000000e+00
5.011872336273e+01 -1.307004737283e-02 3.467229888461e-03 0.000000000000e+00 0.000000000000e+00 1.101039169716e-23 4.150470136226e-23 0.000000000000e+00 0.000000000000e+00 1.000000000000e+00 0.000000000000e+00
5.623413251903e+01 -1.287999399467e-02 3.842269120741e-03 0.000000000000e+00 0.000000000000e+00 1.087446530893e-23 3.645321123348e-23 0.000000000000e+00 0.000000000000e+00 1.000000000000e+00 0.000000000000e+00
6.309573444802e+01 -1.264730129175e-02 4.245120125372e-03 0.000000000000e+00 0.000000000000e+00 1.070804322801e-23 3.190200629194e-23 0.000000000000e+00 0.000000000000e+00 1.000000000000e+00 0.000000000000e+00
7.079457843841e+01 -1.236429440278e-02 4.673069429441e-03 0.000000000000e+00 0.000000000000e+00 1.050563638506e-23 2.779645864771e-23 0.000000000000e+00 0.000000000000e+00 1.000000000000e+00 0.000000000000e+00
7.943282347243e+01 -1.202286941382e-02 5.121398301421e-03 0.000000000000e+00 0.000000000000e+00 1.026144885175e-23 2.408952639112e-23 0.000000000000e+00 0.000000000000e+00 1.000000000000e+00 0.000000000000e+00
8.912509381337e+01 -1.161496778980e-02 5.582936724798e-03 0.000000000000e+00 0.000000000000e+00 9.969717154881e-24 2.074140355431e-23 0.000000000000e+00 0.000000000000e+00 1.000000000000e+00 0.000000000000e+00
1.000000000000e+02 -1.113328958150e-02 6.047704316036e-03 0.000000000000e+00 0.000000000000e+00 9.625220362550e-24 1.771918069769e-23 0.000000000000e+00 0.000000000000e+00 1.000000000000e+00 0.000000000000e+00
1.122018454302e+02 -1.057225281240e-02 6.502757715783e-03 0.000000000000e+00 0.000000000000e+00 9.223966238943e-24 1.499642263687e-23 0.000000000000e+00 0.000000000000e+00 1.000000000000e+00 0.000000000000e+00
1.258925411794e+02 -9.929146004956e-03 6.932390316426e-03 0.000000000000e+00 0.000000000000e+00 8.764015532329e-24 1.255255198258e-23 0.000000000000e+00 0.000000000000e+00 1.000000000000e+00 0.000000000000e+00
1.412537544623e+02 -9.205333646771e-03 7.318824321243e-03 0.000000000000e+00 0.000000000000e+00 8.246344125737e-24 1.037193211798e-23 0.000000000000e+00 0.000000000000e+00 1.000000000000e+00 0.000000000000e+00
1.584893192461e+02 -8.407278932145e-03 7.643473423853e-03 0.000000000000e+00 0.000000000000e+00 7.675574502963e-24 8.442587843562e-24 0.000000000000e+00 0.000000000000e+00 1.000000000000e+00 0.000000000000e+00
1.778279410039e+02 -7.547084086111e-03 7.888725580232e-03 0.000000000000e+00 0.000000000000e+00 7.060362188872e-24 6.754595095973e-24 0.000000000000e+00 0.000000000000e+00 1.000000000000e+00 0.000000000000e+00
1.995262314969e+02 -6.642265747881e-03 8.040018154808e-03 0.000000000000e+00 0.000000000000e+00 6.413235103403e-24 5.298297969019e-24 0.000000000000e+00 0.000000000000e+00 1.000000000000e+00 0.000000000000e+00
2.238721138568e+02 -5.714617197798e-03 8.087812660014e-03 0.000000000000e+00 0.000000000000e+00 5.749779825037e-24 4.062630040149e-24 0.000000000000e+00 0.000000000000e+00 1.000000000000e+00 0.000000000000e+00
2.511886431510e+02 -4.788244824704e-03 8.029007471644e-03 0.000000000000e+00 0.000000000000e+00 5.087237269984e-24 3.033866591370e-24 0.000000000000e+00 0.000000000000e+00 1.000000000000e+00 0.000000000000e+00
2.818382931264e+02 -3.887123514530e-03 7.867416904181e-03 0.000000000000e+00 0.000000000000e+00 4.442754303448e-24 2.195070495507e-24 0.000000000000e+00 0.000000000000e+00 1.000000000000e+00 0.000000000000e+00
3.162277660168e+02 -3.032679920212e-03 7.613183539737e-03 0.000000000000e+00 0.000000000000e+00 3.831655291616e-24 1.526323909492e-24 0.000000000000e+00 0.000000000000e+00 1.000000000000e+00 0.000000000000e+00
3.548133892336e+02 -2.241903069628e-03 7.281286562540e-03 0.000000000000e+00 0.000000000000e+00 3.266090806214e-24 1.005627088185e-24 0.000000000000e+00 0.000000000000e+00 1.000000000000e+00 0.000000000000e+00
3.981071705535e+02 -1.526302386716e-03 6.889535021670e-03 0.000000000000e+00 0.000000000000e+00 2.754292400156e-24 6.101838586856e-25 0.000000000000e+00 0.000000000000e+00 1.000000000000e+00 0.000000000000e+00
4.466835921510e+02 -8.917730818975e-04 6.456507179915e-03 0.000000000000e+00 0.000000000000e+00 2.300476334590e-24 3.177419018615e-25 0.000000000000e+00 0.000000000000e+00 1.000000000000e+00 0.000000000000e+00
5.011872336273e+02 -3.392011688143e-04 5.999814603981e-03 0.000000000000e+00 0.000000000000e+00 1.905276287566e-24 1.077153189423e-25 0.000000000000e+00 0.000000000000e+00 1.000000000000e+00 0.000000000000e+00
5.623413251903e+02 1.344813447051e-04 5.534899260844e-03 0.000000000000e+00 0.000000000000e+00 1.566498027832e-24 -3.806117353398e-26 0.000000000000e+00 0.000000000000e+00 1.000000000000e+00 0.000000000000e+00
6.309573444802e+02 5.350868797231e-04 5.074398625601e-03 0.000000000000e+00 0.000000000000e+00 1.279984505365e-24 -1.349722332837e-25 0.000000000000e+00 0.000000000000e+00 1.000000000000e+00 0.000000000000e+00
7.079457843841e+02 8.700353488049e-04 4.627988949562e-03 0.000000000000e+00 0.000000000000e+00 1.040428990674e-24 -1.955946761477e-25 0.000000000000e+00 0.000000000000e+00 1.000000000000e+00 0.000000000000e+00
7.943282347243e+02 1.147419021021e-03 4.202566499238e-03 0.000000000000e+00 0.000000000000e+00 8.420438841108e-25 -2.299016968176e-25 0.000000000000e+00 0.000000000000e+00 1.000000000000e+00 0.000000000000e+00
8.912509381337e+02 1.375315406605e-03 3.802620556553e-03 0.000000000000e+00 0.000000000000e+00 6.790521416401e-25 -2.455966506246e-25 0.000000000000e+00 0.000000000000e+00 1.000000000000e+00 0.000000000000e+00
1.000000000000e+03 1.561335785174e-03 3.430683065261e-03 0.000000000000e+00 0.000000000000e+00 5.460101680179e-25 -2.484943080368e-25 0.000000000000e+00 0.000000000000e+00 1.000000000000e+00 0.000000000000e+00
1.122018454302e+03 1.712367910514e-03 3.087776675534e-03 0.000000000000e+00 0.000000000000e+00 4.379918344393e-25 -2.428942378848e-25 0.000000000000e+00 0.000000000000e+00 1.000000000000e+00 0.000000000000e+00
1.258925411794e+03 1.834463018950e-03 2.773815706870e-03 0.000000000000e+00 0.000000000000e+00 3.506692905227e-25 -2.319151354401e-25 0.000000000000e+00 0.000000000000e+00 1.000000000000e+00 0.000000000000e+00
1.412537544623e+03 1.932820370060e-03 2.487941600594e-03 0.000000000000e+00 0.000000000000e+00 2.803240206722e-25 -2.177768068359e-25 0.000000000000e+00 0.000000000000e+00 1.000000000000e+00 0.000000000000e+00
1.584893192461e+03 2.011831873365e-03 2.228788800877e-03 0.000000000000e+00 0.000000000000e+00 2.238149273746e-25 -2.020281169980e-25 0.000000000000e+00 0.000000000000e+00 1.000000000000e+00 0.000000000000e+00
1.778279410039e+03 2.075158935833e-03 1.994687854541e-03 0.000000000000e+00 0.000000000000e+00 1.785233693781e-25 -1.857254830004e-25 0.000000000000e+00 0.000000000000e+00 1.000000000000e+00 0.000000000000e+00
1.995262314969e+03 2.125822908300e-03 1.783814099545e-03 0.000000000000e+00 0.000000000000e+00 1.422884747385e-25 -1.695692949522e-25 0.000000000000e+00 0.000000000000e+00 1.000000000000e+00 0.000000000000e+00
2.238721138568e+03 2.166297050308e-03 1.594293647564e-03 0.000000000000e+00 0.000000000000e+00 1.133413672558e-25 -1.540061769294e-25 0.000000000000e+00 0.000000000000e+00 1.000000000000e+00 0.000000000000e+00
2.511886431510e+03 2.198593265289e-03 1.424275606193e-03 0.000000000000e+00 0.000000000000e+00 9.024313368921e-26 -1.393044612328e-25 0.000000000000e+00 0.000000000000e+00 1.000000000000e+00 0.000000000000e+00
2.818382931264e+03 2.224340061273e-03 1.271979433864e-03 0.000000000000e+00 0.000000000000e+00 7.182906629379e-26 -1.256091611760e-25 0.000000000000e+00 0.000000000000e+00 1.000000000000e+00 0.000000000000e+00
3.162277660168e+03 2.244850457726e-03 1.135724033835e-03 0.000000000000e+00 0.000000000000e+00 5.716009579105e-26 -1.129815548297e-25 0.000000000000e+00 0.000000000000e+00 1.000000000000e+00 0.000000000000e+00
3.548133892336e+03 2.261179837725e-03 1.013943703860e-03 0.000000000000e+00 0.000000000000e+00 4.548141569141e-26 -1.014273867091e-25 0.000000000000e+00 0.000000000000e+00 1.000000000000e+00 0.000000000000e+00
3.981071705535e+03 2.274174428537e-03 9.051950302780e-04 0.000000000000e+00 0.000000000000e+00 3.618780926017e-26 -9.091675019358e-26 0.000000000000e+00 0.000000000000e+00 1.000000000000e+00 0.000000000000e+00
4.466835921510e+03 2.284511436209e-03 8.081577225996e-04 0.000000000000e+00 0.000000000000e+00 2.879494537292e-26 -8.139795013999e-26 0.000000000000e+00 0.000000000000e+00 1.000000000000e+00 0.000000000000e+00
5.011872336273e+03 2.292731975264e-03 7.216313862015e-04 0.000000000000e+00 0.000000000000e+00 2.291582755866e-26 -7.280704745954e-26 0.000000000000e+00 0.000000000000e+00 1.000000000000e+00 0.000000000000e+00
5.623413251903e+03 2.299267896575e-03 6.445297592122e-04 0.000000000000e+00 0.000000000000e+00 1.824160746390e-26 -6.507433027592e-26 0.000000000000e+00 0.000000000000e+00 1.000000000000e+00 0.000000000000e+00
6.309573444802e+03 2.304463516149e-03 5.758736978909e-04 0.000000000000e+00 0.000000000000e+00 1.452604465545e-26 -5.812861407806e-26 0.000000000000e+00 0.000000000000e+00 1.000000000000e+00 0.000000000000e+00
7.079457843841e+03 2.308593154289e-03 5.147833137349e-04 0.000000000000e+00 0.000000000000e+00 1.157296375082e-26 -5.190002118776e-26 0.000000000000e+00 0.000000000000e+00 1.000000000000e+00 0.000000000000e+00
7.943282347243e+03 2.311875232231e-03 4.604701193792e-04 0.000000000000e+00 0.000000000000e+00 9.226172813897e-27 -4.632170366562e-26 0.000000000000e+00 0.000000000000e+00 1.000000000000e+00 0.000000000000e+00
8.912509381337e+03 2.314483590557e-03 4.122290184068e-04 0.000000000000e+00 0.000000000000e+00 7.361370760828e-27 -4.133084055021e-26 0.000000000000e+00 0.000000000000e+00 1.000000000000e+00 0.000000000000e+00
1.000000000000e+04 2.316556536224e-03 3.694310162426e-04 0.000000000000e+00 0.000000000000e+00 5.879677236652e-27 -3.686914236920e-26 0.000000000000e+00 0.000000000000e+00 1.000000000000e+00 0.000000000000e+00
1.122018454302e+04 2.318204085714e-03 3.315160445857e-04 0.000000000000e+00 0.000000000000e+00 4.702455383673e-27 -3.288302771871e-26 0.000000000000e+00 0.000000000000e+00 1.000000000000e+00 0.000000000000e+00
1.258925411794e+04 2.319513738279e-03 2.979865982060e-04 0.000000000000e+00 0.000000000000e+00 3.767184269637e-27 -2.932358609638e-26 0.000000000000e+00 0.000000000000e+00 1.000000000000e+00 0.000000000000e+00
1.412537544623e+04 2.320555088748e-03 2.684016759994e-04 0.000000000000e+00 0.000000000000e+00 3.024164110330e-27 -2.614640683337e-26 0.000000000000e+00 0.000000000000e+00 1.000000000000e+00 0.000000000000e+00
1.584893192461e+04 2.321383498313e-03 2.423714929807e-04 0.000000000000e+00 0.000000000000e+00 2.433894053930e-27 -2.331132850629e-26 0.000000000000e+00 0.000000000000e+00 1.000000000000e+00 0.000000000000e+00
1.778279410039e+04 2.322043022678e-03 2.195526342094e-04 0.000000000000e+00 0.000000000000e+00 1.964982938342e-27 -2.078214610398e-26 0.000000000000e+00 0.000000000000e+00 1.000000000000e+00 0.000000000000e+00
1.995262314969e+04 2.322568745966e-03 1.996437146147e-04 0.000000000000e+00 0.000000000000e+00 1.592486551757e-27 -1.852630071836e-26 0.000000000000e+00 0.000000000000e+00 1.000000000000e+00 0.000000000000e+00
2.238721138568e+04 2.322988641285e-03 1.823815393014e-04 0.000000000000e+00 0.000000000000e+00 1.296585046188e-27 -1.651456801106e-26 0.000000000000e+00 0.000000000000e+00 1.000000000000e+00 0.000000000000e+00
2.511886431510e+04 2.323325054852e-03 1.675377439099e-04 0.000000000000e+00 0.000000000000e+00 1.061531276385e-27 -1.472075577345e-26 0.000000000000e+00 0.000000000000e+00 1.000000000000e+00 0.000000000000e+00
2.818382931264e+04 2.323595892361e-03 1.549158585789e-04 0.000000000000e+00 0.000000000000e+00 8.748145747925e-28 -1.312141682079e-26 0.000000000000e+00 0.000000000000e+00 1.000000000000e+00 0.000000000000e+00
3.162277660168e+04 2.323815570333e-03 1.443487617959e-04 0.000000000000e+00 0.000000000000e+00 7.264959449442e-28 -1.169558067310e-26 0.000000000000e+00 0.000000000000e+00 1.000000000000e+00 0.000000000000e+00
3.548133892336e+04 2.323995784431e-03 1.356964627719e-04 0.000000000000e+00 0.000000000000e+00 6.086794767490e-28 -1.042450561451e-26 0.000000000000e+00 0.000000000000e+00 1.000000000000e+00 0.000000000000e+00
3.981071705535e+04 2.324146128872e-03 1.288443325915e-04 0.000000000000e+00 0.000000000000e+00 5.150927674275e-28 -9.291451454232e-27 0.000000000000e+00 0.000000000000e+00 1.000000000000e+00 0.000000000000e+00
4.466835921510e+04 2.324274608641e-03 1.237015640099e-04 0.000000000000e+00 0.000000000000e+00 4.407530459219e-28 -8.281472603166e-27 0.000000000000e+00 0.000000000000e+00 1.000000000000e+00 0.000000000000e+00
5.011872336273e+04 2.324388064775e-03 1.201999951907e-04 0.000000000000e+00 0.000000000000e+00 3.817021286790e-28 -7.381230513303e-27 0.000000000000e+00 0.000000000000e+00 1.000000000000e+00 0.000000000000e+00
5.623413251903e+04 2.324492538323e-03 1.182932161900e-04 0.000000000000e+00 0.000000000000e+00 3.347957770044e-28 -6.578824302643e-27 0.000000000000e+00 0.000000000000e+00 1.000000000000e+00 0.000000000000e+00
6.309573444802e+04 2.324593592938e-03 1.179559447174e-04 0.000000000000e+00 0.000000000000e+00 2.975363046819e-28 -5.863638235334e-27 0.000000000000e+00 0.000000000000e+00 1.000000000000e+00 0.000000000000e+00
7.079457843841e+04 2.324696609180e-03 1.191837196208e-04 0.000000000000e+00 0.000000000000e+00 2.679397000750e-28 -5.226204671335e-27 0.000000000000e+00 0.000000000000e+00 1.000000000000e+00 0.000000000000e+00
7.943282347243e+04 2.324807073275e-03 1.219928129466e-04 0.000000000000e+00 0.000000000000e+00 2.444299264886e-28 -4.658081146708e-27 0.000000000000e+00 0.000000000000e+00 1.000000000000e+00 0.000000000000e+00
8.912509381337e+04 2.324930866928e-03 1.264204710320e-04 0.000000000000e+00 0.000000000000e+00 2.257550821196e-28 -4.151740256154e-27 0.000000000000e+00 0.000000000000e+00 1.000000000000e+00 0.000000000000e+00
1.000000000000e+05 2.325074581551e-03 1.325253906073e-04 0.000000000000e+00 0.000000000000e+00 2.109207100034e-28 -3.700471127111e-27 0.000000000000e+00 0.000000000000e+00 1.000000000000e+00 0.000000000000e+00
1.122018454302e+05 2.325245870547e-03 1.403884818061e-04 0.000000000000e+00 0.000000000000e+00 1.991368390327e-28 -3.298291331863e-27 0.000000000000e+00 0.000000000000e+00 1.000000000000e+00 0.000000000000e+00
1.258925411794e+05 2.325453853468e-03 1.501139537794e-04 0.000000000000e+00 0.000000000000e+00 1.897759593002e-28 -2.939868178403e-27 0.000000000000e+00 0.000000000000e+00 1.000000000000e+00 0.000000000000e+00
1.412537544623e+05 2.325709604134e-03 1.618306638643e-04 0.000000000000e+00 0.000000000000e+00 1.823395788374e-28 -2.620448434120e-27 0.000000000000e+00 0.000000000000e+00 1.000000000000e+00 0.000000000000e+00
1.584893192461e+05 2.326026738394e-03 1.756938118969e-04 0.000000000000e+00 0.000000000000e+00 1.764316912147e-28 -2.335795591402e-27 0.000000000000e+00 0.000000000000e+00 1.000000000000e+00 0.000000000000e+00
1.778279410039e+05 2.326422138954e-03 1.918869636059e-04 0.000000000000e+00 0.000000000000e+00 1.717376841928e-28 -2.082133893260e-27 0.000000000000e+00 0.000000000000e+00 1.000000000000e+00 0.000000000000e+00
1.995262314969e+05 2.326916853012e-03 2.106244409640e-04 0.000000000000e+00 0.000000000000e+00 1.680075880946e-28 -1.856098401410e-27 0.000000000000e+00 0.000000000000e+00 1.000000000000e+00 0.000000000000e+00
2.238721138568e+05 2.327537211446e-03 2.321540963166e-04 0.000000000000e+00 0.000000000000e+00 1.650427619201e-28 -1.654690466133e-27 0.000000000000e+00 0.000000000000e+00 1.000000000000e+00 0.000000000000e+00
2.511886431510e+05 2.328316227452e-03 2.567605125849e-04 0.000000000000e+00 0.000000000000e+00 1.626853199097e-28 -1.475238020444e-27 0.000000000000e+00 0.000000000000e+00 1.000000000000e+00 0.000000000000e+00
2.818382931264e+05 2.329295332063e-03 2.847686432933e-04 0.000000000000e+00 0.000000000000e+00 1.608097207620e-28 -1.315360173049e-27 0.000000000000e+00 0.000000000000e+00 1.000000000000e+00 0.000000000000e+00
3.162277660168e+05 2.330526661377e-03 3.165479348231e-04 0.000000000000e+00 0.000000000000e+00 1.593160815295e-28 -1.172935706556e-27 0.000000000000e+00 0.000000000000e+00 1.000000000000e+00 0.000000000000e+00
3.548133892336e+05 2.332075642003e-03 3.525169749106e-04 0.000000000000e+00 0.000000000000e+00 1.581248644591e-28 -1.046074858930e-27 0.000000000000e+00 0.000000000000e+00 1.000000000000e+00 0.000000000000e+00
3.981071705535e+05 2.334024634070e-03 3.931486564897e-04 0.000000000000e+00 0.000000000000e+00 1.571726325936e-28 -9.330943657557e-28 0.000000000000e+00 0.000000000000e+00 1.000000000000e+00 0.000000000000e+00
4.466835921510e+05 2.336477196770e-03 4.389759341346e-04 0.000000000000e+00 0.000000000000e+00 1.564086772910e-28 -8.324950856082e-28 0.000000000000e+00 0.000000000000e+00 1.000000000000e+00 0.000000000000e+00
5.011872336273e+05 2.339563570786e-03 4.905981538515e-04 0.000000000000e+00 0.000000000000e+00 1.557923187551e-28 -7.429421221953e-28 0.000000000000e+00 0.000000000000e+00 1.000000000000e+00 0.000000000000e+00
5.623413251903e+05 2.343447551872e-03 5.486879474508e-04 0.000000000000e+00 0.000000000000e+00 1.552907373866e-28 -6.632471153187e-28 0.000000000000e+00 0.000000000000e+00 1.000000000000e+00 0.000000000000e+00
6.309573444802e+05 2.348335017841e-03 6.139986862421e-04 0.000000000000e+00 0.000000000000e+00 1.548772303267e-28 -5.923524456841e-28 0.000000000000e+00 0.000000000000e+00 1.000000000000e+00 0.000000000000e+00
7.079457843841e+05 2.354484801797e-03 6.873723742567e-04 0.000000000000e+00 0.000000000000e+00 1.545297867731e-28 -5.293172201975e-28 0.000000000000e+00 0.000000000000e+00 1.000000000000e+00 0.000000000000e+00
7.943282347243e+05 2.362222072715e-03 7.697478890651e-04 0.000000000000e+00 0.000000000000e+00 1.542299217423e-28 -4.733047411866e-28 0.000000000000e+00 0.000000000000e+00 1.000000000000e+00 0.000000000000e+00
8.912509381337e+05 2.371955259418e-03 8.621692870952e-04 0.000000000000e+00 0.000000000000e+00 1.539616935614e-28 -4.235713963115e-28 0.000000000000e+00 0.000000000000e+00 1.000000000000e+00 0.000000000000e+00
1.000000000000e+06 2.384196858027e-03 9.657938328492e-04 0.000000000000e+00 0.000000000000e+00 1.537108625056e-28 -3.794567152591e-28 0.000000000000e+00 0.000000000000e+00 1.000000000000e+00 0.000000000000e+00
1.122018454302e+06 2.399589590529e-03 1.081899146224e-03 0.000000000000e+00 0.000000000000e+00 1.534641399064e-28 -3.403745662652e-28 0.000000000000e+00 0.000000000000e+00 1.000000000000e+00 0.000000000000e+00
1.258925411794e+06 2.418938690928e-03 1.211888648472e-03 0.000000000000e+00 0.000000000000e+00 1.532084959715e-28 -3.058052892496e-28 0.000000000000e+00 0.000000000000e+00 1.000000000000e+00 0.000000000000e+00
1.412537544623e+06 2.443251661542e-03 1.357294053727e-03 0.000000000000e+00 0.000000000000e+00 1.529304893185e-28 -2.752886679948e-28 0.000000000000e+00 0.000000000000e+00 1.000000000000e+00 0.000000000000e+00
1.584893192461e+06 2.473787043701e-03 1.519773131582e-03 0.000000000000e+00 0.000000000000e+00 1.526155878643e-28 -2.484176460814e-28 0.000000000000e+00 0.000000000000e+00 1.000000000000e+00 0.000000000000e+00
1.778279410039e+06 2.512113782220e-03 1.701100235010e-03 0.000000000000e+00 0.000000000000e+00 1.522474531101e-28 -2.248326802822e-28 0.000000000000e+00 0.000000000000e+00 1.000000000000e+00 0.000000000000e+00
1.995262314969e+06 2.560182804848e-03 1.903146071957e-03 0.000000000000e+00 0.000000000000e+00 1.518071596428e-28 -2.042166313439e-28 0.000000000000e+00 0.000000000000e+00 1.000000000000e+00 0.000000000000e+00
2.238721138568e+06 2.620412065363e-03 2.127841942149e-03 0.000000000000e+00 0.000000000000e+00 1.512723301607e-28 -1.862900769351e-28 0.000000000000e+00 0.000000000000e+00 1.000000000000e+00 0.000000000000e+00
2.511886431510e+06 2.695786022342e-03 2.377121892044e-03 0.000000000000e+00 0.000000000000e+00 1.506161642919e-28 -1.708069543240e-28 0.000000000000e+00 0.000000000000e+00 1.000000000000e+00 0.000000000000e+00
2.818382931264e+06 2.789968887034e-03 2.652834215531e-03 0.000000000000e+00 0.000000000000e+00 1.498063566599e-28 -1.575503933544e-28 0.000000000000e+00 0.000000000000e+00 1.000000000000e+00 0.000000000000e+00
3.162277660168e+06 2.907428981886e-03 2.956611197846e-03 0.000000000000e+00 0.000000000000e+00 1.488039120869e-28 -1.463286099081e-28 0.000000000000e+00 0.000000000000e+00 1.000000000000e+00 0.000000000000e+00
3.548133892336e+06 3.053568473221e-03 3.289683123628e-03 0.000000000000e+00 0.000000000000e+00 1.475618863940e-28 -1.369707376693e-28 0.000000000000e+00 0.000000000000e+00 1.000000000000e+00 0.000000000000e+00
3.981071705535e+06 3.234845391127e-03 3.652620323352e-03 0.000000000000e+00 0.000000000000e+00 1.460241419142e-28 -1.293223715162e-28 0.000000000000e+00 0.000000000000e+00 1.000000000000e+00 0.000000000000e+00
4.466835921510e+06 3.458867667951e-03 4.044985226207e-03 0.000000000000e+00 0.000000000000e+00 1.441242536768e-28 -1.232406778598e-28 0.000000000000e+00 0.000000000000e+00 1.000000000000e+00 0.000000000000e+00
5.011872336273e+06 3.734426105921e-03 4.464877468987e-03 0.000000000000e+00 0.000000000000e+00 1.417848005317e-28 -1.185888894390e-28 0.000000000000e+00 0.000000000000e+00 1.000000000000e+00 0.000000000000e+00
5.623413251903e+06 4.071416440400e-03 4.908361378144e-03 0.000000000000e+00 0.000000000000e+00 1.389174049317e-28 -1.152300254042e-28 0.000000000000e+00 0.000000000000e+00 1.000000000000e+00 0.000000000000e+00
6.309573444802e+06 4.480582510020e-03 5.368779589601e-03 0.000000000000e+00 0.000000000000e+00 1.354240215335e-28 -1.130198199037e-28 0.000000000000e+00 0.000000000000e+00 1.000000000000e+00 0.000000000000e+00
7.079457843841e+06 4.972991717343e-03 5.835985379251e-03 0.000000000000e+00 0.000000000000e+00 1.312001485718e-28 -1.117989867626e-28 0.000000000000e+00 0.000000000000e+00 1.000000000000e+00 0.000000000000e+00
7.943282347243e+06 5.559143512089e-03 6.295572122916e-03 0.000000000000e+00 0.000000000000e+00 1.261407286248e-28 -1.113853355110e-28 0.000000000000e+00 0.000000000000e+00 1.000000000000e+00 0.000000000000e+00
8.912509381337e+06 6.247617637188e-03 6.728245768829e-03 0.000000000000e+00 0.000000000000e+00 1.201495029771e-28 -1.115666965343e-28 0.000000000000e+00 0.000000000000e+00 1.000000000000e+00 0.000000000000e+00
1.000000000000e+07 7.043214029560e-03 7.109569083299e-03 0.000000000000e+00 0.000000000000e+00 1.131523062860e-28 -1.120962328059e-28 0.000000000000e+00 0.000000000000e+00 1.000000000000e+00 0.000000000000e+00
1.122018454302e+07 7.944640894469e-03 7.410385282656e-03 0.000000000000e+00 0.000000000000e+00 1.051140864420e-28 -1.126923416096e-28 0.000000000000e+00 0.000000000000e+00 1.000000000000e+00 0.000000000000e+00
1.258925411794e+07 8.941982176249e-03 7.598265876452e-03 0.000000000000e+00 0.000000000000e+00 9.605823838605e-29 -1.130456698274e-28 0.000000000000e+00 0.000000000000e+00 1.000000000000e+00 0.000000000000e+00
1.412537544623e+07 1.001441002834e-02 7.640263375123e-03 0.000000000000e+00 0.000000000000e+00 8.608519379211e-29 -1.128354332405e-28 0.000000000000e+00 0.000000000000e+00 1.000000000000e+00 0.000000000000e+00
1.584893192461e+07 1.112883979948e-02 7.507025628650e-03 0.000000000000e+00 0.000000000000e+00 7.538553653965e-29 -1.117557872915e-28 0.000000000000e+00 0.000000000000e+00 1.000000000000e+00 0.000000000000e+00
1.778279410039e+07 1.224033988550e-02 7.177924127410e-03 0.000000000000e+00 0.000000000000e+00 6.424199141973e-29 -1.095503095242e-28 0.000000000000e+00 0.000000000000e+00 1.000000000000e+00 0.000000000000e+00
1.995262314969e+07 1.329496363157e-02 6.646336123142e-03 0.000000000000e+00 0.000000000000e+00 5.301544761871e-29 -1.060491727989e-28 0.000000000000e+00 0.000000000000e+00 1.000000000000e+00 0.000000000000e+00
2.238721138568e+07 1.423517797104e-02 5.923785040813e-03 0.000000000000e+00 0.000000000000e+00 4.211331437475e-29 -1.012005872841e-28 0.000000000000e+00 0.000000000000e+00 1.000000000000e+00 0.000000000000e+00
2.511886431510e+07 1.500728442482e-02 5.041539174083e-03 0.000000000000e+00 0.000000000000e+00 3.194355725169e-29 -9.508724075401e-29 0.000000000000e+00 0.000000000000e+00 1.000000000000e+00 0.000000000000e+00
2.818382931264e+07 1.556941770388e-02 4.048681778497e-03 0.000000000000e+00 0.000000000000e+00 2.286302939554e-29 -8.792097628559e-29 0.000000000000e+00 0.000000000000e+00 1.000000000000e+00 0.000000000000e+00
3.162277660168e+07 1.589823248242e-02 3.006563883626e-03 0.000000000000e+00 0.000000000000e+00 1.513179914047e-29 -8.001455146940e-29 0.000000000000e+00 0.000000000000e+00 1.000000000000e+00 0.000000000000e+00
3.548133892336e+07 1.599253510421e-02 1.980641694749e-03 0.000000000000e+00 0.000000000000e+00 8.884357968963e-30 -7.173604750102e-29 0.000000000000e+00 0.000000000000e+00 1.000000000000e+00 0.000000000000e+00
3.981071705535e+07 1.587290646559e-02 1.031537150138e-03 0.000000000000e+00 0.000000000000e+00 4.123870368856e-30 -6.345656928815e-29 0.000000000000e+00 0.000000000000e+00 1.000000000000e+00 0.000000000000e+00
4.466835921510e+07 1.557750760413e-02 2.073832242482e-04 0.000000000000e+00 0.000000000000e+00 7.389137598383e-31 -5.550321032190e-29 0.000000000000e+00 0.000000000000e+00 1.000000000000e+00 0.000000000000e+00
5.011872336273e+07 1.515530295439e-02 -4.609624549606e-04 0.000000000000e+00 0.000000000000e+00 -1.463813289013e-30 -4.812655266157e-29 0.000000000000e+00 0.000000000000e+00 1.000000000000e+00 0.000000000000e+00
5.623413251903e+07 1.465848061527e-02 -9.612022339223e-04 0.000000000000e+00 0.000000000000e+00 -2.720413385730e-30 -4.148671889528e-29 0.000000000000e+00 0.000000000000e+00 1.000000000000e+00 0.000000000000e+00
6.309573444802e+07 1.413575091013e-02 -1.297754595052e-03 0.000000000000e+00 0.000000000000e+00 -3.273502726130e-30 -3.565652498294e-29 0.000000000000e+00 0.000000000000e+00 1.000000000000e+00 0.000000000000e+00
7.079457843841e+07 1.362761432798e-02 -1.487841324457e-03 0.000000000000e+00 0.000000000000e+00 -3.344850785851e-30 -3.063655763886e-29 0.000000000000e+00 0.000000000000e+00 1.000000000000e+00 0.000000000000e+00
7.943282347243e+07 1.316393313980e-02 -1.556761654715e-03 0.000000000000e+00 0.000000000000e+00 -3.119193070731e-30 -2.637580962305e-29 0.000000000000e+00 0.000000000000e+00 1.000000000000e+00 0.000000000000e+00
8.912509381337e+07 1.276352691054e-02 -1.533390902965e-03 0.000000000000e+00 0.000000000000e+00 -2.738249481230e-30 -2.279244051459e-29 0.000000000000e+00 0.000000000000e+00 1.000000000000e+00 0.000000000000e+00
1.000000000000e+08 1.243519719294e-02 -1.446523481954e-03 0.000000000000e+00 0.000000000000e+00 -2.302213624514e-30 -1.979123101579e-29 0.000000000000e+00 0.000000000000e+00 1.000000000000e+00 0.000000000000e+00
1.122018454302e+08 1.217955337765e-02 -1.322278566630e-03 0.000000000000e+00 0.000000000000e+00 -1.875612377111e-30 -1.727633014656e-29 0.000000000000e+00 0.000000000000e+00 1.000000000000e+00 0.000000000000e+00
1.258925411794e+08 1.199114296922e-02 -1.182520327016e-03 0.000000000000e+00 0.000000000000e+00 -1.494957156222e-30 -1.515935462891e-29 0.000000000000e+00 0.000000000000e+00 1.000000000000e+00 0.000000000000e+00
1.412537544623e+08 1.186055953796e-02 -1.044126346680e-03 0.000000000000e+00 0.000000000000e+00 -1.176449220193e-30 -1.336365667227e-29 0.000000000000e+00 0.000000000000e+00 1.000000000000e+00 0.000000000000e+00
1.584893192461e+08 1.177633478229e-02 -9.189156496558e-04 0.000000000000e+00 0.000000000000e+00 -9.227749139368e-31 -1.182579306304e-29 0.000000000000e+00 0.000000000000e+00 1.000000000000e+00 0.000000000000e+00
1.778279410039e+08 1.172650245995e-02 -8.140599608854e-04 0.000000000000e+00 0.000000000000e+00 -7.285787937300e-31 -1.049514953130e-29 0.000000000000e+00 0.000000000000e+00 1.000000000000e+00 0.000000000000e+00
1.995262314969e+08 1.169977258685e-02 -7.328129744495e-04 0.000000000000e+00 0.000000000000e+00 -5.845387163909e-31 -9.332490401278e-30 0.000000000000e+00 0.000000000000e+00 1.000000000000e+00 0.000000000000e+00
2.238721138568e+08 1.168629939741e-02 -6.753991748535e-04 0.000000000000e+00 0.000000000000e+00 -4.801541173943e-31 -8.308012478673e-30 0.000000000000e+00 0.000000000000e+00 1.000000000000e+00 0.000000000000e+00
2.511886431510e+08 1.167807401913e-02 -6.399192164935e-04 0.000000000000e+00 0.000000000000e+00 -4.054574490584e-31 -7.399312256411e-30 0.000000000000e+00 0.000000000000e+00 1.000000000000e+00 0.000000000000e+00
2.818382931264e+08 1.166901406456e-02 -6.231618924662e-04 0.000000000000e+00 0.000000000000e+00 -3.519014198968e-31 -6.589527806114e-30 0.000000000000e+00 0.000000000000e+00 1.000000000000e+00 0.000000000000e+00
3.162277660168e+08 1.165484457947e-02 -6.212589546862e-04 0.000000000000e+00 0.000000000000e+00 -3.126747370222e-31 -5.865791448852e-30 0.000000000000e+00 0.000000000000e+00 1.000000000000e+00 0.000000000000e+00
3.548133892336e+08 1.163286338045e-02 -6.301651150086e-04 0.000000000000e+00 0.000000000000e+00 -2.826665961911e-31 -5.218032254395e-30 0.000000000000e+00 0.000000000000e+00 1.000000000000e+00 0.000000000000e+00
3.981071705535e+08 1.160166476575e-02 -6.459792636651e-04 0.000000000000e+00 0.000000000000e+00 -2.582490358167e-31 -4.638103586523e-30 0.000000000000e+00 0.000000000000e+00 1.000000000000e+00 0.000000000000e+00
4.466835921510e+08 1.156087008178e-02 -6.651399027905e-04 0.000000000000e+00 0.000000000000e+00 -2.369916989049e-31 -4.119178882524e-30 0.000000000000e+00 0.000000000000e+00 1.000000000000e+00 0.000000000000e+00
5.011872336273e+08 1.151089088048e-02 -6.845313401065e-04 0.000000000000e+00 0.000000000000e+00 -2.173769385361e-31 -3.655350855130e-30 0.000000000000e+00 0.000000000000e+00 1.000000000000e+00 0.000000000000e+00
5.623413251903e+08 1.145273390628e-02 -7.015337178092e-04 0.000000000000e+00 0.000000000000e+00 -1.985494466322e-31 -3.241375178116e-30 0.000000000000e+00 0.000000000000e+00 1.000000000000e+00 0.000000000000e+00
6.309573444802e+08 1.138784564107e-02 -7.140440120452e-04 0.000000000000e+00 0.000000000000e+00 -1.801130220551e-31 -2.872511019642e-30 0.000000000000e+00 0.000000000000e+00 1.000000000000e+00 0.000000000000e+00
7.079457843841e+08 1.131798548448e-02 -7.204874716877e-04 0.000000000000e+00 0.000000000000e+00 -1.619744690685e-31 -2.544422716303e-30 0.000000000000e+00 0.000000000000e+00 1.000000000000e+00 0.000000000000e+00
7.943282347243e+08 1.124511121768e-02 -7.198284956200e-04 0.000000000000e+00 0.000000000000e+00 -1.442278622969e-31 -2.253117738580e-30 0.000000000000e+00 0.000000000000e+00 1.000000000000e+00 0.000000000000e+00
8.912509381337e+08 1.117126095633e-02 -7.115774223409e-04 0.000000000000e+00 0.000000000000e+00 -1.270697839548e-31 -1.994905503822e-30 0.000000000000e+00 0.000000000000e+00 1.000000000000e+00 0.000000000000e+00
1.000000000000e+09 1.109842418499e-02 -6.957794812838e-04 0.000000000000e+00 0.000000000000e+00 -1.107367437482e-31 -1.766369069571e-30 0.000000000000e+00 0.000000000000e+00 1.000000000000e+00 0.000000000000e+00
