# freq_hz rev(vout) imv(vout) rev(vinp) imv(vinp) rev(vinn) imv(vinn) rev(vdd) imv(vdd) rev(vss) imv(vss)
1.000000000000e-01 -9.403550929868e-02 4.307089183599e-05 0.000000000000e+00 0.000000000000e+00 6.854945339073e-23 1.496621613105e-19 0.000000000000e+00 0.000000000000e+00 1.000000000000e+00 0.000000000000e+00
1.122018454302e-01 -9.403550431695e-02 4.832633298918e-05 0.000000000000e+00 0.000000000000e+00 6.854944985301e-23 1.333865346047e-19 0.000000000000e+00 0.000000000000e+00 1.000000000000e+00 0.000000000000e+00
1.258925411794e-01 -9.403549804669e-02 5.422303391922e-05 0.000000000000e+00 0.000000000000e+00 6.854944539871e-23 1.188808661739e-19 0.000000000000e+00 0.000000000000e+00 1.000000000000e+00 0.000000000000e+00
1.412537544623e-01 -9.403549015424e-02 6.083923972850e-05 0.000000000000e+00 0.000000000000e+00 6.854943979087e-23 1.059526746110e-19 0.000000000000e+00 0.000000000000e+00 1.000000000000e+00 0.000000000000e+00
1.584893192461e-01 -9.403548021466e-02 6.826274268721e-05 0.000000000000e+00 0.000000000000e+00 6.854943272743e-23 9.443041066346e-20 0.000000000000e+00 0.000000000000e+00 1.000000000000e+00 0.000000000000e+00
1.778279410039e-01 -9.403546770430e-02 7.659204710207e-05 0.000000000000e+00 0.000000000000e+00 6.854942383637e-23 8.416118089547e-20 0.000000000000e+00 0.000000000000e+00 1.000000000000e+00 0.000000000000e+00
1.995262314969e-01 -9.403545195347e-02 8.593767626696e-05 0.000000000000e+00 0.000000000000e+00 6.854941264168e-23 7.500871886367e-20 0.000000000000e+00 0.000000000000e+00 1.000000000000e+00 0.000000000000e+00
2.238721138568e-01 -9.403543212564e-02 9.642363886799e-05 0.000000000000e+00 0.000000000000e+00 6.854939854886e-23 6.685157695947e-20 0.000000000000e+00 0.000000000000e+00 1.000000000000e+00 0.000000000000e+00
2.511886431510e-01 -9.403540716486e-02 1.081890742400e-04 0.000000000000e+00 0.000000000000e+00 6.854938080735e-23 5.958151486552e-20 0.000000000000e+00 0.000000000000e+00 1.000000000000e+00 0.000000000000e+00
2.818382931264e-01 -9.403537574185e-02 1.213900982994e-04 0.000000000000e+00 0.000000000000e+00 6.854935847236e-23 5.310206327463e-20 0.000000000000e+00 0.000000000000e+00 1.000000000000e+00 0.000000000000e+00
3.162277660168e-01 -9.403533617747e-02 1.362018745853e-04 0.000000000000e+00 0.000000000000e+00 6.854933035033e-23 4.732724379792e-20 0.000000000000e+00 0.000000000000e+00 1.000000000000e+00 0.000000000000e+00
3.548133892336e-01 -9.403528637170e-02 1.528209378723e-04 0.000000000000e+00 0.000000000000e+00 6.854929494867e-23 4.218042809334e-20 0.000000000000e+00 0.000000000000e+00 1.000000000000e+00 0.000000000000e+00
3.981071705535e-01 -9.403522366616e-02 1.714678010075e-04 0.000000000000e+00 0.000000000000e+00 6.854925037772e-23 3.759332104069e-20 0.000000000000e+00 0.000000000000e+00 1.000000000000e+00 0.000000000000e+00
4.466835921510e-01 -9.403514473098e-02 1.923898795793e-04 0.000000000000e+00 0.000000000000e+00 6.854919427069e-23 3.350505452020e-20 0.000000000000e+00 0.000000000000e+00 1.000000000000e+00 0.000000000000e+00
5.011872336273e-01 -9.403504535404e-02 2.158647728689e-04 0.000000000000e+00 0.000000000000e+00 6.854912363359e-23 2.986137971563e-20 0.000000000000e+00 0.000000000000e+00 1.000000000000e+00 0.000000000000e+00
5.623413251903e-01 -9.403492024776e-02 2.422039445922e-04 0.000000000000e+00 0.000000000000e+00 6.854903470798e-23 2.661394727769e-20 0.000000000000e+00 0.000000000000e+00 1.000000000000e+00 0.000000000000e+00
6.309573444802e-01 -9.403476274834e-02 2.717568517172e-04 0.000000000000e+00 0.000000000000e+00 6.854892275725e-23 2.371966575046e-20 0.000000000000e+00 0.000000000000e+00 1.000000000000e+00 0.000000000000e+00
7.079457843841e-01 -9.403456446585e-02 3.049155757896e-04 0.000000000000e+00 0.000000000000e+00 6.854878181784e-23 2.114012977597e-20 0.000000000000e+00 0.000000000000e+00 1.000000000000e+00 0.000000000000e+00
7.943282347243e-01 -9.403431485091e-02 3.421200175196e-04 0.000000000000e+00 0.000000000000e+00 6.854860439126e-23 1.884111048121e-20 0.000000000000e+00 0.000000000000e+00 1.000000000000e+00 0.000000000000e+00
8.912509381337e-01 -9.403400060002e-02 3.838637223949e-04 0.000000000000e+00 0.000000000000e+00 6.854838102131e-23 1.679210127458e-20 0.000000000000e+00 0.000000000000e+00 1.000000000000e+00 0.000000000000e+00
1.000000000000e+00 -9.403360499058e-02 4.307004136339e-04 0.000000000000e+00 0.000000000000e+00 6.854809982153e-23 1.496591305100e-20 0.000000000000e+00 0.000000000000e+00 1.000000000000e+00 0.000000000000e+00
1.122018454302e+00 -9.403310694511e-02 4.832513166452e-04 0.000000000000e+00 0.000000000000e+00 6.854774581012e-23 1.333831340048e-20 0.000000000000e+00 0.000000000000e+00 1.000000000000e+00 0.000000000000e+00
1.258925411794e+00 -9.403247995470e-02 5.422133700987e-04 0.000000000000e+00 0.000000000000e+00 6.854730014443e-23 1.188770506638e-20 0.000000000000e+00 0.000000000000e+00 1.000000000000e+00 0.000000000000e+00
1.412537544623e+00 -9.403169063256e-02 6.083684279575e-04 0.000000000000e+00 0.000000000000e+00 6.854673909312e-23 1.059483935732e-20 0.000000000000e+00 0.000000000000e+00 1.000000000000e+00 0.000000000000e+00
1.584893192461e+00 -9.403069695403e-02 6.825935696406e-04 0.000000000000e+00 0.000000000000e+00 6.854603278494e-23 9.442560731408e-21 0.000000000000e+00 0.000000000000e+00 1.000000000000e+00 0.000000000000e+00
1.778279410039e+00 -9.402944601244e-02 7.658726469854e-04 0.000000000000e+00 0.000000000000e+00 6.854514361383e-23 8.415579151726e-21 0.000000000000e+00 0.000000000000e+00 1.000000000000e+00 0.000000000000e+00
1.995262314969e+00 -9.402787121542e-02 8.593092104898e-04 0.000000000000e+00 0.000000000000e+00 6.854402424572e-23 7.500267197988e-21 0.000000000000e+00 0.000000000000e+00 1.000000000000e+00 0.000000000000e+00
2.238721138568e+00 -9.402588874069e-02 9.641409706506e-04 0.000000000000e+00 0.000000000000e+00 6.854261509973e-23 6.684479238560e-21 0.000000000000e+00 0.000000000000e+00 1.000000000000e+00 0.000000000000e+00
2.511886431510e+00 -9.402339306525e-02 1.081755964309e-03 0.000000000000e+00 0.000000000000e+00 6.854084116992e-23 5.957390264502e-21 0.000000000000e+00 0.000000000000e+00 1.000000000000e+00 0.000000000000e+00
2.818382931264e+00 -9.402025137848e-02 1.213710610052e-03 0.000000000000e+00 0.000000000000e+00 6.853860805428e-23 5.309352250056e-21 0.000000000000e+00 0.000000000000e+00 1.000000000000e+00 0.000000000000e+00
3.162277660168e+00 -9.401629652708e-02 1.361749848134e-03 0.000000000000e+00 0.000000000000e+00 6.853579693997e-23 4.731766129190e-21 0.000000000000e+00 0.000000000000e+00 1.000000000000e+00 0.000000000000e+00
3.548133892336e+00 -9.401131811618e-02 1.527829570297e-03 0.000000000000e+00 0.000000000000e+00 6.853225827808e-23 4.216967690282e-21 0.000000000000e+00 0.000000000000e+00 1.000000000000e+00 0.000000000000e+00
3.981071705535e+00 -9.400505140276e-02 1.714141551650e-03 0.000000000000e+00 0.000000000000e+00 6.852780388881e-23 3.758125879913e-21 0.000000000000e+00 0.000000000000e+00 1.000000000000e+00 0.000000000000e+00
4.466835921510e+00 -9.399716323829e-02 1.923141090682e-03 0.000000000000e+00 0.000000000000e+00 6.852219696972e-23 3.349152158007e-21 0.000000000000e+00 0.000000000000e+00 1.000000000000e+00 0.000000000000e+00
5.011872336273e+00 -9.398723445987e-02 2.157577553055e-03 0.000000000000e+00 0.000000000000e+00 6.851513957921e-23 2.984619708600e-21 0.000000000000e+00 0.000000000000e+00 1.000000000000e+00 0.000000000000e+00
5.623413251903e+00 -9.397473778499e-02 2.420527980727e-03 0.000000000000e+00 0.000000000000e+00 6.850625692401e-23 2.659691431922e-21 0.000000000000e+00 0.000000000000e+00 1.000000000000e+00 0.000000000000e+00
6.309573444802e+00 -9.395901000243e-02 2.715433867666e-03 0.000000000000e+00 0.000000000000e+00 6.849507759264e-23 2.370055760620e-21 0.000000000000e+00 0.000000000000e+00 1.000000000000e+00 0.000000000000e+00
7.079457843841e+00 -9.393921720120e-02 3.046141111096e-03 0.000000000000e+00 0.000000000000e+00 6.848100884000e-23 2.111869453501e-21 0.000000000000e+00 0.000000000000e+00 1.000000000000e+00 0.000000000000e+00
7.943282347243e+00 -9.391431109476e-02 3.416942985140e-03 0.000000000000e+00 0.000000000000e+00 6.846330554234e-23 1.881706602433e-21 0.000000000000e+00 0.000000000000e+00 1.000000000000e+00 0.000000000000e+00
8.912509381337e+00 -9.388297445961e-02 3.832625758939e-03 0.000000000000e+00 0.000000000000e+00 6.844103141520e-23 1.676513181429e-21 0.000000000000e+00 0.000000000000e+00 1.000000000000e+00 0.000000000000e+00
1.000000000000e+01 -9.384355295650e-02 4.298516227196e-03 0.000000000000e+00 0.000000000000e+00 6.841301055190e-23 1.493566533033e-21 0.000000000000e+00 0.000000000000e+00 1.000000000000e+00 0.000000000000e+00
1.122018454302e+01 -9.379397011249e-02 4.820529914988e-03 0.000000000000e+00 0.000000000000e+00 6.837776699226e-23 1.330439256002e-21 0.000000000000e+00 0.000000000000e+00 1.000000000000e+00 0.000000000000e+00
1.258925411794e+01 -9.373162159692e-02 5.405217989044e-03 0.000000000000e+00 0.000000000000e+00 6.833344957424e-23 1.184967017220e-21 0.000000000000e+00 0.000000000000e+00 1.000000000000e+00 0.000000000000e+00
1.412537544623e+01 -9.365324428892e-02 6.059809876927e-03 0.000000000000e+00 0.000000000000e+00 6.827773886659e-23 1.055219864556e-21 0.000000000000e+00 0.000000000000e+00 1.000000000000e+00 0.000000000000e+00
1.584893192461e+01 -9.355475464072e-02 6.792247130985e-03 0.000000000000e+00 0.000000000000e+00 6.820773227748e-23 9.394766613705e-22 0.000000000000e+00 0.000000000000e+00 1.000000000000e+00 0.000000000000e+00
1.778279410039e+01 -9.343105032291e-02 7.611202068275e-03 0.000000000000e+00 0.000000000000e+00 6.811980306350e-23 8.362023095592e-22 0.000000000000e+00 0.000000000000e+00 1.000000000000e+00 0.000000000000e+00
1.995262314969e+01 -9.327576859174e-02 8.526071968989e-03 0.000000000000e+00 0.000000000000e+00 6.800942857696e-23 7.440274659977e-22 0.000000000000e+00 0.000000000000e+00 1.000000000000e+00 0.000000000000e+00
2.238721138568e+01 -9.308099452367e-02 9.546935904923e-03 0.000000000000e+00 0.000000000000e+00 6.787098287829e-23 6.617304911780e-22 0.000000000000e+00 0.000000000000e+00 1.000000000000e+00 0.000000000000e+00
2.511886431510e+01 -9.283691320609e-02 1.068445642036e-02 0.000000000000e+00 0.000000000000e+00 6.769748951304e-23 5.882214041526e-22 0.000000000000e+00 0.000000000000e+00 1.000000000000e+00 0.000000000000e+00
2.818382931264e+01 -9.253140166806e-02 1.194970201207e-02 0.000000000000e+00 0.000000000000e+00 6.748033145525e-23 5.225276453149e-22 0.000000000000e+00 0.000000000000e+00 1.000000000000e+00 0.000000000000e+00
3.162277660168e+01 -9.214956119290e-02 1.335385869649e-02 0.000000000000e+00 0.000000000000e+00 6.720891867488e-23 4.637814810612e-22 0.000000000000e+00 0.000000000000e+00 1.000000000000e+00 0.000000000000e+00
3.548133892336e+01 -9.167319807560e-02 1.490778990813e-02 0.000000000000e+00 0.000000000000e+00 6.687031905925e-23 4.112089077103e-22 0.000000000000e+00 0.000000000000e+00 1.000000000000e+00 0.000000000000e+00
3.981071705535e+01 -9.108027438708e-02 1.662139442117e-02 0.000000000000e+00 0.000000000000e+00 6.644886801540e-23 3.641199395307e-22 0.000000000000e+00 0.000000000000e+00 1.000000000000e+00 0.000000000000e+00
4.466835921510e+01 -9.034437113582e-02 1.850270354722e-02 0.000000000000e+00 0.000000000000e+00 6.592578688473e-23 3.219001883985e-22 0.000000000000e+00 0.000000000000e+00 1.000000000000e+00 0.000000000000e+00
5.011872336273e+01 -8.943423639826e-02 2.055665472956e-02 0.000000000000e+00 0.000000000000e+00 6.527886175321e-23 2.840036587009e-22 0.000000000000e+00 0.000000000000e+00 1.000000000000e+00 0.000000000000e+00
5.623413251903e+01 -8.831353315091e-02 2.278348457348e-02 0.000000000000e+00 0.000000000000e+00 6.448226421023e-23 2.499466909733e-22 0.000000000000e+00 0.000000000000e+00 1.000000000000e+00 0.000000000000e+00
6.309573444802e+01 -8.694095486724e-02 2.517670897374e-02 0.000000000000e+00 0.000000000000e+00 6.350663351509e-23 2.193029821318e-22 0.000000000000e+00 0.000000000000e+00 1.000000000000e+00 0.000000000000e+00
7.079457843841e+01 -8.527093612497e-02 2.772071309267e-02 0.000000000000e+00 0.000000000000e+00 6.231958169747e-23 1.916995804724e-22 0.000000000000e+00 0.000000000000e+00 1.000000000000e+00 0.000000000000e+00
7.943282347243e+01 -8.325523790696e-02 3.038807316968e-02 0.000000000000e+00 0.000000000000e+00 6.088682039196e-23 1.668136932812e-22 0.000000000000e+00 0.000000000000e+00 1.000000000000e+00 0.000000000000e+00
8.912509381337e+01 -8.084570560716e-02 3.313688537547e-02 0.000000000000e+00 0.000000000000e+00 5.917412123256e-23 1.443700435488e-22 0.000000000000e+00 0.000000000000e+00 1.000000000000e+00 0.000000000000e+00
1.000000000000e+02 -7.799844136459e-02 3.590858093619e-02 0.000000000000e+00 0.000000000000e+00 5.715028155409e-23 1.241383749664e-22 0.000000000000e+00 0.000000000000e+00 1.000000000000e+00 0.000000000000e+00
1.122018454302e+02 -7.467944942969e-02 3.862692907581e-02 0.000000000000e+00 0.000000000000e+00 5.479113712706e-23 1.059305529115e-22 0.000000000000e+00 0.000000000000e+00 1.000000000000e+00 0.000000000000e+00
1.258925411794e+02 -7.087146195450e-02 4.119909252747e-02 0.000000000000e+00 0.000000000000e+00 5.208441393921e-23 8.959659872253e-23 0.000000000000e+00 0.000000000000e+00 1.000000000000e+00 0.000000000000e+00
1.412537544623e+02 -6.658113982005e-02 4.351957935325e-02 0.000000000000e+00 0.000000000000e+00 4.903484655482e-23 7.501901495924e-23 0.000000000000e+00 0.000000000000e+00 1.000000000000e+00 0.000000000000e+00
1.584893192461e+02 -6.184527248412e-02 4.547758808538e-02 0.000000000000e+00 0.000000000000e+00 4.566858497541e-23 6.210501041667e-23 0.000000000000e+00 0.000000000000e+00 1.000000000000e+00 0.000000000000e+00
1.778279410039e+02 -5.673419986255e-02 4.696749493590e-02 0.000000000000e+00 0.000000000000e+00 4.203562691831e-23 5.077676938457e-23 0.000000000000e+00 0.000000000000e+00 1.000000000000e+00 0.000000000000e+00
1.995262314969e+02 -5.135075028487e-02 4.790118474566e-02 0.000000000000e+00 0.000000000000e+00 3.820906291386e-23 4.096065804481e-23 0.000000000000e+00 0.000000000000e+00 1.000000000000e+00 0.000000000000e+00
2.238721138568e+02 -4.582374979233e-02 4.821992644770e-02 0.000000000000e+00 0.000000000000e+00 3.428046270465e-23 3.257697515251e-23 0.000000000000e+00 0.000000000000e+00 1.000000000000e+00 0.000000000000e+00
2.511886431510e+02 -4.029653982480e-02 4.790304095162e-02 0.000000000000e+00 0.000000000000e+00 3.035171360037e-23 2.553217940972e-23 0.000000000000e+00 0.000000000000e+00 1.000000000000e+00 0.000000000000e+00
2.818382931264e+02 -3.491248340319e-02 4.697109101464e-02 0.000000000000e+00 0.000000000000e+00 2.652471825057e-23 1.971518578116e-23 0.000000000000e+00 0.000000000000e+00 1.000000000000e+00 0.000000000000e+00
3.162277660168e+02 -2.980046675883e-02 4.548270919392e-02 0.000000000000e+00 0.000000000000e+00 2.289108918107e-23 1.499834012318e-23 0.000000000000e+00 0.000000000000e+00 1.000000000000e+00 0.000000000000e+00
3.548133892336e+02 -2.506340481989e-02 4.352594295880e-02 0.000000000000e+00 0.000000000000e+00 1.952397847666e-23 1.124243021498e-23 0.000000000000e+00 0.000000000000e+00 1.000000000000e+00 0.000000000000e+00
3.981071705535e+02 -2.077173481674e-02 4.120638445793e-02 0.000000000000e+00 0.000000000000e+00 1.647345302600e-23 8.304106324140e-24 0.000000000000e+00 0.000000000000e+00 1.000000000000e+00 0.000000000000e+00
4.466835921510e+02 -1.696233942893e-02 3.863483722411e-02 0.000000000000e+00 0.000000000000e+00 1.376572909284e-23 6.043741507310e-24 0.000000000000e+00 0.000000000000e+00 1.000000000000e+00 0.000000000000e+00
5.011872336273e+02 -1.364195808183e-02 3.591682126098e-02 0.000000000000e+00 0.000000000000e+00 1.140559707090e-23 4.332083733381e-24 0.000000000000e+00 0.000000000000e+00 1.000000000000e+00 0.000000000000e+00
5.623413251903e+02 -1.079338143502e-02 3.314521810077e-02 0.000000000000e+00 0.000000000000e+00 9.380824535367e-24 3.054763950485e-24 0.000000000000e+00 0.000000000000e+00 1.000000000000e+00 0.000000000000e+00
6.309573444802e+02 -8.382651535296e-03 3.039630956950e-02 0.000000000000e+00 0.000000000000e+00 7.667274122505e-24 2.114470082219e-24 0.000000000000e+00 0.000000000000e+00 1.000000000000e+00 0.000000000000e+00
7.079457843841e+02 -6.365890290684e-03 2.772871554171e-02 0.000000000000e+00 0.000000000000e+00 6.233757218981e-24 1.431130644877e-24 0.000000000000e+00 0.000000000000e+00 1.000000000000e+00 0.000000000000e+00
7.943282347243e+02 -4.694948580416e-03 2.518438573766e-02 0.000000000000e+00 0.000000000000e+00 5.046049358013e-24 9.406996270186e-25 0.000000000000e+00 0.000000000000e+00 1.000000000000e+00 0.000000000000e+00
8.912509381337e+02 -3.321583051267e-03 2.279078276527e-02 0.000000000000e+00 0.000000000000e+00 4.069859092233e-24 5.931509734021e-25 0.000000000000e+00 0.000000000000e+00 1.000000000000e+00 0.000000000000e+00
1.000000000000e+03 -2.200217846941e-03 2.056355254539e-02 0.000000000000e+00 0.000000000000e+00 3.272791035128e-24 3.501755462194e-25 0.000000000000e+00 0.000000000000e+00 1.000000000000e+00 0.000000000000e+00
1.122018454302e+03 -1.289532821676e-03 1.850920292646e-02 0.000000000000e+00 0.000000000000e+00 2.625474765715e-24 1.829163522778e-25 0.000000000000e+00 0.000000000000e+00 1.000000000000e+00 0.000000000000e+00
1.258925411794e+03 -5.531763154295e-04 1.662751492124e-02 0.000000000000e+00 0.000000000000e+00 2.102071470047e-24 6.993324956122e-26 0.000000000000e+00 0.000000000000e+00 1.000000000000e+00 0.000000000000e+00
1.412537544623e+03 4.011799084602e-05 1.491356352566e-02 0.000000000000e+00 0.000000000000e+00 1.680357002374e-24 -4.520217232023e-27 0.000000000000e+00 0.000000000000e+00 1.000000000000e+00 0.000000000000e+00
1.584893192461e+03 5.167823652968e-04 1.335932614315e-02 0.000000000000e+00 0.000000000000e+00 1.341543267504e-24 -5.189527491882e-26 0.000000000000e+00 0.000000000000e+00 1.000000000000e+00 0.000000000000e+00
1.778279410039e+03 8.988665602745e-04 1.195490975432e-02 0.000000000000e+00 0.000000000000e+00 1.069957269299e-24 -8.044801927081e-26 0.000000000000e+00 0.000000000000e+00 1.000000000000e+00 0.000000000000e+00
1.995262314969e+03 1.204574565420e-03 1.068945460424e-02 0.000000000000e+00 0.000000000000e+00 8.526595858892e-25 -9.608460750804e-26 0.000000000000e+00 0.000000000000e+00 1.000000000000e+00 0.000000000000e+00
2.238721138568e+03 1.448813791038e-03 9.551777246105e-03 0.000000000000e+00 0.000000000000e+00 6.790540089340e-25 -1.029989275980e-25 0.000000000000e+00 0.000000000000e+00 1.000000000000e+00 0.000000000000e+00
2.511886431510e+03 1.643714455482e-03 8.530811010314e-03 0.000000000000e+00 0.000000000000e+00 5.405183625512e-25 -1.041469380701e-25 0.000000000000e+00 0.000000000000e+00 1.000000000000e+00 0.000000000000e+00
2.818382931264e+03 1.799097519457e-03 7.615894708251e-03 0.000000000000e+00 0.000000000000e+00 4.300718952842e-25 -1.015955852378e-25 0.000000000000e+00 0.000000000000e+00 1.000000000000e+00 0.000000000000e+00
3.162277660168e+03 1.922882825654e-03 6.796950700660e-03 0.000000000000e+00 0.000000000000e+00 3.420851734772e-25 -9.677717758440e-26 0.000000000000e+00 0.000000000000e+00 1.000000000000e+00 0.000000000000e+00
3.548133892336e+03 2.021437151088e-03 6.064583190740e-03 0.000000000000e+00 0.000000000000e+00 2.720326858812e-25 -9.067349894551e-26 0.000000000000e+00 0.000000000000e+00 1.000000000000e+00 0.000000000000e+00
3.981071705535e+03 2.099866067005e-03 5.410121885432e-03 0.000000000000e+00 0.000000000000e+00 2.162853885799e-25 -8.394826547084e-26 0.000000000000e+00 0.000000000000e+00 1.000000000000e+00 0.000000000000e+00
4.466835921510e+03 2.162255760257e-03 4.825627643237e-03 0.000000000000e+00 0.000000000000e+00 1.719388189845e-25 -7.704193718349e-26 0.000000000000e+00 0.000000000000e+00 1.000000000000e+00 0.000000000000e+00
5.011872336273e+03 2.211871469826e-03 4.303874171475e-03 0.000000000000e+00 0.000000000000e+00 1.366720464682e-25 -7.023927472354e-26 0.000000000000e+00 0.000000000000e+00 1.000000000000e+00 0.000000000000e+00
5.623413251903e+03 2.251319213313e-03 3.838314114808e-03 0.000000000000e+00 0.000000000000e+00 1.086327177368e-25 -6.371727725243e-26 0.000000000000e+00 0.000000000000e+00 1.000000000000e+00 0.000000000000e+00
6.309573444802e+03 2.282676843261e-03 3.423036578374e-03 0.000000000000e+00 0.000000000000e+00 8.634390210347e-26 -5.757905922875e-26 0.000000000000e+00 0.000000000000e+00 1.000000000000e+00 0.000000000000e+00
7.079457843841e+03 2.307599805868e-03 3.052720353436e-03 0.000000000000e+00 0.000000000000e+00 6.862891832166e-26 -5.187768949021e-26 0.000000000000e+00 0.000000000000e+00 1.000000000000e+00 0.000000000000e+00
7.943282347243e+03 2.327406205108e-03 2.722585735815e-03 0.000000000000e+00 0.000000000000e+00 5.455087190711e-26 -4.663288876471e-26 0.000000000000e+00 0.000000000000e+00 1.000000000000e+00 0.000000000000e+00
8.912509381337e+03 2.343145034450e-03 2.428347145801e-03 0.000000000000e+00 0.000000000000e+00 4.336415651988e-26 -4.184266166327e-26 0.000000000000e+00 0.000000000000e+00 1.000000000000e+00 0.000000000000e+00
1.000000000000e+04 2.355650800803e-03 2.166167611654e-03 0.000000000000e+00 0.000000000000e+00 3.447562829604e-26 -3.749134691462e-26 0.000000000000e+00 0.000000000000e+00 1.000000000000e+00 0.000000000000e+00
1.122018454302e+04 2.365587182156e-03 1.932615906974e-03 0.000000000000e+00 0.000000000000e+00 2.741357537513e-26 -3.355514269052e-26 0.000000000000e+00 0.000000000000e+00 1.000000000000e+00 0.000000000000e+00
1.258925411794e+04 2.373481874665e-03 1.724626779067e-03 0.000000000000e+00 0.000000000000e+00 2.180294990518e-26 -3.000585810351e-26 0.000000000000e+00 0.000000000000e+00 1.000000000000e+00 0.000000000000e+00
1.412537544623e+04 2.379754383389e-03 1.539464283951e-03 0.000000000000e+00 0.000000000000e+00 1.734561686073e-26 -2.681342346636e-26 0.000000000000e+00 0.000000000000e+00 1.000000000000e+00 0.000000000000e+00
1.584893192461e+04 2.384738163982e-03 1.374688390179e-03 0.000000000000e+00 0.000000000000e+00 1.380461809975e-26 -2.394753593384e-26 0.000000000000e+00 0.000000000000e+00 1.000000000000e+00 0.000000000000e+00
1.778279410039e+04 2.388698255853e-03 1.228124637031e-03 0.000000000000e+00 0.000000000000e+00 1.099164201154e-26 -2.137870645230e-26 0.000000000000e+00 0.000000000000e+00 1.000000000000e+00 0.000000000000e+00
1.995262314969e+04 2.391845318199e-03 1.097836712928e-03 0.000000000000e+00 0.000000000000e+00 8.757051053362e-27 -1.907889517317e-26 0.000000000000e+00 0.000000000000e+00 1.000000000000e+00 0.000000000000e+00
2.238721138568e+04 2.394346797521e-03 9.821018190609e-04 0.000000000000e+00 0.000000000000e+00 6.981948596913e-27 -1.702186671384e-26 0.000000000000e+00 0.000000000000e+00 1.000000000000e+00 0.000000000000e+00
2.511886431510e+04 2.396335815683e-03 8.793884681699e-04 0.000000000000e+00 0.000000000000e+00 5.571869008551e-27 -1.518335724059e-26 0.000000000000e+00 0.000000000000e+00 1.000000000000e+00 0.000000000000e+00
2.818382931264e+04 2.397918237039e-03 7.883367421825e-04 0.000000000000e+00 0.000000000000e+00 4.451761609379e-27 -1.354111736633e-26 0.000000000000e+00 0.000000000000e+00 1.000000000000e+00 0.000000000000e+00
3.162277660168e+04 2.399178294746e-03 7.077405777275e-04 0.000000000000e+00 0.000000000000e+00 3.562002565141e-27 -1.207487532728e-26 0.000000000000e+00 0.000000000000e+00 1.000000000000e+00 0.000000000000e+00
3.548133892336e+04 2.400183068272e-03 6.365320279157e-04 0.000000000000e+00 0.000000000000e+00 2.855225359390e-27 -1.076625097114e-26 0.000000000000e+00 0.000000000000e+00 1.000000000000e+00 0.000000000000e+00
3.981071705535e+04 2.400986051256e-03 5.737672606575e-04 0.000000000000e+00 0.000000000000e+00 2.293801832079e-27 -9.598641436699e-27 0.000000000000e+00 0.000000000000e+00 1.000000000000e+00 0.000000000000e+00
4.466835921510e+04 2.401629995752e-03 5.186141913942e-04 0.000000000000e+00 0.000000000000e+00 1.847840699062e-27 -8.557092582269e-27 0.000000000000e+00 0.000000000000e+00 1.000000000000e+00 0.000000000000e+00
5.011872336273e+04 2.402149188846e-03 4.703414950973e-04 0.000000000000e+00 0.000000000000e+00 1.493596980597e-27 -7.628165519743e-27 0.000000000000e+00 0.000000000000e+00 1.000000000000e+00 0.000000000000e+00
5.623413251903e+04 2.402571275550e-03 4.283090002115e-04 0.000000000000e+00 0.000000000000e+00 1.212208520001e-27 -6.799804273764e-27 0.000000000000e+00 0.000000000000e+00 1.000000000000e+00 0.000000000000e+00
6.309573444802e+04 2.402918731303e-03 3.919592187477e-04 0.000000000000e+00 0.000000000000e+00 9.886919884504e-28 -6.061208372969e-27 0.000000000000e+00 0.000000000000e+00 1.000000000000e+00 0.000000000000e+00
7.079457843841e+04 2.403210057686e-03 3.608099905022e-04 0.000000000000e+00 0.000000000000e+00 8.111453556477e-28 -5.402712586269e-27 0.000000000000e+00 0.000000000000e+00 1.000000000000e+00 0.000000000000e+00
7.943282347243e+04 2.403460768073e-03 3.344480972652e-04 0.000000000000e+00 0.000000000000e+00 6.701142620961e-28 -4.815674994847e-27 0.000000000000e+00 0.000000000000e+00 1.000000000000e+00 0.000000000000e+00
8.912509381337e+04 2.403684212863e-03 3.125238023168e-04 0.000000000000e+00 0.000000000000e+00 5.580887025684e-28 -4.292373872954e-27 0.000000000000e+00 0.000000000000e+00 1.000000000000e+00 0.000000000000e+00
1.000000000000e+05 2.403892290628e-03 2.947462130083e-04 0.000000000000e+00 0.000000000000e+00 4.691031675788e-28 -3.825913407140e-27 0.000000000000e+00 0.000000000000e+00 1.000000000000e+00 0.000000000000e+00
1.122018454302e+05 2.404096081622e-03 2.808794249871e-04 0.000000000000e+00 0.000000000000e+00 3.984190164440e-28 -3.410137984727e-27 0.000000000000e+00 0.000000000000e+00 1.000000000000e+00 0.000000000000e+00
1.258925411794e+05 2.404306438061e-03 2.707393878138e-04 0.000000000000e+00 0.000000000000e+00 3.422721589107e-28 -3.039554613325e-27 0.000000000000e+00 0.000000000000e+00 1.000000000000e+00 0.000000000000e+00
1.412537544623e+05 2.404534560294e-03 2.641914717947e-04 0.000000000000e+00 0.000000000000e+00 2.976726446594e-28 -2.709262932961e-27 0.000000000000e+00 0.000000000000e+00 1.000000000000e+00 0.000000000000e+00
1.584893192461e+05 2.404792595557e-03 2.611486487817e-04 0.000000000000e+00 0.000000000000e+00 2.622454215406e-28 -2.414892249612e-27 0.000000000000e+00 0.000000000000e+00 1.000000000000e+00 0.000000000000e+00
1.778279410039e+05 2.405094282113e-03 2.615703385015e-04 0.000000000000e+00 0.000000000000e+00 2.341038877452e-28 -2.152544990621e-27 0.000000000000e+00 0.000000000000e+00 1.000000000000e+00 0.000000000000e+00
1.995262314969e+05 2.405455681897e-03 2.654618421619e-04 0.000000000000e+00 0.000000000000e+00 2.117494229474e-28 -1.918746017956e-27 0.000000000000e+00 0.000000000000e+00 1.000000000000e+00 0.000000000000e+00
2.238721138568e+05 2.405896033944e-03 2.728743697521e-04 0.000000000000e+00 0.000000000000e+00 1.939915786783e-28 -1.710397243188e-27 0.000000000000e+00 0.000000000000e+00 1.000000000000e+00 0.000000000000e+00
2.511886431510e+05 2.406438778407e-03 2.839056746762e-04 0.000000000000e+00 0.000000000000e+00 1.798846911618e-28 -1.524737034394e-27 0.000000000000e+00 0.000000000000e+00 1.000000000000e+00 0.000000000000e+00
2.818382931264e+05 2.407112801388e-03 2.987012774678e-04 0.000000000000e+00 0.000000000000e+00 1.686775217431e-28 -1.359303935143e-27 0.000000000000e+00 0.000000000000e+00 1.000000000000e+00 0.000000000000e+00
3.162277660168e+05 2.407953985701e-03 3.174562942414e-04 0.000000000000e+00 0.000000000000e+00 1.597732516678e-28 -1.211904268842e-27 0.000000000000e+00 0.000000000000e+00 1.000000000000e+00 0.000000000000e+00
3.548133892336e+05 2.409007055560e-03 3.404178729050e-04 0.000000000000e+00 0.000000000000e+00 1.526976964051e-28 -1.080583181102e-27 0.000000000000e+00 0.000000000000e+00 1.000000000000e+00 0.000000000000e+00
3.981071705535e+05 2.410328038745e-03 3.678882761730e-04 0.000000000000e+00 0.000000000000e+00 1.470740594224e-28 -9.635988754131e-28 0.000000000000e+00 0.000000000000e+00 1.000000000000e+00 0.000000000000e+00
4.466835921510e+05 2.411987178413e-03 4.002285901883e-04 0.000000000000e+00 0.000000000000e+00 1.426028616552e-28 -8.593995590259e-28 0.000000000000e+00 0.000000000000e+00 1.000000000000e+00 0.000000000000e+00
5.011872336273e+05 2.414072648203e-03 4.378631149158e-04 0.000000000000e+00 0.000000000000e+00 1.390459981036e-28 -7.666029163668e-28 0.000000000000e+00 0.000000000000e+00 1.000000000000e+00 0.000000000000e+00
5.623413251903e+05 2.416695289192e-03 4.812844022295e-04 0.000000000000e+00 0.000000000000e+00 1.362140540212e-28 -6.839778333765e-28 0.000000000000e+00 0.000000000000e+00 1.000000000000e+00 0.000000000000e+00
6.309573444802e+05 2.419994304572e-03 5.310589772665e-04 0.000000000000e+00 0.000000000000e+00 1.339562207251e-28 -6.104280411288e-28 0.000000000000e+00 0.000000000000e+00 1.000000000000e+00 0.000000000000e+00
7.079457843841e+05 2.424144747320e-03 5.878336984341e-04 0.000000000000e+00 0.000000000000e+00 1.321522648845e-28 -5.449776350344e-28 0.000000000000e+00 0.000000000000e+00 1.000000000000e+00 0.000000000000e+00
7.943282347243e+05 2.429366537795e-03 6.523427063027e-04 0.000000000000e+00 0.000000000000e+00 1.307061259557e-28 -4.867580883693e-28 0.000000000000e+00 0.000000000000e+00 1.000000000000e+00 0.000000000000e+00
8.912509381337e+05 2.435936187718e-03 7.254148598175e-04 0.000000000000e+00 0.000000000000e+00 1.295408013528e-28 -4.349967767143e-28 0.000000000000e+00 0.000000000000e+00 1.000000000000e+00 0.000000000000e+00
1.000000000000e+06 2.444200870032e-03 8.079815025966e-04 0.000000000000e+00 0.000000000000e+00 1.285942500651e-28 -3.890066503752e-28 0.000000000000e+00 0.000000000000e+00 1.000000000000e+00 0.000000000000e+00
1.122018454302e+06 2.454596599475e-03 9.010842433563e-04 0.000000000000e+00 0.000000000000e+00 1.278160897644e-28 -3.481771450417e-28 0.000000000000e+00 0.000000000000e+00 1.000000000000e+00 0.000000000000e+00
1.258925411794e+06 2.467670377515e-03 1.005882370882e-03 0.000000000000e+00 0.000000000000e+00 1.271649217619e-28 -3.119660107133e-28 0.000000000000e+00 0.000000000000e+00 1.000000000000e+00 0.000000000000e+00
1.412537544623e+06 2.484107996314e-03 1.123659202302e-03 0.000000000000e+00 0.000000000000e+00 1.266061331097e-28 -2.798920767044e-28 0.000000000000e+00 0.000000000000e+00 1.000000000000e+00 0.000000000000e+00
1.584893192461e+06 2.504768394078e-03 1.255826452545e-03 0.000000000000e+00 0.000000000000e+00 1.261100675672e-28 -2.515287926746e-28 0.000000000000e+00 0.000000000000e+00 1.000000000000e+00 0.000000000000e+00
1.778279410039e+06 2.530725853371e-03 1.403925225341e-03 0.000000000000e+00 0.000000000000e+00 1.256504675716e-28 -2.264984495128e-28 0.000000000000e+00 0.000000000000e+00 1.000000000000e+00 0.000000000000e+00
1.995262314969e+06 2.563321558606e-03 1.569621686905e-03 0.000000000000e+00 0.000000000000e+00 1.252031115814e-28 -2.044669985122e-28 0.000000000000e+00 0.000000000000e+00 1.000000000000e+00 0.000000000000e+00
2.238721138568e+06 2.604226603750e-03 1.754694589366e-03 0.000000000000e+00 0.000000000000e+00 1.247445752412e-28 -1.851394216894e-28 0.000000000000e+00 0.000000000000e+00 1.000000000000e+00 0.000000000000e+00
2.511886431510e+06 2.655517165039e-03 1.961010886985e-03 0.000000000000e+00 0.000000000000e+00 1.242510697162e-28 -1.682554903676e-28 0.000000000000e+00 0.000000000000e+00 1.000000000000e+00 0.000000000000e+00
2.818382931264e+06 2.719763914857e-03 2.190484107754e-03 0.000000000000e+00 0.000000000000e+00 1.236973051625e-28 -1.535858971791e-28 0.000000000000e+00 0.000000000000e+00 1.000000000000e+00 0.000000000000e+00
3.162277660168e+06 2.800135682809e-03 2.445008457048e-03 0.000000000000e+00 0.000000000000e+00 1.230553492320e-28 -1.409286227014e-28 0.000000000000e+00 0.000000000000e+00 1.000000000000e+00 0.000000000000e+00
3.548133892336e+06 2.900516682261e-03 2.726359322379e-03 0.000000000000e+00 0.000000000000e+00 1.222934579043e-28 -1.301054530381e-28 0.000000000000e+00 0.000000000000e+00 1.000000000000e+00 0.000000000000e+00
3.981071705535e+06 3.025633829585e-03 3.036048253209e-03 0.000000000000e+00 0.000000000000e+00 1.213748765922e-28 -1.209585296580e-28 0.000000000000e+00 0.000000000000e+00 1.000000000000e+00 0.000000000000e+00
4.466835921510e+06 3.181186321148e-03 3.375117754024e-03 0.000000000000e+00 0.000000000000e+00 1.202566388175e-28 -1.133467933015e-28 0.000000000000e+00 0.000000000000e+00 1.000000000000e+00 0.000000000000e+00
5.011872336273e+06 3.373963277339e-03 3.743858798464e-03 0.000000000000e+00 0.000000000000e+00 1.188884301185e-28 -1.071421810793e-28 0.000000000000e+00 0.000000000000e+00 1.000000000000e+00 0.000000000000e+00
5.623413251903e+06 3.611925977227e-03 4.141432778610e-03 0.000000000000e+00 0.000000000000e+00 1.172116415196e-28 -1.022254363332e-28 0.000000000000e+00 0.000000000000e+00 1.000000000000e+00 0.000000000000e+00
6.309573444802e+06 3.904216315720e-03 4.565382067702e-03 0.000000000000e+00 0.000000000000e+00 1.151588343546e-28 -9.848135234225e-29 0.000000000000e+00 0.000000000000e+00 1.000000000000e+00 0.000000000000e+00
7.079457843841e+06 4.261038249350e-03 5.011020677336e-03 0.000000000000e+00 0.000000000000e+00 1.126539246826e-28 -9.579339478343e-29 0.000000000000e+00 0.000000000000e+00 1.000000000000e+00 0.000000000000e+00
7.943282347243e+06 4.693336243246e-03 5.470715271792e-03 0.000000000000e+00 0.000000000000e+00 1.096135501285e-28 -9.403765723677e-29 0.000000000000e+00 0.000000000000e+00 1.000000000000e+00 0.000000000000e+00
8.912509381337e+06 5.212178520353e-03 5.933098933762e-03 0.000000000000e+00 0.000000000000e+00 1.059501856053e-28 -9.307636494932e-29 0.000000000000e+00 0.000000000000e+00 1.000000000000e+00 0.000000000000e+00
1.000000000000e+07 5.827742827247e-03 6.382312682025e-03 0.000000000000e+00 0.000000000000e+00 1.015776611702e-28 -9.275140780247e-29 0.000000000000e+00 0.000000000000e+00 1.000000000000e+00 0.000000000000e+00
1.122018454302e+07 6.547817593115e-03 6.797442596934e-03 0.000000000000e+00 0.000000000000e+00 9.641967879740e-29 -9.287882319696e-29 0.000000000000e+00 0.000000000000e+00 1.000000000000e+00 0.000000000000e+00
1.258925411794e+07 7.375790739214e-03 7.152405363409e-03 0.000000000000e+00 0.000000000000e+00 9.042161337908e-29 -9.324567955812e-29 0.000000000000e+00 0.000000000000e+00 1.000000000000e+00 0.000000000000e+00
1.412537544623e+07 8.308219870173e-03 7.416609946315e-03 0.000000000000e+00 0.000000000000e+00 8.356522192518e-29 -9.361126475300e-29 0.000000000000e+00 0.000000000000e+00 1.000000000000e+00 0.000000000000e+00
1.584893192461e+07 9.332274315284e-03 7.556739973519e-03 0.000000000000e+00 0.000000000000e+00 7.588476789266e-29 -9.371468024672e-29 0.000000000000e+00 0.000000000000e+00 1.000000000000e+00 0.000000000000e+00
1.778279410039e+07 1.042358267251e-02 7.539901976321e-03 0.000000000000e+00 0.000000000000e+00 6.748167150705e-29 -9.329044118108e-29 0.000000000000e+00 0.000000000000e+00 1.000000000000e+00 0.000000000000e+00
1.995262314969e+07 1.154523873746e-02 7.338110805431e-03 0.000000000000e+00 0.000000000000e+00 5.853348699460e-29 -9.209224273209e-29 0.000000000000e+00 0.000000000000e+00 1.000000000000e+00 0.000000000000e+00
2.238721138568e+07 1.264878172460e-02 6.933636646361e-03 0.000000000000e+00 0.000000000000e+00 4.929254148094e-29 -8.992259468489e-29 0.000000000000e+00 0.000000000000e+00 1.000000000000e+00 0.000000000000e+00
2.511886431510e+07 1.367773799371e-02 6.324215284206e-03 0.000000000000e+00 0.000000000000e+00 4.007068596066e-29 -8.666313829746e-29 0.000000000000e+00 0.000000000000e+00 1.000000000000e+00 0.000000000000e+00
2.818382931264e+07 1.457372700158e-02 5.526742287690e-03 0.000000000000e+00 0.000000000000e+00 3.120968213806e-29 -8.229828054392e-29 0.000000000000e+00 0.000000000000e+00 1.000000000000e+00 0.000000000000e+00
3.162277660168e+07 1.528430769434e-02 4.578082255244e-03 0.000000000000e+00 0.000000000000e+00 2.304112728560e-29 -7.692471638186e-29 0.000000000000e+00 0.000000000000e+00 1.000000000000e+00 0.000000000000e+00
3.548133892336e+07 1.577096887099e-02 3.532175104201e-03 0.000000000000e+00 0.000000000000e+00 1.584390963695e-29 -7.074219094685e-29 0.000000000000e+00 0.000000000000e+00 1.000000000000e+00 0.000000000000e+00
3.981071705535e+07 1.601531892230e-02 2.453614506234e-03 0.000000000000e+00 0.000000000000e+00 9.809039022488e-30 -6.402590458578e-29 0.000000000000e+00 0.000000000000e+00 1.000000000000e+00 0.000000000000e+00
4.466835921510e+07 1.602184441909e-02 1.408957939921e-03 0.000000000000e+00 0.000000000000e+00 5.020166952344e-30 -5.708639810271e-29 0.000000000000e+00 0.000000000000e+00 1.000000000000e+00 0.000000000000e+00
5.011872336273e+07 1.581652756845e-02 4.577536475893e-04 0.000000000000e+00 0.000000000000e+00 1.453623533164e-30 -5.022631017253e-29 0.000000000000e+00 0.000000000000e+00 1.000000000000e+00 0.000000000000e+00
5.623413251903e+07 1.544179292645e-02 -3.546732342142e-04 0.000000000000e+00 0.000000000000e+00 -1.003803133061e-30 -4.370366473804e-29 0.000000000000e+00 0.000000000000e+00 1.000000000000e+00 0.000000000000e+00
6.309573444802e+07 1.494922492438e-02 -1.001259889358e-03 0.000000000000e+00 0.000000000000e+00 -2.525613848622e-30 -3.770846100648e-29 0.000000000000e+00 0.000000000000e+00 1.000000000000e+00 0.000000000000e+00
7.079457843841e+07 1.439190486581e-02 -1.473671931395e-03 0.000000000000e+00 0.000000000000e+00 -3.312996242802e-30 -3.235477702427e-29 0.000000000000e+00 0.000000000000e+00 1.000000000000e+00 0.000000000000e+00
7.943282347243e+07 1.381798145050e-02 -1.779778815037e-03 0.000000000000e+00 0.000000000000e+00 -3.566039624938e-30 -2.768628830326e-29 0.000000000000e+00 0.000000000000e+00 1.000000000000e+00 0.000000000000e+00
8.912509381337e+07 1.326641843425e-02 -1.939315803519e-03 0.000000000000e+00 0.000000000000e+00 -3.463128992521e-30 -2.369047796300e-29 0.000000000000e+00 0.000000000000e+00 1.000000000000e+00 0.000000000000e+00
1.000000000000e+08 1.276509786138e-02 -1.979005329618e-03 0.000000000000e+00 0.000000000000e+00 -3.149684806140e-30 -2.031628423691e-29 0.000000000000e+00 0.000000000000e+00 1.000000000000e+00 0.000000000000e+00
1.122018454302e+08 1.233088595230e-02 -1.928122978543e-03 0.000000000000e+00 0.000000000000e+00 -2.734984453665e-30 -1.749099085212e-29 0.000000000000e+00 0.000000000000e+00 1.000000000000e+00 0.000000000000e+00
1.258925411794e+08 1.197100994717e-02 -1.815052125925e-03 0.000000000000e+00 0.000000000000e+00 -2.294611857892e-30 -1.513390220775e-29 0.000000000000e+00 0.000000000000e+00 1.000000000000e+00 0.000000000000e+00
1.412537544623e+08 1.168510257557e-02 -1.664977836556e-03 0.000000000000e+00 0.000000000000e+00 -1.875981660346e-30 -1.316596392441e-29 0.000000000000e+00 0.000000000000e+00 1.000000000000e+00 0.000000000000e+00
1.584893192461e+08 1.146742130493e-02 -1.498621715095e-03 0.000000000000e+00 0.000000000000e+00 -1.504915630383e-30 -1.151558221007e-29 0.000000000000e+00 0.000000000000e+00 1.000000000000e+00 0.000000000000e+00
1.778279410039e+08 1.130892509635e-02 -1.331812113936e-03 0.000000000000e+00 0.000000000000e+00 -1.191963872527e-30 -1.012142028964e-29 0.000000000000e+00 0.000000000000e+00 1.000000000000e+00 0.000000000000e+00
1.995262314969e+08 1.119902992492e-02 -1.175664684605e-03 0.000000000000e+00 0.000000000000e+00 -9.377856964957e-31 -8.933065878173e-30 0.000000000000e+00 0.000000000000e+00 1.000000000000e+00 0.000000000000e+00
2.238721138568e+08 1.112695713705e-02 -1.037163204405e-03 0.000000000000e+00 0.000000000000e+00 -7.373390456289e-31 -7.910365428834e-30 0.000000000000e+00 0.000000000000e+00 1.000000000000e+00 0.000000000000e+00
2.511886431510e+08 1.108265311834e-02 -9.199527246023e-04 0.000000000000e+00 0.000000000000e+00 -5.828887074457e-31 -7.022049262384e-30 0.000000000000e+00 0.000000000000e+00 1.000000000000e+00 0.000000000000e+00
2.818382931264e+08 1.105731094620e-02 -8.251836447763e-04 0.000000000000e+00 0.000000000000e+00 -4.659837191315e-31 -6.244097190873e-30 0.000000000000e+00 0.000000000000e+00 1.000000000000e+00 0.000000000000e+00
3.162277660168e+08 1.104356720742e-02 -7.522822372879e-04 0.000000000000e+00 0.000000000000e+00 -3.786177228290e-31 -5.558140363724e-30 0.000000000000e+00 0.000000000000e+00 1.000000000000e+00 0.000000000000e+00
3.548133892336e+08 1.103547328780e-02 -6.995708360339e-04 0.000000000000e+00 0.000000000000e+00 -3.137991969193e-31 -4.950067208304e-30 0.000000000000e+00 0.000000000000e+00 1.000000000000e+00 0.000000000000e+00
3.981071705535e+08 1.102834460027e-02 -6.647113212555e-04 0.000000000000e+00 0.000000000000e+00 -2.657377217293e-31 -4.408902142642e-30 0.000000000000e+00 0.000000000000e+00 1.000000000000e+00 0.000000000000e+00
4.466835921510e+08 1.101857496871e-02 -6.449875811960e-04 0.000000000000e+00 0.000000000000e+00 -2.298113554741e-31 -3.925957216504e-30 0.000000000000e+00 0.000000000000e+00 1.000000000000e+00 0.000000000000e+00
5.011872336273e+08 1.100347485358e-02 -6.374687675078e-04 0.000000000000e+00 0.000000000000e+00 -2.024319428117e-31 -3.494217922234e-30 0.000000000000e+00 0.000000000000e+00 1.000000000000e+00 0.000000000000e+00
5.623413251903e+08 1.098116101651e-02 -6.391041843511e-04 0.000000000000e+00 0.000000000000e+00 -1.808805178168e-31 -3.107909695370e-30 0.000000000000e+00 0.000000000000e+00 1.000000000000e+00 0.000000000000e+00
6.309573444802e+08 1.095049889333e-02 -6.467963487395e-04 0.000000000000e+00 0.000000000000e+00 -1.631502303226e-31 -2.762193107731e-30 0.000000000000e+00 0.000000000000e+00 1.000000000000e+00 0.000000000000e+00
7.079457843841e+08 1.091108039587e-02 -6.574865034039e-04 0.000000000000e+00 0.000000000000e+00 -1.478110744370e-31 -2.452945434213e-30 0.000000000000e+00 0.000000000000e+00 1.000000000000e+00 0.000000000000e+00
7.943282347243e+08 1.086320919452e-02 -6.682707561010e-04 0.000000000000e+00 0.000000000000e+00 -1.338975369472e-31 -2.176598244364e-30 0.000000000000e+00 0.000000000000e+00 1.000000000000e+00 0.000000000000e+00
8.912509381337e+08 1.080786230529e-02 -6.765472293164e-04 0.000000000000e+00 0.000000000000e+00 -1.208142748285e-31 -1.930011668481e-30 0.000000000000e+00 0.000000000000e+00 1.000000000000e+00 0.000000000000e+00
1.000000000000e+09 1.074660164547e-02 -6.801769891905e-04 0.000000000000e+00 0.000000000000e+00 -1.082535300070e-31 -1.710374773316e-30 0.000000000000e+00 0.000000000000e+00 1.000000000000e+00 0.000000000000e+00
