# freq_hz rev(vout) imv(vout) rev(vinp) imv(vinp) rev(vinn) imv(vinn) rev(vdd) imv(vdd) rev(vss) imv(vss)
1.000000000000e-01 -1.416045179950e-01 6.030879591316e-05 0.000000000000e+00 0.000000000000e+00 9.598442981501e-23 2.253705900305e-19 0.000000000000e+00 0.000000000000e+00 1.000000000000e+00 0.000000000000e+00
1.122018454302e-01 -1.416045114542e-01 6.766757890115e-05 0.000000000000e+00 0.000000000000e+00 9.598442546010e-23 2.008617405146e-19 0.000000000000e+00 0.000000000000e+00 1.000000000000e+00 0.000000000000e+00
1.258925411794e-01 -1.416045032221e-01 7.592426794780e-05 0.000000000000e+00 0.000000000000e+00 9.598441997692e-23 1.790182042617e-19 0.000000000000e+00 0.000000000000e+00 1.000000000000e+00 0.000000000000e+00
1.412537544623e-01 -1.416044928571e-01 8.518842363798e-05 0.000000000000e+00 0.000000000000e+00 9.598441307139e-23 1.595501308127e-19 0.000000000000e+00 0.000000000000e+00 1.000000000000e+00 0.000000000000e+00
1.584893192461e-01 -1.416044798104e-01 9.558297475746e-05 0.000000000000e+00 0.000000000000e+00 9.598440437777e-23 1.421991906646e-19 0.000000000000e+00 0.000000000000e+00 1.000000000000e+00 0.000000000000e+00
1.778279410039e-01 -1.416044633819e-01 1.072458493624e-04 0.000000000000e+00 0.000000000000e+00 9.598439342977e-23 1.267351473783e-19 0.000000000000e+00 0.000000000000e+00 1.000000000000e+00 0.000000000000e+00
1.995262314969e-01 -1.416044427014e-01 1.203318048534e-04 0.000000000000e+00 0.000000000000e+00 9.598437964726e-23 1.129528024993e-19 0.000000000000e+00 0.000000000000e+00 1.000000000000e+00 0.000000000000e+00
2.238721138568e-01 -1.416044166701e-01 1.350144812811e-04 0.000000000000e+00 0.000000000000e+00 9.598436229807e-23 1.006692726862e-19 0.000000000000e+00 0.000000000000e+00 1.000000000000e+00 0.000000000000e+00
2.511886431510e-01 -1.416043838916e-01 1.514887051158e-04 0.000000000000e+00 0.000000000000e+00 9.598434045155e-23 8.972156295412e-20 0.000000000000e+00 0.000000000000e+00 1.000000000000e+00 0.000000000000e+00
2.818382931264e-01 -1.416043426359e-01 1.699730740654e-04 0.000000000000e+00 0.000000000000e+00 9.598431295459e-23 7.996440385646e-20 0.000000000000e+00 0.000000000000e+00 1.000000000000e+00 0.000000000000e+00
3.162277660168e-01 -1.416042906870e-01 1.907128570402e-04 0.000000000000e+00 0.000000000000e+00 9.598427833028e-23 7.126832380890e-20 0.000000000000e+00 0.000000000000e+00 1.000000000000e+00 0.000000000000e+00
3.548133892336e-01 -1.416042252937e-01 2.139832479043e-04 0.000000000000e+00 0.000000000000e+00 9.598423474490e-23 6.351793112114e-20 0.000000000000e+00 0.000000000000e+00 1.000000000000e+00 0.000000000000e+00
3.981071705535e-01 -1.416041429660e-01 2.400930158029e-04 0.000000000000e+00 0.000000000000e+00 9.598417987232e-23 5.661038278714e-20 0.000000000000e+00 0.000000000000e+00 1.000000000000e+00 0.000000000000e+00
4.466835921510e-01 -1.416040393201e-01 2.693886005956e-04 0.000000000000e+00 0.000000000000e+00 9.598411079068e-23 5.045401983771e-20 0.000000000000e+00 0.000000000000e+00 1.000000000000e+00 0.000000000000e+00
5.011872336273e-01 -1.416039088421e-01 3.022587073872e-04 0.000000000000e+00 0.000000000000e+00 9.598402382494e-23 4.496715107895e-20 0.000000000000e+00 0.000000000000e+00 1.000000000000e+00 0.000000000000e+00
5.623413251903e-01 -1.416037445769e-01 3.391394608168e-04 0.000000000000e+00 0.000000000000e+00 9.598391433931e-23 4.007696909366e-20 0.000000000000e+00 0.000000000000e+00 1.000000000000e+00 0.000000000000e+00
6.309573444802e-01 -1.416035377839e-01 3.805201871973e-04 0.000000000000e+00 0.000000000000e+00 9.598377650803e-23 3.571858414005e-20 0.000000000000e+00 0.000000000000e+00 1.000000000000e+00 0.000000000000e+00
7.079457843841e-01 -1.416032774393e-01 4.269499004064e-04 0.000000000000e+00 0.000000000000e+00 9.598360298365e-23 3.183416309495e-20 0.000000000000e+00 0.000000000000e+00 1.000000000000e+00 0.000000000000e+00
7.943282347243e-01 -1.416029496957e-01 4.790445770683e-04 0.000000000000e+00 0.000000000000e+00 9.598338453656e-23 2.837216205500e-20 0.000000000000e+00 0.000000000000e+00 1.000000000000e+00 0.000000000000e+00
8.912509381337e-01 -1.416025370878e-01 5.374953158729e-04 0.000000000000e+00 0.000000000000e+00 9.598310952585e-23 2.528664236704e-20 0.000000000000e+00 0.000000000000e+00 1.000000000000e+00 0.000000000000e+00
1.000000000000e+00 -1.416020176519e-01 6.030774881859e-04 0.000000000000e+00 0.000000000000e+00 9.598276331225e-23 2.253666106109e-20 0.000000000000e+00 0.000000000000e+00 1.000000000000e+00 0.000000000000e+00
1.122018454302e+00 -1.416013637207e-01 6.766609983905e-04 0.000000000000e+00 0.000000000000e+00 9.598232745501e-23 2.008572755492e-20 0.000000000000e+00 0.000000000000e+00 1.000000000000e+00 0.000000000000e+00
1.258925411794e+00 -1.416005404868e-01 7.592217872451e-04 0.000000000000e+00 0.000000000000e+00 9.598177875441e-23 1.790131945215e-20 0.000000000000e+00 0.000000000000e+00 1.000000000000e+00 0.000000000000e+00
1.412537544623e+00 -1.415995041021e-01 8.518547254547e-04 0.000000000000e+00 0.000000000000e+00 9.598108798482e-23 1.595445098292e-20 0.000000000000e+00 0.000000000000e+00 1.000000000000e+00 0.000000000000e+00
1.584893192461e+00 -1.415981994033e-01 9.557880626540e-04 0.000000000000e+00 0.000000000000e+00 9.598021837888e-23 1.421928838810e-20 0.000000000000e+00 0.000000000000e+00 1.000000000000e+00 0.000000000000e+00
1.778279410039e+00 -1.415965569077e-01 1.072399612732e-03 0.000000000000e+00 0.000000000000e+00 9.597912362506e-23 1.267280711312e-20 0.000000000000e+00 0.000000000000e+00 1.000000000000e+00 0.000000000000e+00
1.995262314969e+00 -1.415944891839e-01 1.203234878223e-03 0.000000000000e+00 0.000000000000e+00 9.597774544883e-23 1.129448629342e-20 0.000000000000e+00 0.000000000000e+00 1.000000000000e+00 0.000000000000e+00
2.238721138568e+00 -1.415918861615e-01 1.350027333720e-03 0.000000000000e+00 0.000000000000e+00 9.597601048609e-23 1.006603645093e-20 0.000000000000e+00 0.000000000000e+00 1.000000000000e+00 0.000000000000e+00
2.511886431510e+00 -1.415886092759e-01 1.514721111285e-03 0.000000000000e+00 0.000000000000e+00 9.597382638109e-23 8.971156804341e-21 0.000000000000e+00 0.000000000000e+00 1.000000000000e+00 0.000000000000e+00
2.818382931264e+00 -1.415844841358e-01 1.699496350988e-03 0.000000000000e+00 0.000000000000e+00 9.597107689872e-23 7.995318970095e-21 0.000000000000e+00 0.000000000000e+00 1.000000000000e+00 0.000000000000e+00
3.162277660168e+00 -1.415792912320e-01 1.906797498295e-03 0.000000000000e+00 0.000000000000e+00 9.596761573198e-23 7.125574178018e-21 0.000000000000e+00 0.000000000000e+00 1.000000000000e+00 0.000000000000e+00
3.548133892336e+00 -1.415727542852e-01 2.139364848647e-03 0.000000000000e+00 0.000000000000e+00 9.596325873574e-23 6.350381449894e-21 0.000000000000e+00 0.000000000000e+00 1.000000000000e+00 0.000000000000e+00
3.981071705535e+00 -1.415645256056e-01 2.400269650728e-03 0.000000000000e+00 0.000000000000e+00 9.595777416812e-23 5.659454459277e-21 0.000000000000e+00 0.000000000000e+00 1.000000000000e+00 0.000000000000e+00
4.466835921510e+00 -1.415541676413e-01 2.692953082351e-03 0.000000000000e+00 0.000000000000e+00 9.595087039282e-23 5.043625038227e-21 0.000000000000e+00 0.000000000000e+00 1.000000000000e+00 0.000000000000e+00
5.011872336273e+00 -1.415411298575e-01 3.021269404695e-03 0.000000000000e+00 0.000000000000e+00 9.594218046803e-23 4.494721524448e-21 0.000000000000e+00 0.000000000000e+00 1.000000000000e+00 0.000000000000e+00
5.623413251903e+00 -1.415247196302e-01 3.389533565566e-03 0.000000000000e+00 0.000000000000e+00 9.593124274713e-23 4.005460329848e-21 0.000000000000e+00 0.000000000000e+00 1.000000000000e+00 0.000000000000e+00
6.309573444802e+00 -1.415040656789e-01 3.802573460140e-03 0.000000000000e+00 0.000000000000e+00 9.591747650546e-23 3.569349293960e-21 0.000000000000e+00 0.000000000000e+00 1.000000000000e+00 0.000000000000e+00
7.079457843841e+00 -1.414780723298e-01 4.265786951146e-03 0.000000000000e+00 0.000000000000e+00 9.590015145614e-23 3.180601544226e-21 0.000000000000e+00 0.000000000000e+00 1.000000000000e+00 0.000000000000e+00
7.943282347243e+00 -1.414453619923e-01 4.785203560451e-03 0.000000000000e+00 0.000000000000e+00 9.587834940943e-23 2.834058712052e-21 0.000000000000e+00 0.000000000000e+00 1.000000000000e+00 0.000000000000e+00
8.912509381337e+00 -1.414042032576e-01 5.367550479908e-03 0.000000000000e+00 0.000000000000e+00 9.585091634928e-23 2.525122494630e-21 0.000000000000e+00 0.000000000000e+00 1.000000000000e+00 0.000000000000e+00
1.000000000000e+01 -1.413524209624e-01 6.020322123053e-03 0.000000000000e+00 0.000000000000e+00 9.581640248894e-23 2.249693651417e-21 0.000000000000e+00 0.000000000000e+00 1.000000000000e+00 0.000000000000e+00
1.122018454302e+01 -1.412872839014e-01 6.751851826401e-03 0.000000000000e+00 0.000000000000e+00 9.577298742956e-23 2.004117627720e-21 0.000000000000e+00 0.000000000000e+00 1.000000000000e+00 0.000000000000e+00
1.258925411794e+01 -1.412053651030e-01 7.571383424734e-03 0.000000000000e+00 0.000000000000e+00 9.571838703082e-23 1.785136088024e-21 0.000000000000e+00 0.000000000000e+00 1.000000000000e+00 0.000000000000e+00
1.412537544623e+01 -1.411023681530e-01 8.489139133445e-03 0.000000000000e+00 0.000000000000e+00 9.564973765305e-23 1.589843714881e-21 0.000000000000e+00 0.000000000000e+00 1.000000000000e+00 0.000000000000e+00
1.584893192461e+01 -1.409729125702e-01 9.516378400382e-03 0.000000000000e+00 0.000000000000e+00 9.556345310574e-23 1.415649709667e-21 0.000000000000e+00 0.000000000000e+00 1.000000000000e+00 0.000000000000e+00
1.778279410039e+01 -1.408102693523e-01 1.066543984295e-02 0.000000000000e+00 0.000000000000e+00 9.545504838400e-23 1.260243484741e-21 0.000000000000e+00 0.000000000000e+00 1.000000000000e+00 0.000000000000e+00
1.995262314969e+01 -1.406060376154e-01 1.194975497154e-02 0.000000000000e+00 0.000000000000e+00 9.531892414289e-23 1.121564104487e-21 0.000000000000e+00 0.000000000000e+00 1.000000000000e+00 0.000000000000e+00
2.238721138568e+01 -1.403497518581e-01 1.338381766014e-02 0.000000000000e+00 0.000000000000e+00 9.514810493167e-23 9.977730761155e-22 0.000000000000e+00 0.000000000000e+00 1.000000000000e+00 0.000000000000e+00
2.511886431510e+01 -1.400284103914e-01 1.498308712075e-02 0.000000000000e+00 0.000000000000e+00 9.493392488332e-23 8.872301473321e-22 0.000000000000e+00 0.000000000000e+00 1.000000000000e+00 0.000000000000e+00
2.818382931264e+01 -1.396259167087e-01 1.676379395512e-02 0.000000000000e+00 0.000000000000e+00 9.466565537758e-23 7.884718070568e-22 0.000000000000e+00 0.000000000000e+00 1.000000000000e+00 0.000000000000e+00
3.162277660168e+01 -1.391224302443e-01 1.874260858956e-02 0.000000000000e+00 0.000000000000e+00 9.433007230952e-23 7.001922300257e-22 0.000000000000e+00 0.000000000000e+00 1.000000000000e+00 0.000000000000e+00
3.548133892336e+01 -1.384936315150e-01 2.093611897255e-02 0.000000000000e+00 0.000000000000e+00 9.391096629241e-23 6.212264449765e-22 0.000000000000e+00 0.000000000000e+00 1.000000000000e+00 0.000000000000e+00
3.981071705535e+01 -1.377099215175e-01 2.336005039186e-02 0.000000000000e+00 0.000000000000e+00 9.338860904142e-23 5.505355427746e-22 0.000000000000e+00 0.000000000000e+00 1.000000000000e+00 0.000000000000e+00
4.466835921510e+01 -1.367355996555e-01 2.602814629411e-02 0.000000000000e+00 0.000000000000e+00 9.273920544693e-23 4.871937757330e-22 0.000000000000e+00 0.000000000000e+00 1.000000000000e+00 0.000000000000e+00
5.011872336273e+01 -1.355281014286e-01 2.895061845947e-02 0.000000000000e+00 0.000000000000e+00 9.193438547992e-23 4.303774282939e-22 0.000000000000e+00 0.000000000000e+00 1.000000000000e+00 0.000000000000e+00
5.623413251903e+01 -1.340374297015e-01 3.213207401518e-02 0.000000000000e+00 0.000000000000e+00 9.094082512216e-23 3.793553584045e-22 0.000000000000e+00 0.000000000000e+00 1.000000000000e+00 0.000000000000e+00
6.309573444802e+01 -1.322059845025e-01 3.556884612975e-02 0.000000000000e+00 0.000000000000e+00 8.972013292418e-23 3.334811160212e-22 0.000000000000e+00 0.000000000000e+00 1.000000000000e+00 0.000000000000e+00
7.079457843841e+01 -1.299690805500e-01 3.924570950047e-02 0.000000000000e+00 0.000000000000e+00 8.822919494582e-23 2.921865215518e-22 0.000000000000e+00 0.000000000000e+00 1.000000000000e+00 0.000000000000e+00
7.943282347243e+01 -1.272565299725e-01 4.313207084359e-02 0.000000000000e+00 0.000000000000e+00 8.642122966874e-23 2.549765311173e-22 0.000000000000e+00 0.000000000000e+00 1.000000000000e+00 0.000000000000e+00
8.912509381337e+01 -1.239957289410e-01 4.717790707308e-02 0.000000000000e+00 0.000000000000e+00 8.424784529409e-23 2.214251041863e-22 0.000000000000e+00 0.000000000000e+00 1.000000000000e+00 0.000000000000e+00
1.000000000000e+02 -1.201166745056e-01 5.130998885169e-02 0.000000000000e+00 0.000000000000e+00 8.166238355734e-23 1.911716249532e-22 0.000000000000e+00 0.000000000000e+00 1.000000000000e+00 0.000000000000e+00
1.122018454302e+02 -1.155591796875e-01 5.542925332713e-02 0.000000000000e+00 0.000000000000e+00 7.862472872065e-23 1.639172207586e-22 0.000000000000e+00 0.000000000000e+00 1.000000000000e+00 0.000000000000e+00
1.258925411794e+02 -1.102821756986e-01 5.941050161031e-02 0.000000000000e+00 0.000000000000e+00 7.510750767493e-23 1.394201215809e-22 0.000000000000e+00 0.000000000000e+00 1.000000000000e+00 0.000000000000e+00
1.412537544623e+02 -1.042743514446e-01 6.310574542664e-02 0.000000000000e+00 0.000000000000e+00 7.110318136592e-23 1.174891140649e-22 0.000000000000e+00 0.000000000000e+00 1.000000000000e+00 0.000000000000e+00
1.584893192461e+02 -9.756454611444e-02 6.635230506864e-02 0.000000000000e+00 0.000000000000e+00 6.663097164810e-23 9.797429794319e-23 0.000000000000e+00 0.000000000000e+00 1.000000000000e+00 0.000000000000e+00
1.778279410039e+02 -9.022951869329e-02 6.898598057533e-02 0.000000000000e+00 0.000000000000e+00 6.174203980895e-23 8.075487930506e-23 0.000000000000e+00 0.000000000000e+00 1.000000000000e+00 0.000000000000e+00
1.995262314969e+02 -8.239637518307e-02 7.085826386044e-02 0.000000000000e+00 0.000000000000e+00 5.652110435653e-23 6.572464334567e-23 0.000000000000e+00 0.000000000000e+00 1.000000000000e+00 0.000000000000e+00
2.238721138568e+02 -7.423747352846e-02 7.185494246836e-02 0.000000000000e+00 0.000000000000e+00 5.108304505819e-23 5.277683169715e-23 0.000000000000e+00 0.000000000000e+00 1.000000000000e+00 0.000000000000e+00
2.511886431510e+02 -6.595721989747e-02 7.191221862222e-02 0.000000000000e+00 0.000000000000e+00 4.556410241665e-23 4.179097210607e-23 0.000000000000e+00 0.000000000000e+00 1.000000000000e+00 0.000000000000e+00
2.818382931264e+02 -5.777245378367e-02 7.102636357072e-02 0.000000000000e+00 0.000000000000e+00 4.010880397665e-23 3.262428072574e-23 0.000000000000e+00 0.000000000000e+00 1.000000000000e+00 0.000000000000e+00
3.162277660168e+02 -4.989020884396e-02 6.925429597158e-02 0.000000000000e+00 0.000000000000e+00 3.485514151100e-23 2.510934902845e-23 0.000000000000e+00 0.000000000000e+00 1.000000000000e+00 0.000000000000e+00
3.548133892336e+02 -4.248754963850e-02 6.670492282136e-02 0.000000000000e+00 0.000000000000e+00 2.992113183360e-23 1.905819721019e-23 0.000000000000e+00 0.000000000000e+00 1.000000000000e+00 0.000000000000e+00
3.981071705535e+02 -3.569745937505e-02 6.352360102720e-02 0.000000000000e+00 0.000000000000e+00 2.539541071923e-23 1.427109968269e-23 0.000000000000e+00 0.000000000000e+00 1.000000000000e+00 0.000000000000e+00
4.466835921510e+02 -2.960275887410e-02 5.987361241519e-02 0.000000000000e+00 0.000000000000e+00 2.133317978115e-23 1.054756764466e-23 0.000000000000e+00 0.000000000000e+00 1.000000000000e+00 0.000000000000e+00
5.011872336273e+02 -2.423772213150e-02 5.591861306742e-02 0.000000000000e+00 0.000000000000e+00 1.775728327338e-23 7.696830700570e-24 0.000000000000e+00 0.000000000000e+00 1.000000000000e+00 0.000000000000e+00
5.623413251903e+02 -1.959534595573e-02 5.180888976507e-02 0.000000000000e+00 0.000000000000e+00 1.466305343898e-23 5.545913186080e-24 0.000000000000e+00 0.000000000000e+00 1.000000000000e+00 0.000000000000e+00
6.309573444802e+02 -1.563756548493e-02 4.767264666373e-02 0.000000000000e+00 0.000000000000e+00 1.202511934156e-23 3.944475591928e-24 0.000000000000e+00 0.000000000000e+00 1.000000000000e+00 0.000000000000e+00
7.079457843841e+02 -1.230596532541e-02 4.361213607510e-02 0.000000000000e+00 0.000000000000e+00 9.804546037640e-24 2.766532768835e-24 0.000000000000e+00 0.000000000000e+00 1.000000000000e+00 0.000000000000e+00
7.943282347243e+02 -9.531297385634e-03 3.970359125888e-02 0.000000000000e+00 0.000000000000e+00 7.955178389881e-24 1.909730797281e-24 0.000000000000e+00 0.000000000000e+00 1.000000000000e+00 0.000000000000e+00
8.912509381337e+02 -7.240963309435e-03 3.599964189058e-02 0.000000000000e+00 0.000000000000e+00 6.428628247418e-24 1.293053453449e-24 0.000000000000e+00 0.000000000000e+00 1.000000000000e+00 0.000000000000e+00
1.000000000000e+03 -5.364286718838e-03 3.253300458622e-02 0.000000000000e+00 0.000000000000e+00 5.177788493528e-24 8.537527474653e-25 0.000000000000e+00 0.000000000000e+00 1.000000000000e+00 0.000000000000e+00
1.122018454302e+03 -3.835811023440e-03 2.932054482280e-02 0.000000000000e+00 0.000000000000e+00 4.159031096862e-24 5.440982568569e-25 0.000000000000e+00 0.000000000000e+00 1.000000000000e+00 0.000000000000e+00
1.258925411794e+03 -2.597039165810e-03 2.636713597215e-02 0.000000000000e+00 0.000000000000e+00 3.333366683864e-24 3.283209765802e-25 0.000000000000e+00 0.000000000000e+00 1.000000000000e+00 0.000000000000e+00
1.412537544623e+03 -1.597057756306e-03 2.366901436254e-02 0.000000000000e+00 0.000000000000e+00 2.666860536381e-24 1.799454020086e-25 0.000000000000e+00 0.000000000000e+00 1.000000000000e+00 0.000000000000e+00
1.584893192461e+03 -7.924324412355e-04 2.121652331728e-02 0.000000000000e+00 0.000000000000e+00 2.130562852583e-24 7.957605010168e-26 0.000000000000e+00 0.000000000000e+00 1.000000000000e+00 0.000000000000e+00
1.778279410039e+03 -1.466748035580e-04 1.899625467720e-02 0.000000000000e+00 0.000000000000e+00 1.700153426419e-24 1.312730714953e-26 0.000000000000e+00 0.000000000000e+00 1.000000000000e+00 0.000000000000e+00
1.995262314969e+03 3.705050238590e-04 1.699265686720e-02 0.000000000000e+00 0.000000000000e+00 1.355443500531e-24 -2.955386143727e-26 0.000000000000e+00 0.000000000000e+00 1.000000000000e+00 0.000000000000e+00
2.238721138568e+03 7.840184295065e-04 1.518920085211e-02 0.000000000000e+00 0.000000000000e+00 1.079829173711e-24 -5.573736111275e-26 0.000000000000e+00 0.000000000000e+00 1.000000000000e+00 0.000000000000e+00
2.511886431510e+03 1.114204394662e-03 1.356919687235e-02 0.000000000000e+00 0.000000000000e+00 8.597541389338e-25 -7.059679721210e-26 0.000000000000e+00 0.000000000000e+00 1.000000000000e+00 0.000000000000e+00
2.818382931264e+03 1.377573774245e-03 1.211634344967e-02 0.000000000000e+00 0.000000000000e+00 6.842136073218e-25 -7.779201087712e-26 0.000000000000e+00 0.000000000000e+00 1.000000000000e+00 0.000000000000e+00
3.162277660168e+03 1.587469262770e-03 1.081507945160e-02 0.000000000000e+00 0.000000000000e+00 5.443144276464e-25 -7.989607723531e-26 0.000000000000e+00 0.000000000000e+00 1.000000000000e+00 0.000000000000e+00
3.548133892336e+03 1.754634894805e-03 9.650791754669e-03 0.000000000000e+00 0.000000000000e+00 4.328955048240e-25 -7.870582827579e-26 0.000000000000e+00 0.000000000000e+00 1.000000000000e+00 0.000000000000e+00
3.981071705535e+03 1.887697729543e-03 8.609922610549e-03 0.000000000000e+00 0.000000000000e+00 3.442067474450e-25 -7.546621787859e-26 0.000000000000e+00 0.000000000000e+00 1.000000000000e+00 0.000000000000e+00
4.466835921510e+03 1.993569521673e-03 7.680006528988e-03 0.000000000000e+00 0.000000000000e+00 2.736413478231e-25 -7.103158686525e-26 0.000000000000e+00 0.000000000000e+00 1.000000000000e+00 0.000000000000e+00
5.011872336273e+03 2.077777955171e-03 6.849661281346e-03 0.000000000000e+00 0.000000000000e+00 2.175150080224e-25 -6.598105658431e-26 0.000000000000e+00 0.000000000000e+00 1.000000000000e+00 0.000000000000e+00
5.623413251903e+03 2.144737605787e-03 6.108548610391e-03 0.000000000000e+00 0.000000000000e+00 1.728853390122e-25 -6.070078372430e-26 0.000000000000e+00 0.000000000000e+00 1.000000000000e+00 0.000000000000e+00
6.309573444802e+03 2.197970165014e-03 5.447317016894e-03 0.000000000000e+00 0.000000000000e+00 1.374050777619e-25 -5.544238760207e-26 0.000000000000e+00 0.000000000000e+00 1.000000000000e+00 0.000000000000e+00
7.079457843841e+03 2.240282551351e-03 4.857534803069e-03 0.000000000000e+00 0.000000000000e+00 1.092033729422e-25 -5.036431458946e-26 0.000000000000e+00 0.000000000000e+00 1.000000000000e+00 0.000000000000e+00
7.943282347243e+03 2.273910422241e-03 4.331618709376e-03 0.000000000000e+00 0.000000000000e+00 8.679013272465e-26 -4.556102477882e-26 0.000000000000e+00 0.000000000000e+00 1.000000000000e+00 0.000000000000e+00
8.912509381337e+03 2.300633447436e-03 3.862762267199e-03 0.000000000000e+00 0.000000000000e+00 6.897919345822e-26 -4.108351191963e-26 0.000000000000e+00 0.000000000000e+00 1.000000000000e+00 0.000000000000e+00
1.000000000000e+04 2.321867690794e-03 3.444866062434e-03 0.000000000000e+00 0.000000000000e+00 5.482674621259e-26 -3.695367201953e-26 0.000000000000e+00 0.000000000000e+00 1.000000000000e+00 0.000000000000e+00
1.122018454302e+04 2.338739512911e-03 3.072471290967e-03 0.000000000000e+00 0.000000000000e+00 4.358208116725e-26 -3.317431657715e-26 0.000000000000e+00 0.000000000000e+00 1.000000000000e+00 0.000000000000e+00
1.258925411794e+04 2.352144596959e-03 2.740697716850e-03 0.000000000000e+00 0.000000000000e+00 3.464824723299e-26 -2.973610953959e-26 0.000000000000e+00 0.000000000000e+00 1.000000000000e+00 0.000000000000e+00
1.412537544623e+04 2.362795041996e-03 2.445186306833e-03 0.000000000000e+00 0.000000000000e+00 2.755066504212e-26 -2.662233735863e-26 0.000000000000e+00 0.000000000000e+00 1.000000000000e+00 0.000000000000e+00
1.584893192461e+04 2.371256906955e-03 2.182046497858e-03 0.000000000000e+00 0.000000000000e+00 2.191210662286e-26 -2.381215717739e-26 0.000000000000e+00 0.000000000000e+00 1.000000000000e+00 0.000000000000e+00
1.778279410039e+04 2.377980111415e-03 1.947808358719e-03 0.000000000000e+00 0.000000000000e+00 1.743276825542e-26 -2.128277970094e-26 0.000000000000e+00 0.000000000000e+00 1.000000000000e+00 0.000000000000e+00
1.995262314969e+04 2.383322245767e-03 1.739379093119e-03 0.000000000000e+00 0.000000000000e+00 1.387440531021e-26 -1.901090967083e-26 0.000000000000e+00 0.000000000000e+00 1.000000000000e+00 0.000000000000e+00
2.238721138568e+04 2.387567517717e-03 1.554003870157e-03 0.000000000000e+00 0.000000000000e+00 1.104770903613e-26 -1.697367152451e-26 0.000000000000e+00 0.000000000000e+00 1.000000000000e+00 0.000000000000e+00
2.511886431510e+04 2.390941825675e-03 1.389230614469e-03 0.000000000000e+00 0.000000000000e+00 8.802265763845e-27 -1.514918052934e-26 0.000000000000e+00 0.000000000000e+00 1.000000000000e+00 0.000000000000e+00
2.818382931264e+04 2.393624752859e-03 1.242878330798e-03 0.000000000000e+00 0.000000000000e+00 7.018571813431e-27 -1.351687193031e-26 0.000000000000e+00 0.000000000000e+00 1.000000000000e+00 0.000000000000e+00
3.162277660168e+04 2.395759103471e-03 1.113008907389e-03 0.000000000000e+00 0.000000000000e+00 5.601686137415e-27 -1.205766680699e-26 0.000000000000e+00 0.000000000000e+00 1.000000000000e+00 0.000000000000e+00
3.548133892336e+04 2.397458495898e-03 9.979017727010e-04 0.000000000000e+00 0.000000000000e+00 4.476183950910e-27 -1.075402964088e-26 0.000000000000e+00 0.000000000000e+00 1.000000000000e+00 0.000000000000e+00
3.981071705535e+04 2.398813400256e-03 8.960314782200e-04 0.000000000000e+00 0.000000000000e+00 3.582146956218e-27 -9.589955631170e-27 0.000000000000e+00 0.000000000000e+00 1.000000000000e+00 0.000000000000e+00
4.466835921510e+04 2.399895952530e-03 8.060476344648e-04 0.000000000000e+00 0.000000000000e+00 2.871976218666e-27 -8.550914124965e-27 0.000000000000e+00 0.000000000000e+00 1.000000000000e+00 0.000000000000e+00
5.011872336273e+04 2.400763791530e-03 7.267571757155e-04 0.000000000000e+00 0.000000000000e+00 2.307860000852e-27 -7.623766109378e-27 0.000000000000e+00 0.000000000000e+00 1.000000000000e+00 0.000000000000e+00
5.623413251903e+04 2.401463125718e-03 6.571086484682e-04 0.000000000000e+00 0.000000000000e+00 1.859761765095e-27 -6.796667966411e-27 0.000000000000e+00 0.000000000000e+00 1.000000000000e+00 0.000000000000e+00
6.309573444802e+04 2.402031192453e-03 5.961783402671e-04 0.000000000000e+00 0.000000000000e+00 1.503821623568e-27 -6.058969613148e-27 0.000000000000e+00 0.000000000000e+00 1.000000000000e+00 0.000000000000e+00
7.079457843841e+04 2.402498240666e-03 5.431580709390e-04 0.000000000000e+00 0.000000000000e+00 1.221086328601e-27 -5.401112333824e-27 0.000000000000e+00 0.000000000000e+00 1.000000000000e+00 0.000000000000e+00
7.943282347243e+04 2.402889140727e-03 4.973445158186e-04 0.000000000000e+00 0.000000000000e+00 9.965003716589e-28 -4.814529658274e-27 0.000000000000e+00 0.000000000000e+00 1.000000000000e+00 0.000000000000e+00
8.912509381337e+04 2.403224707690e-03 4.581299073869e-04 0.000000000000e+00 0.000000000000e+00 8.181044890853e-28 -4.291553312588e-27 0.000000000000e+00 0.000000000000e+00 1.000000000000e+00 0.000000000000e+00
1.000000000000e+05 2.403522811166e-03 4.249939697352e-04 0.000000000000e+00 0.000000000000e+00 6.763989106759e-28 -3.825325362311e-27 0.000000000000e+00 0.000000000000e+00 1.000000000000e+00 0.000000000000e+00
1.122018454302e+05 2.403799325338e-03 3.974970403169e-04 0.000000000000e+00 0.000000000000e+00 5.638375963272e-28 -3.409717044863e-27 0.000000000000e+00 0.000000000000e+00 1.000000000000e+00 0.000000000000e+00
1.258925411794e+05 2.404068974371e-03 3.752742355630e-04 0.000000000000e+00 0.000000000000e+00 4.744264357946e-28 -3.039254408724e-27 0.000000000000e+00 0.000000000000e+00 1.000000000000e+00 0.000000000000e+00
1.412537544623e+05 2.404346117013e-03 3.580306019453e-04 0.000000000000e+00 0.000000000000e+00 4.034040744239e-28 -2.709050608129e-27 0.000000000000e+00 0.000000000000e+00 1.000000000000e+00 0.000000000000e+00
1.584893192461e+05 2.404645510093e-03 3.455372004789e-04 0.000000000000e+00 0.000000000000e+00 3.469883884918e-28 -2.414744546417e-27 0.000000000000e+00 0.000000000000e+00 1.000000000000e+00 0.000000000000e+00
1.778279410039e+05 2.404983094942e-03 3.376280439333e-04 0.000000000000e+00 0.000000000000e+00 3.021750789841e-28 -2.152445478768e-27 0.000000000000e+00 0.000000000000e+00 1.000000000000e+00 0.000000000000e+00
1.995262314969e+05 2.405376844333e-03 3.341978920825e-04 0.000000000000e+00 0.000000000000e+00 2.665777130996e-28 -1.918683132049e-27 0.000000000000e+00 0.000000000000e+00 1.000000000000e+00 0.000000000000e+00
2.238721138568e+05 2.405847720128e-03 3.352007874509e-04 0.000000000000e+00 0.000000000000e+00 2.383006142749e-28 -1.710362895977e-27 0.000000000000e+00 0.000000000000e+00 1.000000000000e+00 0.000000000000e+00
2.511886431510e+05 2.406420787374e-03 3.406494160091e-04 0.000000000000e+00 0.000000000000e+00 2.158379365369e-28 -1.524725635145e-27 0.000000000000e+00 0.000000000000e+00 1.000000000000e+00 0.000000000000e+00
2.818382931264e+05 2.407126547340e-03 3.506151877309e-04 0.000000000000e+00 0.000000000000e+00 1.979934650876e-28 -1.359311697524e-27 0.000000000000e+00 0.000000000000e+00 1.000000000000e+00 0.000000000000e+00
3.162277660168e+05 2.408002570569e-03 3.652290958305e-04 0.000000000000e+00 0.000000000000e+00 1.838169263078e-28 -1.211928721223e-27 0.000000000000e+00 0.000000000000e+00 1.000000000000e+00 0.000000000000e+00
3.548133892336e+05 2.409095435215e-03 3.846832812247e-04 0.000000000000e+00 0.000000000000e+00 1.725533691498e-28 -1.080622824642e-27 0.000000000000e+00 0.000000000000e+00 1.000000000000e+00 0.000000000000e+00
3.981071705535e+05 2.410463287139e-03 4.092333783173e-04 0.000000000000e+00 0.000000000000e+00 1.636029688861e-28 -9.636529448999e-28 0.000000000000e+00 0.000000000000e+00 1.000000000000e+00 0.000000000000e+00
4.466835921510e+05 2.412178859877e-03 4.392016153447e-04 0.000000000000e+00 0.000000000000e+00 1.564890883040e-28 -8.594678558095e-28 0.000000000000e+00 0.000000000000e+00 1.000000000000e+00 0.000000000000e+00
5.011872336273e+05 2.414333327848e-03 4.749806446023e-04 0.000000000000e+00 0.000000000000e+00 1.508328871713e-28 -7.666856967158e-28 0.000000000000e+00 0.000000000000e+00 1.000000000000e+00 0.000000000000e+00
5.623413251903e+05 2.417041195551e-03 5.170381714556e-04 0.000000000000e+00 0.000000000000e+00 1.463331558044e-28 -6.840757324718e-28 0.000000000000e+00 0.000000000000e+00 1.000000000000e+00 0.000000000000e+00
6.309573444802e+05 2.420446190501e-03 5.659222940005e-04 0.000000000000e+00 0.000000000000e+00 1.427502687528e-28 -6.105420264560e-28 0.000000000000e+00 0.000000000000e+00 1.000000000000e+00 0.000000000000e+00
7.079457843841e+05 2.424728985053e-03 6.222675944928e-04 0.000000000000e+00 0.000000000000e+00 1.398934293755e-28 -5.451089788819e-28 0.000000000000e+00 0.000000000000e+00 1.000000000000e+00 0.000000000000e+00
7.943282347243e+05 2.430116509213e-03 6.868018640245e-04 0.000000000000e+00 0.000000000000e+00 1.376105076035e-28 -4.869083557942e-28 0.000000000000e+00 0.000000000000e+00 1.000000000000e+00 0.000000000000e+00
8.912509381337e+05 2.436894040424e-03 7.603533763654e-04 0.000000000000e+00 0.000000000000e+00 1.357799393721e-28 -4.351678250537e-28 0.000000000000e+00 0.000000000000e+00 1.000000000000e+00 0.000000000000e+00
1.000000000000e+06 2.445419741065e-03 8.438585388383e-04 0.000000000000e+00 0.000000000000e+00 1.343042577264e-28 -3.892006397251e-28 0.000000000000e+00 0.000000000000e+00 1.000000000000e+00 0.000000000000e+00
1.122018454302e+06 2.456143342866e-03 9.383695869160e-04 0.000000000000e+00 0.000000000000e+00 1.331049036067e-28 -3.483965459397e-28 0.000000000000e+00 0.000000000000e+00 1.000000000000e+00 0.000000000000e+00
1.258925411794e+06 2.469629053563e-03 1.045061918275e-03 0.000000000000e+00 0.000000000000e+00 1.321180497052e-28 -3.122136290170e-28 0.000000000000e+00 0.000000000000e+00 1.000000000000e+00 0.000000000000e+00
1.412537544623e+06 2.486584297366e-03 1.165240347975e-03 0.000000000000e+00 0.000000000000e+00 1.312912084895e-28 -2.801710891488e-28 0.000000000000e+00 0.000000000000e+00 1.000000000000e+00 0.000000000000e+00
1.584893192461e+06 2.507894917133e-03 1.300343349886e-03 0.000000000000e+00 0.000000000000e+00 1.305804535192e-28 -2.518427580580e-28 0.000000000000e+00 0.000000000000e+00 1.000000000000e+00 0.000000000000e+00
1.778279410039e+06 2.534668888623e-03 1.451943789879e-03 0.000000000000e+00 0.000000000000e+00 1.299481003639e-28 -2.268513488085e-28 0.000000000000e+00 0.000000000000e+00 1.000000000000e+00 0.000000000000e+00
1.995262314969e+06 2.568289393380e-03 1.621744193464e-03 0.000000000000e+00 0.000000000000e+00 1.293607376253e-28 -2.048632649353e-28 0.000000000000e+00 0.000000000000e+00 1.000000000000e+00 0.000000000000e+00
2.238721138568e+06 2.610479694142e-03 1.811563597432e-03 0.000000000000e+00 0.000000000000e+00 1.287875011718e-28 -1.855839657768e-28 0.000000000000e+00 0.000000000000e+00 1.000000000000e+00 0.000000000000e+00
2.511886431510e+06 2.663380749785e-03 2.023312076008e-03 0.000000000000e+00 0.000000000000e+00 1.281985181633e-28 -1.687537327909e-28 0.000000000000e+00 0.000000000000e+00 1.000000000000e+00 0.000000000000e+00
2.818382931264e+06 2.729643090615e-03 2.258947497705e-03 0.000000000000e+00 0.000000000000e+00 1.275634536587e-28 -1.541437772450e-28 0.000000000000e+00 0.000000000000e+00 1.000000000000e+00 0.000000000000e+00
3.162277660168e+06 2.812533753395e-03 2.520407156829e-03 0.000000000000e+00 0.000000000000e+00 1.268501063857e-28 -1.415526078256e-28 0.000000000000e+00 0.000000000000e+00 1.000000000000e+00 0.000000000000e+00
3.548133892336e+06 2.916056720649e-03 2.809504760961e-03 0.000000000000e+00 0.000000000000e+00 1.260230261640e-28 -1.308025163397e-28 0.000000000000e+00 0.000000000000e+00 1.000000000000e+00 0.000000000000e+00
3.981071705535e+06 3.045083839409e-03 3.127780385692e-03 0.000000000000e+00 0.000000000000e+00 1.250421359145e-28 -1.217361004820e-28 0.000000000000e+00 0.000000000000e+00 1.000000000000e+00 0.000000000000e+00
4.466835921510e+06 3.205487746070e-03 3.476288343343e-03 0.000000000000e+00 0.000000000000e+00 1.238613826829e-28 -1.142126616630e-28 0.000000000000e+00 0.000000000000e+00 1.000000000000e+00 0.000000000000e+00
5.011872336273e+06 3.404262165600e-03 3.855305367985e-03 0.000000000000e+00 0.000000000000e+00 1.224274812434e-28 -1.081043400317e-28 0.000000000000e+00 0.000000000000e+00 1.000000000000e+00 0.000000000000e+00
5.623413251903e+06 3.649605226233e-03 4.263940363836e-03 0.000000000000e+00 0.000000000000e+00 1.206788751874e-28 -1.032918418173e-28 0.000000000000e+00 0.000000000000e+00 1.000000000000e+00 0.000000000000e+00
6.309573444802e+06 3.950926104341e-03 4.699629584053e-03 0.000000000000e+00 0.000000000000e+00 1.185451418462e-28 -9.965957679988e-29 0.000000000000e+00 0.000000000000e+00 1.000000000000e+00 0.000000000000e+00
7.079457843841e+06 4.318719952022e-03 5.157508780498e-03 0.000000000000e+00 0.000000000000e+00 1.159471578986e-28 -9.709015059561e-29 0.000000000000e+00 0.000000000000e+00 1.000000000000e+00 0.000000000000e+00
7.943282347243e+06 4.764232766170e-03 5.629673400322e-03 0.000000000000e+00 0.000000000000e+00 1.127985019902e-28 -9.545816976272e-29 0.000000000000e+00 0.000000000000e+00 1.000000000000e+00 0.000000000000e+00
8.912509381337e+06 5.298821212399e-03 6.104371270916e-03 0.000000000000e+00 0.000000000000e+00 1.090086776535e-28 -9.462358494449e-29 0.000000000000e+00 0.000000000000e+00 1.000000000000e+00 0.000000000000e+00
1.000000000000e+07 5.932902799727e-03 6.565226502223e-03 0.000000000000e+00 0.000000000000e+00 1.044888250347e-28 -9.442508074603e-29 0.000000000000e+00 0.000000000000e+00 1.000000000000e+00 0.000000000000e+00
1.122018454302e+07 6.674407511453e-03 6.990668657190e-03 0.000000000000e+00 0.000000000000e+00 9.916053234628e-29 -9.467446311463e-29 0.000000000000e+00 0.000000000000e+00 1.000000000000e+00 0.000000000000e+00
1.258925411794e+07 7.526704658853e-03 7.353828175060e-03 0.000000000000e+00 0.000000000000e+00 9.296802604383e-29 -9.515355242072e-29 0.000000000000e+00 0.000000000000e+00 1.000000000000e+00 0.000000000000e+00
1.412537544623e+07 8.486104784423e-03 7.623234960418e-03 0.000000000000e+00 0.000000000000e+00 8.589332941416e-29 -9.561554871077e-29 0.000000000000e+00 0.000000000000e+00 1.000000000000e+00 0.000000000000e+00
1.584893192461e+07 9.539239031846e-03 7.764672638388e-03 0.000000000000e+00 0.000000000000e+00 7.797282730269e-29 -9.579301952176e-29 0.000000000000e+00 0.000000000000e+00 1.000000000000e+00 0.000000000000e+00
1.778279410039e+07 1.066086841410e-02 7.744435301657e-03 0.000000000000e+00 0.000000000000e+00 6.931223252971e-29 -9.541413436933e-29 0.000000000000e+00 0.000000000000e+00 1.000000000000e+00 0.000000000000e+00
1.995262314969e+07 1.181289749266e-02 7.533949179062e-03 0.000000000000e+00 0.000000000000e+00 6.009561970149e-29 -9.422726095157e-29 0.000000000000e+00 0.000000000000e+00 1.000000000000e+00 0.000000000000e+00
2.238721138568e+07 1.294542627929e-02 7.115260978406e-03 0.000000000000e+00 0.000000000000e+00 5.058374339675e-29 -9.203149723676e-29 0.000000000000e+00 0.000000000000e+00 1.000000000000e+00 0.000000000000e+00
2.511886431510e+07 1.400043229517e-02 6.486360441225e-03 0.000000000000e+00 0.000000000000e+00 4.109804941605e-29 -8.870775275699e-29 0.000000000000e+00 0.000000000000e+00 1.000000000000e+00 0.000000000000e+00
2.818382931264e+07 1.491806970456e-02 5.664921198115e-03 0.000000000000e+00 0.000000000000e+00 3.198998265653e-29 -8.424279428223e-29 0.000000000000e+00 0.000000000000e+00 1.000000000000e+00 0.000000000000e+00
3.162277660168e+07 1.564472509929e-02 4.689065687537e-03 0.000000000000e+00 0.000000000000e+00 2.359969815599e-29 -7.873866878384e-29 0.000000000000e+00 0.000000000000e+00 1.000000000000e+00 0.000000000000e+00
3.548133892336e+07 1.614118535896e-02 3.614334031441e-03 0.000000000000e+00 0.000000000000e+00 1.621244137183e-29 -7.240283245202e-29 0.000000000000e+00 0.000000000000e+00 1.000000000000e+00 0.000000000000e+00
3.981071705535e+07 1.638892933374e-02 2.507056946174e-03 0.000000000000e+00 0.000000000000e+00 1.002269075037e-29 -6.551952108330e-29 0.000000000000e+00 0.000000000000e+00 1.000000000000e+00 0.000000000000e+00
4.466835921510e+07 1.639288874588e-02 1.435437020256e-03 0.000000000000e+00 0.000000000000e+00 5.114512851719e-30 -5.840844215700e-29 0.000000000000e+00 0.000000000000e+00 1.000000000000e+00 0.000000000000e+00
5.011872336273e+07 1.617997141649e-02 4.603738311327e-04 0.000000000000e+00 0.000000000000e+00 1.461944079554e-30 -5.138044741050e-29 0.000000000000e+00 0.000000000000e+00 1.000000000000e+00 0.000000000000e+00
5.623413251903e+07 1.579384460287e-02 -3.718854751047e-04 0.000000000000e+00 0.000000000000e+00 -1.052517554298e-30 -4.470004828689e-29 0.000000000000e+00 0.000000000000e+00 1.000000000000e+00 0.000000000000e+00
6.309573444802e+07 1.528746119331e-02 -1.033835714964e-03 0.000000000000e+00 0.000000000000e+00 -2.607784279252e-30 -3.856164029987e-29 0.000000000000e+00 0.000000000000e+00 1.000000000000e+00 0.000000000000e+00
7.079457843841e+07 1.471521867936e-02 -1.517149358859e-03 0.000000000000e+00 0.000000000000e+00 -3.410738861609e-30 -3.308162634991e-29 0.000000000000e+00 0.000000000000e+00 1.000000000000e+00 0.000000000000e+00
7.943282347243e+07 1.412639503613e-02 -1.830062656476e-03 0.000000000000e+00 0.000000000000e+00 -3.666790442708e-30 -2.830423872380e-29 0.000000000000e+00 0.000000000000e+00 1.000000000000e+00 0.000000000000e+00
8.912509381337e+07 1.356081847688e-02 -1.992919124074e-03 0.000000000000e+00 0.000000000000e+00 -3.558851006014e-30 -2.421620220099e-29 0.000000000000e+00 0.000000000000e+00 1.000000000000e+00 0.000000000000e+00
1.000000000000e+08 1.304694723813e-02 -2.033170785881e-03 0.000000000000e+00 0.000000000000e+00 -3.235891807230e-30 -2.076486145207e-29 0.000000000000e+00 0.000000000000e+00 1.000000000000e+00 0.000000000000e+00
1.122018454302e+08 1.260195410626e-02 -1.980841620747e-03 0.000000000000e+00 0.000000000000e+00 -2.809764262035e-30 -1.787549287571e-29 0.000000000000e+00 0.000000000000e+00 1.000000000000e+00 0.000000000000e+00
1.258925411794e+08 1.223314815840e-02 -1.865006610484e-03 0.000000000000e+00 0.000000000000e+00 -2.357764949193e-30 -1.546530065041e-29 0.000000000000e+00 0.000000000000e+00 1.000000000000e+00 0.000000000000e+00
1.412537544623e+08 1.194007596189e-02 -1.711438476219e-03 0.000000000000e+00 0.000000000000e+00 -1.928330289873e-30 -1.345325026908e-29 0.000000000000e+00 0.000000000000e+00 1.000000000000e+00 0.000000000000e+00
1.584893192461e+08 1.171679856609e-02 -1.541320547116e-03 0.000000000000e+00 0.000000000000e+00 -1.547793789067e-30 -1.176600680649e-29 0.000000000000e+00 0.000000000000e+00 1.000000000000e+00 0.000000000000e+00
1.778279410039e+08 1.155401986217e-02 -1.370814862162e-03 0.000000000000e+00 0.000000000000e+00 -1.226871098800e-30 -1.034077863841e-29 0.000000000000e+00 0.000000000000e+00 1.000000000000e+00 0.000000000000e+00
1.995262314969e+08 1.144088343114e-02 -1.211254568489e-03 0.000000000000e+00 0.000000000000e+00 -9.661744747620e-31 -9.125983775384e-30 0.000000000000e+00 0.000000000000e+00 1.000000000000e+00 0.000000000000e+00
2.238721138568e+08 1.136635025860e-02 -1.069744711166e-03 0.000000000000e+00 0.000000000000e+00 -7.605018583838e-31 -8.080554551453e-30 0.000000000000e+00 0.000000000000e+00 1.000000000000e+00 0.000000000000e+00
2.511886431510e+08 1.132013603466e-02 -9.499782378450e-04 0.000000000000e+00 0.000000000000e+00 -6.019130900432e-31 -7.172520157710e-30 0.000000000000e+00 0.000000000000e+00 1.000000000000e+00 0.000000000000e+00
2.818382931264e+08 1.129324065755e-02 -8.531017003648e-04 0.000000000000e+00 0.000000000000e+00 -4.817491302087e-31 -6.377327417920e-30 0.000000000000e+00 0.000000000000e+00 1.000000000000e+00 0.000000000000e+00
3.162277660168e+08 1.127814597022e-02 -7.785036036353e-04 0.000000000000e+00 0.000000000000e+00 -3.918147299147e-31 -5.676202006807e-30 0.000000000000e+00 0.000000000000e+00 1.000000000000e+00 0.000000000000e+00
3.548133892336e+08 1.126878413226e-02 -7.244476605686e-04 0.000000000000e+00 0.000000000000e+00 -3.249579347609e-31 -5.054721021545e-30 0.000000000000e+00 0.000000000000e+00 1.000000000000e+00 0.000000000000e+00
3.981071705535e+08 1.126038267534e-02 -6.885249603873e-04 0.000000000000e+00 0.000000000000e+00 -2.752579179507e-31 -4.501666125218e-30 0.000000000000e+00 0.000000000000e+00 1.000000000000e+00 0.000000000000e+00
4.466835921510e+08 1.124927521770e-02 -6.679419393769e-04 0.000000000000e+00 0.000000000000e+00 -2.379900744469e-31 -4.008156530838e-30 0.000000000000e+00 0.000000000000e+00 1.000000000000e+00 0.000000000000e+00
5.011872336273e+08 1.123273730564e-02 -6.596875022240e-04 0.000000000000e+00 0.000000000000e+00 -2.094876322268e-31 -3.567021557406e-30 0.000000000000e+00 0.000000000000e+00 1.000000000000e+00 0.000000000000e+00
5.623413251903e+08 1.120887490317e-02 -6.606315796139e-04 0.000000000000e+00 0.000000000000e+00 -1.869732433813e-31 -3.172357725506e-30 0.000000000000e+00 0.000000000000e+00 1.000000000000e+00 0.000000000000e+00
6.309573444802e+08 1.117656601639e-02 -6.676026967319e-04 0.000000000000e+00 0.000000000000e+00 -1.683984981487e-31 -2.819217089495e-30 0.000000000000e+00 0.000000000000e+00 1.000000000000e+00 0.000000000000e+00
7.079457843841e+08 1.113543693956e-02 -6.774791861093e-04 0.000000000000e+00 0.000000000000e+00 -1.523056760695e-31 -2.503383552119e-30 0.000000000000e+00 0.000000000000e+00 1.000000000000e+00 0.000000000000e+00
7.943282347243e+08 1.108584388839e-02 -6.873116954059e-04 0.000000000000e+00 0.000000000000e+00 -1.377126595616e-31 -2.221206267199e-30 0.000000000000e+00 0.000000000000e+00 1.000000000000e+00 0.000000000000e+00
8.912509381337e+08 1.102882803600e-02 -6.944759780437e-04 0.000000000000e+00 0.000000000000e+00 -1.240158972463e-31 -1.969470575947e-30 0.000000000000e+00 0.000000000000e+00 1.000000000000e+00 0.000000000000e+00
1.000000000000e+09 1.096601784976e-02 -6.968368545375e-04 0.000000000000e+00 0.000000000000e+00 -1.109050299283e-31 -1.745295946823e-30 0.000000000000e+00 0.000000000000e+00 1.000000000000e+00 0.000000000000e+00
