# freq_hz rev(vout) imv(vout) rev(vinp) imv(vinp) rev(vinn) imv(vinn) rev(vdd) imv(vdd) rev(vss) imv(vss)
1.000000000000e-01 6.605951842384e-01 1.290918904788e-04 0.000000000000e+00 0.000000000000e+00 2.054561248279e-22 -1.051369889543e-18 1.000000000000e+00 0.000000000000e+00 0.000000000000e+00 0.000000000000e+00
1.122018454302e-01 6.605951971113e-01 1.448434778397e-04 0.000000000000e+00 0.000000000000e+00 2.054561169152e-22 -9.370344186400e-19 1.000000000000e+00 0.000000000000e+00 0.000000000000e+00 0.000000000000e+00
1.258925411794e-01 6.605952133262e-01 1.625170472448e-04 0.000000000000e+00 0.000000000000e+00 2.054561069575e-22 -8.351328251757e-19 1.000000000000e+00 0.000000000000e+00 0.000000000000e+00 0.000000000000e+00
1.412537544623e-01 6.605952337360e-01 1.823471150298e-04 0.000000000000e+00 0.000000000000e+00 2.054560944310e-22 -7.443129369004e-19 1.000000000000e+00 0.000000000000e+00 0.000000000000e+00 0.000000000000e+00
1.584893192461e-01 6.605952594272e-01 2.045968124558e-04 0.000000000000e+00 0.000000000000e+00 2.054560786688e-22 -6.633696290767e-19 1.000000000000e+00 0.000000000000e+00 0.000000000000e+00 0.000000000000e+00
1.778279410039e-01 6.605952917728e-01 2.295613770986e-04 0.000000000000e+00 0.000000000000e+00 2.054560588284e-22 -5.912288331931e-19 1.000000000000e+00 0.000000000000e+00 0.000000000000e+00 0.000000000000e+00
1.995262314969e-01 6.605953324999e-01 2.575720701862e-04 0.000000000000e+00 0.000000000000e+00 2.054560338508e-22 -5.269332847216e-19 1.000000000000e+00 0.000000000000e+00 0.000000000000e+00 0.000000000000e+00
2.238721138568e-01 6.605953837609e-01 2.890005718439e-04 0.000000000000e+00 0.000000000000e+00 2.054560024156e-22 -4.696298207845e-19 1.000000000000e+00 0.000000000000e+00 0.000000000000e+00 0.000000000000e+00
2.511886431510e-01 6.605954483044e-01 3.242639124479e-04 0.000000000000e+00 0.000000000000e+00 2.054559628374e-22 -4.185580592451e-19 1.000000000000e+00 0.000000000000e+00 0.000000000000e+00 0.000000000000e+00
2.818382931264e-01 6.605955295487e-01 3.638300056123e-04 0.000000000000e+00 0.000000000000e+00 2.054559130202e-22 -3.730403088444e-19 1.000000000000e+00 0.000000000000e+00 0.000000000000e+00 0.000000000000e+00
3.162277660168e-01 6.605956318430e-01 4.082238558998e-04 0.000000000000e+00 0.000000000000e+00 2.054558502969e-22 -3.324725767033e-19 1.000000000000e+00 0.000000000000e+00 0.000000000000e+00 0.000000000000e+00
3.548133892336e-01 6.605957606099e-01 4.580345237887e-04 0.000000000000e+00 0.000000000000e+00 2.054557713427e-22 -2.963165536501e-19 1.000000000000e+00 0.000000000000e+00 0.000000000000e+00 0.000000000000e+00
3.981071705535e-01 6.605959227265e-01 5.139229397565e-04 0.000000000000e+00 0.000000000000e+00 2.054556719409e-22 -2.640924712361e-19 1.000000000000e+00 0.000000000000e+00 0.000000000000e+00 0.000000000000e+00
4.466835921510e-01 6.605961268164e-01 5.766306712868e-04 0.000000000000e+00 0.000000000000e+00 2.054555468039e-22 -2.353727354612e-19 1.000000000000e+00 0.000000000000e+00 0.000000000000e+00 0.000000000000e+00
5.011872336273e-01 6.605963837526e-01 6.469897584020e-04 0.000000000000e+00 0.000000000000e+00 2.054553892649e-22 -2.097762528825e-19 1.000000000000e+00 0.000000000000e+00 0.000000000000e+00 0.000000000000e+00
5.623413251903e-01 6.605967072140e-01 7.259337479202e-04 0.000000000000e+00 0.000000000000e+00 2.054551909370e-22 -1.869633737264e-19 1.000000000000e+00 0.000000000000e+00 0.000000000000e+00 0.000000000000e+00
6.309573444802e-01 6.605971144281e-01 8.145100719301e-04 0.000000000000e+00 0.000000000000e+00 2.054549412569e-22 -1.666313849474e-19 1.000000000000e+00 0.000000000000e+00 0.000000000000e+00 0.000000000000e+00
7.079457843841e-01 6.605976270721e-01 9.138939337619e-04 0.000000000000e+00 0.000000000000e+00 2.054546269337e-22 -1.485104934056e-19 1.000000000000e+00 0.000000000000e+00 0.000000000000e+00 0.000000000000e+00
7.943282347243e-01 6.605982724583e-01 1.025403883988e-03 0.000000000000e+00 0.000000000000e+00 2.054542312210e-22 -1.323602458827e-19 1.000000000000e+00 0.000000000000e+00 0.000000000000e+00 0.000000000000e+00
8.912509381337e-01 6.605990849434e-01 1.150519291261e-03 0.000000000000e+00 0.000000000000e+00 2.054537330532e-22 -1.179663384040e-19 1.000000000000e+00 0.000000000000e+00 0.000000000000e+00 0.000000000000e+00
1.000000000000e+00 6.606001078032e-01 1.290899936282e-03 0.000000000000e+00 0.000000000000e+00 2.054531058963e-22 -1.051377725639e-19 1.000000000000e+00 0.000000000000e+00 0.000000000000e+00 0.000000000000e+00
1.122018454302e+00 6.606013954919e-01 1.448407985069e-03 0.000000000000e+00 0.000000000000e+00 2.054523163622e-22 -9.370432108565e-20 1.000000000000e+00 0.000000000000e+00 0.000000000000e+00 0.000000000000e+00
1.258925411794e+00 6.606030165899e-01 1.625132626315e-03 0.000000000000e+00 0.000000000000e+00 2.054513224015e-22 -8.351426901604e-20 1.000000000000e+00 0.000000000000e+00 0.000000000000e+00 0.000000000000e+00
1.412537544623e+00 6.606050573992e-01 1.823417691808e-03 0.000000000000e+00 0.000000000000e+00 2.054500710987e-22 -7.443240055235e-20 1.000000000000e+00 0.000000000000e+00 0.000000000000e+00 0.000000000000e+00
1.584893192461e+00 6.606076265861e-01 2.045892613268e-03 0.000000000000e+00 0.000000000000e+00 2.054484958265e-22 -6.633820481752e-20 1.000000000000e+00 0.000000000000e+00 0.000000000000e+00 0.000000000000e+00
1.778279410039e+00 6.606108609479e-01 2.295507109716e-03 0.000000000000e+00 0.000000000000e+00 2.054465127086e-22 -5.912427675118e-20 1.000000000000e+00 0.000000000000e+00 0.000000000000e+00 0.000000000000e+00
1.995262314969e+00 6.606149326814e-01 2.575570040899e-03 0.000000000000e+00 0.000000000000e+00 2.054440161643e-22 -5.269489190858e-20 1.000000000000e+00 0.000000000000e+00 0.000000000000e+00 0.000000000000e+00
2.238721138568e+00 6.606200585578e-01 2.889792907519e-03 0.000000000000e+00 0.000000000000e+00 2.054408732826e-22 -4.696473625668e-20 1.000000000000e+00 0.000000000000e+00 0.000000000000e+00 0.000000000000e+00
2.511886431510e+00 6.606265114237e-01 3.242338527102e-03 0.000000000000e+00 0.000000000000e+00 2.054369167699e-22 -4.185777410623e-20 1.000000000000e+00 0.000000000000e+00 0.000000000000e+00 0.000000000000e+00
2.818382931264e+00 6.606346347472e-01 3.637875461497e-03 0.000000000000e+00 0.000000000000e+00 2.054319360323e-22 -3.730623916692e-20 1.000000000000e+00 0.000000000000e+00 0.000000000000e+00 0.000000000000e+00
3.162277660168e+00 6.606448608431e-01 4.081638821874e-03 0.000000000000e+00 0.000000000000e+00 2.054256660000e-22 -3.324973532711e-20 1.000000000000e+00 0.000000000000e+00 0.000000000000e+00 0.000000000000e+00
3.548133892336e+00 6.606577338511e-01 4.579498119562e-03 0.000000000000e+00 0.000000000000e+00 2.054177730391e-22 -2.963443523409e-20 1.000000000000e+00 0.000000000000e+00 0.000000000000e+00 0.000000000000e+00
3.981071705535e+00 6.606739385962e-01 5.138032869776e-03 0.000000000000e+00 0.000000000000e+00 2.054078372556e-22 -2.641236603536e-20 1.000000000000e+00 0.000000000000e+00 0.000000000000e+00 0.000000000000e+00
4.466835921510e+00 6.606943369470e-01 5.764616676299e-03 0.000000000000e+00 0.000000000000e+00 2.053953302034e-22 -2.354077280779e-20 1.000000000000e+00 0.000000000000e+00 0.000000000000e+00 0.000000000000e+00
5.011872336273e+00 6.607200134022e-01 6.467510528943e-03 0.000000000000e+00 0.000000000000e+00 2.053795869321e-22 -2.098155122022e-20 1.000000000000e+00 0.000000000000e+00 0.000000000000e+00 0.000000000000e+00
5.623413251903e+00 6.607523325602e-01 7.255966002799e-03 0.000000000000e+00 0.000000000000e+00 2.053597707516e-22 -1.870074191166e-20 1.000000000000e+00 0.000000000000e+00 0.000000000000e+00 0.000000000000e+00
6.309573444802e+00 6.607930110931e-01 8.140338966660e-03 0.000000000000e+00 0.000000000000e+00 2.053348291008e-22 -1.666807986247e-20 1.000000000000e+00 0.000000000000e+00 0.000000000000e+00 0.000000000000e+00
7.079457843841e+00 6.608442082900e-01 9.132214221638e-03 0.000000000000e+00 0.000000000000e+00 2.053034380326e-22 -1.485659279044e-20 1.000000000000e+00 0.000000000000e+00 0.000000000000e+00 0.000000000000e+00
7.943282347243e+00 6.609086394782e-01 1.024454120764e-02 0.000000000000e+00 0.000000000000e+00 2.052639326701e-22 -1.324224323231e-20 1.000000000000e+00 0.000000000000e+00 0.000000000000e+00 0.000000000000e+00
8.912509381337e+00 6.609897182973e-01 1.149178043208e-02 0.000000000000e+00 0.000000000000e+00 2.052142199730e-22 -1.180360956705e-20 1.000000000000e+00 0.000000000000e+00 0.000000000000e+00 0.000000000000e+00
1.000000000000e+01 6.610917346603e-01 1.289005956315e-02 0.000000000000e+00 0.000000000000e+00 2.051516696224e-22 -1.052160174084e-20 1.000000000000e+00 0.000000000000e+00 0.000000000000e+00 0.000000000000e+00
1.122018454302e+01 6.612200772616e-01 1.445733703694e-02 0.000000000000e+00 0.000000000000e+00 2.050729775925e-22 -9.379207923389e-21 1.000000000000e+00 0.000000000000e+00 0.000000000000e+00 0.000000000000e+00
1.258925411794e+01 6.613815110868e-01 1.621356945029e-02 0.000000000000e+00 0.000000000000e+00 2.049739959971e-22 -8.361268727512e-21 1.000000000000e+00 0.000000000000e+00 0.000000000000e+00 0.000000000000e+00
1.412537544623e+01 6.615845227963e-01 1.818087671327e-02 0.000000000000e+00 0.000000000000e+00 2.048495213225e-22 -7.454275992659e-21 1.000000000000e+00 0.000000000000e+00 0.000000000000e+00 0.000000000000e+00
1.584893192461e+01 6.618397490791e-01 2.038369568158e-02 0.000000000000e+00 0.000000000000e+00 2.046930317851e-22 -6.646193453394e-21 1.000000000000e+00 0.000000000000e+00 0.000000000000e+00 0.000000000000e+00
1.778279410039e+01 6.621605060079e-01 2.284890838228e-02 0.000000000000e+00 0.000000000000e+00 2.044963627631e-22 -5.926296905675e-21 1.000000000000e+00 0.000000000000e+00 0.000000000000e+00 0.000000000000e+00
1.995262314969e+01 6.625634397226e-01 2.560592457056e-02 0.000000000000e+00 0.000000000000e+00 2.042493078364e-22 -5.285031735061e-21 1.000000000000e+00 0.000000000000e+00 0.000000000000e+00 0.000000000000e+00
2.238721138568e+01 6.630693210093e-01 2.868668958803e-02 0.000000000000e+00 0.000000000000e+00 2.039391315971e-22 -4.713885898210e-21 1.000000000000e+00 0.000000000000e+00 0.000000000000e+00 0.000000000000e+00
2.511886431510e+01 6.637040073264e-01 3.212557665163e-02 0.000000000000e+00 0.000000000000e+00 2.035499797940e-22 -4.205276647496e-21 1.000000000000e+00 0.000000000000e+00 0.000000000000e+00 0.000000000000e+00
2.818382931264e+01 6.644995942765e-01 3.595910702768e-02 0.000000000000e+00 0.000000000000e+00 2.030621733171e-22 -3.752449460947e-21 1.000000000000e+00 0.000000000000e+00 0.000000000000e+00 0.000000000000e+00
3.162277660168e+01 6.654957732794e-01 4.022542123939e-02 0.000000000000e+00 0.000000000000e+00 2.024513757549e-22 -3.349387792801e-21 1.000000000000e+00 0.000000000000e+00 0.000000000000e+00 0.000000000000e+00
3.548133892336e+01 6.667413993875e-01 4.496339913958e-02 0.000000000000e+00 0.000000000000e+00 2.016876321025e-22 -2.990732387686e-21 1.000000000000e+00 0.000000000000e+00 0.000000000000e+00 0.000000000000e+00
3.981071705535e+01 6.682962499031e-01 5.021129652937e-02 0.000000000000e+00 0.000000000000e+00 2.007342904824e-22 -2.671709014283e-21 1.000000000000e+00 0.000000000000e+00 0.000000000000e+00 0.000000000000e+00
4.466835921510e+01 6.702329143125e-01 5.600473290899e-02 0.000000000000e+00 0.000000000000e+00 1.995468433502e-22 -2.388063569160e-21 1.000000000000e+00 0.000000000000e+00 0.000000000000e+00 0.000000000000e+00
5.011872336273e+01 6.726386922677e-01 6.237383358166e-02 0.000000000000e+00 0.000000000000e+00 1.980717637651e-22 -2.136003585217e-21 1.000000000000e+00 0.000000000000e+00 0.000000000000e+00 0.000000000000e+00
5.623413251903e+01 6.756172809204e-01 6.933930921530e-02 0.000000000000e+00 0.000000000000e+00 1.962454708171e-22 -1.912145259116e-21 1.000000000000e+00 0.000000000000e+00 0.000000000000e+00 0.000000000000e+00
6.309573444802e+01 6.792898985907e-01 7.690726406572e-02 0.000000000000e+00 0.000000000000e+00 1.939936406607e-22 -1.713465198542e-21 1.000000000000e+00 0.000000000000e+00 0.000000000000e+00 0.000000000000e+00
7.079457843841e+01 6.837953170181e-01 8.506258735378e-02 0.000000000000e+00 0.000000000000e+00 1.912311867401e-22 -1.537256201916e-21 1.000000000000e+00 0.000000000000e+00 0.000000000000e+00 0.000000000000e+00
7.943282347243e+01 6.892880708523e-01 9.376093907672e-02 0.000000000000e+00 0.000000000000e+00 1.878633576229e-22 -1.381086544513e-21 1.000000000000e+00 0.000000000000e+00 0.000000000000e+00 0.000000000000e+00
8.912509381337e+01 6.959339176582e-01 1.029196381020e-01 0.000000000000e+00 0.000000000000e+00 1.837885206546e-22 -1.242762484969e-21 1.000000000000e+00 0.000000000000e+00 0.000000000000e+00 0.000000000000e+00
1.000000000000e+02 7.039015113999e-01 1.124082380387e-01 0.000000000000e+00 0.000000000000e+00 1.789032672811e-22 -1.120294049892e-21 1.000000000000e+00 0.000000000000e+00 0.000000000000e+00 0.000000000000e+00
1.122018454302e+02 7.133493578235e-01 1.220402409498e-01 0.000000000000e+00 0.000000000000e+00 1.731104112308e-22 -1.011864608944e-21 1.000000000000e+00 0.000000000000e+00 0.000000000000e+00 0.000000000000e+00
1.258925411794e+02 7.244076123607e-01 1.315681732517e-01 0.000000000000e+00 0.000000000000e+00 1.663301489540e-22 -9.158052672580e-22 1.000000000000e+00 0.000000000000e+00 0.000000000000e+00 0.000000000000e+00
1.412537544623e+02 7.371553281421e-01 1.406849110808e-01 0.000000000000e+00 0.000000000000e+00 1.585140097847e-22 -8.305755464481e-22 1.000000000000e+00 0.000000000000e+00 0.000000000000e+00 0.000000000000e+00
1.584893192461e+02 7.515954026903e-01 1.490343024924e-01 0.000000000000e+00 0.000000000000e+00 1.496602171348e-22 -7.547519549728e-22 1.000000000000e+00 0.000000000000e+00 0.000000000000e+00 0.000000000000e+00
1.778279410039e+02 7.676314601874e-01 1.562332936254e-01 0.000000000000e+00 0.000000000000e+00 1.398278629086e-22 -6.870255634293e-22 1.000000000000e+00 0.000000000000e+00 0.000000000000e+00 0.000000000000e+00
1.995262314969e+02 7.850525682223e-01 1.619055601851e-01 0.000000000000e+00 0.000000000000e+00 1.291462782823e-22 -6.262083731157e-22 1.000000000000e+00 0.000000000000e+00 0.000000000000e+00 0.000000000000e+00
2.238721138568e+02 8.035320108932e-01 1.657232162392e-01 0.000000000000e+00 0.000000000000e+00 1.178157859644e-22 -5.712461872228e-22 1.000000000000e+00 0.000000000000e+00 0.000000000000e+00 0.000000000000e+00
2.511886431510e+02 8.226444057584e-01 1.674494833396e-01 0.000000000000e+00 0.000000000000e+00 1.060972051020e-22 -5.212334520421e-22 1.000000000000e+00 0.000000000000e+00 0.000000000000e+00 0.000000000000e+00
2.818382931264e+02 8.419011586113e-01 1.669729124148e-01 0.000000000000e+00 0.000000000000e+00 9.429011252682e-23 -4.754241501444e-22 1.000000000000e+00 0.000000000000e+00 0.000000000000e+00 0.000000000000e+00
3.162277660168e+02 8.607988190037e-01 1.643244361953e-01 0.000000000000e+00 0.000000000000e+00 8.270319403222e-23 -4.332332634092e-22 1.000000000000e+00 0.000000000000e+00 0.000000000000e+00 0.000000000000e+00
3.548133892336e+02 8.788705897355e-01 1.596725737470e-01 0.000000000000e+00 0.000000000000e+00 7.162266182495e-23 -3.942258182439e-22 1.000000000000e+00 0.000000000000e+00 0.000000000000e+00 0.000000000000e+00
3.981071705535e+02 8.957301377367e-01 1.532981235327e-01 0.000000000000e+00 0.000000000000e+00 6.128539230535e-23 -3.580942259819e-22 1.000000000000e+00 0.000000000000e+00 0.000000000000e+00 0.000000000000e+00
4.466835921510e+02 9.110995179294e-01 1.455551227139e-01 0.000000000000e+00 0.000000000000e+00 5.186180481964e-23 -3.246279793463e-22 1.000000000000e+00 0.000000000000e+00 0.000000000000e+00 0.000000000000e+00
5.011872336273e+02 9.248181135033e-01 1.368275174966e-01 0.000000000000e+00 0.000000000000e+00 4.345038001662e-23 -2.936814115550e-22 1.000000000000e+00 0.000000000000e+00 0.000000000000e+00 0.000000000000e+00
5.623413251903e+02 9.368346736204e-01 1.274902557656e-01 0.000000000000e+00 0.000000000000e+00 3.608254185174e-23 -2.651447839372e-22 1.000000000000e+00 0.000000000000e+00 0.000000000000e+00 0.000000000000e+00
6.309573444802e+02 9.471878775089e-01 1.178803989217e-01 0.000000000000e+00 0.000000000000e+00 2.973457452578e-23 -2.389220666993e-22 1.000000000000e+00 0.000000000000e+00 0.000000000000e+00 0.000000000000e+00
7.079457843841e+02 9.559817410821e-01 1.082800992539e-01 0.000000000000e+00 0.000000000000e+00 2.434270167980e-23 -2.149164850684e-22 1.000000000000e+00 0.000000000000e+00 0.000000000000e+00 0.000000000000e+00
7.943282347243e+02 9.633611513966e-01 9.891031921432e-02 0.000000000000e+00 0.000000000000e+00 1.981808720575e-23 -1.930230885985e-22 1.000000000000e+00 0.000000000000e+00 0.000000000000e+00 0.000000000000e+00
8.912509381337e+02 9.694909021043e-01 8.993257147428e-02 0.000000000000e+00 0.000000000000e+00 1.605968945746e-23 -1.731266276988e-22 1.000000000000e+00 0.000000000000e+00 0.000000000000e+00 0.000000000000e+00
1.000000000000e+03 9.745397078087e-01 8.145560823614e-02 0.000000000000e+00 0.000000000000e+00 1.296406269334e-23 -1.551028117371e-22 1.000000000000e+00 0.000000000000e+00 0.000000000000e+00 0.000000000000e+00
1.122018454302e+03 9.786692799482e-01 7.354442220694e-02 0.000000000000e+00 0.000000000000e+00 1.043205509338e-23 -1.388212938555e-22 1.000000000000e+00 0.000000000000e+00 0.000000000000e+00 0.000000000000e+00
1.258925411794e+03 9.820277540642e-01 6.622967082377e-02 0.000000000000e+00 0.000000000000e+00 8.372838765666e-24 -1.241491909278e-22 1.000000000000e+00 0.000000000000e+00 0.000000000000e+00 0.000000000000e+00
1.412537544623e+03 9.847464547786e-01 5.951637962560e-02 0.000000000000e+00 0.000000000000e+00 6.705893268754e-24 -1.109544072417e-22 1.000000000000e+00 0.000000000000e+00 0.000000000000e+00 0.000000000000e+00
1.584893192461e+03 9.869389913607e-01 5.339136834924e-02 0.000000000000e+00 0.000000000000e+00 5.361560155373e-24 -9.910839402450e-23 1.000000000000e+00 0.000000000000e+00 0.000000000000e+00 0.000000000000e+00
1.778279410039e+03 9.887018361603e-01 4.782923945697e-02 0.000000000000e+00 0.000000000000e+00 4.280688310807e-24 -8.848822270597e-23 1.000000000000e+00 0.000000000000e+00 0.000000000000e+00 0.000000000000e+00
1.995262314969e+03 9.901157439919e-01 4.279699939271e-02 0.000000000000e+00 0.000000000000e+00 3.413763669945e-24 -7.897799387440e-23 1.000000000000e+00 0.000000000000e+00 0.000000000000e+00 0.000000000000e+00
2.238721138568e+03 9.912475644200e-01 3.825749439268e-02 0.000000000000e+00 0.000000000000e+00 2.719798030227e-24 -7.046967439908e-23 1.000000000000e+00 0.000000000000e+00 0.000000000000e+00 0.000000000000e+00
2.511886431510e+03 9.921521566997e-01 3.417187784094e-02 0.000000000000e+00 0.000000000000e+00 2.165154922967e-24 -6.286347903999e-23 1.000000000000e+00 0.000000000000e+00 0.000000000000e+00 0.000000000000e+00
2.818382931264e+03 9.928742340258e-01 3.050131982790e-02 0.000000000000e+00 0.000000000000e+00 1.722418826621e-24 -5.606791059542e-23 1.000000000000e+00 0.000000000000e+00 0.000000000000e+00 0.000000000000e+00
3.162277660168e+03 9.934500446747e-01 2.720814276945e-02 0.000000000000e+00 0.000000000000e+00 1.369364388413e-24 -4.999955801365e-23 1.000000000000e+00 0.000000000000e+00 0.000000000000e+00 0.000000000000e+00
3.548133892336e+03 9.939088502208e-01 2.425653417457e-02 0.000000000000e+00 0.000000000000e+00 1.088050066121e-24 -4.458273314801e-23 1.000000000000e+00 0.000000000000e+00 0.000000000000e+00 0.000000000000e+00
3.981071705535e+03 9.942741931878e-01 2.161295536293e-02 0.000000000000e+00 0.000000000000e+00 8.640408752378e-25 -3.974900839252e-23 1.000000000000e+00 0.000000000000e+00 0.000000000000e+00 0.000000000000e+00
4.466835921510e+03 9.945649646659e-01 1.924633676979e-02 0.000000000000e+00 0.000000000000e+00 6.857537834720e-25 -3.543670131029e-23 1.000000000000e+00 0.000000000000e+00 0.000000000000e+00 0.000000000000e+00
5.011872336273e+03 9.947962915192e-01 1.712812733304e-02 0.000000000000e+00 0.000000000000e+00 5.439137208725e-25 -3.159033920695e-23 1.000000000000e+00 0.000000000000e+00 0.000000000000e+00 0.000000000000e+00
5.623413251903e+03 9.949802662781e-01 1.523224721325e-02 0.000000000000e+00 0.000000000000e+00 4.311060435698e-25 -2.816012634381e-23 1.000000000000e+00 0.000000000000e+00 0.000000000000e+00 0.000000000000e+00
6.309573444802e+03 9.951265430130e-01 1.353497916302e-02 0.000000000000e+00 0.000000000000e+00 3.414111678523e-25 -2.510142875870e-23 1.000000000000e+00 0.000000000000e+00 0.000000000000e+00 0.000000000000e+00
7.079457843841e+03 9.952428209207e-01 1.201482342969e-02 0.000000000000e+00 0.000000000000e+00 2.701080480160e-25 -2.237428600046e-23 1.000000000000e+00 0.000000000000e+00 0.000000000000e+00 0.000000000000e+00
7.943282347243e+03 9.953352349848e-01 1.065233341724e-02 0.000000000000e+00 0.000000000000e+00 2.134346287471e-25 -1.994295503500e-23 1.000000000000e+00 0.000000000000e+00 0.000000000000e+00 0.000000000000e+00
8.912509381337e+03 9.954086704290e-01 9.429943749616e-03 0.000000000000e+00 0.000000000000e+00 1.683950161076e-25 -1.777548875595e-23 1.000000000000e+00 0.000000000000e+00 0.000000000000e+00 0.000000000000e+00
1.000000000000e+04 9.954670151187e-01 8.331798435137e-03 0.000000000000e+00 0.000000000000e+00 1.326046905797e-25 -1.584334961411e-23 1.000000000000e+00 0.000000000000e+00 0.000000000000e+00 0.000000000000e+00
1.122018454302e+04 9.955133616986e-01 7.343583965902e-03 0.000000000000e+00 0.000000000000e+00 1.041665298554e-25 -1.412105761905e-23 1.000000000000e+00 0.000000000000e+00 0.000000000000e+00 0.000000000000e+00
1.258925411794e+04 9.955501691876e-01 6.452370289306e-03 0.000000000000e+00 0.000000000000e+00 8.157168141832e-26 -1.258587117535e-23 1.000000000000e+00 0.000000000000e+00 0.000000000000e+00 0.000000000000e+00
1.412537544623e+04 9.955793919700e-01 5.646461143417e-03 0.000000000000e+00 0.000000000000e+00 6.362041174557e-26 -1.121749875433e-23 1.000000000000e+00 0.000000000000e+00 0.000000000000e+00 0.000000000000e+00
1.584893192461e+04 9.956025826371e-01 4.915254402867e-03 0.000000000000e+00 0.000000000000e+00 4.935897500798e-26 -9.997839168939e-24 1.000000000000e+00 0.000000000000e+00 0.000000000000e+00 0.000000000000e+00
1.778279410039e+04 9.956209738864e-01 4.249112417206e-03 0.000000000000e+00 0.000000000000e+00 3.802930187093e-26 -8.910748139210e-24 1.000000000000e+00 0.000000000000e+00 0.000000000000e+00 0.000000000000e+00
1.995262314969e+04 9.956355436737e-01 3.639241935502e-03 0.000000000000e+00 0.000000000000e+00 2.902893212564e-26 -7.941828856529e-24 1.000000000000e+00 0.000000000000e+00 0.000000000000e+00 0.000000000000e+00
2.238721138568e+04 9.956470669812e-01 3.077582961886e-03 0.000000000000e+00 0.000000000000e+00 2.187912253659e-26 -7.078244340264e-24 1.000000000000e+00 0.000000000000e+00 0.000000000000e+00 0.000000000000e+00
2.511886431510e+04 9.956561568914e-01 2.556705725262e-03 0.000000000000e+00 0.000000000000e+00 1.619947259965e-26 -6.308549502929e-24 1.000000000000e+00 0.000000000000e+00 0.000000000000e+00 0.000000000000e+00
2.818382931264e+04 9.956632971119e-01 2.069714870913e-03 0.000000000000e+00 0.000000000000e+00 1.168774295514e-26 -5.622540983792e-24 1.000000000000e+00 0.000000000000e+00 0.000000000000e+00 0.000000000000e+00
3.162277660168e+04 9.956688676566e-01 1.610159934515e-03 0.000000000000e+00 0.000000000000e+00 8.103808086571e-27 -5.011122962612e-24 1.000000000000e+00 0.000000000000e+00 0.000000000000e+00 0.000000000000e+00
3.548133892336e+04 9.956731650326e-01 1.171951144386e-03 0.000000000000e+00 0.000000000000e+00 5.256899073013e-27 -4.466187317823e-24 1.000000000000e+00 0.000000000000e+00 0.000000000000e+00 0.000000000000e+00
3.981071705535e+04 9.956764179997e-01 7.492796070494e-04 0.000000000000e+00 0.000000000000e+00 2.995463584756e-27 -3.980506641575e-24 1.000000000000e+00 0.000000000000e+00 0.000000000000e+00 0.000000000000e+00
4.466835921510e+04 9.956787997331e-01 3.365409336595e-04 0.000000000000e+00 0.000000000000e+00 1.199107244742e-27 -3.547638764752e-24 1.000000000000e+00 0.000000000000e+00 0.000000000000e+00 0.000000000000e+00
5.011872336273e+04 9.956804370328e-01 -7.173862098853e-05 0.000000000000e+00 0.000000000000e+00 -2.278101949893e-28 -3.161841576586e-24 1.000000000000e+00 0.000000000000e+00 0.000000000000e+00 0.000000000000e+00
5.623413251903e+04 9.956814170689e-01 -4.809744235814e-04 0.000000000000e+00 0.000000000000e+00 -1.361263232504e-27 -2.817997045080e-24 1.000000000000e+00 0.000000000000e+00 0.000000000000e+00 0.000000000000e+00
6.309573444802e+04 9.956817920183e-01 -8.965950507758e-04 0.000000000000e+00 0.000000000000e+00 -2.261603506696e-27 -2.511543455871e-24 1.000000000000e+00 0.000000000000e+00 0.000000000000e+00 0.000000000000e+00
7.079457843841e+04 9.956815818411e-01 -1.324114113075e-03 0.000000000000e+00 0.000000000000e+00 -2.976771822955e-27 -2.238414988705e-24 1.000000000000e+00 0.000000000000e+00 0.000000000000e+00 0.000000000000e+00
7.943282347243e+04 9.956807753419e-01 -1.769203246155e-03 0.000000000000e+00 0.000000000000e+00 -3.544849970730e-27 -1.994987842680e-24 1.000000000000e+00 0.000000000000e+00 0.000000000000e+00 0.000000000000e+00
8.912509381337e+04 9.956793295721e-01 -2.237767215732e-03 0.000000000000e+00 0.000000000000e+00 -3.996087954932e-27 -1.778032204574e-24 1.000000000000e+00 0.000000000000e+00 0.000000000000e+00 0.000000000000e+00
1.000000000000e+05 9.956771675444e-01 -2.736022113638e-03 0.000000000000e+00 0.000000000000e+00 -4.354514437976e-27 -1.584669429384e-24 1.000000000000e+00 0.000000000000e+00 0.000000000000e+00 0.000000000000e+00
1.122018454302e+05 9.956741741351e-01 -3.270576679554e-03 0.000000000000e+00 0.000000000000e+00 -4.639214652051e-27 -1.412333869510e-24 1.000000000000e+00 0.000000000000e+00 0.000000000000e+00 0.000000000000e+00
1.258925411794e+05 9.956701899455e-01 -3.848523838087e-03 0.000000000000e+00 0.000000000000e+00 -4.865352519696e-27 -1.258738849296e-24 1.000000000000e+00 0.000000000000e+00 0.000000000000e+00 0.000000000000e+00
1.412537544623e+05 9.956650028327e-01 -4.477528258036e-03 0.000000000000e+00 0.000000000000e+00 -5.044968594379e-27 -1.121846335821e-24 1.000000000000e+00 0.000000000000e+00 0.000000000000e+00 0.000000000000e+00
1.584893192461e+05 9.956583366079e-01 -5.165931970140e-03 0.000000000000e+00 0.000000000000e+00 -5.187627864381e-27 -9.998399050206e-25 1.000000000000e+00 0.000000000000e+00 0.000000000000e+00 0.000000000000e+00
1.778279410039e+05 9.956498363146e-01 -5.922865914940e-03 0.000000000000e+00 0.000000000000e+00 -5.300929551954e-27 -8.911006456215e-25 1.000000000000e+00 0.000000000000e+00 0.000000000000e+00 0.000000000000e+00
1.995262314969e+05 9.956390494488e-01 -6.758359498207e-03 0.000000000000e+00 0.000000000000e+00 -5.390901804065e-27 -7.941856820844e-25 1.000000000000e+00 0.000000000000e+00 0.000000000000e+00 0.000000000000e+00
2.238721138568e+05 9.956254017125e-01 -7.683490805363e-03 0.000000000000e+00 0.000000000000e+00 -5.462339729607e-27 -7.078090317749e-25 1.000000000000e+00 0.000000000000e+00 0.000000000000e+00 0.000000000000e+00
2.511886431510e+05 9.956081666024e-01 -8.710517233709e-03 0.000000000000e+00 0.000000000000e+00 -5.519046789851e-27 -6.308245432984e-25 1.000000000000e+00 0.000000000000e+00 0.000000000000e+00 0.000000000000e+00
2.818382931264e+05 9.955864267187e-01 -9.853043073250e-03 0.000000000000e+00 0.000000000000e+00 -5.564043452758e-27 -5.622106894339e-25 1.000000000000e+00 0.000000000000e+00 0.000000000000e+00 0.000000000000e+00
3.162277660168e+05 9.955590250443e-01 -1.112619328543e-02 0.000000000000e+00 0.000000000000e+00 -5.599725417785e-27 -5.010570133399e-25 1.000000000000e+00 0.000000000000e+00 0.000000000000e+00 0.000000000000e+00
3.548133892336e+05 9.955245034460e-01 -1.254681306192e-02 0.000000000000e+00 0.000000000000e+00 -5.627993135118e-27 -4.465520482042e-25 1.000000000000e+00 0.000000000000e+00 0.000000000000e+00 0.000000000000e+00
3.981071705535e+05 9.954810252653e-01 -1.413368428052e-02 0.000000000000e+00 0.000000000000e+00 -5.650352175824e-27 -3.979725502178e-25 1.000000000000e+00 0.000000000000e+00 0.000000000000e+00 0.000000000000e+00
4.466835921510e+05 9.954262779633e-01 -1.590776425905e-02 0.000000000000e+00 0.000000000000e+00 -5.667992645925e-27 -3.546739020758e-25 1.000000000000e+00 0.000000000000e+00 0.000000000000e+00 0.000000000000e+00
5.011872336273e+05 9.953573504153e-01 -1.789245730561e-02 0.000000000000e+00 0.000000000000e+00 -5.681854670633e-27 -3.160815596098e-25 1.000000000000e+00 0.000000000000e+00 0.000000000000e+00 0.000000000000e+00
5.623413251903e+05 9.952705790584e-01 -2.011390108555e-02 0.000000000000e+00 0.000000000000e+00 -5.692675674410e-27 -2.816834283297e-25 1.000000000000e+00 0.000000000000e+00 0.000000000000e+00 0.000000000000e+00
6.309573444802e+05 9.951613540160e-01 -2.260129950143e-02 0.000000000000e+00 0.000000000000e+00 -5.701032831176e-27 -2.510230684392e-25 1.000000000000e+00 0.000000000000e+00 0.000000000000e+00 0.000000000000e+00
7.079457843841e+05 9.950238763024e-01 -2.538726711979e-02 0.000000000000e+00 0.000000000000e+00 -5.707370737755e-27 -2.236936385542e-25 1.000000000000e+00 0.000000000000e+00 0.000000000000e+00 0.000000000000e+00
7.943282347243e+05 9.948508525515e-01 -2.850822291037e-02 0.000000000000e+00 0.000000000000e+00 -5.712027341599e-27 -1.993324974501e-25 1.000000000000e+00 0.000000000000e+00 0.000000000000e+00 0.000000000000e+00
8.912509381337e+05 9.946331127334e-01 -3.200480332609e-02 0.000000000000e+00 0.000000000000e+00 -5.715250816675e-27 -1.776163925122e-25 1.000000000000e+00 0.000000000000e+00 0.000000000000e+00 0.000000000000e+00
1.000000000000e+06 9.943591312925e-01 -3.592230989387e-02 0.000000000000e+00 0.000000000000e+00 -5.717213186888e-27 -1.582571709538e-25 1.000000000000e+00 0.000000000000e+00 0.000000000000e+00 0.000000000000e+00
1.122018454302e+06 9.940144283344e-01 -4.031117979084e-02 0.000000000000e+00 0.000000000000e+00 -5.718019610979e-27 -1.409979570011e-25 1.000000000000e+00 0.000000000000e+00 0.000000000000e+00 0.000000000000e+00
1.258925411794e+06 9.935808222348e-01 -4.522747096492e-02 0.000000000000e+00 0.000000000000e+00 -5.717714091857e-27 -1.256097444205e-25 1.000000000000e+00 0.000000000000e+00 0.000000000000e+00 0.000000000000e+00
1.412537544623e+06 9.930354988583e-01 -5.073334760833e-02 0.000000000000e+00 0.000000000000e+00 -5.716282078450e-27 -1.118883592940e-25 1.000000000000e+00 0.000000000000e+00 0.000000000000e+00 0.000000000000e+00
1.584893192461e+06 9.923498559166e-01 -5.689753953431e-02 0.000000000000e+00 0.000000000000e+00 -5.713649796546e-27 -9.965175293637e-26 1.000000000000e+00 0.000000000000e+00 0.000000000000e+00 0.000000000000e+00
1.778279410039e+06 9.914880728925e-01 -6.379574788869e-02 0.000000000000e+00 0.000000000000e+00 -5.709681261229e-27 -8.873758922623e-26 1.000000000000e+00 0.000000000000e+00 0.000000000000e+00 0.000000000000e+00
1.995262314969e+06 9.904053505738e-01 -7.151093445938e-02 0.000000000000e+00 0.000000000000e+00 -5.704171636454e-27 -7.900109475628e-26 1.000000000000e+00 0.000000000000e+00 0.000000000000e+00 0.000000000000e+00
2.238721138568e+06 9.890457566120e-01 -8.013342713231e-02 0.000000000000e+00 0.000000000000e+00 -5.696837723682e-27 -7.031314369486e-26 1.000000000000e+00 0.000000000000e+00 0.000000000000e+00 0.000000000000e+00
2.511886431510e+06 9.873396095060e-01 -8.976073542465e-02 0.000000000000e+00 0.000000000000e+00 -5.687305189913e-27 -6.255855256516e-26 1.000000000000e+00 0.000000000000e+00 0.000000000000e+00 0.000000000000e+00
2.818382931264e+06 9.852003361494e-01 -1.004969226708e-01 0.000000000000e+00 0.000000000000e+00 -5.675091851841e-27 -5.563456324355e-26 1.000000000000e+00 0.000000000000e+00 0.000000000000e+00 0.000000000000e+00
3.162277660168e+06 9.825207480351e-01 -1.124513402254e-01 0.000000000000e+00 0.000000000000e+00 -5.659587353638e-27 -4.944949512492e-26 1.000000000000e+00 0.000000000000e+00 0.000000000000e+00 0.000000000000e+00
3.548133892336e+06 9.791687117442e-01 -1.257364490361e-01 0.000000000000e+00 0.000000000000e+00 -5.640028814623e-27 -4.392155012291e-26 1.000000000000e+00 0.000000000000e+00 0.000000000000e+00 0.000000000000e+00
3.981071705535e+06 9.749822442820e-01 -1.404643789651e-01 0.000000000000e+00 0.000000000000e+00 -5.615472891270e-27 -3.897775651430e-26 1.000000000000e+00 0.000000000000e+00 0.000000000000e+00 0.000000000000e+00
4.466835921510e+06 9.697641645073e-01 -1.567417799398e-01 0.000000000000e+00 0.000000000000e+00 -5.584765033861e-27 -3.455304003254e-26 1.000000000000e+00 0.000000000000e+00 0.000000000000e+00 0.000000000000e+00
5.011872336273e+06 9.632765904352e-01 -1.746624259392e-01 0.000000000000e+00 0.000000000000e+00 -5.546507691240e-27 -3.058941262787e-26 1.000000000000e+00 0.000000000000e+00 0.000000000000e+00 0.000000000000e+00
5.623413251903e+06 9.552358175758e-01 -1.942969636032e-01 0.000000000000e+00 0.000000000000e+00 -5.499030713194e-27 -2.703527117346e-26 1.000000000000e+00 0.000000000000e+00 0.000000000000e+00 0.000000000000e+00
6.309573444802e+06 9.453084617094e-01 -2.156791930966e-01 0.000000000000e+00 0.000000000000e+00 -5.440369306055e-27 -2.384479961187e-26 1.000000000000e+00 0.000000000000e+00 0.000000000000e+00 0.000000000000e+00
7.079457843841e+06 9.331102158868e-01 -2.387883885923e-01 0.000000000000e+00 0.000000000000e+00 -5.368257462043e-27 -2.097746841407e-26 1.000000000000e+00 0.000000000000e+00 0.000000000000e+00 0.000000000000e+00
7.943282347243e+06 9.182091326114e-01 -2.635275316949e-01 0.000000000000e+00 0.000000000000e+00 -5.280148366452e-27 -1.839762403737e-26 1.000000000000e+00 0.000000000000e+00 0.000000000000e+00 0.000000000000e+00
8.912509381337e+06 9.001359192262e-01 -2.896980432697e-01 0.000000000000e+00 0.000000000000e+00 -5.173276528266e-27 -1.607415766646e-26 1.000000000000e+00 0.000000000000e+00 0.000000000000e+00 0.000000000000e+00
1.000000000000e+07 8.784041422249e-01 -3.169728028845e-01 0.000000000000e+00 0.000000000000e+00 -5.044778840476e-27 -1.398023612675e-26 1.000000000000e+00 0.000000000000e+00 0.000000000000e+00 0.000000000000e+00
1.122018454302e+07 8.525431526546e-01 -3.448709866461e-01 0.000000000000e+00 0.000000000000e+00 -4.891891220083e-27 -1.209306820435e-26 1.000000000000e+00 0.000000000000e+00 0.000000000000e+00 0.000000000000e+00
1.258925411794e+07 8.221455019970e-01 -3.727403961604e-01 0.000000000000e+00 0.000000000000e+00 -4.712231239690e-27 -1.039366743714e-26 1.000000000000e+00 0.000000000000e+00 0.000000000000e+00 0.000000000000e+00
1.412537544623e+07 7.869281324010e-01 -3.997549923363e-01 0.000000000000e+00 0.000000000000e+00 -4.504162264443e-27 -8.866560935422e-27 1.000000000000e+00 0.000000000000e+00 0.000000000000e+00 0.000000000000e+00
1.584893192461e+07 7.468024340785e-01 -4.249363107481e-01 0.000000000000e+00 0.000000000000e+00 -4.267209593460e-27 -7.499388568392e-27 1.000000000000e+00 0.000000000000e+00 0.000000000000e+00 0.000000000000e+00
1.778279410039e+07 7.019428178589e-01 -4.472059665516e-01 0.000000000000e+00 0.000000000000e+00 -4.002466640230e-27 -6.282346216203e-27 1.000000000000e+00 0.000000000000e+00 0.000000000000e+00 0.000000000000e+00
1.995262314969e+07 6.528383042068e-01 -4.654713439036e-01 0.000000000000e+00 0.000000000000e+00 -3.712898534398e-27 -5.207457805159e-27 1.000000000000e+00 0.000000000000e+00 0.000000000000e+00 0.000000000000e+00
2.238721138568e+07 6.003094442073e-01 -4.787377379563e-01 0.000000000000e+00 0.000000000000e+00 -3.403437620154e-27 -4.267713999049e-27 1.000000000000e+00 0.000000000000e+00 0.000000000000e+00 0.000000000000e+00
2.511886431510e+07 5.454764572967e-01 -4.862297465850e-01 0.000000000000e+00 0.000000000000e+00 -3.080786880990e-27 -3.456178329959e-27 1.000000000000e+00 0.000000000000e+00 0.000000000000e+00 0.000000000000e+00
2.818382931264e+07 4.896748424066e-01 -4.874968455107e-01 0.000000000000e+00 0.000000000000e+00 -2.752909544124e-27 -2.765208758974e-27 1.000000000000e+00 0.000000000000e+00 0.000000000000e+00 0.000000000000e+00
3.162277660168e+07 4.343294514842e-01 -4.824775477058e-01 0.000000000000e+00 0.000000000000e+00 -2.428271483414e-27 -2.185945908698e-27 1.000000000000e+00 0.000000000000e+00 0.000000000000e+00 0.000000000000e+00
3.548133892336e+07 3.808113349971e-01 -4.715054719706e-01 0.000000000000e+00 0.000000000000e+00 -2.114982941346e-27 -1.708165705954e-27 1.000000000000e+00 0.000000000000e+00 0.000000000000e+00 0.000000000000e+00
3.981071705535e+07 3.303073178936e-01 -4.552563623208e-01 0.000000000000e+00 0.000000000000e+00 -1.820019979461e-27 -1.320499761637e-27 1.000000000000e+00 0.000000000000e+00 0.000000000000e+00 0.000000000000e+00
4.466835921510e+07 2.837274510388e-01 -4.346510288754e-01 0.000000000000e+00 0.000000000000e+00 -1.548676982568e-27 -1.010930938973e-27 1.000000000000e+00 0.000000000000e+00 0.000000000000e+00 0.000000000000e+00
5.011872336273e+07 2.416627816938e-01 -4.107386684693e-01 0.000000000000e+00 0.000000000000e+00 -1.304324711800e-27 -7.674143251724e-28 1.000000000000e+00 0.000000000000e+00 0.000000000000e+00 0.000000000000e+00
5.623413251903e+07 2.043914381626e-01 -3.845852350346e-01 0.000000000000e+00 0.000000000000e+00 -1.088460663552e-27 -5.784726508981e-28 1.000000000000e+00 0.000000000000e+00 0.000000000000e+00 0.000000000000e+00
6.309573444802e+07 1.719205879521e-01 -3.571844288044e-01 0.000000000000e+00 0.000000000000e+00 -9.009748113243e-28 -4.336586558698e-28 1.000000000000e+00 0.000000000000e+00 0.000000000000e+00 0.000000000000e+00
7.079457843841e+07 1.440478833903e-01 -3.293990402209e-01 0.000000000000e+00 0.000000000000e+00 -7.405296656508e-28 -3.238374066092e-28 1.000000000000e+00 0.000000000000e+00 0.000000000000e+00 0.000000000000e+00
7.943282347243e+07 1.204275843402e-01 -3.019319514256e-01 0.000000000000e+00 0.000000000000e+00 -6.049635458754e-28 -2.412937686775e-28 1.000000000000e+00 0.000000000000e+00 0.000000000000e+00 0.000000000000e+00
8.912509381337e+07 1.006309918231e-01 -2.753210411578e-01 0.000000000000e+00 0.000000000000e+00 -4.916539524685e-28 -1.797015755229e-28 1.000000000000e+00 0.000000000000e+00 0.000000000000e+00 0.000000000000e+00
1.000000000000e+08 8.419567188780e-02 -2.499504880279e-01 0.000000000000e+00 0.000000000000e+00 -3.978085569788e-28 -1.340015736789e-28 1.000000000000e+00 0.000000000000e+00 0.000000000000e+00 0.000000000000e+00
1.122018454302e+08 7.066179008216e-02 -2.260714343513e-01 0.000000000000e+00 0.000000000000e+00 -3.206755301656e-28 -1.002316239646e-28 1.000000000000e+00 0.000000000000e+00 0.000000000000e+00 0.000000000000e+00
1.258925411794e+08 5.959631945288e-02 -2.038264829630e-01 0.000000000000e+00 0.000000000000e+00 -2.576800181542e-28 -7.534242094209e-29 1.000000000000e+00 0.000000000000e+00 0.000000000000e+00 0.000000000000e+00
1.412537544623e+08 5.060711237357e-02 -1.832742255548e-01 0.000000000000e+00 0.000000000000e+00 -2.065006983313e-28 -5.702058766878e-29 1.000000000000e+00 0.000000000000e+00 0.000000000000e+00 0.000000000000e+00
1.584893192461e+08 4.334921323578e-02 -1.644115124129e-01 0.000000000000e+00 0.000000000000e+00 -1.651020083006e-28 -4.353127137171e-29 1.000000000000e+00 0.000000000000e+00 0.000000000000e+00 0.000000000000e+00
1.778279410039e+08 3.752568680131e-02 -1.471923202144e-01 0.000000000000e+00 0.000000000000e+00 -1.317362458061e-28 -3.358526513680e-29 1.000000000000e+00 0.000000000000e+00 0.000000000000e+00 0.000000000000e+00
1.995262314969e+08 3.288490266717e-02 -1.315428598235e-01 0.000000000000e+00 0.000000000000e+00 -1.049270374742e-28 -2.623111143488e-29 1.000000000000e+00 0.000000000000e+00 0.000000000000e+00 0.000000000000e+00
2.238721138568e+08 2.921580924957e-02 -1.173730555574e-01 0.000000000000e+00 0.000000000000e+00 -8.344273726610e-29 -2.077007438931e-29 1.000000000000e+00 0.000000000000e+00 0.000000000000e+00 0.000000000000e+00
2.511886431510e+08 2.634233799395e-02 -1.045847995313e-01 0.000000000000e+00 0.000000000000e+00 -6.626568625429e-29 -1.669069609097e-29 1.000000000000e+00 0.000000000000e+00 0.000000000000e+00 0.000000000000e+00
2.818382931264e+08 2.411774162007e-02 -9.307751047496e-02 0.000000000000e+00 0.000000000000e+00 -5.256115383914e-29 -1.361936219691e-29 1.000000000000e+00 0.000000000000e+00 0.000000000000e+00 0.000000000000e+00
3.162277660168e+08 2.241940018274e-02 -8.275156489638e-02 0.000000000000e+00 0.000000000000e+00 -4.164821061648e-29 -1.128350747053e-29 1.000000000000e+00 0.000000000000e+00 0.000000000000e+00 0.000000000000e+00
3.548133892336e+08 2.114441594134e-02 -7.351016265666e-02 0.000000000000e+00 0.000000000000e+00 -3.297368732214e-29 -9.484530229045e-30 1.000000000000e+00 0.000000000000e+00 0.000000000000e+00 0.000000000000e+00
3.981071705535e+08 2.020614073136e-02 -6.526015995175e-02 0.000000000000e+00 0.000000000000e+00 -2.608965075622e-29 -8.077993605931e-30 1.000000000000e+00 0.000000000000e+00 0.000000000000e+00 0.000000000000e+00
4.466835921510e+08 1.953162045635e-02 -5.791234787106e-02 0.000000000000e+00 0.000000000000e+00 -2.063437429020e-29 -6.959185420836e-30 1.000000000000e+00 0.000000000000e+00 0.000000000000e+00 0.000000000000e+00
5.011872336273e+08 1.905980314788e-02 -5.138156012150e-02 0.000000000000e+00 0.000000000000e+00 -1.631651552241e-29 -6.052552183722e-30 1.000000000000e+00 0.000000000000e+00 0.000000000000e+00 0.000000000000e+00
5.623413251903e+08 1.874026367159e-02 -4.558685589098e-02 0.000000000000e+00 0.000000000000e+00 -1.290208122729e-29 -5.303906123510e-30 1.000000000000e+00 0.000000000000e+00 0.000000000000e+00 0.000000000000e+00
6.309573444802e+08 1.853217609875e-02 -4.045186618193e-02 0.000000000000e+00 0.000000000000e+00 -1.020372378017e-29 -4.674622552806e-30 1.000000000000e+00 0.000000000000e+00 0.000000000000e+00 0.000000000000e+00
7.079457843841e+08 1.840331833930e-02 -3.590525707152e-02 0.000000000000e+00 0.000000000000e+00 -8.071944592324e-30 -4.137292922144e-30 1.000000000000e+00 0.000000000000e+00 0.000000000000e+00 0.000000000000e+00
7.943282347243e+08 1.832899527362e-02 -3.188118887839e-02 0.000000000000e+00 0.000000000000e+00 -6.387848977072e-30 -3.672474516428e-30 1.000000000000e+00 0.000000000000e+00 0.000000000000e+00 0.000000000000e+00
8.912509381337e+08 1.829087133588e-02 -2.831964599501e-02 0.000000000000e+00 0.000000000000e+00 -5.057174645062e-30 -3.266288384120e-30 1.000000000000e+00 0.000000000000e+00 0.000000000000e+00 0.000000000000e+00
1.000000000000e+09 1.827577429919e-02 -2.516655797913e-02 0.000000000000e+00 0.000000000000e+00 -4.005382102987e-30 -2.908679818547e-30 1.000000000000e+00 0.000000000000e+00 0.000000000000e+00 0.000000000000e+00
