# freq_hz rev(vout) imv(vout) rev(vinp) imv(vinp) rev(vinn) imv(vinn) rev(vdd) imv(vdd) rev(vss) imv(vss)
1.000000000000e-01 5.751150869978e+04 -2.215641575001e+01 5.000000000000e-01 0.000000000000e+00 -5.000000000000e-01 -9.153240894243e-14 0.000000000000e+00 0.000000000000e+00 0.000000000000e+00 0.000000000000e+00
1.122018454302e-01 5.751150648967e+04 -2.485990639858e+01 5.000000000000e-01 0.000000000000e+00 -5.000000000000e-01 -8.157834220461e-14 0.000000000000e+00 0.000000000000e+00 0.000000000000e+00 0.000000000000e+00
1.258925411794e-01 5.751150370731e+04 -2.789327240307e+01 5.000000000000e-01 0.000000000000e+00 -5.000000000000e-01 -7.270677050375e-14 0.000000000000e+00 0.000000000000e+00 0.000000000000e+00 0.000000000000e+00
1.412537544623e-01 5.751150020452e+04 -3.129676448194e+01 5.000000000000e-01 0.000000000000e+00 -5.000000000000e-01 -6.479997347345e-14 0.000000000000e+00 0.000000000000e+00 0.000000000000e+00 0.000000000000e+00
1.584893192461e-01 5.751149579477e+04 -3.511554461706e+01 5.000000000000e-01 0.000000000000e+00 -5.000000000000e-01 -5.775303272098e-14 0.000000000000e+00 0.000000000000e+00 0.000000000000e+00 0.000000000000e+00
1.778279410039e-01 5.751149024323e+04 -3.940028529073e+01 5.000000000000e-01 0.000000000000e+00 -5.000000000000e-01 -5.147243962405e-14 0.000000000000e+00 0.000000000000e+00 0.000000000000e+00 0.000000000000e+00
1.995262314969e-01 5.751148325426e+04 -4.420784182943e+01 5.000000000000e-01 0.000000000000e+00 -5.000000000000e-01 -4.587485452811e-14 0.000000000000e+00 0.000000000000e+00 0.000000000000e+00 0.000000000000e+00
2.238721138568e-01 5.751147445566e+04 -4.960200676964e+01 5.000000000000e-01 0.000000000000e+00 -5.000000000000e-01 -4.088600087984e-14 0.000000000000e+00 0.000000000000e+00 0.000000000000e+00 0.000000000000e+00
2.511886431510e-01 5.751146337888e+04 -5.565435624752e+01 5.000000000000e-01 0.000000000000e+00 -5.000000000000e-01 -3.643967962237e-14 0.000000000000e+00 0.000000000000e+00 0.000000000000e+00 0.000000000000e+00
2.818382931264e-01 5.751144943406e+04 -6.244519963155e+01 5.000000000000e-01 0.000000000000e+00 -5.000000000000e-01 -3.247689077404e-14 0.000000000000e+00 0.000000000000e+00 0.000000000000e+00 0.000000000000e+00
3.162277660168e-01 5.751143187857e+04 -7.006464498247e+01 5.000000000000e-01 0.000000000000e+00 -5.000000000000e-01 -2.894505053449e-14 0.000000000000e+00 0.000000000000e+00 0.000000000000e+00 0.000000000000e+00
3.548133892336e-01 5.751140977754e+04 -7.861379445471e+01 5.000000000000e-01 0.000000000000e+00 -5.000000000000e-01 -2.579729352957e-14 0.000000000000e+00 0.000000000000e+00 0.000000000000e+00 0.000000000000e+00
3.981071705535e-01 5.751138195401e+04 -8.820608546835e+01 5.000000000000e-01 0.000000000000e+00 -5.000000000000e-01 -2.299185093627e-14 0.000000000000e+00 0.000000000000e+00 0.000000000000e+00 0.000000000000e+00
4.466835921510e-01 5.751134692630e+04 -9.896879540055e+01 5.000000000000e-01 0.000000000000e+00 -5.000000000000e-01 -2.049149623589e-14 0.000000000000e+00 0.000000000000e+00 0.000000000000e+00 0.000000000000e+00
5.011872336273e-01 5.751130282909e+04 -1.110447296963e+02 5.000000000000e-01 0.000000000000e+00 -5.000000000000e-01 -1.826305124067e-14 0.000000000000e+00 0.000000000000e+00 0.000000000000e+00 0.000000000000e+00
5.623413251903e-01 5.751124731409e+04 -1.245941157045e+02 5.000000000000e-01 0.000000000000e+00 -5.000000000000e-01 -1.627694583947e-14 0.000000000000e+00 0.000000000000e+00 0.000000000000e+00 0.000000000000e+00
6.309573444802e-01 5.751117742499e+04 -1.397967272354e+02 5.000000000000e-01 0.000000000000e+00 -5.000000000000e-01 -1.450682562030e-14 0.000000000000e+00 0.000000000000e+00 0.000000000000e+00 0.000000000000e+00
7.079457843841e-01 5.751108944008e+04 -1.568542678442e+02 5.000000000000e-01 0.000000000000e+00 -5.000000000000e-01 -1.292920216334e-14 0.000000000000e+00 0.000000000000e+00 0.000000000000e+00 0.000000000000e+00
7.943282347243e-01 5.751097867401e+04 -1.759930441990e+02 5.000000000000e-01 0.000000000000e+00 -5.000000000000e-01 -1.152314136385e-14 0.000000000000e+00 0.000000000000e+00 0.000000000000e+00 0.000000000000e+00
8.912509381337e-01 5.751083922840e+04 -1.974669646307e+02 5.000000000000e-01 0.000000000000e+00 -5.000000000000e-01 -1.026998564931e-14 0.000000000000e+00 0.000000000000e+00 0.000000000000e+00 0.000000000000e+00
1.000000000000e+00 5.751066367775e+04 -2.215609021263e+02 5.000000000000e-01 0.000000000000e+00 -5.000000000000e-01 -9.153106404809e-15 0.000000000000e+00 0.000000000000e+00 0.000000000000e+00 0.000000000000e+00
1.122018454302e+00 5.751044267409e+04 -2.485944656388e+02 5.000000000000e-01 0.000000000000e+00 -5.000000000000e-01 -8.157683321420e-15 0.000000000000e+00 0.000000000000e+00 0.000000000000e+00 0.000000000000e+00
1.258925411794e+00 5.751016444938e+04 -2.789262287004e+02 5.000000000000e-01 0.000000000000e+00 -5.000000000000e-01 -7.270507739694e-15 0.000000000000e+00 0.000000000000e+00 0.000000000000e+00 0.000000000000e+00
1.412537544623e+00 5.750981418905e+04 -3.129584699564e+02 5.000000000000e-01 0.000000000000e+00 -5.000000000000e-01 -6.479807378804e-15 0.000000000000e+00 0.000000000000e+00 0.000000000000e+00 0.000000000000e+00
1.584893192461e+00 5.750937324349e+04 -3.511424864132e+02 5.000000000000e-01 0.000000000000e+00 -5.000000000000e-01 -5.775090125541e-15 0.000000000000e+00 0.000000000000e+00 0.000000000000e+00 0.000000000000e+00
1.778279410039e+00 5.750881813553e+04 -3.939845469248e+02 5.000000000000e-01 0.000000000000e+00 -5.000000000000e-01 -5.147004810365e-15 0.000000000000e+00 0.000000000000e+00 0.000000000000e+00 0.000000000000e+00
1.995262314969e+00 5.750811931126e+04 -4.420525607088e+02 5.000000000000e-01 0.000000000000e+00 -5.000000000000e-01 -4.587217123102e-15 0.000000000000e+00 0.000000000000e+00 0.000000000000e+00 0.000000000000e+00
2.238721138568e+00 5.750723956777e+04 -4.959835434368e+02 5.000000000000e-01 0.000000000000e+00 -5.000000000000e-01 -4.088299021750e-15 0.000000000000e+00 0.000000000000e+00 0.000000000000e+00 0.000000000000e+00
2.511886431510e+00 5.750613207460e+04 -5.564919715785e+02 5.000000000000e-01 0.000000000000e+00 -5.000000000000e-01 -3.643630166937e-15 0.000000000000e+00 0.000000000000e+00 0.000000000000e+00 0.000000000000e+00
2.818382931264e+00 5.750473788396e+04 -6.243791240107e+02 5.000000000000e-01 0.000000000000e+00 -5.000000000000e-01 -3.247310074125e-15 0.000000000000e+00 0.000000000000e+00 0.000000000000e+00 0.000000000000e+00
3.162277660168e+00 5.750298279806e+04 -7.005435181215e+02 5.000000000000e-01 0.000000000000e+00 -5.000000000000e-01 -2.894079817884e-15 0.000000000000e+00 0.000000000000e+00 0.000000000000e+00 0.000000000000e+00
3.548133892336e+00 5.750077342814e+04 -7.859925552855e+02 5.000000000000e-01 0.000000000000e+00 -5.000000000000e-01 -2.579252249320e-15 0.000000000000e+00 0.000000000000e+00 0.000000000000e+00 0.000000000000e+00
3.981071705535e+00 5.749799223760e+04 -8.818554969176e+02 5.000000000000e-01 0.000000000000e+00 -5.000000000000e-01 -2.298649800693e-15 0.000000000000e+00 0.000000000000e+00 0.000000000000e+00 0.000000000000e+00
4.466835921510e+00 5.749449130867e+04 -9.893978962827e+02 5.000000000000e-01 0.000000000000e+00 -5.000000000000e-01 -2.048549051973e-15 0.000000000000e+00 0.000000000000e+00 0.000000000000e+00 0.000000000000e+00
5.011872336273e+00 5.749008450642e+04 -1.110037611251e+03 5.000000000000e-01 0.000000000000e+00 -5.000000000000e-01 -1.825631323796e-15 0.000000000000e+00 0.000000000000e+00 0.000000000000e+00 0.000000000000e+00
5.623413251903e+00 5.748453763155e+04 -1.245362516982e+03 5.000000000000e-01 0.000000000000e+00 -5.000000000000e-01 -1.626938641281e-15 0.000000000000e+00 0.000000000000e+00 0.000000000000e+00 0.000000000000e+00
6.309573444802e+00 5.747755605158e+04 -1.397150021796e+03 5.000000000000e-01 0.000000000000e+00 -5.000000000000e-01 -1.449834484451e-15 0.000000000000e+00 0.000000000000e+00 0.000000000000e+00 0.000000000000e+00
7.079457843841e+00 5.746876917408e+04 -1.567388459585e+03 5.000000000000e-01 0.000000000000e+00 -5.000000000000e-01 -1.291968804563e-15 0.000000000000e+00 0.000000000000e+00 0.000000000000e+00 0.000000000000e+00
7.943282347243e+00 5.745771097002e+04 -1.758300381369e+03 5.000000000000e-01 0.000000000000e+00 -5.000000000000e-01 -1.151246842283e-15 0.000000000000e+00 0.000000000000e+00 0.000000000000e+00 0.000000000000e+00
8.912509381337e+00 5.744379556554e+04 -1.972367687688e+03 5.000000000000e-01 0.000000000000e+00 -5.000000000000e-01 -1.025801334174e-15 0.000000000000e+00 0.000000000000e+00 0.000000000000e+00 0.000000000000e+00
1.000000000000e+01 5.742628669016e+04 -2.212358419285e+03 5.000000000000e-01 0.000000000000e+00 -5.000000000000e-01 -9.139677390152e-16 0.000000000000e+00 0.000000000000e+00 0.000000000000e+00 0.000000000000e+00
1.122018454302e+01 5.740425949265e+04 -2.481354837882e+03 5.000000000000e-01 0.000000000000e+00 -5.000000000000e-01 -8.142621556496e-16 0.000000000000e+00 0.000000000000e+00 0.000000000000e+00 0.000000000000e+00
1.258925411794e+01 5.737655290964e+04 -2.782782156560e+03 5.000000000000e-01 0.000000000000e+00 -5.000000000000e-01 -7.253616399823e-16 0.000000000000e+00 0.000000000000e+00 0.000000000000e+00 0.000000000000e+00
1.412537544623e+01 5.734171039446e+04 -3.120436886181e+03 5.000000000000e-01 0.000000000000e+00 -5.000000000000e-01 -6.460866608016e-16 0.000000000000e+00 0.000000000000e+00 0.000000000000e+00 0.000000000000e+00
1.584893192461e+01 5.729790639092e+04 -3.498513204144e+03 5.000000000000e-01 0.000000000000e+00 -5.000000000000e-01 -5.753854628381e-16 0.000000000000e+00 0.000000000000e+00 0.000000000000e+00 0.000000000000e+00
1.778279410039e+01 5.724285548618e+04 -3.921624963393e+03 5.000000000000e-01 0.000000000000e+00 -5.000000000000e-01 -5.123201312397e-16 0.000000000000e+00 0.000000000000e+00 0.000000000000e+00 0.000000000000e+00
1.995262314969e+01 5.717370073514e+04 -4.394819863389e+03 5.000000000000e-01 0.000000000000e+00 -5.000000000000e-01 -4.560541748615e-16 0.000000000000e+00 0.000000000000e+00 0.000000000000e+00 0.000000000000e+00
2.238721138568e+01 5.708687728626e+04 -4.923580800786e+03 5.000000000000e-01 0.000000000000e+00 -5.000000000000e-01 -4.058414667760e-16 0.000000000000e+00 0.000000000000e+00 0.000000000000e+00 0.000000000000e+00
2.511886431510e+01 5.697794727580e+04 -5.513807385951e+03 5.000000000000e-01 0.000000000000e+00 -5.000000000000e-01 -3.610163995640e-16 0.000000000000e+00 0.000000000000e+00 0.000000000000e+00 0.000000000000e+00
2.818382931264e+01 5.684140219385e+04 -6.171767918850e+03 5.000000000000e-01 0.000000000000e+00 -5.000000000000e-01 -3.209851305538e-16 0.000000000000e+00 0.000000000000e+00 0.000000000000e+00 0.000000000000e+00
3.162277660168e+01 5.667042987669e+04 -6.904008636953e+03 5.000000000000e-01 0.000000000000e+00 -5.000000000000e-01 -2.852178085316e-16 0.000000000000e+00 0.000000000000e+00 0.000000000000e+00 0.000000000000e+00
3.548133892336e+01 5.645664542389e+04 -7.717202698174e+03 5.000000000000e-01 0.000000000000e+00 -5.000000000000e-01 -2.532416887933e-16 0.000000000000e+00 0.000000000000e+00 0.000000000000e+00 0.000000000000e+00
3.981071705535e+01 5.618978937057e+04 -8.617916190155e+03 5.000000000000e-01 0.000000000000e+00 -5.000000000000e-01 -2.246350578711e-16 0.000000000000e+00 0.000000000000e+00 0.000000000000e+00 0.000000000000e+00
4.466835921510e+01 5.585740332239e+04 -9.612262776137e+03 5.000000000000e-01 0.000000000000e+00 -5.000000000000e-01 -1.990219028245e-16 0.000000000000e+00 0.000000000000e+00 0.000000000000e+00 0.000000000000e+00
5.011872336273e+01 5.544450420495e+04 -1.070541320383e+04 5.000000000000e-01 0.000000000000e+00 -5.000000000000e-01 -1.760672722574e-16 0.000000000000e+00 0.000000000000e+00 0.000000000000e+00 0.000000000000e+00
5.623413251903e+01 5.493329467062e+04 -1.190092245326e+04 5.000000000000e-01 0.000000000000e+00 -5.000000000000e-01 -1.554732863389e-16 0.000000000000e+00 0.000000000000e+00 0.000000000000e+00 0.000000000000e+00
6.309573444802e+01 5.430297024870e+04 -1.319983868851e+04 5.000000000000e-01 0.000000000000e+00 -5.000000000000e-01 -1.369757593799e-16 0.000000000000e+00 0.000000000000e+00 0.000000000000e+00 0.000000000000e+00
7.079457843841e+01 5.352971380987e+04 -1.459956903906e+04 5.000000000000e-01 0.000000000000e+00 -5.000000000000e-01 -1.203413982124e-16 0.000000000000e+00 0.000000000000e+00 0.000000000000e+00 0.000000000000e+00
7.943282347243e+01 5.258700286158e+04 -1.609250414557e+04 5.000000000000e-01 0.000000000000e+00 -5.000000000000e-01 -1.053655287819e-16 0.000000000000e+00 0.000000000000e+00 0.000000000000e+00 0.000000000000e+00
8.912509381337e+01 5.144638874954e+04 -1.766445431192e+04 5.000000000000e-01 0.000000000000e+00 -5.000000000000e-01 -9.187027719558e-17 0.000000000000e+00 0.000000000000e+00 0.000000000000e+00 0.000000000000e+00
1.000000000000e+02 5.007892570966e+04 -1.929303206564e+04 5.000000000000e-01 0.000000000000e+00 -5.000000000000e-01 -7.970308571424e-17 0.000000000000e+00 0.000000000000e+00 0.000000000000e+00 0.000000000000e+00
1.122018454302e+02 4.845740970566e+04 -2.094623001359e+04 5.000000000000e-01 0.000000000000e+00 -5.000000000000e-01 -6.873537823300e-17 0.000000000000e+00 0.000000000000e+00 0.000000000000e+00 0.000000000000e+00
1.258925411794e+02 4.655950240302e+04 -2.258157573341e+04 5.000000000000e-01 0.000000000000e+00 -5.000000000000e-01 -5.886111191273e-17 0.000000000000e+00 0.000000000000e+00 0.000000000000e+00 0.000000000000e+00
1.412537544623e+02 4.437163606395e+04 -2.414635926244e+04 5.000000000000e-01 0.000000000000e+00 -5.000000000000e-01 -4.999488501765e-17 0.000000000000e+00 0.000000000000e+00 0.000000000000e+00 0.000000000000e+00
1.584893192461e+02 4.189331339053e+04 -2.557945617685e+04 5.000000000000e-01 0.000000000000e+00 -5.000000000000e-01 -4.206925703458e-17 0.000000000000e+00 0.000000000000e+00 0.000000000000e+00 0.000000000000e+00
1.778279410039e+02 3.914107518490e+04 -2.681512508445e+04 5.000000000000e-01 0.000000000000e+00 -5.000000000000e-01 -3.503102807377e-17 0.000000000000e+00 0.000000000000e+00 0.000000000000e+00 0.000000000000e+00
1.995262314969e+02 3.615112337457e+04 -2.778877974479e+04 5.000000000000e-01 0.000000000000e+00 -5.000000000000e-01 -2.883645894689e-17 0.000000000000e+00 0.000000000000e+00 0.000000000000e+00 0.000000000000e+00
2.238721138568e+02 3.297953159404e+04 -2.844414749949e+04 5.000000000000e-01 0.000000000000e+00 -5.000000000000e-01 -2.344577617828e-17 0.000000000000e+00 0.000000000000e+00 0.000000000000e+00 0.000000000000e+00
2.511886431510e+02 2.969930742410e+04 -2.874059250865e+04 5.000000000000e-01 0.000000000000e+00 -5.000000000000e-01 -1.881769622885e-17 0.000000000000e+00 0.000000000000e+00 0.000000000000e+00 0.000000000000e+00
2.818382931264e+02 2.639430736584e+04 -2.865898922407e+04 5.000000000000e-01 0.000000000000e+00 -5.000000000000e-01 -1.490494581187e-17 0.000000000000e+00 0.000000000000e+00 0.000000000000e+00 0.000000000000e+00
3.162277660168e+02 2.315093766641e+04 -2.820464908840e+04 5.000000000000e-01 0.000000000000e+00 -5.000000000000e-01 -1.165168452230e-17 0.000000000000e+00 0.000000000000e+00 0.000000000000e+00 0.000000000000e+00
3.548133892336e+02 2.004931384503e+04 -2.740649753332e+04 5.000000000000e-01 0.000000000000e+00 -5.000000000000e-01 -8.993311698100e-18 0.000000000000e+00 0.000000000000e+00 0.000000000000e+00 0.000000000000e+00
3.981071705535e+02 1.715574151581e+04 -2.631273063708e+04 5.000000000000e-01 0.000000000000e+00 -5.000000000000e-01 -6.858507624597e-18 0.000000000000e+00 0.000000000000e+00 0.000000000000e+00 0.000000000000e+00
4.466835921510e+02 1.451792386561e+04 -2.498411468233e+04 5.000000000000e-01 0.000000000000e+00 -5.000000000000e-01 -5.172787600092e-18 0.000000000000e+00 0.000000000000e+00 0.000000000000e+00 0.000000000000e+00
5.011872336273e+02 1.216342725357e+04 -2.348654961956e+04 5.000000000000e-01 0.000000000000e+00 -5.000000000000e-01 -3.862567604394e-18 0.000000000000e+00 0.000000000000e+00 0.000000000000e+00 0.000000000000e+00
5.623413251903e+02 1.010104776337e+04 -2.188439152055e+04 5.000000000000e-01 0.000000000000e+00 -5.000000000000e-01 -2.858818318935e-18 0.000000000000e+00 0.000000000000e+00 0.000000000000e+00 0.000000000000e+00
6.309573444802e+02 8.324146951600e+03 -2.023549461816e+04 5.000000000000e-01 0.000000000000e+00 -5.000000000000e-01 -2.099712676238e-18 0.000000000000e+00 0.000000000000e+00 0.000000000000e+00 0.000000000000e+00
7.079457843841e+02 6.814872762640e+03 -1.858828981002e+04 5.000000000000e-01 0.000000000000e+00 -5.000000000000e-01 -1.532067441661e-18 0.000000000000e+00 0.000000000000e+00 0.000000000000e+00 0.000000000000e+00
7.943282347243e+02 5.548358503657e+03 -1.698070678540e+04 5.000000000000e-01 0.000000000000e+00 -5.000000000000e-01 -1.111692425499e-18 0.000000000000e+00 0.000000000000e+00 0.000000000000e+00 0.000000000000e+00
8.912509381337e+02 4.496320951093e+03 -1.544047275414e+04 5.000000000000e-01 0.000000000000e+00 -5.000000000000e-01 -8.029295392301e-19 0.000000000000e+00 0.000000000000e+00 0.000000000000e+00 0.000000000000e+00
1.000000000000e+03 3.629803934165e+03 -1.398626060839e+04 5.000000000000e-01 0.000000000000e+00 -5.000000000000e-01 -5.777012385768e-19 0.000000000000e+00 0.000000000000e+00 0.000000000000e+00 0.000000000000e+00
1.122018454302e+03 2.921053222413e+03 -1.262923385464e+04 5.000000000000e-01 0.000000000000e+00 -5.000000000000e-01 -4.143426140622e-19 0.000000000000e+00 0.000000000000e+00 0.000000000000e+00 0.000000000000e+00
1.258925411794e+03 2.344644590040e+03 -1.137466419118e+04 5.000000000000e-01 0.000000000000e+00 -5.000000000000e-01 -2.964129350338e-19 0.000000000000e+00 0.000000000000e+00 0.000000000000e+00 0.000000000000e+00
1.412537544623e+03 1.878039036677e+03 -1.022342538453e+04 5.000000000000e-01 0.000000000000e+00 -5.000000000000e-01 -2.116044257688e-19 0.000000000000e+00 0.000000000000e+00 0.000000000000e+00 0.000000000000e+00
1.584893192461e+03 1.501738013540e+03 -9.173267946620e+03 5.000000000000e-01 0.000000000000e+00 -5.000000000000e-01 -1.508045016666e-19 0.000000000000e+00 0.000000000000e+00 0.000000000000e+00 0.000000000000e+00
1.778279410039e+03 1.199184147054e+03 -8.219847097474e+03 5.000000000000e-01 0.000000000000e+00 -5.000000000000e-01 -1.073262635802e-19 0.000000000000e+00 0.000000000000e+00 0.000000000000e+00 0.000000000000e+00
1.995262314969e+03 9.565176336779e+02 -7.357516098794e+03 5.000000000000e-01 0.000000000000e+00 -5.000000000000e-01 -7.629799270617e-20 0.000000000000e+00 0.000000000000e+00 0.000000000000e+00 0.000000000000e+00
2.238721138568e+03 7.622651988846e+02 -6.579916137504e+03 5.000000000000e-01 0.000000000000e+00 -5.000000000000e-01 -5.419088257995e-20 0.000000000000e+00 0.000000000000e+00 0.000000000000e+00 0.000000000000e+00
2.511886431510e+03 6.070114401740e+02 -5.880400036679e+03 5.000000000000e-01 0.000000000000e+00 -5.000000000000e-01 -3.846068437058e-20 0.000000000000e+00 0.000000000000e+00 0.000000000000e+00 0.000000000000e+00
2.818382931264e+03 4.830823005568e+02 -5.252325924143e+03 5.000000000000e-01 0.000000000000e+00 -5.000000000000e-01 -2.727980474226e-20 0.000000000000e+00 0.000000000000e+00 0.000000000000e+00 0.000000000000e+00
3.162277660168e+03 3.842565370188e+02 -4.689252436989e+03 5.000000000000e-01 0.000000000000e+00 -5.000000000000e-01 -1.933932875416e-20 0.000000000000e+00 0.000000000000e+00 0.000000000000e+00 0.000000000000e+00
3.548133892336e+03 3.055120158140e+02 -4.185061385871e+03 5.000000000000e-01 0.000000000000e+00 -5.000000000000e-01 -1.370403399821e-20 0.000000000000e+00 0.000000000000e+00 0.000000000000e+00 0.000000000000e+00
3.981071705535e+03 2.428081465612e+02 -3.734028277061e+03 5.000000000000e-01 0.000000000000e+00 -5.000000000000e-01 -9.706963251745e-21 0.000000000000e+00 0.000000000000e+00 0.000000000000e+00 0.000000000000e+00
4.466835921510e+03 1.929026473842e+02 -3.330856253058e+03 5.000000000000e-01 0.000000000000e+00 -5.000000000000e-01 -6.873189525246e-21 0.000000000000e+00 0.000000000000e+00 0.000000000000e+00 0.000000000000e+00
5.011872336273e+03 1.531992731431e+02 -2.970685040192e+03 5.000000000000e-01 0.000000000000e+00 -5.000000000000e-01 -4.864932696378e-21 0.000000000000e+00 0.000000000000e+00 0.000000000000e+00 0.000000000000e+00
5.623413251903e+03 1.216225426515e+02 -2.649083363359e+03 5.000000000000e-01 0.000000000000e+00 -5.000000000000e-01 -3.442185019542e-21 0.000000000000e+00 0.000000000000e+00 0.000000000000e+00 0.000000000000e+00
6.309573444802e+03 9.651546673396e+01 -2.362030895943e+03 5.000000000000e-01 0.000000000000e+00 -5.000000000000e-01 -2.434540741924e-21 0.000000000000e+00 0.000000000000e+00 0.000000000000e+00 0.000000000000e+00
7.079457843841e+03 7.655654679853e+01 -2.105894023872e+03 5.000000000000e-01 0.000000000000e+00 -5.000000000000e-01 -1.721085585619e-21 0.000000000000e+00 0.000000000000e+00 0.000000000000e+00 0.000000000000e+00
7.943282347243e+03 6.069272147317e+01 -1.877398387510e+03 5.000000000000e-01 0.000000000000e+00 -5.000000000000e-01 -1.216064872163e-21 0.000000000000e+00 0.000000000000e+00 0.000000000000e+00 0.000000000000e+00
8.912509381337e+03 4.808539061280e+01 -1.673600212210e+03 5.000000000000e-01 0.000000000000e+00 -5.000000000000e-01 -8.586838205810e-22 0.000000000000e+00 0.000000000000e+00 0.000000000000e+00 0.000000000000e+00
1.000000000000e+04 3.806708783712e+01 -1.491857756553e+03 5.000000000000e-01 0.000000000000e+00 -5.000000000000e-01 -6.058565198390e-22 0.000000000000e+00 0.000000000000e+00 0.000000000000e+00 0.000000000000e+00
1.122018454302e+04 3.010677731978e+01 -1.329803725543e+03 5.000000000000e-01 0.000000000000e+00 -5.000000000000e-01 -4.270555811839e-22 0.000000000000e+00 0.000000000000e+00 0.000000000000e+00 0.000000000000e+00
1.258925411794e+04 2.378210632838e+01 -1.185319159703e+03 5.000000000000e-01 0.000000000000e+00 -5.000000000000e-01 -3.006563966252e-22 0.000000000000e+00 0.000000000000e+00 0.000000000000e+00 0.000000000000e+00
1.412537544623e+04 1.875724965197e+01 -1.056509079549e+03 5.000000000000e-01 0.000000000000e+00 -5.000000000000e-01 -2.113436922285e-22 0.000000000000e+00 0.000000000000e+00 0.000000000000e+00 0.000000000000e+00
1.584893192461e+04 1.476523809307e+01 -9.416800082923e+02 5.000000000000e-01 0.000000000000e+00 -5.000000000000e-01 -1.482724917754e-22 0.000000000000e+00 0.000000000000e+00 0.000000000000e+00 0.000000000000e+00
1.778279410039e+04 1.159387553055e+01 -8.393193918675e+02 5.000000000000e-01 0.000000000000e+00 -5.000000000000e-01 -1.037644922312e-22 0.000000000000e+00 0.000000000000e+00 0.000000000000e+00 0.000000000000e+00
1.995262314969e+04 9.074523405555e+00 -7.480768688160e+02 5.000000000000e-01 0.000000000000e+00 -5.000000000000e-01 -7.238422965051e-23 0.000000000000e+00 0.000000000000e+00 0.000000000000e+00 0.000000000000e+00
2.238721138568e+04 7.073173578968e+00 -6.667473017013e+02 5.000000000000e-01 0.000000000000e+00 -5.000000000000e-01 -5.028453607043e-23 0.000000000000e+00 0.000000000000e+00 0.000000000000e+00 0.000000000000e+00
2.511886431510e+04 5.483345665858e+00 -5.942554586210e+02 5.000000000000e-01 0.000000000000e+00 -5.000000000000e-01 -3.474287517363e-23 0.000000000000e+00 0.000000000000e+00 0.000000000000e+00 0.000000000000e+00
2.818382931264e+04 4.220437873605e+00 -5.296422222172e+02 5.000000000000e-01 0.000000000000e+00 -5.000000000000e-01 -2.383294129925e-23 0.000000000000e+00 0.000000000000e+00 0.000000000000e+00 0.000000000000e+00
3.162277660168e+04 3.217235095629e+00 -4.720522003910e+02 5.000000000000e-01 0.000000000000e+00 -5.000000000000e-01 -1.619209075179e-23 0.000000000000e+00 0.000000000000e+00 0.000000000000e+00 0.000000000000e+00
3.548133892336e+04 2.420337948777e+00 -4.207226148706e+02 5.000000000000e-01 0.000000000000e+00 -5.000000000000e-01 -1.085665761748e-23 0.000000000000e+00 0.000000000000e+00 0.000000000000e+00 0.000000000000e+00
3.981071705535e+04 1.787324417320e+00 -3.749733489256e+02 5.000000000000e-01 0.000000000000e+00 -5.000000000000e-01 -7.145350221395e-24 0.000000000000e+00 0.000000000000e+00 0.000000000000e+00 0.000000000000e+00
4.466835921510e+04 1.284494105756e+00 -3.341980425272e+02 5.000000000000e-01 0.000000000000e+00 -5.000000000000e-01 -4.576697910908e-24 0.000000000000e+00 0.000000000000e+00 0.000000000000e+00 0.000000000000e+00
5.011872336273e+04 8.850757026331e-01 -2.978561312137e+02 5.000000000000e-01 0.000000000000e+00 -5.000000000000e-01 -2.810609760849e-24 0.000000000000e+00 0.000000000000e+00 0.000000000000e+00 0.000000000000e+00
5.623413251903e+04 5.678026564144e-01 -2.654657332385e+02 5.000000000000e-01 0.000000000000e+00 -5.000000000000e-01 -1.607006197499e-24 0.000000000000e+00 0.000000000000e+00 0.000000000000e+00 0.000000000000e+00
6.309573444802e+04 3.157815032733e-01 -2.365972978506e+02 5.000000000000e-01 0.000000000000e+00 -5.000000000000e-01 -7.965385873167e-25 0.000000000000e+00 0.000000000000e+00 0.000000000000e+00 0.000000000000e+00
7.079457843841e+04 1.155927643943e-01 -2.108679355497e+02 5.000000000000e-01 0.000000000000e+00 -5.000000000000e-01 -2.598667898702e-25 0.000000000000e+00 0.000000000000e+00 0.000000000000e+00 0.000000000000e+00
7.943282347243e+04 -4.342335209449e-02 -1.879363587089e+02 5.000000000000e-01 0.000000000000e+00 -5.000000000000e-01 8.700485302346e-26 0.000000000000e+00 0.000000000000e+00 0.000000000000e+00 0.000000000000e+00
8.912509381337e+04 -1.697344105654e-01 -1.674983679986e+02 5.000000000000e-01 0.000000000000e+00 -5.000000000000e-01 3.031028557551e-25 0.000000000000e+00 0.000000000000e+00 0.000000000000e+00 0.000000000000e+00
1.000000000000e+05 -2.700665419576e-01 -1.492828265401e+02 5.000000000000e-01 0.000000000000e+00 -5.000000000000e-01 4.298242511628e-25 0.000000000000e+00 0.000000000000e+00 0.000000000000e+00 0.000000000000e+00
1.122018454302e+05 -3.497625498369e-01 -1.330480696530e+02 5.000000000000e-01 0.000000000000e+00 -5.000000000000e-01 4.961276572728e-25 0.000000000000e+00 0.000000000000e+00 0.000000000000e+00 0.000000000000e+00
1.258925411794e+05 -4.130663805840e-01 -1.185787034754e+02 5.000000000000e-01 0.000000000000e+00 -5.000000000000e-01 5.222037435986e-25 0.000000000000e+00 0.000000000000e+00 0.000000000000e+00 0.000000000000e+00
1.412537544623e+05 -4.633490951921e-01 -1.056827506073e+02 5.000000000000e-01 0.000000000000e+00 -5.000000000000e-01 5.220696551233e-25 0.000000000000e+00 0.000000000000e+00 0.000000000000e+00 0.000000000000e+00
1.584893192461e+05 -5.032883692309e-01 -9.418910537746e+01 5.000000000000e-01 0.000000000000e+00 -5.000000000000e-01 5.054020810031e-25 0.000000000000e+00 0.000000000000e+00 0.000000000000e+00 0.000000000000e+00
1.778279410039e+05 -5.350110745330e-01 -8.394526527480e+01 5.000000000000e-01 0.000000000000e+00 -5.000000000000e-01 4.788317102483e-25 0.000000000000e+00 0.000000000000e+00 0.000000000000e+00 0.000000000000e+00
1.995262314969e+05 -5.602065379806e-01 -7.481530868471e+01 5.000000000000e-01 0.000000000000e+00 -5.000000000000e-01 4.468567315842e-25 0.000000000000e+00 0.000000000000e+00 0.000000000000e+00 0.000000000000e+00
2.238721138568e+05 -5.802164932825e-01 -6.667809223913e+01 5.000000000000e-01 0.000000000000e+00 -5.000000000000e-01 4.124869389870e-25 0.000000000000e+00 0.000000000000e+00 0.000000000000e+00 0.000000000000e+00
2.511886431510e+05 -5.961065338275e-01 -5.942564399615e+01 5.000000000000e-01 0.000000000000e+00 -5.000000000000e-01 3.776974160850e-25 0.000000000000e+00 0.000000000000e+00 0.000000000000e+00 0.000000000000e+00
2.818382931264e+05 -6.087228562970e-01 -5.296173119884e+01 5.000000000000e-01 0.000000000000e+00 -5.000000000000e-01 3.437476521660e-25 0.000000000000e+00 0.000000000000e+00 0.000000000000e+00 0.000000000000e+00
3.162277660168e+05 -6.187373224139e-01 -4.720058366248e+01 5.000000000000e-01 0.000000000000e+00 -5.000000000000e-01 3.114056193673e-25 0.000000000000e+00 0.000000000000e+00 0.000000000000e+00 0.000000000000e+00
3.548133892336e+05 -6.266832373129e-01 -4.206575590096e+01 5.000000000000e-01 0.000000000000e+00 -5.000000000000e-01 2.811047666116e-25 0.000000000000e+00 0.000000000000e+00 0.000000000000e+00 0.000000000000e+00
3.981071705535e+05 -6.329837494074e-01 -3.748911291296e+01 5.000000000000e-01 0.000000000000e+00 -5.000000000000e-01 2.530537002762e-25 0.000000000000e+00 0.000000000000e+00 0.000000000000e+00 0.000000000000e+00
4.466835921510e+05 -6.379743853210e-01 -3.340992620195e+01 5.000000000000e-01 0.000000000000e+00 -5.000000000000e-01 2.273125289893e-25 0.000000000000e+00 0.000000000000e+00 0.000000000000e+00 0.000000000000e+00
5.011872336273e+05 -6.419209167231e-01 -2.977406803291e+01 5.000000000000e-01 0.000000000000e+00 -5.000000000000e-01 2.038457488854e-25 0.000000000000e+00 0.000000000000e+00 0.000000000000e+00 0.000000000000e+00
5.623413251903e+05 -6.450335155519e-01 -2.653329326701e+01 5.000000000000e-01 0.000000000000e+00 -5.000000000000e-01 1.825586487447e-25 0.000000000000e+00 0.000000000000e+00 0.000000000000e+00 0.000000000000e+00
6.309573444802e+05 -6.474779463278e-01 -2.364459923447e+01 5.000000000000e-01 0.000000000000e+00 -5.000000000000e-01 1.633221589424e-25 0.000000000000e+00 0.000000000000e+00 0.000000000000e+00 0.000000000000e+00
7.079457843841e+05 -6.493843960970e-01 -2.106965516873e+01 5.000000000000e-01 0.000000000000e+00 -5.000000000000e-01 1.459896207949e-25 0.000000000000e+00 0.000000000000e+00 0.000000000000e+00 0.000000000000e+00
7.943282347243e+05 -6.508544096083e-01 -1.877429363580e+01 5.000000000000e-01 0.000000000000e+00 -5.000000000000e-01 1.304079245758e-25 0.000000000000e+00 0.000000000000e+00 0.000000000000e+00 0.000000000000e+00
8.912509381337e+05 -6.519663010656e-01 -1.672805721146e+01 5.000000000000e-01 0.000000000000e+00 -5.000000000000e-01 1.164247408942e-25 0.000000000000e+00 0.000000000000e+00 0.000000000000e+00 0.000000000000e+00
1.000000000000e+06 -6.527793314928e-01 -1.490379440806e+01 5.000000000000e-01 0.000000000000e+00 -5.000000000000e-01 1.038930573553e-25 0.000000000000e+00 0.000000000000e+00 0.000000000000e+00 0.000000000000e+00
1.122018454302e+06 -6.533368748179e-01 -1.327729948744e+01 5.000000000000e-01 0.000000000000e+00 -5.000000000000e-01 9.267387067725e-26 0.000000000000e+00 0.000000000000e+00 0.000000000000e+00 0.000000000000e+00
1.258925411794e+06 -6.536687442596e-01 -1.182699139932e+01 5.000000000000e-01 0.000000000000e+00 -5.000000000000e-01 8.263762953622e-26 0.000000000000e+00 0.000000000000e+00 0.000000000000e+00 0.000000000000e+00
1.412537544623e+06 -6.537928062582e-01 -1.053362759927e+01 5.000000000000e-01 0.000000000000e+00 -5.000000000000e-01 7.366484329569e-26 0.000000000000e+00 0.000000000000e+00 0.000000000000e+00 0.000000000000e+00
1.584893192461e+06 -6.537159729919e-01 -9.380048965321e+00 5.000000000000e-01 0.000000000000e+00 -5.000000000000e-01 6.564614509968e-26 0.000000000000e+00 0.000000000000e+00 0.000000000000e+00 0.000000000000e+00
1.778279410039e+06 -6.534346357130e-01 -8.350952466048e+00 5.000000000000e-01 0.000000000000e+00 -5.000000000000e-01 5.848200888683e-26 0.000000000000e+00 0.000000000000e+00 0.000000000000e+00 0.000000000000e+00
1.995262314969e+06 -6.529345748325e-01 -7.432688594087e+00 5.000000000000e-01 0.000000000000e+00 -5.000000000000e-01 5.208225721530e-26 0.000000000000e+00 0.000000000000e+00 0.000000000000e+00 0.000000000000e+00
2.238721138568e+06 -6.521903641687e-01 -6.613080941765e+00 5.000000000000e-01 0.000000000000e+00 -5.000000000000e-01 4.636545325191e-26 0.000000000000e+00 0.000000000000e+00 0.000000000000e+00 0.000000000000e+00
2.511886431510e+06 -6.511642696253e-01 -5.881265591070e+00 5.000000000000e-01 0.000000000000e+00 -5.000000000000e-01 4.125823961452e-26 0.000000000000e+00 0.000000000000e+00 0.000000000000e+00 0.000000000000e+00
2.818382931264e+06 -6.498046358656e-01 -5.227548293388e+00 5.000000000000e-01 0.000000000000e+00 -5.000000000000e-01 3.669466582940e-26 0.000000000000e+00 0.000000000000e+00 0.000000000000e+00 0.000000000000e+00
3.162277660168e+06 -6.480437537681e-01 -4.643277677426e+00 5.000000000000e-01 0.000000000000e+00 -5.000000000000e-01 3.261553153638e-26 0.000000000000e+00 0.000000000000e+00 0.000000000000e+00 0.000000000000e+00
3.548133892336e+06 -6.457952158057e-01 -4.120732977554e+00 5.000000000000e-01 0.000000000000e+00 -5.000000000000e-01 2.896776275624e-26 0.000000000000e+00 0.000000000000e+00 0.000000000000e+00 0.000000000000e+00
3.981071705535e+06 -6.429508008390e-01 -3.653025017875e+00 5.000000000000e-01 0.000000000000e+00 -5.000000000000e-01 2.570383195463e-26 0.000000000000e+00 0.000000000000e+00 0.000000000000e+00 0.000000000000e+00
4.466835921510e+06 -6.393769960136e-01 -3.234009417890e+00 5.000000000000e-01 0.000000000000e+00 -5.000000000000e-01 2.278122841378e-26 0.000000000000e+00 0.000000000000e+00 0.000000000000e+00 0.000000000000e+00
5.011872336273e+06 -6.349113709429e-01 -2.858211192899e+00 5.000000000000e-01 0.000000000000e+00 -5.000000000000e-01 2.016198265456e-26 0.000000000000e+00 0.000000000000e+00 0.000000000000e+00 0.000000000000e+00
5.623413251903e+06 -6.293591880972e-01 -2.520760103564e+00 5.000000000000e-01 0.000000000000e+00 -5.000000000000e-01 1.781224698933e-26 0.000000000000e+00 0.000000000000e+00 0.000000000000e+00 0.000000000000e+00
6.309573444802e+06 -6.224908751641e-01 -2.217336229233e+00 5.000000000000e-01 0.000000000000e+00 -5.000000000000e-01 1.570193305121e-26 0.000000000000e+00 0.000000000000e+00 0.000000000000e+00 0.000000000000e+00
7.079457843841e+06 -6.140413069497e-01 -1.944125251095e+00 5.000000000000e-01 0.000000000000e+00 -5.000000000000e-01 1.380440584849e-26 0.000000000000e+00 0.000000000000e+00 0.000000000000e+00 0.000000000000e+00
7.943282347243e+06 -6.037122365005e-01 -1.697782777702e+00 5.000000000000e-01 0.000000000000e+00 -5.000000000000e-01 1.209623206677e-26 0.000000000000e+00 0.000000000000e+00 0.000000000000e+00 0.000000000000e+00
8.912509381337e+06 -5.911796134962e-01 -1.475406620431e+00 5.000000000000e-01 0.000000000000e+00 -5.000000000000e-01 1.055697713375e-26 0.000000000000e+00 0.000000000000e+00 0.000000000000e+00 0.000000000000e+00
1.000000000000e+07 -5.761078113478e-01 -1.274515163736e+00 5.000000000000e-01 0.000000000000e+00 -5.000000000000e-01 9.169040592986e-27 0.000000000000e+00 0.000000000000e+00 0.000000000000e+00 0.000000000000e+00
1.122018454302e+07 -5.581727210701e-01 -1.093028821714e+00 5.000000000000e-01 0.000000000000e+00 -5.000000000000e-01 7.917512168963e-27 0.000000000000e+00 0.000000000000e+00 0.000000000000e+00 0.000000000000e+00
1.258925411794e+07 -5.370949375973e-01 -9.292501360908e-01 5.000000000000e-01 0.000000000000e+00 -5.000000000000e-01 6.790022143283e-27 0.000000000000e+00 0.000000000000e+00 0.000000000000e+00 0.000000000000e+00
1.412537544623e+07 -5.126825234997e-01 -7.818367026029e-01 5.000000000000e-01 0.000000000000e+00 -5.000000000000e-01 5.776551438397e-27 0.000000000000e+00 0.000000000000e+00 0.000000000000e+00 0.000000000000e+00
1.584893192461e+07 -4.848799016215e-01 -6.497604888698e-01 5.000000000000e-01 0.000000000000e+00 -5.000000000000e-01 4.869163014647e-27 0.000000000000e+00 0.000000000000e+00 0.000000000000e+00 0.000000000000e+00
1.778279410039e+07 -4.538156235523e-01 -5.322481881542e-01 5.000000000000e-01 0.000000000000e+00 -5.000000000000e-01 4.061622674870e-27 0.000000000000e+00 0.000000000000e+00 0.000000000000e+00 0.000000000000e+00
1.995262314969e+07 -4.198381666990e-01 -4.287008735844e-01 5.000000000000e-01 0.000000000000e+00 -5.000000000000e-01 3.348898990749e-27 0.000000000000e+00 0.000000000000e+00 0.000000000000e+00 0.000000000000e+00
2.238721138568e+07 -3.835273949347e-01 -3.385974320395e-01 5.000000000000e-01 0.000000000000e+00 -5.000000000000e-01 2.726569185568e-27 0.000000000000e+00 0.000000000000e+00 0.000000000000e+00 0.000000000000e+00
2.511886431510e+07 -3.456718339315e-01 -2.613936171251e-01 5.000000000000e-01 0.000000000000e+00 -5.000000000000e-01 2.190201768986e-27 0.000000000000e+00 0.000000000000e+00 0.000000000000e+00 0.000000000000e+00
2.818382931264e+07 -3.072091896799e-01 -1.964340821814e-01 5.000000000000e-01 0.000000000000e+00 -5.000000000000e-01 1.734819656989e-27 0.000000000000e+00 0.000000000000e+00 0.000000000000e+00 0.000000000000e+00
3.162277660168e+07 -2.691378752342e-01 -1.428951350637e-01 5.000000000000e-01 0.000000000000e+00 -5.000000000000e-01 1.354549720801e-27 0.000000000000e+00 0.000000000000e+00 0.000000000000e+00 0.000000000000e+00
3.548133892336e+07 -2.324166536784e-01 -9.976969497974e-02 5.000000000000e-01 0.000000000000e+00 -5.000000000000e-01 1.042527154054e-27 0.000000000000e+00 0.000000000000e+00 0.000000000000e+00 0.000000000000e+00
3.981071705535e+07 -1.978734622978e-01 -6.589489232115e-02 5.000000000000e-01 0.000000000000e+00 -5.000000000000e-01 7.910568299388e-28 0.000000000000e+00 0.000000000000e+00 0.000000000000e+00 0.000000000000e+00
4.466835921510e+07 -1.661410756910e-01 -4.001155024650e-02 5.000000000000e-01 0.000000000000e+00 -5.000000000000e-01 5.919665264509e-28 0.000000000000e+00 0.000000000000e+00 0.000000000000e+00 0.000000000000e+00
5.011872336273e+07 -1.376282837076e-01 -2.083811258909e-02 5.000000000000e-01 0.000000000000e+00 -5.000000000000e-01 4.370466801956e-28 0.000000000000e+00 0.000000000000e+00 0.000000000000e+00 0.000000000000e+00
5.623413251903e+07 -1.125250172056e-01 -7.141463953309e-03 5.000000000000e-01 0.000000000000e+00 -5.000000000000e-01 3.184705072797e-28 0.000000000000e+00 0.000000000000e+00 0.000000000000e+00 0.000000000000e+00
6.309573444802e+07 -9.083243418599e-02 2.207822160816e-03 5.000000000000e-01 0.000000000000e+00 -5.000000000000e-01 2.291189891082e-28 0.000000000000e+00 0.000000000000e+00 0.000000000000e+00 0.000000000000e+00
7.079457843841e+07 -7.240618162355e-02 8.201197172519e-03 5.000000000000e-01 0.000000000000e+00 -5.000000000000e-01 1.627780258035e-28 0.000000000000e+00 0.000000000000e+00 0.000000000000e+00 0.000000000000e+00
7.943282347243e+07 -5.700223590872e-02 1.167810135795e-02 5.000000000000e-01 0.000000000000e+00 -5.000000000000e-01 1.142120752552e-28 0.000000000000e+00 0.000000000000e+00 0.000000000000e+00 0.000000000000e+00
8.912509381337e+07 -4.431803088971e-02 1.332779906202e-02 5.000000000000e-01 0.000000000000e+00 -5.000000000000e-01 7.914082759863e-29 0.000000000000e+00 0.000000000000e+00 0.000000000000e+00 0.000000000000e+00
1.000000000000e+08 -3.402522057141e-02 1.370148132278e-02 5.000000000000e-01 0.000000000000e+00 -5.000000000000e-01 5.415282043732e-29 0.000000000000e+00 0.000000000000e+00 0.000000000000e+00 0.000000000000e+00
1.122018454302e+08 -2.579333204410e-02 1.322950158908e-02 5.000000000000e-01 0.000000000000e+00 -5.000000000000e-01 3.658706572864e-29 0.000000000000e+00 0.000000000000e+00 0.000000000000e+00 0.000000000000e+00
1.258925411794e+08 -1.930539151472e-02 1.223992214650e-02 5.000000000000e-01 0.000000000000e+00 -5.000000000000e-01 2.440612016493e-29 0.000000000000e+00 0.000000000000e+00 0.000000000000e+00 0.000000000000e+00
1.412537544623e+08 -1.426742590403e-02 1.097605985221e-02 5.000000000000e-01 0.000000000000e+00 -5.000000000000e-01 1.607554692240e-29 0.000000000000e+00 0.000000000000e+00 0.000000000000e+00 0.000000000000e+00
1.584893192461e+08 -1.041379827284e-02 9.612032422270e-03 5.000000000000e-01 0.000000000000e+00 -5.000000000000e-01 1.045753416929e-29 0.000000000000e+00 0.000000000000e+00 0.000000000000e+00 0.000000000000e+00
1.778279410039e+08 -7.509917952655e-03 8.266211499938e-03 5.000000000000e-01 0.000000000000e+00 -5.000000000000e-01 6.721331628945e-30 0.000000000000e+00 0.000000000000e+00 0.000000000000e+00 0.000000000000e+00
1.995262314969e+08 -5.353268290634e-03 7.012922309182e-03 5.000000000000e-01 0.000000000000e+00 -5.000000000000e-01 4.270110770697e-30 0.000000000000e+00 0.000000000000e+00 0.000000000000e+00 0.000000000000e+00
2.238721138568e+08 -3.773171375248e-03 5.892761728528e-03 5.000000000000e-01 0.000000000000e+00 -5.000000000000e-01 2.682419284644e-30 0.000000000000e+00 0.000000000000e+00 0.000000000000e+00 0.000000000000e+00
2.511886431510e+08 -2.629417859412e-03 4.921711323880e-03 5.000000000000e-01 0.000000000000e+00 -5.000000000000e-01 1.666018194652e-30 0.000000000000e+00 0.000000000000e+00 0.000000000000e+00 0.000000000000e+00
2.818382931264e+08 -1.809850284178e-03 4.099002723716e-03 5.000000000000e-01 0.000000000000e+00 -5.000000000000e-01 1.022027971387e-30 0.000000000000e+00 0.000000000000e+00 0.000000000000e+00 0.000000000000e+00
3.162277660168e+08 -1.227102133664e-03 3.413590924827e-03 5.000000000000e-01 0.000000000000e+00 -5.000000000000e-01 6.175908355906e-31 0.000000000000e+00 0.000000000000e+00 0.000000000000e+00 0.000000000000e+00
3.548133892336e+08 -8.148257645840e-04 2.849137238435e-03 5.000000000000e-01 0.000000000000e+00 -5.000000000000e-01 3.654978986906e-31 0.000000000000e+00 0.000000000000e+00 0.000000000000e+00 0.000000000000e+00
3.981071705535e+08 -5.237957182700e-04 2.387539531329e-03 5.000000000000e-01 0.000000000000e+00 -5.000000000000e-01 2.094026028648e-31 0.000000000000e+00 0.000000000000e+00 0.000000000000e+00 0.000000000000e+00
4.466835921510e+08 -3.182291542395e-04 2.011188835791e-03 5.000000000000e-01 0.000000000000e+00 -5.000000000000e-01 1.133861727253e-31 0.000000000000e+00 0.000000000000e+00 0.000000000000e+00 0.000000000000e+00
5.011872336273e+08 -1.725563738544e-04 1.704220268077e-03 5.000000000000e-01 0.000000000000e+00 -5.000000000000e-01 5.479628773099e-32 0.000000000000e+00 0.000000000000e+00 0.000000000000e+00 0.000000000000e+00
5.623413251903e+08 -6.875120623190e-05 1.453047388784e-03 5.000000000000e-01 0.000000000000e+00 -5.000000000000e-01 1.945810102367e-32 0.000000000000e+00 0.000000000000e+00 0.000000000000e+00 0.000000000000e+00
6.309573444802e+08 5.770271463838e-06 1.246438264253e-03 5.000000000000e-01 0.000000000000e+00 -5.000000000000e-01 -1.455513965383e-33 0.000000000000e+00 0.000000000000e+00 0.000000000000e+00 0.000000000000e+00
7.079457843841e+08 5.973904944392e-05 1.075334483746e-03 5.000000000000e-01 0.000000000000e+00 -5.000000000000e-01 -1.343007504859e-32 0.000000000000e+00 0.000000000000e+00 0.000000000000e+00 0.000000000000e+00
7.943282347243e+08 9.919729671746e-05 9.325531879796e-04 5.000000000000e-01 0.000000000000e+00 -5.000000000000e-01 -1.987558722424e-32 0.000000000000e+00 0.000000000000e+00 0.000000000000e+00 0.000000000000e+00
8.912509381337e+08 1.283296076992e-04 8.124596119708e-04 5.000000000000e-01 0.000000000000e+00 -5.000000000000e-01 -2.291643187847e-32 0.000000000000e+00 0.000000000000e+00 0.000000000000e+00 0.000000000000e+00
1.000000000000e+09 1.500450278153e-04 7.106584475940e-04 5.000000000000e-01 0.000000000000e+00 -5.000000000000e-01 -2.388040786317e-32 0.000000000000e+00 0.000000000000e+00 0.000000000000e+00 0.000000000000e+00
