# freq_hz rev(vout) imv(vout) rev(vinp) imv(vinp) rev(vinn) imv(vinn) rev(vdd) imv(vdd) rev(vss) imv(vss)
1.000000000000e-01 6.725269762966e+04 -3.003600475480e+01 5.000000000000e-01 0.000000000000e+00 -5.000000000000e-01 -1.070359926403e-13 0.000000000000e+00 0.000000000000e+00 0.000000000000e+00 0.000000000000e+00
1.122018454302e-01 6.725269415634e+04 -3.370094988955e+01 5.000000000000e-01 0.000000000000e+00 -5.000000000000e-01 -9.539592392790e-14 0.000000000000e+00 0.000000000000e+00 0.000000000000e+00 0.000000000000e+00
1.258925411794e-01 6.725268978369e+04 -3.781308524655e+01 5.000000000000e-01 0.000000000000e+00 -5.000000000000e-01 -8.502170116691e-14 0.000000000000e+00 0.000000000000e+00 0.000000000000e+00 0.000000000000e+00
1.412537544623e-01 6.725268427885e+04 -4.242697598929e+01 5.000000000000e-01 0.000000000000e+00 -5.000000000000e-01 -7.577566472426e-14 0.000000000000e+00 0.000000000000e+00 0.000000000000e+00 0.000000000000e+00
1.584893192461e-01 6.725267734866e+04 -4.760384511600e+01 5.000000000000e-01 0.000000000000e+00 -5.000000000000e-01 -6.753512531392e-14 0.000000000000e+00 0.000000000000e+00 0.000000000000e+00 0.000000000000e+00
1.778279410039e-01 6.725266862408e+04 -5.341238578790e+01 5.000000000000e-01 0.000000000000e+00 -5.000000000000e-01 -6.019073598456e-14 0.000000000000e+00 0.000000000000e+00 0.000000000000e+00 0.000000000000e+00
1.995262314969e-01 6.725265764049e+04 -5.992967275573e+01 5.000000000000e-01 0.000000000000e+00 -5.000000000000e-01 -5.364504115198e-14 0.000000000000e+00 0.000000000000e+00 0.000000000000e+00 0.000000000000e+00
2.238721138568e-01 6.725264381296e+04 -6.724218496781e+01 5.000000000000e-01 0.000000000000e+00 -5.000000000000e-01 -4.781118342268e-14 0.000000000000e+00 0.000000000000e+00 0.000000000000e+00 0.000000000000e+00
2.511886431510e-01 6.725262640515e+04 -7.544695291355e+01 5.000000000000e-01 0.000000000000e+00 -5.000000000000e-01 -4.261175104903e-14 0.000000000000e+00 0.000000000000e+00 0.000000000000e+00 0.000000000000e+00
2.818382931264e-01 6.725260449003e+04 -8.465284590558e+01 5.000000000000e-01 0.000000000000e+00 -5.000000000000e-01 -3.797775072244e-14 0.000000000000e+00 0.000000000000e+00 0.000000000000e+00 0.000000000000e+00
3.162277660168e-01 6.725257690055e+04 -9.498201635109e+01 5.000000000000e-01 0.000000000000e+00 -5.000000000000e-01 -3.384769207401e-14 0.000000000000e+00 0.000000000000e+00 0.000000000000e+00 0.000000000000e+00
3.548133892336e-01 6.725254216748e+04 -1.065715201341e+02 5.000000000000e-01 0.000000000000e+00 -5.000000000000e-01 -3.016677173477e-14 0.000000000000e+00 0.000000000000e+00 0.000000000000e+00 0.000000000000e+00
3.981071705535e-01 6.725249844118e+04 -1.195751345493e+02 5.000000000000e-01 0.000000000000e+00 -5.000000000000e-01 -2.688614612822e-14 0.000000000000e+00 0.000000000000e+00 0.000000000000e+00 0.000000000000e+00
4.466835921510e-01 6.725244339312e+04 -1.341653978232e+02 5.000000000000e-01 0.000000000000e+00 -5.000000000000e-01 -2.396228334576e-14 0.000000000000e+00 0.000000000000e+00 0.000000000000e+00 0.000000000000e+00
5.011872336273e-01 6.725237409185e+04 -1.505358971662e+02 5.000000000000e-01 0.000000000000e+00 -5.000000000000e-01 -2.135638550471e-14 0.000000000000e+00 0.000000000000e+00 0.000000000000e+00 0.000000000000e+00
5.623413251903e-01 6.725228684692e+04 -1.689038355425e+02 5.000000000000e-01 0.000000000000e+00 -5.000000000000e-01 -1.903387392399e-14 0.000000000000e+00 0.000000000000e+00 0.000000000000e+00 0.000000000000e+00
6.309573444802e-01 6.725217701238e+04 -1.895129109768e+02 5.000000000000e-01 0.000000000000e+00 -5.000000000000e-01 -1.696393028601e-14 0.000000000000e+00 0.000000000000e+00 0.000000000000e+00 0.000000000000e+00
7.079457843841e-01 6.725203873939e+04 -2.126365462594e+02 5.000000000000e-01 0.000000000000e+00 -5.000000000000e-01 -1.511908769637e-14 0.000000000000e+00 0.000000000000e+00 0.000000000000e+00 0.000000000000e+00
7.943282347243e-01 6.725186466483e+04 -2.385815114246e+02 5.000000000000e-01 0.000000000000e+00 -5.000000000000e-01 -1.347486621481e-14 0.000000000000e+00 0.000000000000e+00 0.000000000000e+00 0.000000000000e+00
8.912509381337e-01 6.725164551921e+04 -2.676919863837e+02 5.000000000000e-01 0.000000000000e+00 -5.000000000000e-01 -1.200944802129e-14 0.000000000000e+00 0.000000000000e+00 0.000000000000e+00 0.000000000000e+00
1.000000000000e+00 6.725136963326e+04 -3.003541166579e+02 5.000000000000e-01 0.000000000000e+00 -5.000000000000e-01 -1.070338790683e-14 0.000000000000e+00 0.000000000000e+00 0.000000000000e+00 0.000000000000e+00
1.122018454302e+00 6.725102231665e+04 -3.370011212971e+02 5.000000000000e-01 0.000000000000e+00 -5.000000000000e-01 -9.539355247358e-15 0.000000000000e+00 0.000000000000e+00 0.000000000000e+00 0.000000000000e+00
1.258925411794e+00 6.725058507604e+04 -3.781190188377e+02 5.000000000000e-01 0.000000000000e+00 -5.000000000000e-01 -8.501904036888e-15 0.000000000000e+00 0.000000000000e+00 0.000000000000e+00 0.000000000000e+00
1.412537544623e+00 6.725003463080e+04 -4.242530445581e+02 5.000000000000e-01 0.000000000000e+00 -5.000000000000e-01 -7.577267928444e-15 0.000000000000e+00 0.000000000000e+00 0.000000000000e+00 0.000000000000e+00
1.584893192461e+00 6.724934167413e+04 -4.760148403415e+02 5.000000000000e-01 0.000000000000e+00 -5.000000000000e-01 -6.753177563021e-15 0.000000000000e+00 0.000000000000e+00 0.000000000000e+00 0.000000000000e+00
1.778279410039e+00 6.724846931366e+04 -5.340905071249e+02 5.000000000000e-01 0.000000000000e+00 -5.000000000000e-01 -6.018697762686e-15 0.000000000000e+00 0.000000000000e+00 0.000000000000e+00 0.000000000000e+00
1.995262314969e+00 6.724737110908e+04 -5.992496191211e+02 5.000000000000e-01 0.000000000000e+00 -5.000000000000e-01 -5.364082427484e-15 0.000000000000e+00 0.000000000000e+00 0.000000000000e+00 0.000000000000e+00
2.238721138568e+00 6.724598860243e+04 -6.723553086063e+02 5.000000000000e-01 0.000000000000e+00 -5.000000000000e-01 -4.780645210695e-15 0.000000000000e+00 0.000000000000e+00 0.000000000000e+00 0.000000000000e+00
2.511886431510e+00 6.724424821049e+04 -7.543755398137e+02 5.000000000000e-01 0.000000000000e+00 -5.000000000000e-01 -4.260644256423e-15 0.000000000000e+00 0.000000000000e+00 0.000000000000e+00 0.000000000000e+00
2.818382931264e+00 6.724205731495e+04 -8.463956999639e+02 5.000000000000e-01 0.000000000000e+00 -5.000000000000e-01 -3.797179470052e-15 0.000000000000e+00 0.000000000000e+00 0.000000000000e+00 0.000000000000e+00
3.162277660168e+00 6.723929934386e+04 -9.496326440644e+02 5.000000000000e-01 0.000000000000e+00 -5.000000000000e-01 -3.384100958434e-15 0.000000000000e+00 0.000000000000e+00 0.000000000000e+00 0.000000000000e+00
3.548133892336e+00 6.723582758566e+04 -1.065450336884e+03 5.000000000000e-01 0.000000000000e+00 -5.000000000000e-01 -3.015927424905e-15 0.000000000000e+00 0.000000000000e+00 0.000000000000e+00 0.000000000000e+00
3.981071705535e+00 6.723145741076e+04 -1.195377239053e+03 5.000000000000e-01 0.000000000000e+00 -5.000000000000e-01 -2.687773436313e-15 0.000000000000e+00 0.000000000000e+00 0.000000000000e+00 0.000000000000e+00
4.466835921510e+00 6.722595649423e+04 -1.341125582500e+03 5.000000000000e-01 0.000000000000e+00 -5.000000000000e-01 -2.395284597004e-15 0.000000000000e+00 0.000000000000e+00 0.000000000000e+00 0.000000000000e+00
5.011872336273e+00 6.721903253046e+04 -1.504612670485e+03 5.000000000000e-01 0.000000000000e+00 -5.000000000000e-01 -2.134579769650e-15 0.000000000000e+00 0.000000000000e+00 0.000000000000e+00 0.000000000000e+00
5.623413251903e+00 6.721031780427e+04 -1.687984315023e+03 5.000000000000e-01 0.000000000000e+00 -5.000000000000e-01 -1.902199576335e-15 0.000000000000e+00 0.000000000000e+00 0.000000000000e+00 0.000000000000e+00
6.309573444802e+00 6.719934982650e+04 -1.893640483516e+03 5.000000000000e-01 0.000000000000e+00 -5.000000000000e-01 -1.695060496722e-15 0.000000000000e+00 0.000000000000e+00 0.000000000000e+00 0.000000000000e+00
7.079457843841e+00 6.718554704949e+04 -2.124263158340e+03 5.000000000000e-01 0.000000000000e+00 -5.000000000000e-01 -1.510413954447e-15 0.000000000000e+00 0.000000000000e+00 0.000000000000e+00 0.000000000000e+00
7.943282347243e+00 6.716817844310e+04 -2.382846305916e+03 5.000000000000e-01 0.000000000000e+00 -5.000000000000e-01 -1.345809849175e-15 0.000000000000e+00 0.000000000000e+00 0.000000000000e+00 0.000000000000e+00
8.912509381337e+00 6.714632542783e+04 -2.672727688612e+03 5.000000000000e-01 0.000000000000e+00 -5.000000000000e-01 -1.199064050880e-15 0.000000000000e+00 0.000000000000e+00 0.000000000000e+00 0.000000000000e+00
1.000000000000e+01 6.711883432218e+04 -2.997622010363e+03 5.000000000000e-01 0.000000000000e+00 -5.000000000000e-01 -1.068229425694e-15 0.000000000000e+00 0.000000000000e+00 0.000000000000e+00 0.000000000000e+00
1.122018454302e+01 6.708425706229e+04 -3.361654533004e+03 5.000000000000e-01 0.000000000000e+00 -5.000000000000e-01 -9.515700097601e-16 0.000000000000e+00 0.000000000000e+00 0.000000000000e+00 0.000000000000e+00
1.258925411794e+01 6.704077749471e+04 -3.769393791444e+03 5.000000000000e-01 0.000000000000e+00 -5.000000000000e-01 -8.475379897051e-16 0.000000000000e+00 0.000000000000e+00 0.000000000000e+00 0.000000000000e+00
1.412537544623e+01 6.698612003650e+04 -4.225881313162e+03 5.000000000000e-01 0.000000000000e+00 -5.000000000000e-01 -7.547531860615e-16 0.000000000000e+00 0.000000000000e+00 0.000000000000e+00 0.000000000000e+00
1.584893192461e+01 6.691743696707e+04 -4.736655233916e+03 5.000000000000e-01 0.000000000000e+00 -5.000000000000e-01 -6.719847698892e-16 0.000000000000e+00 0.000000000000e+00 0.000000000000e+00 0.000000000000e+00
1.778279410039e+01 6.683117011571e+04 -5.307763297322e+03 5.000000000000e-01 0.000000000000e+00 -5.000000000000e-01 -5.981349734178e-16 0.000000000000e+00 0.000000000000e+00 0.000000000000e+00 0.000000000000e+00
1.995262314969e+01 6.672288233333e+04 -5.945758807339e+03 5.000000000000e-01 0.000000000000e+00 -5.000000000000e-01 -5.322245832551e-16 0.000000000000e+00 0.000000000000e+00 0.000000000000e+00 0.000000000000e+00
2.238721138568e+01 6.658705405002e+04 -6.657670523718e+03 5.000000000000e-01 0.000000000000e+00 -5.000000000000e-01 -4.733800300275e-16 0.000000000000e+00 0.000000000000e+00 0.000000000000e+00 0.000000000000e+00
2.511886431510e+01 6.641684068956e+04 -7.450934094260e+03 5.000000000000e-01 0.000000000000e+00 -5.000000000000e-01 -4.208219116793e-16 0.000000000000e+00 0.000000000000e+00 0.000000000000e+00 0.000000000000e+00
2.818382931264e+01 6.620378815267e+04 -8.333268264191e+03 5.000000000000e-01 0.000000000000e+00 -5.000000000000e-01 -3.738548094023e-16 0.000000000000e+00 0.000000000000e+00 0.000000000000e+00 0.000000000000e+00
3.162277660168e+01 6.593750661972e+04 -9.312473728672e+03 5.000000000000e-01 0.000000000000e+00 -5.000000000000e-01 -3.318582756305e-16 0.000000000000e+00 0.000000000000e+00 0.000000000000e+00 0.000000000000e+00
3.548133892336e+01 6.560530845457e+04 -1.039612622131e+04 5.000000000000e-01 0.000000000000e+00 -5.000000000000e-01 -2.942788928053e-16 0.000000000000e+00 0.000000000000e+00 0.000000000000e+00 0.000000000000e+00
3.981071705535e+01 6.519182522580e+04 -1.159112875746e+04 5.000000000000e-01 0.000000000000e+00 -5.000000000000e-01 -2.606233195811e-16 0.000000000000e+00 0.000000000000e+00 0.000000000000e+00 0.000000000000e+00
4.466835921510e+01 6.467863330095e+04 -1.290308204829e+04 5.000000000000e-01 0.000000000000e+00 -5.000000000000e-01 -2.304522571045e-16 0.000000000000e+00 0.000000000000e+00 0.000000000000e+00 0.000000000000e+00
5.011872336273e+01 6.404393872689e+04 -1.433542924867e+04 5.000000000000e-01 0.000000000000e+00 -5.000000000000e-01 -2.033752805252e-16 0.000000000000e+00 0.000000000000e+00 0.000000000000e+00 0.000000000000e+00
5.623413251903e+01 6.326240140264e+04 -1.588833531998e+04 5.000000000000e-01 0.000000000000e+00 -5.000000000000e-01 -1.790464873213e-16 0.000000000000e+00 0.000000000000e+00 0.000000000000e+00 0.000000000000e+00
6.309573444802e+01 6.230521566553e+04 -1.755727843893e+04 5.000000000000e-01 0.000000000000e+00 -5.000000000000e-01 -1.571609101681e-16 0.000000000000e+00 0.000000000000e+00 0.000000000000e+00 0.000000000000e+00
7.079457843841e+01 6.114060586595e+04 -1.933136934154e+04 5.000000000000e-01 0.000000000000e+00 -5.000000000000e-01 -1.374516221700e-16 0.000000000000e+00 0.000000000000e+00 0.000000000000e+00 0.000000000000e+00
7.943282347243e+01 5.973493188243e+04 -2.119148364692e+04 5.000000000000e-01 0.000000000000e+00 -5.000000000000e-01 -1.196874197434e-16 0.000000000000e+00 0.000000000000e+00 0.000000000000e+00 0.000000000000e+00
8.912509381337e+01 5.805461245760e+04 -2.310839909816e+04 5.000000000000e-01 0.000000000000e+00 -5.000000000000e-01 -1.036708983584e-16 0.000000000000e+00 0.000000000000e+00 0.000000000000e+00 0.000000000000e+00
1.000000000000e+02 5.606903483978e+04 -2.504127191286e+04 5.000000000000e-01 0.000000000000e+00 -5.000000000000e-01 -8.923664049142e-17 0.000000000000e+00 0.000000000000e+00 0.000000000000e+00 0.000000000000e+00
1.122018454302e+02 5.375449163681e+04 -2.693694146405e+04 5.000000000000e-01 0.000000000000e+00 -5.000000000000e-01 -7.624912963408e-17 0.000000000000e+00 0.000000000000e+00 0.000000000000e+00 0.000000000000e+00
1.258925411794e+02 5.109894088181e+04 -2.873066635718e+04 5.000000000000e-01 0.000000000000e+00 -5.000000000000e-01 -6.459992746124e-17 0.000000000000e+00 0.000000000000e+00 0.000000000000e+00 0.000000000000e+00
1.412537544623e+02 4.810702763606e+04 -3.034888028919e+04 5.000000000000e-01 0.000000000000e+00 -5.000000000000e-01 -5.420366541678e-17 0.000000000000e+00 0.000000000000e+00 0.000000000000e+00 0.000000000000e+00
1.584893192461e+02 4.480440751048e+04 -3.171431426551e+04 5.000000000000e-01 0.000000000000e+00 -5.000000000000e-01 -4.499257717502e-17 0.000000000000e+00 0.000000000000e+00 0.000000000000e+00 0.000000000000e+00
1.778279410039e+02 4.124013298739e+04 -3.275331000970e+04 5.000000000000e-01 0.000000000000e+00 -5.000000000000e-01 -3.690967224642e-17 0.000000000000e+00 0.000000000000e+00 0.000000000000e+00 0.000000000000e+00
1.995262314969e+02 3.748591276517e+04 -3.340441909703e+04 5.000000000000e-01 0.000000000000e+00 -5.000000000000e-01 -2.990117273368e-17 0.000000000000e+00 0.000000000000e+00 0.000000000000e+00 0.000000000000e+00
2.238721138568e+02 3.363158540524e+04 -3.362668448370e+04 5.000000000000e-01 0.000000000000e+00 -5.000000000000e-01 -2.390933363270e-17 0.000000000000e+00 0.000000000000e+00 0.000000000000e+00 0.000000000000e+00
2.511886431510e+02 2.977711196340e+04 -3.340568514842e+04 5.000000000000e-01 0.000000000000e+00 -5.000000000000e-01 -1.886699374831e-17 0.000000000000e+00 0.000000000000e+00 0.000000000000e+00 0.000000000000e+00
2.818382931264e+02 2.602246855243e+04 -3.275576060605e+04 5.000000000000e-01 0.000000000000e+00 -5.000000000000e-01 -1.469496730068e-17 0.000000000000e+00 0.000000000000e+00 0.000000000000e+00 0.000000000000e+00
3.162277660168e+02 2.245753570172e+04 -3.171779882776e+04 5.000000000000e-01 0.000000000000e+00 -5.000000000000e-01 -1.130270077676e-17 0.000000000000e+00 0.000000000000e+00 0.000000000000e+00 0.000000000000e+00
3.548133892336e+02 1.915408250518e+04 -3.035320063581e+04 5.000000000000e-01 0.000000000000e+00 -5.000000000000e-01 -8.591747108737e-18 0.000000000000e+00 0.000000000000e+00 0.000000000000e+00 0.000000000000e+00
3.981071705535e+02 1.616122930380e+04 -2.873560184008e+04 5.000000000000e-01 0.000000000000e+00 -5.000000000000e-01 -6.460922385711e-18 0.000000000000e+00 0.000000000000e+00 0.000000000000e+00 0.000000000000e+00
4.466835921510e+02 1.350469672546e+04 -2.694227244390e+04 5.000000000000e-01 0.000000000000e+00 -5.000000000000e-01 -4.811771187886e-18 0.000000000000e+00 0.000000000000e+00 0.000000000000e+00 0.000000000000e+00
5.011872336273e+02 1.118918459831e+04 -2.504679787248e+04 5.000000000000e-01 0.000000000000e+00 -5.000000000000e-01 -3.553191139968e-18 0.000000000000e+00 0.000000000000e+00 0.000000000000e+00 0.000000000000e+00
5.623413251903e+02 9.202691758276e+03 -2.311394989754e+04 5.000000000000e-01 0.000000000000e+00 -5.000000000000e-01 -2.604563843116e-18 0.000000000000e+00 0.000000000000e+00 0.000000000000e+00 0.000000000000e+00
6.309573444802e+02 7.521537202315e+03 -2.119692429626e+04 5.000000000000e-01 0.000000000000e+00 -5.000000000000e-01 -1.897259515038e-18 0.000000000000e+00 0.000000000000e+00 0.000000000000e+00 0.000000000000e+00
7.079457843841e+02 6.115121901472e+03 -1.933659976335e+04 5.000000000000e-01 0.000000000000e+00 -5.000000000000e-01 -1.374754818373e-18 0.000000000000e+00 0.000000000000e+00 0.000000000000e+00 0.000000000000e+00
7.943282347243e+02 4.949868458298e+03 -1.756223001600e+04 5.000000000000e-01 0.000000000000e+00 -5.000000000000e-01 -9.917764449936e-19 0.000000000000e+00 0.000000000000e+00 0.000000000000e+00 0.000000000000e+00
8.912509381337e+02 3.992133727350e+03 -1.589296583622e+04 5.000000000000e-01 0.000000000000e+00 -5.000000000000e-01 -7.128944150365e-19 0.000000000000e+00 0.000000000000e+00 0.000000000000e+00 0.000000000000e+00
1.000000000000e+03 3.210134779008e+03 -1.433971740913e+04 5.000000000000e-01 0.000000000000e+00 -5.000000000000e-01 -5.109088180703e-19 0.000000000000e+00 0.000000000000e+00 0.000000000000e+00 0.000000000000e+00
1.122018454302e+03 2.575056468733e+03 -1.290702232047e+04 5.000000000000e-01 0.000000000000e+00 -5.000000000000e-01 -3.652640151935e-19 0.000000000000e+00 0.000000000000e+00 0.000000000000e+00 0.000000000000e+00
1.258925411794e+03 2.061548470410e+03 -1.159472691327e+04 5.000000000000e-01 0.000000000000e+00 -5.000000000000e-01 -2.606235654754e-19 0.000000000000e+00 0.000000000000e+00 0.000000000000e+00 0.000000000000e+00
1.412537544623e+03 1.647806807334e+03 -1.039939570800e+04 5.000000000000e-01 0.000000000000e+00 -5.000000000000e-01 -1.856634534395e-19 0.000000000000e+00 0.000000000000e+00 0.000000000000e+00 0.000000000000e+00
1.584893192461e+03 1.315398574431e+03 -9.315432846887e+03 5.000000000000e-01 0.000000000000e+00 -5.000000000000e-01 -1.320922988708e-19 0.000000000000e+00 0.000000000000e+00 0.000000000000e+00 0.000000000000e+00
1.778279410039e+03 1.048947088037e+03 -8.335938055718e+03 5.000000000000e-01 0.000000000000e+00 -5.000000000000e-01 -9.388013669872e-20 0.000000000000e+00 0.000000000000e+00 0.000000000000e+00 0.000000000000e+00
1.995262314969e+03 8.357575658345e+02 -7.453336814968e+03 5.000000000000e-01 0.000000000000e+00 -5.000000000000e-01 -6.666539373349e-20 0.000000000000e+00 0.000000000000e+00 0.000000000000e+00 0.000000000000e+00
2.238721138568e+03 6.654341220607e+02 -6.659828577637e+03 5.000000000000e-01 0.000000000000e+00 -5.000000000000e-01 -4.730697718596e-20 0.000000000000e+00 0.000000000000e+00 0.000000000000e+00 0.000000000000e+00
2.511886431510e+03 5.295175844025e+02 -5.947694031841e+03 5.000000000000e-01 0.000000000000e+00 -5.000000000000e-01 -3.355061755761e-20 0.000000000000e+00 0.000000000000e+00 0.000000000000e+00 0.000000000000e+00
2.818382931264e+03 4.211591819050e+02 -5.309496508214e+03 5.000000000000e-01 0.000000000000e+00 -5.000000000000e-01 -2.378298735958e-20 0.000000000000e+00 0.000000000000e+00 0.000000000000e+00 0.000000000000e+00
3.162277660168e+03 3.348359062462e+02 -4.738205958186e+03 5.000000000000e-01 0.000000000000e+00 -5.000000000000e-01 -1.685202734566e-20 0.000000000000e+00 0.000000000000e+00 0.000000000000e+00 0.000000000000e+00
3.548133892336e+03 2.661078087329e+02 -4.227267654005e+03 5.000000000000e-01 0.000000000000e+00 -5.000000000000e-01 -1.193652055991e-20 0.000000000000e+00 0.000000000000e+00 0.000000000000e+00 0.000000000000e+00
3.981071705535e+03 2.114144511715e+02 -3.770632384136e+03 5.000000000000e-01 0.000000000000e+00 -5.000000000000e-01 -8.451908790846e-21 0.000000000000e+00 0.000000000000e+00 0.000000000000e+00 0.000000000000e+00
4.466835921510e+03 1.679062839468e+02 -3.362760561299e+03 5.000000000000e-01 0.000000000000e+00 -5.000000000000e-01 -5.982560258738e-21 0.000000000000e+00 0.000000000000e+00 0.000000000000e+00 0.000000000000e+00
5.011872336273e+03 1.333062535315e+02 -2.998609261575e+03 5.000000000000e-01 0.000000000000e+00 -5.000000000000e-01 -4.233218200921e-21 0.000000000000e+00 0.000000000000e+00 0.000000000000e+00 0.000000000000e+00
5.623413251903e+03 1.057970270894e+02 -2.673608631939e+03 5.000000000000e-01 0.000000000000e+00 -5.000000000000e-01 -2.994288178981e-21 0.000000000000e+00 0.000000000000e+00 0.000000000000e+00 0.000000000000e+00
6.309573444802e+03 8.392959677742e+01 -2.383632183275e+03 5.000000000000e-01 0.000000000000e+00 -5.000000000000e-01 -2.117070245032e-21 0.000000000000e+00 0.000000000000e+00 0.000000000000e+00 0.000000000000e+00
7.079457843841e+03 6.654952671316e+01 -2.124964080400e+03 5.000000000000e-01 0.000000000000e+00 -5.000000000000e-01 -1.496115432913e-21 0.000000000000e+00 0.000000000000e+00 0.000000000000e+00 0.000000000000e+00
7.943282347243e+03 5.273763532983e+01 -1.894265526055e+03 5.000000000000e-01 0.000000000000e+00 -5.000000000000e-01 -1.056673423252e-21 0.000000000000e+00 0.000000000000e+00 0.000000000000e+00 0.000000000000e+00
8.912509381337e+03 4.176241241872e+01 -1.688541612498e+03 5.000000000000e-01 0.000000000000e+00 -5.000000000000e-01 -7.457713745357e-22 0.000000000000e+00 0.000000000000e+00 0.000000000000e+00 0.000000000000e+00
1.000000000000e+04 3.304192783833e+01 -1.505109504900e+03 5.000000000000e-01 0.000000000000e+00 -5.000000000000e-01 -5.258786144755e-22 0.000000000000e+00 0.000000000000e+00 0.000000000000e+00 0.000000000000e+00
1.122018454302e+04 2.611338789710e+01 -1.341568466499e+03 5.000000000000e-01 0.000000000000e+00 -5.000000000000e-01 -3.704105532993e-22 0.000000000000e+00 0.000000000000e+00 0.000000000000e+00 0.000000000000e+00
1.258925411794e+04 2.060883506190e+01 -1.195771992738e+03 5.000000000000e-01 0.000000000000e+00 -5.000000000000e-01 -2.605394998575e-22 0.000000000000e+00 0.000000000000e+00 0.000000000000e+00 0.000000000000e+00
1.412537544623e+04 1.623577089849e+01 -1.065802158241e+03 5.000000000000e-01 0.000000000000e+00 -5.000000000000e-01 -1.829334167604e-22 0.000000000000e+00 0.000000000000e+00 0.000000000000e+00 0.000000000000e+00
1.584893192461e+04 1.276171714549e+01 -9.499461731109e+02 5.000000000000e-01 0.000000000000e+00 -5.000000000000e-01 -1.281531383759e-22 0.000000000000e+00 0.000000000000e+00 0.000000000000e+00 0.000000000000e+00
1.778279410039e+04 1.000192233113e+01 -8.466750769020e+02 5.000000000000e-01 0.000000000000e+00 -5.000000000000e-01 -8.951660635744e-23 0.000000000000e+00 0.000000000000e+00 0.000000000000e+00 0.000000000000e+00
1.995262314969e+04 7.809577964187e+00 -7.546244575462e+02 5.000000000000e-01 0.000000000000e+00 -5.000000000000e-01 -6.229421200096e-23 0.000000000000e+00 0.000000000000e+00 0.000000000000e+00 0.000000000000e+00
2.238721138568e+04 6.068035089000e+00 -6.725770600237e+02 5.000000000000e-01 0.000000000000e+00 -5.000000000000e-01 -4.313881539918e-23 0.000000000000e+00 0.000000000000e+00 0.000000000000e+00 0.000000000000e+00
2.511886431510e+04 4.684614168694e+00 -5.994471395813e+02 5.000000000000e-01 0.000000000000e+00 -5.000000000000e-01 -2.968205457354e-23 0.000000000000e+00 0.000000000000e+00 0.000000000000e+00 0.000000000000e+00
2.818382931264e+04 3.585683361920e+00 -5.342664125428e+02 5.000000000000e-01 0.000000000000e+00 -5.000000000000e-01 -2.024846322625e-23 0.000000000000e+00 0.000000000000e+00 0.000000000000e+00 0.000000000000e+00
3.162277660168e+04 2.712746067939e+00 -4.761714612918e+02 5.000000000000e-01 0.000000000000e+00 -5.000000000000e-01 -1.365303722389e-23 0.000000000000e+00 0.000000000000e+00 0.000000000000e+00 0.000000000000e+00
3.548133892336e+04 2.019331265371e+00 -4.243924567686e+02 5.000000000000e-01 0.000000000000e+00 -5.000000000000e-01 -9.057903742527e-24 0.000000000000e+00 0.000000000000e+00 0.000000000000e+00 0.000000000000e+00
3.981071705535e+04 1.468522229109e+00 -3.782430704277e+02 5.000000000000e-01 0.000000000000e+00 -5.000000000000e-01 -5.870845568495e-24 0.000000000000e+00 0.000000000000e+00 0.000000000000e+00 0.000000000000e+00
4.466835921510e+04 1.030992768646e+00 -3.371114570842e+02 5.000000000000e-01 0.000000000000e+00 -5.000000000000e-01 -3.673463684480e-24 0.000000000000e+00 0.000000000000e+00 0.000000000000e+00 0.000000000000e+00
5.011872336273e+04 6.834468825024e-01 -3.004521998311e+02 5.000000000000e-01 0.000000000000e+00 -5.000000000000e-01 -2.170325626688e-24 0.000000000000e+00 0.000000000000e+00 0.000000000000e+00 0.000000000000e+00
5.623413251903e+04 4.073790326179e-01 -2.677791178101e+02 5.000000000000e-01 0.000000000000e+00 -5.000000000000e-01 -1.152972115844e-24 0.000000000000e+00 0.000000000000e+00 0.000000000000e+00 0.000000000000e+00
6.309573444802e+04 1.880892068250e-01 -2.386588468348e+02 5.000000000000e-01 0.000000000000e+00 -5.000000000000e-01 -4.744429598977e-25 0.000000000000e+00 0.000000000000e+00 0.000000000000e+00 0.000000000000e+00
7.079457843841e+04 1.390043655073e-02 -2.127051115287e+02 5.000000000000e-01 0.000000000000e+00 -5.000000000000e-01 -3.124989564150e-26 0.000000000000e+00 0.000000000000e+00 0.000000000000e+00 0.000000000000e+00
7.943282347243e+04 -1.244628254216e-01 -1.895736156997e+02 5.000000000000e-01 0.000000000000e+00 -5.000000000000e-01 2.493789472800e-25 0.000000000000e+00 0.000000000000e+00 0.000000000000e+00 0.000000000000e+00
8.912509381337e+04 -2.343685235319e-01 -1.689574850757e+02 5.000000000000e-01 0.000000000000e+00 -5.000000000000e-01 4.185230828857e-25 0.000000000000e+00 0.000000000000e+00 0.000000000000e+00 0.000000000000e+00
1.000000000000e+05 -3.216692821954e-01 -1.505832032954e+02 5.000000000000e-01 0.000000000000e+00 -5.000000000000e-01 5.119525630222e-25 0.000000000000e+00 0.000000000000e+00 0.000000000000e+00 0.000000000000e+00
1.122018454302e+05 -3.910140244016e-01 -1.342069881955e+02 5.000000000000e-01 0.000000000000e+00 -5.000000000000e-01 5.546416332385e-25 0.000000000000e+00 0.000000000000e+00 0.000000000000e+00 0.000000000000e+00
1.258925411794e+05 -4.460955091209e-01 -1.196115609927e+02 5.000000000000e-01 0.000000000000e+00 -5.000000000000e-01 5.639595857113e-25 0.000000000000e+00 0.000000000000e+00 0.000000000000e+00 0.000000000000e+00
1.412537544623e+05 -4.898469622837e-01 -1.066032659717e+02 5.000000000000e-01 0.000000000000e+00 -5.000000000000e-01 5.519256157317e-25 0.000000000000e+00 0.000000000000e+00 0.000000000000e+00 0.000000000000e+00
1.584893192461e+05 -5.245982679619e-01 -9.500950281259e+01 5.000000000000e-01 0.000000000000e+00 -5.000000000000e-01 5.268014771010e-25 0.000000000000e+00 0.000000000000e+00 0.000000000000e+00 0.000000000000e+00
1.778279410039e+05 -5.522000340811e-01 -8.467643771336e+01 5.000000000000e-01 0.000000000000e+00 -5.000000000000e-01 4.942157261867e-25 0.000000000000e+00 0.000000000000e+00 0.000000000000e+00 0.000000000000e+00
1.995262314969e+05 -5.741221402158e-01 -7.546696312310e+01 5.000000000000e-01 0.000000000000e+00 -5.000000000000e-01 4.579567100944e-25 0.000000000000e+00 0.000000000000e+00 0.000000000000e+00 0.000000000000e+00
2.238721138568e+05 -5.915320079504e-01 -6.725887912177e+01 5.000000000000e-01 0.000000000000e+00 -5.000000000000e-01 4.205313535503e-25 0.000000000000e+00 0.000000000000e+00 0.000000000000e+00 0.000000000000e+00
2.511886431510e+05 -6.053567700136e-01 -5.994327240914e+01 5.000000000000e-01 0.000000000000e+00 -5.000000000000e-01 3.835584327111e-25 0.000000000000e+00 0.000000000000e+00 0.000000000000e+00 0.000000000000e+00
2.818382931264e+05 -6.163326414991e-01 -5.342307145217e+01 5.000000000000e-01 0.000000000000e+00 -5.000000000000e-01 3.480449210621e-25 0.000000000000e+00 0.000000000000e+00 0.000000000000e+00 0.000000000000e+00
3.162277660168e+05 -6.250441258707e-01 -4.761175866134e+01 5.000000000000e-01 0.000000000000e+00 -5.000000000000e-01 3.145797838561e-25 0.000000000000e+00 0.000000000000e+00 0.000000000000e+00 0.000000000000e+00
3.548133892336e+05 -6.319551404032e-01 -4.243222253692e+01 5.000000000000e-01 0.000000000000e+00 -5.000000000000e-01 2.834695292214e-25 0.000000000000e+00 0.000000000000e+00 0.000000000000e+00 0.000000000000e+00
3.981071705535e+05 -6.374337218952e-01 -3.781573457478e+01 5.000000000000e-01 0.000000000000e+00 -5.000000000000e-01 2.548327064595e-25 0.000000000000e+00 0.000000000000e+00 0.000000000000e+00 0.000000000000e+00
4.466835921510e+05 -6.417716262005e-01 -3.370103738279e+01 5.000000000000e-01 0.000000000000e+00 -5.000000000000e-01 2.286654993394e-25 0.000000000000e+00 0.000000000000e+00 0.000000000000e+00 0.000000000000e+00
5.011872336273e+05 -6.451998651198e-01 -3.003353189753e+01 5.000000000000e-01 0.000000000000e+00 -5.000000000000e-01 2.048869981641e-25 0.000000000000e+00 0.000000000000e+00 0.000000000000e+00 0.000000000000e+00
5.623413251903e+05 -6.479010093862e-01 -2.676455294861e+01 5.000000000000e-01 0.000000000000e+00 -5.000000000000e-01 1.833702124651e-25 0.000000000000e+00 0.000000000000e+00 0.000000000000e+00 0.000000000000e+00
6.309573444802e+05 -6.500189121530e-01 -2.385072354867e+01 5.000000000000e-01 0.000000000000e+00 -5.000000000000e-01 1.639631012737e-25 0.000000000000e+00 0.000000000000e+00 0.000000000000e+00 0.000000000000e+00
7.079457843841e+05 -6.516663713642e-01 -2.125337935112e+01 5.000000000000e-01 0.000000000000e+00 -5.000000000000e-01 1.465026369775e-25 0.000000000000e+00 0.000000000000e+00 0.000000000000e+00 0.000000000000e+00
7.943282347243e+05 -6.529311391393e-01 -1.893805564762e+01 5.000000000000e-01 0.000000000000e+00 -5.000000000000e-01 1.308240268316e-25 0.000000000000e+00 0.000000000000e+00 0.000000000000e+00 0.000000000000e+00
8.912509381337e+05 -6.538805989328e-01 -1.687403009710e+01 5.000000000000e-01 0.000000000000e+00 -5.000000000000e-01 1.167665862209e-25 0.000000000000e+00 0.000000000000e+00 0.000000000000e+00 0.000000000000e+00
1.000000000000e+06 -6.545653604828e-01 -1.503391513167e+01 5.000000000000e-01 0.000000000000e+00 -5.000000000000e-01 1.041773126976e-25 0.000000000000e+00 0.000000000000e+00 0.000000000000e+00 0.000000000000e+00
1.122018454302e+06 -6.550219651595e-01 -1.339329463567e+01 5.000000000000e-01 0.000000000000e+00 -5.000000000000e-01 9.291289567403e-26 0.000000000000e+00 0.000000000000e+00 0.000000000000e+00 0.000000000000e+00
1.258925411794e+06 -6.552748479580e-01 -1.193040008667e+01 5.000000000000e-01 0.000000000000e+00 -5.000000000000e-01 8.284067519748e-26 0.000000000000e+00 0.000000000000e+00 0.000000000000e+00 0.000000000000e+00
1.412537544623e+06 -6.553376644206e-01 -1.062582188336e+01 5.000000000000e-01 0.000000000000e+00 -5.000000000000e-01 7.383890720915e-26 0.000000000000e+00 0.000000000000e+00 0.000000000000e+00 0.000000000000e+00
1.584893192461e+06 -6.552140580020e-01 -9.462252040333e+00 5.000000000000e-01 0.000000000000e+00 -5.000000000000e-01 6.579658276681e-26 0.000000000000e+00 0.000000000000e+00 0.000000000000e+00 0.000000000000e+00
1.778279410039e+06 -6.548979176393e-01 -8.424254872905e+00 5.000000000000e-01 0.000000000000e+00 -5.000000000000e-01 5.861297174363e-26 0.000000000000e+00 0.000000000000e+00 0.000000000000e+00 0.000000000000e+00
1.995262314969e+06 -6.543731526615e-01 -7.498062665303e+00 5.000000000000e-01 0.000000000000e+00 -5.000000000000e-01 5.219700742673e-26 0.000000000000e+00 0.000000000000e+00 0.000000000000e+00 0.000000000000e+00
2.238721138568e+06 -6.536129929190e-01 -6.671393661223e+00 5.000000000000e-01 0.000000000000e+00 -5.000000000000e-01 4.646659063517e-26 0.000000000000e+00 0.000000000000e+00 0.000000000000e+00 0.000000000000e+00
2.511886431510e+06 -6.525788106659e-01 -5.933290043826e+00 5.000000000000e-01 0.000000000000e+00 -5.000000000000e-01 4.134786595909e-26 0.000000000000e+00 0.000000000000e+00 0.000000000000e+00 0.000000000000e+00
2.818382931264e+06 -6.512184502738e-01 -5.273973846268e+00 5.000000000000e-01 0.000000000000e+00 -5.000000000000e-01 3.677450435992e-26 0.000000000000e+00 0.000000000000e+00 0.000000000000e+00 0.000000000000e+00
3.162277660168e+06 -6.494640550800e-01 -4.684719019994e+00 5.000000000000e-01 0.000000000000e+00 -5.000000000000e-01 3.268701418236e-26 0.000000000000e+00 0.000000000000e+00 0.000000000000e+00 0.000000000000e+00
3.548133892336e+06 -6.472293931723e-01 -4.157738133090e+00 5.000000000000e-01 0.000000000000e+00 -5.000000000000e-01 2.903209415526e-26 0.000000000000e+00 0.000000000000e+00 0.000000000000e+00 0.000000000000e+00
3.981071705535e+06 -6.444067187260e-01 -3.686082419034e+00 5.000000000000e-01 0.000000000000e+00 -5.000000000000e-01 2.576203651501e-26 0.000000000000e+00 0.000000000000e+00 0.000000000000e+00 0.000000000000e+00
4.466835921510e+06 -6.408632693196e-01 -3.263554125951e+00 5.000000000000e-01 0.000000000000e+00 -5.000000000000e-01 2.283418485714e-26 0.000000000000e+00 0.000000000000e+00 0.000000000000e+00 0.000000000000e+00
5.011872336273e+06 -6.364376058863e-01 -2.884630327106e+00 5.000000000000e-01 0.000000000000e+00 -5.000000000000e-01 2.021044913959e-26 0.000000000000e+00 0.000000000000e+00 0.000000000000e+00 0.000000000000e+00
5.623413251903e+06 -6.309361673024e-01 -2.544397536771e+00 5.000000000000e-01 0.000000000000e+00 -5.000000000000e-01 1.785687896362e-26 0.000000000000e+00 0.000000000000e+00 0.000000000000e+00 0.000000000000e+00
6.309573444802e+06 -6.241306491986e-01 -2.238496599797e+00 5.000000000000e-01 0.000000000000e+00 -5.000000000000e-01 1.574329529945e-26 0.000000000000e+00 0.000000000000e+00 0.000000000000e+00 0.000000000000e+00
7.079457843841e+06 -6.157571365759e-01 -1.963077345085e+00 5.000000000000e-01 0.000000000000e+00 -5.000000000000e-01 1.384297981454e-26 0.000000000000e+00 0.000000000000e+00 0.000000000000e+00 0.000000000000e+00
7.943282347243e+06 -6.055183072363e-01 -1.714762346088e+00 5.000000000000e-01 0.000000000000e+00 -5.000000000000e-01 1.213241925899e-26 0.000000000000e+00 0.000000000000e+00 0.000000000000e+00 0.000000000000e+00
8.912509381337e+06 -5.930904283258e-01 -1.490618729689e+00 5.000000000000e-01 0.000000000000e+00 -5.000000000000e-01 1.059109946815e-26 0.000000000000e+00 0.000000000000e+00 0.000000000000e+00 0.000000000000e+00
1.000000000000e+07 -5.781371612501e-01 -1.288136226148e+00 5.000000000000e-01 0.000000000000e+00 -5.000000000000e-01 9.201338699807e-27 0.000000000000e+00 0.000000000000e+00 0.000000000000e+00 0.000000000000e+00
1.122018454302e+07 -5.603321561428e-01 -1.105208520488e+00 5.000000000000e-01 0.000000000000e+00 -5.000000000000e-01 7.948143105984e-27 0.000000000000e+00 0.000000000000e+00 0.000000000000e+00 0.000000000000e+00
1.258925411794e+07 -5.393917315614e-01 -9.401135356225e-01 5.000000000000e-01 0.000000000000e+00 -5.000000000000e-01 6.819058503120e-27 0.000000000000e+00 0.000000000000e+00 0.000000000000e+00 0.000000000000e+00
1.412537544623e+07 -5.151172535545e-01 -7.914868846414e-01 5.000000000000e-01 0.000000000000e+00 -5.000000000000e-01 5.803984289637e-27 0.000000000000e+00 0.000000000000e+00 0.000000000000e+00 0.000000000000e+00
1.584893192461e+07 -4.874439569171e-01 -6.582820395379e-01 5.000000000000e-01 0.000000000000e+00 -5.000000000000e-01 4.894911252863e-27 0.000000000000e+00 0.000000000000e+00 0.000000000000e+00 0.000000000000e+00
1.778279410039e+07 -4.564891628686e-01 -5.397117205118e-01 5.000000000000e-01 0.000000000000e+00 -5.000000000000e-01 4.085550691768e-27 0.000000000000e+00 0.000000000000e+00 0.000000000000e+00 0.000000000000e+00
1.995262314969e+07 -4.225891881586e-01 -4.351684816342e-01 5.000000000000e-01 0.000000000000e+00 -5.000000000000e-01 3.370842905620e-27 0.000000000000e+00 0.000000000000e+00 0.000000000000e+00 0.000000000000e+00
2.238721138568e+07 -3.863125408988e-01 -3.441285727215e-01 5.000000000000e-01 0.000000000000e+00 -5.000000000000e-01 2.746369317875e-27 0.000000000000e+00 0.000000000000e+00 0.000000000000e+00 0.000000000000e+00
2.511886431510e+07 -3.484392488379e-01 -2.660505405628e-01 5.000000000000e-01 0.000000000000e+00 -5.000000000000e-01 2.207736310214e-27 0.000000000000e+00 0.000000000000e+00 0.000000000000e+00 0.000000000000e+00
2.818382931264e+07 -3.099032075911e-01 -2.002857724099e-01 5.000000000000e-01 0.000000000000e+00 -5.000000000000e-01 1.750032858240e-27 0.000000000000e+00 0.000000000000e+00 0.000000000000e+00 0.000000000000e+00
3.162277660168e+07 -2.717047174849e-01 -1.460189333942e-01 5.000000000000e-01 0.000000000000e+00 -5.000000000000e-01 1.367468435609e-27 0.000000000000e+00 0.000000000000e+00 0.000000000000e+00 0.000000000000e+00
3.548133892336e+07 -2.348099354314e-01 -1.022503411122e-01 5.000000000000e-01 0.000000000000e+00 -5.000000000000e-01 1.053262448515e-27 0.000000000000e+00 0.000000000000e+00 0.000000000000e+00 0.000000000000e+00
3.981071705535e+07 -2.000583391872e-01 -6.782141918047e-02 5.000000000000e-01 0.000000000000e+00 -5.000000000000e-01 7.997915120227e-28 0.000000000000e+00 0.000000000000e+00 0.000000000000e+00 0.000000000000e+00
4.466835921510e+07 -1.680963029003e-01 -4.147300332111e-02 5.000000000000e-01 0.000000000000e+00 -5.000000000000e-01 5.989330701232e-28 0.000000000000e+00 0.000000000000e+00 0.000000000000e+00 0.000000000000e+00
5.011872336273e+07 -1.393460967790e-01 -2.191922283840e-02 5.000000000000e-01 0.000000000000e+00 -5.000000000000e-01 4.425016962710e-28 0.000000000000e+00 0.000000000000e+00 0.000000000000e+00 0.000000000000e+00
5.623413251903e+07 -1.140092964615e-01 -7.919180543217e-03 5.000000000000e-01 0.000000000000e+00 -5.000000000000e-01 3.226713434964e-28 0.000000000000e+00 0.000000000000e+00 0.000000000000e+00 0.000000000000e+00
6.309573444802e+07 -9.209589856727e-02 1.666469248814e-03 5.000000000000e-01 0.000000000000e+00 -5.000000000000e-01 2.323059969695e-28 0.000000000000e+00 0.000000000000e+00 0.000000000000e+00 0.000000000000e+00
7.079457843841e+07 -7.346735155835e-02 7.839873015145e-03 5.000000000000e-01 0.000000000000e+00 -5.000000000000e-01 1.651636666861e-28 0.000000000000e+00 0.000000000000e+00 0.000000000000e+00 0.000000000000e+00
7.943282347243e+07 -5.788270819765e-02 1.145084796717e-02 5.000000000000e-01 0.000000000000e+00 -5.000000000000e-01 1.159762265331e-28 0.000000000000e+00 0.000000000000e+00 0.000000000000e+00 0.000000000000e+00
8.912509381337e+07 -4.504035181258e-02 1.319801383379e-02 5.000000000000e-01 0.000000000000e+00 -5.000000000000e-01 8.043071062098e-29 0.000000000000e+00 0.000000000000e+00 0.000000000000e+00 0.000000000000e+00
1.000000000000e+08 -3.461142204929e-02 1.364056744789e-02 5.000000000000e-01 0.000000000000e+00 -5.000000000000e-01 5.508578906584e-29 0.000000000000e+00 0.000000000000e+00 0.000000000000e+00 0.000000000000e+00
1.122018454302e+08 -2.626405074041e-02 1.321547517657e-02 5.000000000000e-01 0.000000000000e+00 -5.000000000000e-01 3.725476604174e-29 0.000000000000e+00 0.000000000000e+00 0.000000000000e+00 0.000000000000e+00
1.258925411794e+08 -1.967942317594e-02 1.225614871643e-02 5.000000000000e-01 0.000000000000e+00 -5.000000000000e-01 2.487897572251e-29 0.000000000000e+00 0.000000000000e+00 0.000000000000e+00 0.000000000000e+00
1.412537544623e+08 -1.456155869976e-02 1.101019261922e-02 5.000000000000e-01 0.000000000000e+00 -5.000000000000e-01 1.640695537625e-29 0.000000000000e+00 0.000000000000e+00 0.000000000000e+00 0.000000000000e+00
1.584893192461e+08 -1.064279731817e-02 9.655152750245e-03 5.000000000000e-01 0.000000000000e+00 -5.000000000000e-01 1.068749496539e-29 0.000000000000e+00 0.000000000000e+00 0.000000000000e+00 0.000000000000e+00
1.778279410039e+08 -7.686578151241e-03 8.312132759304e-03 5.000000000000e-01 0.000000000000e+00 -5.000000000000e-01 6.879441449560e-30 0.000000000000e+00 0.000000000000e+00 0.000000000000e+00 0.000000000000e+00
1.995262314969e+08 -5.488496937000e-03 7.057609251558e-03 5.000000000000e-01 0.000000000000e+00 -5.000000000000e-01 4.377977828353e-30 0.000000000000e+00 0.000000000000e+00 0.000000000000e+00 0.000000000000e+00
2.238721138568e+08 -3.876093197304e-03 5.933829178923e-03 5.000000000000e-01 0.000000000000e+00 -5.000000000000e-01 2.755588365196e-30 0.000000000000e+00 0.000000000000e+00 0.000000000000e+00 0.000000000000e+00
2.511886431510e+08 -2.707508347320e-03 4.957985645400e-03 5.000000000000e-01 0.000000000000e+00 -5.000000000000e-01 1.715496893224e-30 0.000000000000e+00 0.000000000000e+00 0.000000000000e+00 0.000000000000e+00
2.818382931264e+08 -1.869101181035e-03 4.130145600215e-03 5.000000000000e-01 0.000000000000e+00 -5.000000000000e-01 1.055487133422e-30 0.000000000000e+00 0.000000000000e+00 0.000000000000e+00 0.000000000000e+00
3.162277660168e+08 -1.272213913335e-03 3.439791530494e-03 5.000000000000e-01 0.000000000000e+00 -5.000000000000e-01 6.402952388650e-31 0.000000000000e+00 0.000000000000e+00 0.000000000000e+00 0.000000000000e+00
3.548133892336e+08 -8.494137671283e-04 2.870876460019e-03 5.000000000000e-01 0.000000000000e+00 -5.000000000000e-01 3.810126784133e-31 0.000000000000e+00 0.000000000000e+00 0.000000000000e+00 0.000000000000e+00
3.981071705535e+08 -5.505936481817e-04 2.405423097546e-03 5.000000000000e-01 0.000000000000e+00 -5.000000000000e-01 2.201158562939e-31 0.000000000000e+00 0.000000000000e+00 0.000000000000e+00 0.000000000000e+00
4.466835921510e+08 -3.392759113520e-04 2.025839705613e-03 5.000000000000e-01 0.000000000000e+00 -5.000000000000e-01 1.208852066933e-31 0.000000000000e+00 0.000000000000e+00 0.000000000000e+00 0.000000000000e+00
5.011872336273e+08 -1.893573481801e-04 1.716217047131e-03 5.000000000000e-01 0.000000000000e+00 -5.000000000000e-01 6.013153558508e-32 0.000000000000e+00 0.000000000000e+00 0.000000000000e+00 0.000000000000e+00
5.623413251903e+08 -8.241066611139e-05 1.462895193699e-03 5.000000000000e-01 0.000000000000e+00 -5.000000000000e-01 2.332402810817e-32 0.000000000000e+00 0.000000000000e+00 0.000000000000e+00 0.000000000000e+00
6.309573444802e+08 -5.555173755927e-06 1.254560327302e-03 5.000000000000e-01 0.000000000000e+00 -5.000000000000e-01 1.401256948231e-33 0.000000000000e+00 0.000000000000e+00 0.000000000000e+00 0.000000000000e+00
7.079457843841e+08 5.015719100662e-05 1.082075603976e-03 5.000000000000e-01 0.000000000000e+00 -5.000000000000e-01 -1.127595510333e-32 0.000000000000e+00 0.000000000000e+00 0.000000000000e+00 0.000000000000e+00
7.943282347243e+08 9.092624315196e-05 9.381889379692e-04 5.000000000000e-01 0.000000000000e+00 -5.000000000000e-01 -1.821836417465e-32 0.000000000000e+00 0.000000000000e+00 0.000000000000e+00 0.000000000000e+00
8.912509381337e+08 1.210506789444e-04 8.172075087987e-04 5.000000000000e-01 0.000000000000e+00 -5.000000000000e-01 -2.161659875385e-32 0.000000000000e+00 0.000000000000e+00 0.000000000000e+00 0.000000000000e+00
1.000000000000e+09 1.435221195115e-04 7.146889614766e-04 5.000000000000e-01 0.000000000000e+00 -5.000000000000e-01 -2.284225476328e-32 0.000000000000e+00 0.000000000000e+00 0.000000000000e+00 0.000000000000e+00
