# freq_hz rev(vout) imv(vout) rev(vinp) imv(vinp) rev(vinn) imv(vinn) rev(vdd) imv(vdd) rev(vss) imv(vss)
1.000000000000e-01 -2.939488763199e-01 1.192639191053e-04 0.000000000000e+00 0.000000000000e+00 1.898144225809e-22 4.678341668279e-19 0.000000000000e+00 0.000000000000e+00 1.000000000000e+00 0.000000000000e+00
1.122018454302e-01 -2.939488641781e-01 1.338163126909e-04 0.000000000000e+00 0.000000000000e+00 1.898144148127e-22 4.169576228577e-19 0.000000000000e+00 0.000000000000e+00 1.000000000000e+00 0.000000000000e+00
1.258925411794e-01 -2.939488485476e-01 1.501443644075e-04 0.000000000000e+00 0.000000000000e+00 1.898144047989e-22 3.716138527667e-19 0.000000000000e+00 0.000000000000e+00 1.000000000000e+00 0.000000000000e+00
1.412537544623e-01 -2.939488287370e-01 1.684647364129e-04 0.000000000000e+00 0.000000000000e+00 1.898143921116e-22 3.312011725804e-19 0.000000000000e+00 0.000000000000e+00 1.000000000000e+00 0.000000000000e+00
1.584893192461e-01 -2.939488040295e-01 1.890205273980e-04 0.000000000000e+00 0.000000000000e+00 1.898143762901e-22 2.951833309688e-19 0.000000000000e+00 0.000000000000e+00 1.000000000000e+00 0.000000000000e+00
1.778279410039e-01 -2.939487727229e-01 2.120844975686e-04 0.000000000000e+00 0.000000000000e+00 1.898143562283e-22 2.630823926233e-19 0.000000000000e+00 0.000000000000e+00 1.000000000000e+00 0.000000000000e+00
1.995262314969e-01 -2.939487333056e-01 2.379626884870e-04 0.000000000000e+00 0.000000000000e+00 1.898143309774e-22 2.344723977907e-19 0.000000000000e+00 0.000000000000e+00 1.000000000000e+00 0.000000000000e+00
2.238721138568e-01 -2.939486837163e-01 2.669984832255e-04 0.000000000000e+00 0.000000000000e+00 1.898142992037e-22 2.089737092431e-19 0.000000000000e+00 0.000000000000e+00 1.000000000000e+00 0.000000000000e+00
2.511886431510e-01 -2.939486213819e-01 2.995771624149e-04 0.000000000000e+00 0.000000000000e+00 1.898142592660e-22 1.862479749124e-19 0.000000000000e+00 0.000000000000e+00 1.000000000000e+00 0.000000000000e+00
2.818382931264e-01 -2.939485429839e-01 3.361310157632e-04 0.000000000000e+00 0.000000000000e+00 1.898142090368e-22 1.659936380955e-19 0.000000000000e+00 0.000000000000e+00 1.000000000000e+00 0.000000000000e+00
3.162277660168e-01 -2.939484444665e-01 3.771450773234e-04 0.000000000000e+00 0.000000000000e+00 1.898141459088e-22 1.479419360923e-19 0.000000000000e+00 0.000000000000e+00 1.000000000000e+00 0.000000000000e+00
3.548133892336e-01 -2.939483201224e-01 4.231635590901e-04 0.000000000000e+00 0.000000000000e+00 1.898140662394e-22 1.318533335568e-19 0.000000000000e+00 0.000000000000e+00 1.000000000000e+00 0.000000000000e+00
3.981071705535e-01 -2.939481633395e-01 4.747970712006e-04 0.000000000000e+00 0.000000000000e+00 1.898139657784e-22 1.175143445530e-19 0.000000000000e+00 0.000000000000e+00 1.000000000000e+00 0.000000000000e+00
4.466835921510e-01 -2.939479664471e-01 5.327307218544e-04 0.000000000000e+00 0.000000000000e+00 1.898138396170e-22 1.047346996694e-19 0.000000000000e+00 0.000000000000e+00 1.000000000000e+00 0.000000000000e+00
5.011872336273e-01 -2.939477185370e-01 5.977332008674e-04 0.000000000000e+00 0.000000000000e+00 1.898136807695e-22 9.334482061120e-20 0.000000000000e+00 0.000000000000e+00 1.000000000000e+00 0.000000000000e+00
5.623413251903e-01 -2.939474060614e-01 6.706669746776e-04 0.000000000000e+00 0.000000000000e+00 1.898134805443e-22 8.319357050169e-20 0.000000000000e+00 0.000000000000e+00 1.000000000000e+00 0.000000000000e+00
6.309573444802e-01 -2.939470130182e-01 7.524997238489e-04 0.000000000000e+00 0.000000000000e+00 1.898132286959e-22 7.414624861457e-20 0.000000000000e+00 0.000000000000e+00 1.000000000000e+00 0.000000000000e+00
7.079457843841e-01 -2.939465179069e-01 8.443171658642e-04 0.000000000000e+00 0.000000000000e+00 1.898129114528e-22 6.608280232856e-20 0.000000000000e+00 0.000000000000e+00 1.000000000000e+00 0.000000000000e+00
7.943282347243e-01 -2.939458949117e-01 9.473374490806e-04 0.000000000000e+00 0.000000000000e+00 1.898125122636e-22 5.889623474353e-20 0.000000000000e+00 0.000000000000e+00 1.000000000000e+00 0.000000000000e+00
8.912509381337e-01 -2.939451106114e-01 1.062927286130e-03 0.000000000000e+00 0.000000000000e+00 1.898120097230e-22 5.249118441262e-20 0.000000000000e+00 0.000000000000e+00 1.000000000000e+00 0.000000000000e+00
1.000000000000e+00 -2.939441229200e-01 1.192620054110e-03 0.000000000000e+00 0.000000000000e+00 1.898113768434e-22 4.678266015444e-20 0.000000000000e+00 0.000000000000e+00 1.000000000000e+00 0.000000000000e+00
1.122018454302e+00 -2.939428796783e-01 1.338136093677e-03 0.000000000000e+00 0.000000000000e+00 1.898105802266e-22 4.169491340183e-20 0.000000000000e+00 0.000000000000e+00 1.000000000000e+00 0.000000000000e+00
1.258925411794e+00 -2.939413145590e-01 1.501405458818e-03 0.000000000000e+00 0.000000000000e+00 1.898095773702e-22 3.716043282195e-20 0.000000000000e+00 0.000000000000e+00 1.000000000000e+00 0.000000000000e+00
1.412537544623e+00 -2.939393443592e-01 1.684593427802e-03 0.000000000000e+00 0.000000000000e+00 1.898083149387e-22 3.311904862414e-20 0.000000000000e+00 0.000000000000e+00 1.000000000000e+00 0.000000000000e+00
1.584893192461e+00 -2.939368641082e-01 1.890129088061e-03 0.000000000000e+00 0.000000000000e+00 1.898067257006e-22 2.951713408993e-20 0.000000000000e+00 0.000000000000e+00 1.000000000000e+00 0.000000000000e+00
1.778279410039e+00 -2.939337414309e-01 2.120737361525e-03 0.000000000000e+00 0.000000000000e+00 1.898047248201e-22 2.630689397080e-20 0.000000000000e+00 0.000000000000e+00 1.000000000000e+00 0.000000000000e+00
1.995262314969e+00 -2.939298103790e-01 2.379474878418e-03 0.000000000000e+00 0.000000000000e+00 1.898022059668e-22 2.344573036492e-20 0.000000000000e+00 0.000000000000e+00 1.000000000000e+00 0.000000000000e+00
2.238721138568e+00 -2.939248614698e-01 2.669770120052e-03 0.000000000000e+00 0.000000000000e+00 1.897990349107e-22 2.089567735542e-20 0.000000000000e+00 0.000000000000e+00 1.000000000000e+00 0.000000000000e+00
2.511886431510e+00 -2.939186316455e-01 2.995468342086e-03 0.000000000000e+00 0.000000000000e+00 1.897950430981e-22 1.862289731956e-20 0.000000000000e+00 0.000000000000e+00 1.000000000000e+00 0.000000000000e+00
2.818382931264e+00 -2.939107890360e-01 3.360881770455e-03 0.000000000000e+00 0.000000000000e+00 1.897900178786e-22 1.659723183244e-20 0.000000000000e+00 0.000000000000e+00 1.000000000000e+00 0.000000000000e+00
3.162277660168e+00 -2.939009164488e-01 3.770845677813e-03 0.000000000000e+00 0.000000000000e+00 1.897836919305e-22 1.479180156175e-20 0.000000000000e+00 0.000000000000e+00 1.000000000000e+00 0.000000000000e+00
3.548133892336e+00 -2.938884885067e-01 4.230780908002e-03 0.000000000000e+00 0.000000000000e+00 1.897757286198e-22 1.318264955114e-20 0.000000000000e+00 0.000000000000e+00 1.000000000000e+00 0.000000000000e+00
3.981071705535e+00 -2.938728442664e-01 4.746763512118e-03 0.000000000000e+00 0.000000000000e+00 1.897657044415e-22 1.174842335558e-20 0.000000000000e+00 0.000000000000e+00 1.000000000000e+00 0.000000000000e+00
4.466835921510e+00 -2.938531517040e-01 5.325602117395e-03 0.000000000000e+00 0.000000000000e+00 1.897530862601e-22 1.047009168416e-20 0.000000000000e+00 0.000000000000e+00 1.000000000000e+00 0.000000000000e+00
5.011872336273e+00 -2.938283637709e-01 5.974923689677e-03 0.000000000000e+00 0.000000000000e+00 1.897372031876e-22 9.330691880419e-21 0.000000000000e+00 0.000000000000e+00 1.000000000000e+00 0.000000000000e+00
5.623413251903e+00 -2.937971634569e-01 6.703268271147e-03 0.000000000000e+00 0.000000000000e+00 1.897172113154e-22 8.315104854539e-21 0.000000000000e+00 0.000000000000e+00 1.000000000000e+00 0.000000000000e+00
6.309573444802e+00 -2.937578937298e-01 7.520193160287e-03 0.000000000000e+00 0.000000000000e+00 1.896920489050e-22 7.409854448817e-21 0.000000000000e+00 0.000000000000e+00 1.000000000000e+00 0.000000000000e+00
7.079457843841e+00 -2.937084712034e-01 8.436386867962e-03 0.000000000000e+00 0.000000000000e+00 1.896603809919e-22 6.602928649409e-21 0.000000000000e+00 0.000000000000e+00 1.000000000000e+00 0.000000000000e+00
7.943282347243e+00 -2.936462755903e-01 9.463792757074e-03 0.000000000000e+00 0.000000000000e+00 1.896205286236e-22 5.883620175783e-21 0.000000000000e+00 0.000000000000e+00 1.000000000000e+00 0.000000000000e+00
8.912509381337e+00 -2.935680126289e-01 1.061574190508e-02 0.000000000000e+00 0.000000000000e+00 1.895703809638e-22 5.242384422193e-21 0.000000000000e+00 0.000000000000e+00 1.000000000000e+00 0.000000000000e+00
1.000000000000e+01 -2.934695446681e-01 1.190709399912e-02 0.000000000000e+00 0.000000000000e+00 1.895072867846e-22 4.670712868107e-21 0.000000000000e+00 0.000000000000e+00 1.000000000000e+00 0.000000000000e+00
1.122018454302e+01 -2.933456737862e-01 1.335438364489e-02 0.000000000000e+00 0.000000000000e+00 1.894279154575e-22 4.161020154187e-21 0.000000000000e+00 0.000000000000e+00 1.000000000000e+00 0.000000000000e+00
1.258925411794e+01 -2.931898770190e-01 1.497596843030e-02 0.000000000000e+00 0.000000000000e+00 1.893280873427e-22 3.706543513570e-21 0.000000000000e+00 0.000000000000e+00 1.000000000000e+00 0.000000000000e+00
1.412537544623e+01 -2.929939740486e-01 1.679217217790e-02 0.000000000000e+00 0.000000000000e+00 1.892025608511e-22 3.301253084846e-21 0.000000000000e+00 0.000000000000e+00 1.000000000000e+00 0.000000000000e+00
1.584893192461e+01 -2.927477157709e-01 1.882541385423e-02 0.000000000000e+00 0.000000000000e+00 1.890447687509e-22 2.939771983697e-21 0.000000000000e+00 0.000000000000e+00 1.000000000000e+00 0.000000000000e+00
1.778279410039e+01 -2.924382783609e-01 2.110030801222e-02 0.000000000000e+00 0.000000000000e+00 1.888464940860e-22 2.617305092074e-21 0.000000000000e+00 0.000000000000e+00 1.000000000000e+00 0.000000000000e+00
1.995262314969e+01 -2.920496412736e-01 2.364371601544e-02 0.000000000000e+00 0.000000000000e+00 1.885974715533e-22 2.329575599597e-21 0.000000000000e+00 0.000000000000e+00 1.000000000000e+00 0.000000000000e+00
2.238721138568e+01 -2.915618313478e-01 2.648471889337e-02 0.000000000000e+00 0.000000000000e+00 1.882849031894e-22 2.072768505054e-21 0.000000000000e+00 0.000000000000e+00 1.000000000000e+00 0.000000000000e+00
2.511886431510e+01 -2.909500094078e-01 2.965447061985e-02 0.000000000000e+00 0.000000000000e+00 1.878928730521e-22 1.843480326519e-21 0.000000000000e+00 0.000000000000e+00 1.000000000000e+00 0.000000000000e+00
2.818382931264e+01 -2.901833843878e-01 3.318587570577e-02 0.000000000000e+00 0.000000000000e+00 1.874016515164e-22 1.638674415581e-21 0.000000000000e+00 0.000000000000e+00 1.000000000000e+00 0.000000000000e+00
3.162277660168e+01 -2.892239420178e-01 3.711301505027e-02 0.000000000000e+00 0.000000000000e+00 1.867868806310e-22 1.455641312341e-21 0.000000000000e+00 0.000000000000e+00 1.000000000000e+00 0.000000000000e+00
3.548133892336e+01 -2.880249892610e-01 4.147021973548e-02 0.000000000000e+00 0.000000000000e+00 1.860186414135e-22 1.291963667812e-21 0.000000000000e+00 0.000000000000e+00 1.000000000000e+00 0.000000000000e+00
3.981071705535e+01 -2.865295481384e-01 4.629066533940e-02 0.000000000000e+00 0.000000000000e+00 1.850604247484e-22 1.145485369288e-21 0.000000000000e+00 0.000000000000e+00 1.000000000000e+00 0.000000000000e+00
4.466835921510e+01 -2.846686652401e-01 5.160432885657e-02 0.000000000000e+00 0.000000000000e+00 1.838680481374e-22 1.014284518438e-21 0.000000000000e+00 0.000000000000e+00 1.000000000000e+00 0.000000000000e+00
5.011872336273e+01 -2.823597754404e-01 5.743512564262e-02 0.000000000000e+00 0.000000000000e+00 1.823886072846e-22 8.966500137191e-22 0.000000000000e+00 0.000000000000e+00 1.000000000000e+00 0.000000000000e+00
5.623413251903e+01 -2.795053576573e-01 6.379703391191e-02 0.000000000000e+00 0.000000000000e+00 1.805596147164e-22 7.910615367940e-22 0.000000000000e+00 0.000000000000e+00 1.000000000000e+00 0.000000000000e+00
6.309573444802e+01 -2.759922454957e-01 7.068903556093e-02 0.000000000000e+00 0.000000000000e+00 1.783085581088e-22 6.961727367225e-22 0.000000000000e+00 0.000000000000e+00 1.000000000000e+00 0.000000000000e+00
7.079457843841e+01 -2.716921291736e-01 7.808878626990e-02 0.000000000000e+00 0.000000000000e+00 1.755532218586e-22 6.107974128974e-22 0.000000000000e+00 0.000000000000e+00 1.000000000000e+00 0.000000000000e+00
7.943282347243e+01 -2.664639642107e-01 8.594510823943e-02 0.000000000000e+00 0.000000000000e+00 1.722032305172e-22 5.338983962376e-22 0.000000000000e+00 0.000000000000e+00 1.000000000000e+00 0.000000000000e+00
8.912509381337e+01 -2.601591557928e-01 9.416971849634e-02 0.000000000000e+00 0.000000000000e+00 1.681633706850e-22 4.645786485438e-22 0.000000000000e+00 0.000000000000e+00 1.000000000000e+00 0.000000000000e+00
1.000000000000e+02 -2.526304350163e-01 1.026290955166e-01 0.000000000000e+00 0.000000000000e+00 1.633392785680e-22 4.020738250711e-22 0.000000000000e+00 0.000000000000e+00 1.000000000000e+00 0.000000000000e+00
1.122018454302e+02 -2.437451254852e-01 1.111380213416e-01 0.000000000000e+00 0.000000000000e+00 1.576459406157e-22 3.457451294851e-22 0.000000000000e+00 0.000000000000e+00 1.000000000000e+00 0.000000000000e+00
1.258925411794e+02 -2.334029066150e-01 1.194570198095e-01 0.000000000000e+00 0.000000000000e+00 1.510190755651e-22 2.950709070731e-22 0.000000000000e+00 0.000000000000e+00 1.000000000000e+00 0.000000000000e+00
1.412537544623e+02 -2.215570344348e-01 1.272963721620e-01 0.000000000000e+00 0.000000000000e+00 1.434287318229e-22 2.496351147679e-22 0.000000000000e+00 0.000000000000e+00 1.000000000000e+00 0.000000000000e+00
1.584893192461e+02 -2.082363696523e-01 1.343292458119e-01 0.000000000000e+00 0.000000000000e+00 1.348934021188e-22 2.091109212833e-22 0.000000000000e+00 0.000000000000e+00 1.000000000000e+00 0.000000000000e+00
1.778279410039e+02 -1.935638327126e-01 1.402152936617e-01 0.000000000000e+00 0.000000000000e+00 1.254918487920e-22 1.732384720068e-22 0.000000000000e+00 0.000000000000e+00 1.000000000000e+00 0.000000000000e+00
1.995262314969e+02 -1.777657659726e-01 1.446336622236e-01 0.000000000000e+00 0.000000000000e+00 1.153691026381e-22 1.417973975427e-22 0.000000000000e+00 0.000000000000e+00 1.000000000000e+00 0.000000000000e+00
2.238721138568e+02 -1.611670925512e-01 1.473210849957e-01 0.000000000000e+00 0.000000000000e+00 1.047333609144e-22 1.145767509925e-22 0.000000000000e+00 0.000000000000e+00 1.000000000000e+00 0.000000000000e+00
2.511886431510e+02 -1.441697231314e-01 1.481077634426e-01 0.000000000000e+00 0.000000000000e+00 9.384215132659e-23 9.134698047186e-23 0.000000000000e+00 0.000000000000e+00 1.000000000000e+00 0.000000000000e+00
2.818382931264e+02 -1.272160287772e-01 1.469425873350e-01 0.000000000000e+00 0.000000000000e+00 8.297892690644e-23 7.183927916908e-23 0.000000000000e+00 0.000000000000e+00 1.000000000000e+00 0.000000000000e+00
3.162277660168e+02 -1.107438795594e-01 1.439010340527e-01 0.000000000000e+00 0.000000000000e+00 7.242425664944e-23 5.573652203500e-23 0.000000000000e+00 0.000000000000e+00 1.000000000000e+00 0.000000000000e+00
3.548133892336e+02 -9.514264082623e-02 1.391735528417e-01 0.000000000000e+00 0.000000000000e+00 6.242762971988e-23 4.267714253790e-23 0.000000000000e+00 0.000000000000e+00 1.000000000000e+00 0.000000000000e+00
3.981071705535e+02 -8.071918139229e-02 1.330376433769e-01 0.000000000000e+00 0.000000000000e+00 5.318567493078e-23 3.226984508516e-23 0.000000000000e+00 0.000000000000e+00 1.000000000000e+00 0.000000000000e+00
4.466835921510e+02 -6.767955661653e-02 1.258208790047e-01 0.000000000000e+00 0.000000000000e+00 4.483042401779e-23 2.411446529754e-23 0.000000000000e+00 0.000000000000e+00 1.000000000000e+00 0.000000000000e+00
5.011872336273e+02 -5.612724896907e-02 1.178633083015e-01 0.000000000000e+00 0.000000000000e+00 3.742818425274e-23 1.782353682645e-23 0.000000000000e+00 0.000000000000e+00 1.000000000000e+00 0.000000000000e+00
5.623413251903e+02 -4.607474456684e-02 1.094860498084e-01 0.000000000000e+00 0.000000000000e+00 3.098695622449e-23 1.304016443577e-23 0.000000000000e+00 0.000000000000e+00 1.000000000000e+00 0.000000000000e+00
6.309573444802e+02 -3.746309779353e-02 1.009697429510e-01 0.000000000000e+00 0.000000000000e+00 2.546897002470e-23 9.449826124757e-24 0.000000000000e+00 0.000000000000e+00 1.000000000000e+00 0.000000000000e+00
7.079457843841e+02 -3.018409642758e-02 9.254335612272e-02 0.000000000000e+00 0.000000000000e+00 2.080488775003e-23 6.785757123299e-24 0.000000000000e+00 0.000000000000e+00 1.000000000000e+00 0.000000000000e+00
7.943282347243e+02 -2.410095972846e-02 8.438166987902e-02 0.000000000000e+00 0.000000000000e+00 1.690706597182e-23 4.828969570002e-24 0.000000000000e+00 0.000000000000e+00 1.000000000000e+00 0.000000000000e+00
8.912509381337e+02 -1.906526235792e-02 7.660880018437e-02 0.000000000000e+00 0.000000000000e+00 1.368039988759e-23 3.404575093134e-24 0.000000000000e+00 0.000000000000e+00 1.000000000000e+00 0.000000000000e+00
1.000000000000e+03 -1.492931307934e-02 6.930513663084e-02 0.000000000000e+00 0.000000000000e+00 1.103025507649e-23 2.376073973538e-24 0.000000000000e+00 0.000000000000e+00 1.000000000000e+00 0.000000000000e+00
1.122018454302e+03 -1.155424303258e-02 6.251560209215e-02 0.000000000000e+00 0.000000000000e+00 8.867650130973e-24 1.638934622893e-24 0.000000000000e+00 0.000000000000e+00 1.000000000000e+00 0.000000000000e+00
1.258925411794e+03 -8.814577180174e-03 5.625782854479e-02 0.000000000000e+00 0.000000000000e+00 7.112185850491e-24 1.114349997493e-24 0.000000000000e+00 0.000000000000e+00 1.000000000000e+00 0.000000000000e+00
1.412537544623e+03 -6.600206366820e-03 5.052945483172e-02 0.000000000000e+00 0.000000000000e+00 5.693308853108e-24 7.436655207561e-25 0.000000000000e+00 0.000000000000e+00 1.000000000000e+00 0.000000000000e+00
1.584893192461e+03 -4.816606415232e-03 4.531420892847e-02 0.000000000000e+00 0.000000000000e+00 4.550451965871e-24 4.836835211193e-25 0.000000000000e+00 0.000000000000e+00 1.000000000000e+00 0.000000000000e+00
1.778279410039e+03 -3.383985126676e-03 4.058672562513e-02 0.000000000000e+00 0.000000000000e+00 3.632487656712e-24 3.028646438864e-25 0.000000000000e+00 0.000000000000e+00 1.000000000000e+00 0.000000000000e+00
1.995262314969e+03 -2.235856221692e-03 3.631621013102e-02 0.000000000000e+00 0.000000000000e+00 2.896814275154e-24 1.783462590564e-25 0.000000000000e+00 0.000000000000e+00 1.000000000000e+00 0.000000000000e+00
2.238721138568e+03 -1.317378573926e-03 3.246912584123e-02 0.000000000000e+00 0.000000000000e+00 2.308291902253e-24 9.365494807176e-26 0.000000000000e+00 0.000000000000e+00 1.000000000000e+00 0.000000000000e+00
2.511886431510e+03 -5.836737365586e-04 2.901109982131e-02 0.000000000000e+00 0.000000000000e+00 1.838164290858e-24 3.698199057057e-26 0.000000000000e+00 0.000000000000e+00 1.000000000000e+00 0.000000000000e+00
2.818382931264e+03 1.755929145941e-06 2.590822335794e-02 0.000000000000e+00 0.000000000000e+00 1.463045269097e-24 -9.915785258349e-29 0.000000000000e+00 0.000000000000e+00 1.000000000000e+00 0.000000000000e+00
3.162277660168e+03 4.684470214025e-04 2.312790053008e-02 0.000000000000e+00 0.000000000000e+00 1.164009011321e-24 -2.357656949710e-26 0.000000000000e+00 0.000000000000e+00 1.000000000000e+00 0.000000000000e+00
3.548133892336e+03 8.402103528317e-04 2.063936631513e-02 0.000000000000e+00 0.000000000000e+00 9.257985383416e-25 -3.768843988107e-26 0.000000000000e+00 0.000000000000e+00 1.000000000000e+00 0.000000000000e+00
3.981071705535e+03 1.136182244888e-03 1.841396947363e-02 0.000000000000e+00 0.000000000000e+00 7.361520918148e-25 -4.542219630839e-26 0.000000000000e+00 0.000000000000e+00 1.000000000000e+00 0.000000000000e+00
4.466835921510e+03 1.371705002477e-03 1.642529204485e-02 0.000000000000e+00 0.000000000000e+00 5.852389625747e-25 -4.887433419078e-26 0.000000000000e+00 0.000000000000e+00 1.000000000000e+00 0.000000000000e+00
5.011872336273e+03 1.559055540627e-03 1.464915863484e-02 0.000000000000e+00 0.000000000000e+00 4.651926171442e-25 -4.950872232951e-26 0.000000000000e+00 0.000000000000e+00 1.000000000000e+00 0.000000000000e+00
5.623413251903e+03 1.708042931162e-03 1.306357348630e-02 0.000000000000e+00 0.000000000000e+00 3.697278150565e-25 -4.834136552575e-26 0.000000000000e+00 0.000000000000e+00 1.000000000000e+00 0.000000000000e+00
6.309573444802e+03 1.826495028534e-03 1.164861331500e-02 0.000000000000e+00 0.000000000000e+00 2.938287992782e-25 -4.607216555459e-26 0.000000000000e+00 0.000000000000e+00 1.000000000000e+00 0.000000000000e+00
7.079457843841e+03 1.920652662394e-03 1.038629471912e-02 0.000000000000e+00 0.000000000000e+00 2.334967142161e-25 -4.317864050149e-26 0.000000000000e+00 0.000000000000e+00 1.000000000000e+00 0.000000000000e+00
7.943282347243e+03 1.995487622591e-03 9.260429396666e-03 0.000000000000e+00 0.000000000000e+00 1.855458548701e-25 -3.998242856416e-26 0.000000000000e+00 0.000000000000e+00 1.000000000000e+00 0.000000000000e+00
8.912509381337e+03 2.054958331799e-03 8.256476115286e-03 0.000000000000e+00 0.000000000000e+00 1.474398432635e-25 -3.669637386741e-26 0.000000000000e+00 0.000000000000e+00 1.000000000000e+00 0.000000000000e+00
1.000000000000e+04 2.102214886487e-03 7.361395412655e-03 0.000000000000e+00 0.000000000000e+00 1.171602467971e-25 -3.345778906264e-26 0.000000000000e+00 0.000000000000e+00 1.000000000000e+00 0.000000000000e+00
1.122018454302e+04 2.139763178867e-03 6.563510156294e-03 0.000000000000e+00 0.000000000000e+00 9.310141748492e-26 -3.035189712409e-26 0.000000000000e+00 0.000000000000e+00 1.000000000000e+00 0.000000000000e+00
1.258925411794e+04 2.169596041058e-03 5.852374658343e-03 0.000000000000e+00 0.000000000000e+00 7.398646075249e-26 -2.742830760349e-26 0.000000000000e+00 0.000000000000e+00 1.000000000000e+00 0.000000000000e+00
1.412537544623e+04 2.193297921262e-03 5.218652964318e-03 0.000000000000e+00 0.000000000000e+00 5.880016560994e-26 -2.471256124618e-26 0.000000000000e+00 0.000000000000e+00 1.000000000000e+00 0.000000000000e+00
1.584893192461e+04 2.212128340440e-03 4.654007110744e-03 0.000000000000e+00 0.000000000000e+00 4.673553021609e-26 -2.221418842673e-26 0.000000000000e+00 0.000000000000e+00 1.000000000000e+00 0.000000000000e+00
1.778279410039e+04 2.227088390061e-03 4.150994938688e-03 0.000000000000e+00 0.000000000000e+00 3.715115630891e-26 -1.993230782401e-26 0.000000000000e+00 0.000000000000e+00 1.000000000000e+00 0.000000000000e+00
1.995262314969e+04 2.238973675832e-03 3.702977449221e-03 0.000000000000e+00 0.000000000000e+00 2.953732753709e-26 -1.785949272375e-26 0.000000000000e+00 0.000000000000e+00 1.000000000000e+00 0.000000000000e+00
2.238721138568e+04 2.248416456692e-03 3.304034969360e-03 0.000000000000e+00 0.000000000000e+00 2.348901292154e-26 -1.598442016946e-26 0.000000000000e+00 0.000000000000e+00 1.000000000000e+00 0.000000000000e+00
2.511886431510e+04 2.255919168009e-03 2.948891671774e-03 0.000000000000e+00 0.000000000000e+00 1.868439115368e-26 -1.429366719377e-26 0.000000000000e+00 0.000000000000e+00 1.000000000000e+00 0.000000000000e+00
2.818382931264e+04 2.261881087470e-03 2.632847675294e-03 0.000000000000e+00 0.000000000000e+00 1.486777106436e-26 -1.277291143668e-26 0.000000000000e+00 0.000000000000e+00 1.000000000000e+00 0.000000000000e+00
3.162277660168e+04 2.266619539403e-03 2.351718224095e-03 0.000000000000e+00 0.000000000000e+00 1.183601253121e-26 -1.140771755589e-26 0.000000000000e+00 0.000000000000e+00 1.000000000000e+00 0.000000000000e+00
3.548133892336e+04 2.270386756276e-03 2.101779253478e-03 0.000000000000e+00 0.000000000000e+00 9.427732087782e-27 -1.018403718562e-26 0.000000000000e+00 0.000000000000e+00 1.000000000000e+00 0.000000000000e+00
3.981071705535e+04 2.273383288287e-03 1.879718720146e-03 0.000000000000e+00 0.000000000000e+00 7.514723372555e-27 -9.088512205661e-27 0.000000000000e+00 0.000000000000e+00 1.000000000000e+00 0.000000000000e+00
4.466835921510e+04 2.275768669421e-03 1.682593186570e-03 0.000000000000e+00 0.000000000000e+00 5.995139010328e-27 -8.108644226829e-27 0.000000000000e+00 0.000000000000e+00 1.000000000000e+00 0.000000000000e+00
5.011872336273e+04 2.277669902588e-03 1.507789173399e-03 0.000000000000e+00 0.000000000000e+00 4.788072879466e-27 -7.232874251503e-27 0.000000000000e+00 0.000000000000e+00 1.000000000000e+00 0.000000000000e+00
5.623413251903e+04 2.279188218522e-03 1.352988724090e-03 0.000000000000e+00 0.000000000000e+00 3.829255182587e-27 -6.450603129562e-27 0.000000000000e+00 0.000000000000e+00 1.000000000000e+00 0.000000000000e+00
6.309573444802e+04 2.280404462351e-03 1.216138854312e-03 0.000000000000e+00 0.000000000000e+00 3.067632255035e-27 -5.752173987761e-27 0.000000000000e+00 0.000000000000e+00 1.000000000000e+00 0.000000000000e+00
7.079457843841e+04 2.281383396713e-03 1.095424437924e-03 0.000000000000e+00 0.000000000000e+00 2.462649229982e-27 -5.128831228097e-27 0.000000000000e+00 0.000000000000e+00 1.000000000000e+00 0.000000000000e+00
7.943282347243e+04 2.282177149041e-03 9.892442221950e-04 0.000000000000e+00 0.000000000000e+00 1.982091294313e-27 -4.572666039070e-27 0.000000000000e+00 0.000000000000e+00 1.000000000000e+00 0.000000000000e+00
8.912509381337e+04 2.282827986895e-03 8.961896397584e-04 0.000000000000e+00 0.000000000000e+00 1.600368706634e-27 -4.076555129401e-27 0.000000000000e+00 0.000000000000e+00 1.000000000000e+00 0.000000000000e+00
1.000000000000e+05 2.283370567628e-03 8.150261737473e-04 0.000000000000e+00 0.000000000000e+00 1.297154443014e-27 -3.634097127487e-27 0.000000000000e+00 0.000000000000e+00 1.000000000000e+00 0.000000000000e+00
1.122018454302e+05 2.283833784547e-03 7.446769963638e-04 0.000000000000e+00 0.000000000000e+00 1.056301921998e-27 -3.239549533406e-27 0.000000000000e+00 0.000000000000e+00 1.000000000000e+00 0.000000000000e+00
1.258925411794e+05 2.284242304642e-03 6.842087038440e-04 0.000000000000e+00 0.000000000000e+00 8.649852985813e-28 -2.887768017058e-27 0.000000000000e+00 0.000000000000e+00 1.000000000000e+00 0.000000000000e+00
1.412537544623e+05 2.284617882053e-03 6.328189465796e-04 0.000000000000e+00 0.000000000000e+00 7.130165411524e-28 -2.574149128910e-27 0.000000000000e+00 0.000000000000e+00 1.000000000000e+00 0.000000000000e+00
1.584893192461e+05 2.284980516451e-03 5.898257784509e-04 0.000000000000e+00 0.000000000000e+00 5.923029302473e-28 -2.294576983432e-27 0.000000000000e+00 0.000000000000e+00 1.000000000000e+00 0.000000000000e+00
1.778279410039e+05 2.285349517684e-03 5.546586128351e-04 0.000000000000e+00 0.000000000000e+00 4.964161394553e-28 -2.045374142995e-27 0.000000000000e+00 0.000000000000e+00 1.000000000000e+00 0.000000000000e+00
1.995262314969e+05 2.285744534067e-03 5.268506271879e-04 0.000000000000e+00 0.000000000000e+00 4.202499138014e-28 -1.823256714230e-27 0.000000000000e+00 0.000000000000e+00 1.000000000000e+00 0.000000000000e+00
2.238721138568e+05 2.286186597930e-03 5.060325547193e-04 0.000000000000e+00 0.000000000000e+00 3.597481663106e-28 -1.625293528626e-27 0.000000000000e+00 0.000000000000e+00 1.000000000000e+00 0.000000000000e+00
2.511886431510e+05 2.286699244813e-03 4.919277540760e-04 0.000000000000e+00 0.000000000000e+00 3.116889869032e-28 -1.448869198907e-27 0.000000000000e+00 0.000000000000e+00 1.000000000000e+00 0.000000000000e+00
2.818382931264e+05 2.287309765805e-03 4.843484840620e-04 0.000000000000e+00 0.000000000000e+00 2.735130651072e-28 -1.291650795824e-27 0.000000000000e+00 0.000000000000e+00 1.000000000000e+00 0.000000000000e+00
3.162277660168e+05 2.288050671035e-03 4.831933494001e-04 0.000000000000e+00 0.000000000000e+00 2.431874056947e-28 -1.151557875283e-27 0.000000000000e+00 0.000000000000e+00 1.000000000000e+00 0.000000000000e+00
3.548133892336e+05 2.288961367982e-03 4.884458510117e-04 0.000000000000e+00 0.000000000000e+00 2.190970633584e-28 -1.026735538497e-27 0.000000000000e+00 0.000000000000e+00 1.000000000000e+00 0.000000000000e+00
3.981071705535e+05 2.290090329631e-03 5.001740311742e-04 0.000000000000e+00 0.000000000000e+00 1.999591450632e-28 -9.155303472204e-28 0.000000000000e+00 0.000000000000e+00 1.000000000000e+00 0.000000000000e+00
4.466835921510e+05 2.291497619446e-03 5.185311683207e-04 0.000000000000e+00 0.000000000000e+00 1.847544884918e-28 -8.164687031865e-28 0.000000000000e+00 0.000000000000e+00 1.000000000000e+00 0.000000000000e+00
5.011872336273e+05 2.293258063231e-03 5.437575403090e-04 0.000000000000e+00 0.000000000000e+00 1.726733934495e-28 -7.282375369122e-28 0.000000000000e+00 0.000000000000e+00 1.000000000000e+00 0.000000000000e+00
5.623413251903e+05 2.295465327203e-03 5.761832036862e-04 0.000000000000e+00 0.000000000000e+00 1.630724986507e-28 -6.496670921289e-28 0.000000000000e+00 0.000000000000e+00 1.000000000000e+00 0.000000000000e+00
6.309573444802e+05 2.298236674205e-03 6.162318186791e-04 0.000000000000e+00 0.000000000000e+00 1.554405236605e-28 -5.797154598401e-28 0.000000000000e+00 0.000000000000e+00 1.000000000000e+00 0.000000000000e+00
7.079457843841e+05 2.301719345200e-03 6.644254713270e-04 0.000000000000e+00 0.000000000000e+00 1.493710400014e-28 -5.174548948228e-28 0.000000000000e+00 0.000000000000e+00 1.000000000000e+00 0.000000000000e+00
7.943282347243e+05 2.306098184427e-03 7.213904850665e-04 0.000000000000e+00 0.000000000000e+00 1.445408290661e-28 -4.620595230814e-28 0.000000000000e+00 0.000000000000e+00 1.000000000000e+00 0.000000000000e+00
8.912509381337e+05 2.311605506530e-03 7.878641458203e-04 0.000000000000e+00 0.000000000000e+00 1.406926690642e-28 -4.127944522708e-28 0.000000000000e+00 0.000000000000e+00 1.000000000000e+00 0.000000000000e+00
1.000000000000e+06 2.318533096216e-03 8.647022595422e-04 0.000000000000e+00 0.000000000000e+00 1.376216389093e-28 -3.690060029849e-28 0.000000000000e+00 0.000000000000e+00 1.000000000000e+00 0.000000000000e+00
1.122018454302e+06 2.327247592195e-03 9.528873629849e-04 0.000000000000e+00 0.000000000000e+00 1.351642064776e-28 -3.301130713817e-28 0.000000000000e+00 0.000000000000e+00 1.000000000000e+00 0.000000000000e+00
1.258925411794e+06 2.338209352564e-03 1.053537341488e-03 0.000000000000e+00 0.000000000000e+00 1.331895234295e-28 -2.955993841716e-28 0.000000000000e+00 0.000000000000e+00 1.000000000000e+00 0.000000000000e+00
1.412537544623e+06 2.351996346756e-03 1.167914020990e-03 0.000000000000e+00 0.000000000000e+00 1.315924594390e-28 -2.650066514305e-28 0.000000000000e+00 0.000000000000e+00 1.000000000000e+00 0.000000000000e+00
1.584893192461e+06 2.369333600966e-03 1.297431153728e-03 0.000000000000e+00 0.000000000000e+00 1.302880108386e-28 -2.379284334245e-28 0.000000000000e+00 0.000000000000e+00 1.000000000000e+00 0.000000000000e+00
1.778279410039e+06 2.391129854481e-03 1.443660864836e-03 0.000000000000e+00 0.000000000000e+00 1.292067835290e-28 -2.140046911452e-28 0.000000000000e+00 0.000000000000e+00 1.000000000000e+00 0.000000000000e+00
1.995262314969e+06 2.418522799728e-03 1.608337248269e-03 0.000000000000e+00 0.000000000000e+00 1.282913135282e-28 -1.929169190785e-28 0.000000000000e+00 0.000000000000e+00 1.000000000000e+00 0.000000000000e+00
2.238721138568e+06 2.452934878835e-03 1.793355178277e-03 0.000000000000e+00 0.000000000000e+00 1.274930300273e-28 -1.743838052553e-28 0.000000000000e+00 0.000000000000e+00 1.000000000000e+00 0.000000000000e+00
2.511886431510e+06 2.496141291891e-03 2.000761670297e-03 0.000000000000e+00 0.000000000000e+00 1.267697081293e-28 -1.581573196450e-28 0.000000000000e+00 0.000000000000e+00 1.000000000000e+00 0.000000000000e+00
2.818382931264e+06 2.550352343277e-03 2.232735977080e-03 0.000000000000e+00 0.000000000000e+00 1.260832811005e-28 -1.440191741001e-28 0.000000000000e+00 0.000000000000e+00 1.000000000000e+00 0.000000000000e+00
3.162277660168e+06 2.618312354335e-03 2.491553145667e-03 0.000000000000e+00 0.000000000000e+00 1.253979067379e-28 -1.317775978371e-28 0.000000000000e+00 0.000000000000e+00 1.000000000000e+00 0.000000000000e+00
3.548133892336e+06 2.703415916893e-03 2.779523962333e-03 0.000000000000e+00 0.000000000000e+00 1.246782087348e-28 -1.212643094828e-28 0.000000000000e+00 0.000000000000e+00 1.000000000000e+00 0.000000000000e+00
3.981071705535e+06 2.809842591874e-03 3.098901618690e-03 0.000000000000e+00 0.000000000000e+00 1.238876230449e-28 -1.123316460704e-28 0.000000000000e+00 0.000000000000e+00 1.000000000000e+00 0.000000000000e+00
4.466835921510e+06 2.942707512588e-03 3.451742670181e-03 0.000000000000e+00 0.000000000000e+00 1.229868116702e-28 -1.048497090405e-28 0.000000000000e+00 0.000000000000e+00 1.000000000000e+00 0.000000000000e+00
5.011872336273e+06 3.108223307427e-03 3.839706218139e-03 0.000000000000e+00 0.000000000000e+00 1.219321210987e-28 -9.870345260597e-29 0.000000000000e+00 0.000000000000e+00 1.000000000000e+00 0.000000000000e+00
5.623413251903e+06 3.313861025246e-03 4.263772036466e-03 0.000000000000e+00 0.000000000000e+00 1.206741111532e-28 -9.378954369198e-29 0.000000000000e+00 0.000000000000e+00 1.000000000000e+00 0.000000000000e+00
6.309573444802e+06 3.568490403161e-03 4.723855175177e-03 0.000000000000e+00 0.000000000000e+00 1.191562168436e-28 -9.001288153750e-29 0.000000000000e+00 0.000000000000e+00 1.000000000000e+00 0.000000000000e+00
7.079457843841e+06 3.882465028749e-03 5.218294095178e-03 0.000000000000e+00 0.000000000000e+00 1.173136867362e-28 -8.728260190776e-29 0.000000000000e+00 0.000000000000e+00 1.000000000000e+00 0.000000000000e+00
7.943282347243e+06 4.267600620989e-03 5.743193018187e-03 0.000000000000e+00 0.000000000000e+00 1.150730287578e-28 -8.550743940359e-29 0.000000000000e+00 0.000000000000e+00 1.000000000000e+00 0.000000000000e+00
8.912509381337e+06 4.736970849691e-03 6.291611714415e-03 0.000000000000e+00 0.000000000000e+00 1.123523198147e-28 -8.459035427096e-29 0.000000000000e+00 0.000000000000e+00 1.000000000000e+00 0.000000000000e+00
1.000000000000e+07 5.304418996162e-03 6.852622531964e-03 0.000000000000e+00 0.000000000000e+00 1.090628749105e-28 -8.442245034697e-29 0.000000000000e+00 0.000000000000e+00 1.000000000000e+00 0.000000000000e+00
1.122018454302e+07 5.983662213019e-03 7.410301070289e-03 0.000000000000e+00 0.000000000000e+00 1.051128919149e-28 -8.487644880910e-29 0.000000000000e+00 0.000000000000e+00 1.000000000000e+00 0.000000000000e+00
1.258925411794e+07 6.786856214947e-03 7.942790753556e-03 0.000000000000e+00 0.000000000000e+00 1.004137654646e-28 -8.580029480248e-29 0.000000000000e+00 0.000000000000e+00 1.000000000000e+00 0.000000000000e+00
1.412537544623e+07 7.722517878406e-03 8.421680372207e-03 0.000000000000e+00 0.000000000000e+00 9.488965907343e-29 -8.701198054117e-29 0.000000000000e+00 0.000000000000e+00 1.000000000000e+00 0.000000000000e+00
1.584893192461e+07 8.792793395651e-03 8.812045876949e-03 0.000000000000e+00 0.000000000000e+00 8.849054729620e-29 -8.829721391702e-29 0.000000000000e+00 0.000000000000e+00 1.000000000000e+00 0.000000000000e+00
1.778279410039e+07 9.990238188082e-03 9.073596789974e-03 0.000000000000e+00 0.000000000000e+00 8.120814831431e-29 -8.941203397637e-29 0.000000000000e+00 0.000000000000e+00 1.000000000000e+00 0.000000000000e+00
1.995262314969e+07 1.129454855195e-02 9.163368393867e-03 0.000000000000e+00 0.000000000000e+00 7.309291436594e-29 -9.009257672781e-29 0.000000000000e+00 0.000000000000e+00 1.000000000000e+00 0.000000000000e+00
2.238721138568e+07 1.267001154350e-02 9.040230254998e-03 0.000000000000e+00 0.000000000000e+00 6.426871605331e-29 -9.007352150471e-29 0.000000000000e+00 0.000000000000e+00 1.000000000000e+00 0.000000000000e+00
2.511886431510e+07 1.406470593198e-02 8.671072408642e-03 0.000000000000e+00 0.000000000000e+00 5.494054263090e-29 -8.911499517367e-29 0.000000000000e+00 0.000000000000e+00 1.000000000000e+00 0.000000000000e+00
2.818382931264e+07 1.541251110384e-02 8.037899961770e-03 0.000000000000e+00 0.000000000000e+00 4.539026605657e-29 -8.703491993311e-29 0.000000000000e+00 0.000000000000e+00 1.000000000000e+00 0.000000000000e+00
3.162277660168e+07 1.663858346919e-02 7.144376798550e-03 0.000000000000e+00 0.000000000000e+00 3.595708552486e-29 -8.374067965392e-29 0.000000000000e+00 0.000000000000e+00 1.000000000000e+00 0.000000000000e+00
3.548133892336e+07 1.766808841582e-02 6.019923209902e-03 0.000000000000e+00 0.000000000000e+00 2.700294196787e-29 -7.925190231510e-29 0.000000000000e+00 0.000000000000e+00 1.000000000000e+00 0.000000000000e+00
3.981071705535e+07 1.843683152097e-02 4.719627471930e-03 0.000000000000e+00 0.000000000000e+00 1.886808621572e-29 -7.370660687760e-29 0.000000000000e+00 0.000000000000e+00 1.000000000000e+00 0.000000000000e+00
4.466835921510e+07 1.890146184166e-02 3.319133293336e-03 0.000000000000e+00 0.000000000000e+00 1.182618926904e-29 -6.734657678553e-29 0.000000000000e+00 0.000000000000e+00 1.000000000000e+00 0.000000000000e+00
5.011872336273e+07 1.904662941025e-02 1.905105182684e-03 0.000000000000e+00 0.000000000000e+00 6.049773150440e-30 -6.048368786134e-29 0.000000000000e+00 0.000000000000e+00 1.000000000000e+00 0.000000000000e+00
5.623413251903e+07 1.888713448923e-02 5.633033488328e-04 0.000000000000e+00 0.000000000000e+00 1.594272169071e-30 -5.345473789936e-29 0.000000000000e+00 0.000000000000e+00 1.000000000000e+00 0.000000000000e+00
6.309573444802e+07 1.846452919339e-02 -6.329046903628e-04 0.000000000000e+00 0.000000000000e+00 -1.596461486002e-30 -4.657559054826e-29 0.000000000000e+00 0.000000000000e+00 1.000000000000e+00 0.000000000000e+00
7.079457843841e+07 1.783925425053e-02 -1.630969673364e-03 0.000000000000e+00 0.000000000000e+00 -3.666620965539e-30 -4.010484358651e-29 0.000000000000e+00 0.000000000000e+00 1.000000000000e+00 0.000000000000e+00
7.943282347243e+07 1.708054896008e-02 -2.402984505590e-03 0.000000000000e+00 0.000000000000e+00 -4.814720735322e-30 -3.422330566738e-29 0.000000000000e+00 0.000000000000e+00 1.000000000000e+00 0.000000000000e+00
8.912509381337e+07 1.625664994656e-02 -2.944831058752e-03 0.000000000000e+00 0.000000000000e+00 -5.258725680024e-30 -2.903027740457e-29 0.000000000000e+00 0.000000000000e+00 1.000000000000e+00 0.000000000000e+00
1.000000000000e+08 1.542722126483e-02 -3.271802307403e-03 0.000000000000e+00 0.000000000000e+00 -5.207235100427e-30 -2.455318522471e-29 0.000000000000e+00 0.000000000000e+00 1.000000000000e+00 0.000000000000e+00
1.122018454302e+08 1.463892498633e-02 -3.412440836508e-03 0.000000000000e+00 0.000000000000e+00 -4.840444691944e-30 -2.076487480391e-29 0.000000000000e+00 0.000000000000e+00 1.000000000000e+00 0.000000000000e+00
1.258925411794e+08 1.392403415329e-02 -3.402247627659e-03 0.000000000000e+00 0.000000000000e+00 -4.301164489110e-30 -1.760294011477e-29 0.000000000000e+00 0.000000000000e+00 1.000000000000e+00 0.000000000000e+00
1.412537544623e+08 1.330134228861e-02 -3.278394793218e-03 0.000000000000e+00 0.000000000000e+00 -3.693868093868e-30 -1.498703084423e-29 0.000000000000e+00 0.000000000000e+00 1.000000000000e+00 0.000000000000e+00
1.584893192461e+08 1.277841300922e-02 -3.075949142211e-03 0.000000000000e+00 0.000000000000e+00 -3.088867521236e-30 -1.283207982066e-29 0.000000000000e+00 0.000000000000e+00 1.000000000000e+00 0.000000000000e+00
1.778279410039e+08 1.235432645592e-02 -2.825615076074e-03 0.000000000000e+00 0.000000000000e+00 -2.528908584857e-30 -1.105704825086e-29 0.000000000000e+00 0.000000000000e+00 1.000000000000e+00 0.000000000000e+00
1.995262314969e+08 1.202233911757e-02 -2.552722045744e-03 0.000000000000e+00 0.000000000000e+00 -2.036215132576e-30 -9.589790193167e-30 0.000000000000e+00 0.000000000000e+00 1.000000000000e+00 0.000000000000e+00
2.238721138568e+08 1.177214003434e-02 -2.277086775344e-03 0.000000000000e+00 0.000000000000e+00 -1.618824291698e-30 -8.369038219891e-30 0.000000000000e+00 0.000000000000e+00 1.000000000000e+00 0.000000000000e+00
2.511886431510e+08 1.159159112905e-02 -2.013401984849e-03 0.000000000000e+00 0.000000000000e+00 -1.275706076119e-30 -7.344516071055e-30 0.000000000000e+00 0.000000000000e+00 1.000000000000e+00 0.000000000000e+00
2.818382931264e+08 1.146797001320e-02 -1.771877337837e-03 0.000000000000e+00 0.000000000000e+00 -1.000584532858e-30 -6.475997617581e-30 0.000000000000e+00 0.000000000000e+00 1.000000000000e+00 0.000000000000e+00
3.162277660168e+08 1.138880324421e-02 -1.558945952877e-03 0.000000000000e+00 0.000000000000e+00 -7.846052152180e-31 -5.731894940943e-30 0.000000000000e+00 0.000000000000e+00 1.000000000000e+00 0.000000000000e+00
3.548133892336e+08 1.134240211893e-02 -1.377932257545e-03 0.000000000000e+00 0.000000000000e+00 -6.180847078734e-31 -5.087743074360e-30 0.000000000000e+00 0.000000000000e+00 1.000000000000e+00 0.000000000000e+00
3.981071705535e+08 1.131820392419e-02 -1.229643273953e-03 0.000000000000e+00 0.000000000000e+00 -4.915857331012e-31 -4.524781854475e-30 0.000000000000e+00 0.000000000000e+00 1.000000000000e+00 0.000000000000e+00
4.466835921510e+08 1.130699207044e-02 -1.112887440328e-03 0.000000000000e+00 0.000000000000e+00 -3.965257294995e-31 -4.028721249524e-30 0.000000000000e+00 0.000000000000e+00 1.000000000000e+00 0.000000000000e+00
5.011872336273e+08 1.130103443266e-02 -1.024940470341e-03 0.000000000000e+00 0.000000000000e+00 -3.254758527049e-31 -3.588709710324e-30 0.000000000000e+00 0.000000000000e+00 1.000000000000e+00 0.000000000000e+00
5.623413251903e+08 1.129415458926e-02 -9.619733440454e-04 0.000000000000e+00 0.000000000000e+00 -2.722595796701e-31 -3.196493749265e-30 0.000000000000e+00 0.000000000000e+00 1.000000000000e+00 0.000000000000e+00
6.309573444802e+08 1.128174130286e-02 -9.194464158916e-04 0.000000000000e+00 0.000000000000e+00 -2.319244609441e-31 -2.845746880897e-30 0.000000000000e+00 0.000000000000e+00 1.000000000000e+00 0.000000000000e+00
7.079457843841e+08 1.126070298188e-02 -8.924672049946e-04 0.000000000000e+00 0.000000000000e+00 -2.006376340610e-31 -2.531544903279e-30 0.000000000000e+00 0.000000000000e+00 1.000000000000e+00 0.000000000000e+00
7.943282347243e+08 1.122937645271e-02 -8.761108173742e-04 0.000000000000e+00 0.000000000000e+00 -1.755412450242e-31 -2.249965054948e-30 0.000000000000e+00 0.000000000000e+00 1.000000000000e+00 0.000000000000e+00
8.912509381337e+08 1.118739652205e-02 -8.657061109295e-04 0.000000000000e+00 0.000000000000e+00 -1.545932811109e-31 -1.997786908972e-30 0.000000000000e+00 0.000000000000e+00 1.000000000000e+00 0.000000000000e+00
1.000000000000e+09 1.113552531297e-02 -8.570902249743e-04 0.000000000000e+00 0.000000000000e+00 -1.364101459804e-31 -1.772273897484e-30 0.000000000000e+00 0.000000000000e+00 1.000000000000e+00 0.000000000000e+00
