# freq_hz rev(vout) imv(vout) rev(vinp) imv(vinp) rev(vinn) imv(vinn) rev(vdd) imv(vdd) rev(vss) imv(vss)
1.000000000000e-01 6.563097254237e+04 -2.989410747320e+01 5.000000000000e-01 0.000000000000e+00 -5.000000000000e-01 -1.044549370005e-13 0.000000000000e+00 0.000000000000e+00 0.000000000000e+00 0.000000000000e+00
1.122018454302e-01 6.563096901677e+04 -3.354173845960e+01 5.000000000000e-01 0.000000000000e+00 -5.000000000000e-01 -9.309555559341e-14 0.000000000000e+00 0.000000000000e+00 0.000000000000e+00 0.000000000000e+00
1.258925411794e-01 6.563096457830e+04 -3.763444699734e+01 5.000000000000e-01 0.000000000000e+00 -5.000000000000e-01 -8.297149564754e-14 0.000000000000e+00 0.000000000000e+00 0.000000000000e+00 0.000000000000e+00
1.412537544623e-01 6.563095899061e+04 -4.222654045467e+01 5.000000000000e-01 0.000000000000e+00 -5.000000000000e-01 -7.394841703840e-14 0.000000000000e+00 0.000000000000e+00 0.000000000000e+00 0.000000000000e+00
1.584893192461e-01 6.563095195611e+04 -4.737895257444e+01 5.000000000000e-01 0.000000000000e+00 -5.000000000000e-01 -6.590658899495e-14 0.000000000000e+00 0.000000000000e+00 0.000000000000e+00 0.000000000000e+00
1.778279410039e-01 6.563094310022e+04 -5.316005196194e+01 5.000000000000e-01 0.000000000000e+00 -5.000000000000e-01 -5.873930134496e-14 0.000000000000e+00 0.000000000000e+00 0.000000000000e+00 0.000000000000e+00
1.995262314969e-01 6.563093195130e+04 -5.964654920160e+01 5.000000000000e-01 0.000000000000e+00 -5.000000000000e-01 -5.235144853593e-14 0.000000000000e+00 0.000000000000e+00 0.000000000000e+00 0.000000000000e+00
2.238721138568e-01 6.563091791566e+04 -6.692451462826e+01 5.000000000000e-01 0.000000000000e+00 -5.000000000000e-01 -4.665826764210e-14 0.000000000000e+00 0.000000000000e+00 0.000000000000e+00 0.000000000000e+00
2.511886431510e-01 6.563090024584e+04 -7.509052024236e+01 5.000000000000e-01 0.000000000000e+00 -5.000000000000e-01 -4.158421361199e-14 0.000000000000e+00 0.000000000000e+00 0.000000000000e+00 0.000000000000e+00
2.818382931264e-01 6.563087800087e+04 -8.425292089922e+01 5.000000000000e-01 0.000000000000e+00 -5.000000000000e-01 -3.706195683144e-14 0.000000000000e+00 0.000000000000e+00 0.000000000000e+00 0.000000000000e+00
3.162277660168e-01 6.563084999613e+04 -9.453329174126e+01 5.000000000000e-01 0.000000000000e+00 -5.000000000000e-01 -3.303148970053e-14 0.000000000000e+00 0.000000000000e+00 0.000000000000e+00 0.000000000000e+00
3.548133892336e-01 6.563081474028e+04 -1.060680409025e+02 5.000000000000e-01 0.000000000000e+00 -5.000000000000e-01 -2.943933036921e-14 0.000000000000e+00 0.000000000000e+00 0.000000000000e+00 0.000000000000e+00
3.981071705535e-01 6.563077035586e+04 -1.190102188219e+02 5.000000000000e-01 0.000000000000e+00 -5.000000000000e-01 -2.623781306562e-14 0.000000000000e+00 0.000000000000e+00 0.000000000000e+00 0.000000000000e+00
4.466835921510e-01 6.563071447927e+04 -1.335315480842e+02 5.000000000000e-01 0.000000000000e+00 -5.000000000000e-01 -2.338445560028e-14 0.000000000000e+00 0.000000000000e+00 0.000000000000e+00 0.000000000000e+00
5.011872336273e-01 6.563064413494e+04 -1.498247005985e+02 5.000000000000e-01 0.000000000000e+00 -5.000000000000e-01 -2.084139565324e-14 0.000000000000e+00 0.000000000000e+00 0.000000000000e+00 0.000000000000e+00
5.623413251903e-01 6.563055557689e+04 -1.681058521519e+02 5.000000000000e-01 0.000000000000e+00 -5.000000000000e-01 -1.857488836410e-14 0.000000000000e+00 0.000000000000e+00 0.000000000000e+00 0.000000000000e+00
6.309573444802e-01 6.563044408926e+04 -1.886175479857e+02 5.000000000000e-01 0.000000000000e+00 -5.000000000000e-01 -1.655485855819e-14 0.000000000000e+00 0.000000000000e+00 0.000000000000e+00 0.000000000000e+00
7.079457843841e-01 6.563030373517e+04 -2.116319170628e+02 5.000000000000e-01 0.000000000000e+00 -5.000000000000e-01 -1.475450166733e-14 0.000000000000e+00 0.000000000000e+00 0.000000000000e+00 0.000000000000e+00
7.943282347243e-01 6.563012704071e+04 -2.374542771772e+02 5.000000000000e-01 0.000000000000e+00 -5.000000000000e-01 -1.314992804946e-14 0.000000000000e+00 0.000000000000e+00 0.000000000000e+00 0.000000000000e+00
8.912509381337e-01 6.562990459691e+04 -2.664271780349e+02 5.000000000000e-01 0.000000000000e+00 -5.000000000000e-01 -1.171984598762e-14 0.000000000000e+00 0.000000000000e+00 0.000000000000e+00 0.000000000000e+00
1.000000000000e+00 6.562962455890e+04 -2.989349349556e+02 5.000000000000e-01 0.000000000000e+00 -5.000000000000e-01 -1.044527916181e-14 0.000000000000e+00 0.000000000000e+00 0.000000000000e+00 0.000000000000e+00
1.122018454302e+00 6.562927201534e+04 -3.354087119430e+02 5.000000000000e-01 0.000000000000e+00 -5.000000000000e-01 -9.309314844791e-15 0.000000000000e+00 0.000000000000e+00 0.000000000000e+00 0.000000000000e+00
1.258925411794e+00 6.562882819467e+04 -3.763322195776e+02 5.000000000000e-01 0.000000000000e+00 -5.000000000000e-01 -8.296879480432e-15 0.000000000000e+00 0.000000000000e+00 0.000000000000e+00 0.000000000000e+00
1.412537544623e+00 6.562826946608e+04 -4.222481005234e+02 5.000000000000e-01 0.000000000000e+00 -5.000000000000e-01 -7.394538666853e-15 0.000000000000e+00 0.000000000000e+00 0.000000000000e+00 0.000000000000e+00
1.584893192461e+00 6.562756608200e+04 -4.737650834013e+02 5.000000000000e-01 0.000000000000e+00 -5.000000000000e-01 -6.590318890083e-15 0.000000000000e+00 0.000000000000e+00 0.000000000000e+00 0.000000000000e+00
1.778279410039e+00 6.562668059533e+04 -5.315659943402e+02 5.000000000000e-01 0.000000000000e+00 -5.000000000000e-01 -5.873548642860e-15 0.000000000000e+00 0.000000000000e+00 0.000000000000e+00 0.000000000000e+00
1.995262314969e+00 6.562556586765e+04 -5.964167245797e+02 5.000000000000e-01 0.000000000000e+00 -5.000000000000e-01 -5.234716820280e-15 0.000000000000e+00 0.000000000000e+00 0.000000000000e+00 0.000000000000e+00
2.238721138568e+00 6.562416256249e+04 -6.691762619179e+02 5.000000000000e-01 0.000000000000e+00 -5.000000000000e-01 -4.665346513307e-15 0.000000000000e+00 0.000000000000e+00 0.000000000000e+00 0.000000000000e+00
2.511886431510e+00 6.562239599129e+04 -7.508079033019e+02 5.000000000000e-01 0.000000000000e+00 -5.000000000000e-01 -4.157882525473e-15 0.000000000000e+00 0.000000000000e+00 0.000000000000e+00 0.000000000000e+00
2.818382931264e+00 6.562017214515e+04 -8.423917750198e+02 5.000000000000e-01 0.000000000000e+00 -5.000000000000e-01 -3.705591120209e-15 0.000000000000e+00 0.000000000000e+00 0.000000000000e+00 0.000000000000e+00
3.162277660168e+00 6.561737270303e+04 -9.451387951187e+02 5.000000000000e-01 0.000000000000e+00 -5.000000000000e-01 -3.302470668510e-15 0.000000000000e+00 0.000000000000e+00 0.000000000000e+00 0.000000000000e+00
3.548133892336e+00 6.561384875383e+04 -1.060406218859e+03 5.000000000000e-01 0.000000000000e+00 -5.000000000000e-01 -2.943172011353e-15 0.000000000000e+00 0.000000000000e+00 0.000000000000e+00 0.000000000000e+00
3.981071705535e+00 6.560941290279e+04 -1.189714910750e+03 5.000000000000e-01 0.000000000000e+00 -5.000000000000e-01 -2.622927480135e-15 0.000000000000e+00 0.000000000000e+00 0.000000000000e+00 0.000000000000e+00
4.466835921510e+00 6.560382934993e+04 -1.334768483888e+03 5.000000000000e-01 0.000000000000e+00 -5.000000000000e-01 -2.337487633365e-15 0.000000000000e+00 0.000000000000e+00 0.000000000000e+00 0.000000000000e+00
5.011872336273e+00 6.559680142450e+04 -1.497474435842e+03 5.000000000000e-01 0.000000000000e+00 -5.000000000000e-01 -2.083064870222e-15 0.000000000000e+00 0.000000000000e+00 0.000000000000e+00 0.000000000000e+00
5.623413251903e+00 6.558795593134e+04 -1.679967385806e+03 5.000000000000e-01 0.000000000000e+00 -5.000000000000e-01 -1.856283172899e-15 0.000000000000e+00 0.000000000000e+00 0.000000000000e+00 0.000000000000e+00
6.309573444802e+00 6.557682350667e+04 -1.884634473910e+03 5.000000000000e-01 0.000000000000e+00 -5.000000000000e-01 -1.654133311016e-15 0.000000000000e+00 0.000000000000e+00 0.000000000000e+00 0.000000000000e+00
7.079457843841e+00 6.556281398666e+04 -2.114142911541e+03 5.000000000000e-01 0.000000000000e+00 -5.000000000000e-01 -1.473932913954e-15 0.000000000000e+00 0.000000000000e+00 0.000000000000e+00 0.000000000000e+00
7.943282347243e+00 6.554518555489e+04 -2.371469558912e+03 5.000000000000e-01 0.000000000000e+00 -5.000000000000e-01 -1.313290881641e-15 0.000000000000e+00 0.000000000000e+00 0.000000000000e+00 0.000000000000e+00
8.912509381337e+00 6.552300614890e+04 -2.659932235422e+03 5.000000000000e-01 0.000000000000e+00 -5.000000000000e-01 -1.170075662044e-15 0.000000000000e+00 0.000000000000e+00 0.000000000000e+00 0.000000000000e+00
1.000000000000e+01 6.549510526508e+04 -2.983222215704e+03 5.000000000000e-01 0.000000000000e+00 -5.000000000000e-01 -1.042386975126e-15 0.000000000000e+00 0.000000000000e+00 0.000000000000e+00 0.000000000000e+00
1.122018454302e+01 6.546001390158e+04 -3.345436996368e+03 5.000000000000e-01 0.000000000000e+00 -5.000000000000e-01 -9.285306090426e-16 0.000000000000e+00 0.000000000000e+00 0.000000000000e+00 0.000000000000e+00
1.258925411794e+01 6.541588992375e+04 -3.751111890765e+03 5.000000000000e-01 0.000000000000e+00 -5.000000000000e-01 -8.269959554858e-16 0.000000000000e+00 0.000000000000e+00 0.000000000000e+00 0.000000000000e+00
1.412537544623e+01 6.536042563576e+04 -4.205248261229e+03 5.000000000000e-01 0.000000000000e+00 -5.000000000000e-01 -7.364359879934e-16 0.000000000000e+00 0.000000000000e+00 0.000000000000e+00 0.000000000000e+00
1.584893192461e+01 6.529073382547e+04 -4.713335151494e+03 5.000000000000e-01 0.000000000000e+00 -5.000000000000e-01 -6.556494201533e-16 0.000000000000e+00 0.000000000000e+00 0.000000000000e+00 0.000000000000e+00
1.778279410039e+01 6.520320807410e+04 -5.281359635058e+03 5.000000000000e-01 0.000000000000e+00 -5.000000000000e-01 -5.835648105612e-16 0.000000000000e+00 0.000000000000e+00 0.000000000000e+00 0.000000000000e+00
1.995262314969e+01 6.509335279004e+04 -5.915799223338e+03 5.000000000000e-01 0.000000000000e+00 -5.000000000000e-01 -5.192264085397e-16 0.000000000000e+00 0.000000000000e+00 0.000000000000e+00 0.000000000000e+00
2.238721138568e+01 6.495557841268e+04 -6.623587035292e+03 5.000000000000e-01 0.000000000000e+00 -5.000000000000e-01 -4.617815594658e-16 0.000000000000e+00 0.000000000000e+00 0.000000000000e+00 0.000000000000e+00
2.511886431510e+01 6.478295781838e+04 -7.412036964712e+03 5.000000000000e-01 0.000000000000e+00 -5.000000000000e-01 -4.104695115022e-16 0.000000000000e+00 0.000000000000e+00 0.000000000000e+00 0.000000000000e+00
2.818382931264e+01 6.456694158339e+04 -8.288711663765e+03 5.000000000000e-01 0.000000000000e+00 -5.000000000000e-01 -3.646114869392e-16 0.000000000000e+00 0.000000000000e+00 0.000000000000e+00 0.000000000000e+00
3.162277660168e+01 6.429703307008e+04 -9.261210750975e+03 5.000000000000e-01 0.000000000000e+00 -5.000000000000e-01 -3.236019015073e-16 0.000000000000e+00 0.000000000000e+00 0.000000000000e+00 0.000000000000e+00
3.548133892336e+01 6.396043022503e+04 -1.033685041489e+04 5.000000000000e-01 0.000000000000e+00 -5.000000000000e-01 -2.869006340089e-16 0.000000000000e+00 0.000000000000e+00 0.000000000000e+00 0.000000000000e+00
3.981071705535e+01 6.354165074780e+04 -1.152219909531e+04 5.000000000000e-01 0.000000000000e+00 -5.000000000000e-01 -2.540262662104e-16 0.000000000000e+00 0.000000000000e+00 0.000000000000e+00 0.000000000000e+00
4.466835921510e+01 6.302217240779e+04 -1.282242847718e+04 5.000000000000e-01 0.000000000000e+00 -5.000000000000e-01 -2.245502283796e-16 0.000000000000e+00 0.000000000000e+00 0.000000000000e+00 0.000000000000e+00
5.011872336273e+01 6.238014230939e+04 -1.424043708718e+04 5.000000000000e-01 0.000000000000e+00 -5.000000000000e-01 -1.980917974997e-16 0.000000000000e+00 0.000000000000e+00 0.000000000000e+00 0.000000000000e+00
5.623413251903e+01 6.159023887289e+04 -1.577570949317e+04 5.000000000000e-01 0.000000000000e+00 -5.000000000000e-01 -1.743139001835e-16 0.000000000000e+00 0.000000000000e+00 0.000000000000e+00 0.000000000000e+00
6.309573444802e+01 6.062380760537e+04 -1.742289377177e+04 5.000000000000e-01 0.000000000000e+00 -5.000000000000e-01 -1.529196661843e-16 0.000000000000e+00 0.000000000000e+00 0.000000000000e+00 0.000000000000e+00
7.079457843841e+01 5.944943220069e+04 -1.917012191449e+04 5.000000000000e-01 0.000000000000e+00 -5.000000000000e-01 -1.336496552060e-16 0.000000000000e+00 0.000000000000e+00 0.000000000000e+00 0.000000000000e+00
7.943282347243e+01 5.803413564636e+04 -2.099717128193e+04 5.000000000000e-01 0.000000000000e+00 -5.000000000000e-01 -1.162796329327e-16 0.000000000000e+00 0.000000000000e+00 0.000000000000e+00 0.000000000000e+00
8.912509381337e+01 5.634541217575e+04 -2.287367598859e+04 5.000000000000e-01 0.000000000000e+00 -5.000000000000e-01 -1.006186976599e-16 0.000000000000e+00 0.000000000000e+00 0.000000000000e+00 0.000000000000e+00
1.000000000000e+02 5.435424028716e+04 -2.475774034268e+04 5.000000000000e-01 0.000000000000e+00 -5.000000000000e-01 -8.650746019707e-17 0.000000000000e+00 0.000000000000e+00 0.000000000000e+00 0.000000000000e+00
1.122018454302e+02 5.203908449215e+04 -2.659545558147e+04 5.000000000000e-01 0.000000000000e+00 -5.000000000000e-01 -7.381587619301e-17 0.000000000000e+00 0.000000000000e+00 0.000000000000e+00 0.000000000000e+00
1.258925411794e+02 4.939063391690e+04 -2.832191759763e+04 5.000000000000e-01 0.000000000000e+00 -5.000000000000e-01 -6.244026418622e-17 0.000000000000e+00 0.000000000000e+00 0.000000000000e+00 0.000000000000e+00
1.412537544623e+02 4.641666281941e+04 -2.986429762448e+04 5.000000000000e-01 0.000000000000e+00 -5.000000000000e-01 -5.229907946632e-17 0.000000000000e+00 0.000000000000e+00 0.000000000000e+00 0.000000000000e+00
1.584893192461e+02 4.314601630756e+04 -3.114723645978e+04 5.000000000000e-01 0.000000000000e+00 -5.000000000000e-01 -4.332722105651e-17 0.000000000000e+00 0.000000000000e+00 0.000000000000e+00 0.000000000000e+00
1.778279410039e+02 3.963049189892e+04 -3.210027952078e+04 5.000000000000e-01 0.000000000000e+00 -5.000000000000e-01 -3.546905310420e-17 0.000000000000e+00 0.000000000000e+00 0.000000000000e+00 0.000000000000e+00
1.995262314969e+02 3.594350921691e+04 -3.266634165165e+04 5.000000000000e-01 0.000000000000e+00 -5.000000000000e-01 -2.867085255419e-17 0.000000000000e+00 0.000000000000e+00 0.000000000000e+00 0.000000000000e+00
2.238721138568e+02 3.217506113770e+04 -3.280954838461e+04 5.000000000000e-01 0.000000000000e+00 -5.000000000000e-01 -2.287386283235e-17 0.000000000000e+00 0.000000000000e+00 0.000000000000e+00 0.000000000000e+00
2.511886431510e+02 2.842342749673e+04 -3.252058770285e+04 5.000000000000e-01 0.000000000000e+00 -5.000000000000e-01 -1.800928946855e-17 0.000000000000e+00 0.000000000000e+00 0.000000000000e+00 0.000000000000e+00
2.818382931264e+02 2.478515597715e+04 -3.181815093803e+04 5.000000000000e-01 0.000000000000e+00 -5.000000000000e-01 -1.399625311844e-17 0.000000000000e+00 0.000000000000e+00 0.000000000000e+00 0.000000000000e+00
3.162277660168e+02 2.134541120666e+04 -3.074606193520e+04 5.000000000000e-01 0.000000000000e+00 -5.000000000000e-01 -1.074297728078e-17 0.000000000000e+00 0.000000000000e+00 0.000000000000e+00 0.000000000000e+00
3.548133892336e+02 1.817066381384e+04 -2.936688576272e+04 5.000000000000e-01 0.000000000000e+00 -5.000000000000e-01 -8.150625238470e-18 0.000000000000e+00 0.000000000000e+00 0.000000000000e+00 0.000000000000e+00
3.981071705535e+02 1.530490244854e+04 -2.775366525874e+04 5.000000000000e-01 0.000000000000e+00 -5.000000000000e-01 -6.118580770194e-18 0.000000000000e+00 0.000000000000e+00 0.000000000000e+00 0.000000000000e+00
4.466835921510e+02 1.276948894206e+04 -2.598164651786e+04 5.000000000000e-01 0.000000000000e+00 -5.000000000000e-01 -4.549814055404e-18 0.000000000000e+00 0.000000000000e+00 0.000000000000e+00 0.000000000000e+00
5.011872336273e+02 1.056589258649e+04 -2.412146005108e+04 5.000000000000e-01 0.000000000000e+00 -5.000000000000e-01 -3.355261109003e-18 0.000000000000e+00 0.000000000000e+00 0.000000000000e+00 0.000000000000e+00
5.623413251903e+02 8.680103827119e+03 -2.223451532809e+04 5.000000000000e-01 0.000000000000e+00 -5.000000000000e-01 -2.456659983453e-18 0.000000000000e+00 0.000000000000e+00 0.000000000000e+00 0.000000000000e+00
6.309573444802e+02 7.087547171070e+03 -2.037067596177e+04 5.000000000000e-01 0.000000000000e+00 -5.000000000000e-01 -1.787788313332e-18 0.000000000000e+00 0.000000000000e+00 0.000000000000e+00 0.000000000000e+00
7.079457843841e+02 5.757619213642e+03 -1.856781888054e+04 5.000000000000e-01 0.000000000000e+00 -5.000000000000e-01 -1.294383805236e-18 0.000000000000e+00 0.000000000000e+00 0.000000000000e+00 0.000000000000e+00
7.943282347243e+02 4.657368010881e+03 -1.685268784299e+04 5.000000000000e-01 0.000000000000e+00 -5.000000000000e-01 -9.331698261829e-19 0.000000000000e+00 0.000000000000e+00 0.000000000000e+00 0.000000000000e+00
8.912509381337e+02 3.754163335916e+03 -1.524246532736e+04 5.000000000000e-01 0.000000000000e+00 -5.000000000000e-01 -6.703989039681e-19 0.000000000000e+00 0.000000000000e+00 0.000000000000e+00 0.000000000000e+00
1.000000000000e+03 3.017426121866e+03 -1.374660985269e+04 5.000000000000e-01 0.000000000000e+00 -5.000000000000e-01 -4.802382827096e-19 0.000000000000e+00 0.000000000000e+00 0.000000000000e+00 0.000000000000e+00
1.122018454302e+03 2.419593012528e+03 -1.236865772564e+04 5.000000000000e-01 0.000000000000e+00 -5.000000000000e-01 -3.432119915122e-19 0.000000000000e+00 0.000000000000e+00 0.000000000000e+00 0.000000000000e+00
1.258925411794e+03 1.936519447958e+03 -1.110782208741e+04 5.000000000000e-01 0.000000000000e+00 -5.000000000000e-01 -2.448172382959e-19 0.000000000000e+00 0.000000000000e+00 0.000000000000e+00 0.000000000000e+00
1.412537544623e+03 1.547506555217e+03 -9.960320060504e+03 5.000000000000e-01 0.000000000000e+00 -5.000000000000e-01 -1.743623160088e-19 0.000000000000e+00 0.000000000000e+00 0.000000000000e+00 0.000000000000e+00
1.584893192461e+03 1.235099801134e+03 -8.920420642126e+03 5.000000000000e-01 0.000000000000e+00 -5.000000000000e-01 -1.240286976418e-19 0.000000000000e+00 0.000000000000e+00 0.000000000000e+00 0.000000000000e+00
1.778279410039e+03 9.847671731784e+02 -7.981239390960e+03 5.000000000000e-01 0.000000000000e+00 -5.000000000000e-01 -8.813607272354e-20 0.000000000000e+00 0.000000000000e+00 0.000000000000e+00 0.000000000000e+00
1.995262314969e+03 7.845295954581e+02 -7.135320043167e+03 5.000000000000e-01 0.000000000000e+00 -5.000000000000e-01 -6.257912164345e-20 0.000000000000e+00 0.000000000000e+00 0.000000000000e+00 0.000000000000e+00
2.238721138568e+03 6.245890582495e+02 -6.375045717160e+03 5.000000000000e-01 0.000000000000e+00 -5.000000000000e-01 -4.440322392501e-20 0.000000000000e+00 0.000000000000e+00 0.000000000000e+00 0.000000000000e+00
2.511886431510e+03 4.969804157097e+02 -5.692918865505e+03 5.000000000000e-01 0.000000000000e+00 -5.000000000000e-01 -3.148903898992e-20 0.000000000000e+00 0.000000000000e+00 0.000000000000e+00 0.000000000000e+00
2.818382931264e+03 3.952596793277e+02 -5.081743125534e+03 5.000000000000e-01 0.000000000000e+00 -5.000000000000e-01 -2.232043455560e-20 0.000000000000e+00 0.000000000000e+00 0.000000000000e+00 0.000000000000e+00
3.162277660168e+03 3.142333260203e+02 -4.534733715233e+03 5.000000000000e-01 0.000000000000e+00 -5.000000000000e-01 -1.581511571557e-20 0.000000000000e+00 0.000000000000e+00 0.000000000000e+00 0.000000000000e+00
3.548133892336e+03 2.497282246051e+02 -4.045577025618e+03 5.000000000000e-01 0.000000000000e+00 -5.000000000000e-01 -1.120179863035e-20 0.000000000000e+00 0.000000000000e+00 0.000000000000e+00 0.000000000000e+00
3.981071705535e+03 1.983991342558e+02 -3.608454981781e+03 5.000000000000e-01 0.000000000000e+00 -5.000000000000e-01 -7.931583567825e-21 0.000000000000e+00 0.000000000000e+00 0.000000000000e+00 0.000000000000e+00
4.466835921510e+03 1.575695178058e+02 -3.218045660664e+03 5.000000000000e-01 0.000000000000e+00 -5.000000000000e-01 -5.614257626666e-21 0.000000000000e+00 0.000000000000e+00 0.000000000000e+00 0.000000000000e+00
5.011872336273e+03 1.251010699524e+02 -2.869508483767e+03 5.000000000000e-01 0.000000000000e+00 -5.000000000000e-01 -3.972657787971e-21 0.000000000000e+00 0.000000000000e+00 0.000000000000e+00 0.000000000000e+00
5.623413251903e+03 9.928750724533e+01 -2.558459905141e+03 5.000000000000e-01 0.000000000000e+00 -5.000000000000e-01 -2.810054473592e-21 0.000000000000e+00 0.000000000000e+00 0.000000000000e+00 0.000000000000e+00
6.309573444802e+03 7.876856269802e+01 -2.280943736456e+03 5.000000000000e-01 0.000000000000e+00 -5.000000000000e-01 -1.986886470743e-21 0.000000000000e+00 0.000000000000e+00 0.000000000000e+00 0.000000000000e+00
7.079457843841e+03 6.246062626849e+01 -2.033398952379e+03 5.000000000000e-01 0.000000000000e+00 -5.000000000000e-01 -1.404191908268e-21 0.000000000000e+00 0.000000000000e+00 0.000000000000e+00 0.000000000000e+00
7.943282347243e+03 4.950098831471e+01 -1.812626884245e+03 5.000000000000e-01 0.000000000000e+00 -5.000000000000e-01 -9.918226035305e-22 0.000000000000e+00 0.000000000000e+00 0.000000000000e+00 0.000000000000e+00
8.912509381337e+03 3.920313057249e+01 -1.615759044573e+03 5.000000000000e-01 0.000000000000e+00 -5.000000000000e-01 -7.000690544409e-22 0.000000000000e+00 0.000000000000e+00 0.000000000000e+00 0.000000000000e+00
1.000000000000e+04 3.102094642886e+01 -1.440226357330e+03 5.000000000000e-01 0.000000000000e+00 -5.000000000000e-01 -4.937136963542e-22 0.000000000000e+00 0.000000000000e+00 0.000000000000e+00 0.000000000000e+00
1.122018454302e+04 2.452015164632e+01 -1.283730244400e+03 5.000000000000e-01 0.000000000000e+00 -5.000000000000e-01 -3.478109762733e-22 0.000000000000e+00 0.000000000000e+00 0.000000000000e+00 0.000000000000e+00
1.258925411794e+04 1.935546855217e+01 -1.144215797039e+03 5.000000000000e-01 0.000000000000e+00 -5.000000000000e-01 -2.446942818914e-22 0.000000000000e+00 0.000000000000e+00 0.000000000000e+00 0.000000000000e+00
1.412537544623e+04 1.525243543686e+01 -1.019847112398e+03 5.000000000000e-01 0.000000000000e+00 -5.000000000000e-01 -1.718538741294e-22 0.000000000000e+00 0.000000000000e+00 0.000000000000e+00 0.000000000000e+00
1.584893192461e+04 1.199291467656e+01 -9.089847780070e+02 5.000000000000e-01 0.000000000000e+00 -5.000000000000e-01 -1.204328255010e-22 0.000000000000e+00 0.000000000000e+00 0.000000000000e+00 0.000000000000e+00
1.778279410039e+04 9.403554532457e+00 -8.101654258221e+02 5.000000000000e-01 0.000000000000e+00 -5.000000000000e-01 -8.416125036515e-23 0.000000000000e+00 0.000000000000e+00 0.000000000000e+00 0.000000000000e+00
1.995262314969e+04 7.346607046468e+00 -7.220832410094e+02 5.000000000000e-01 0.000000000000e+00 -5.000000000000e-01 -5.860125847249e-23 0.000000000000e+00 0.000000000000e+00 0.000000000000e+00 0.000000000000e+00
2.238721138568e+04 5.712623710672e+00 -6.435732911081e+02 5.000000000000e-01 0.000000000000e+00 -5.000000000000e-01 -4.061212832246e-23 0.000000000000e+00 0.000000000000e+00 0.000000000000e+00 0.000000000000e+00
2.511886431510e+04 4.414646659539e+00 -5.735965331143e+02 5.000000000000e-01 0.000000000000e+00 -5.000000000000e-01 -2.797152088789e-23 0.000000000000e+00 0.000000000000e+00 0.000000000000e+00 0.000000000000e+00
2.818382931264e+04 3.383590295015e+00 -5.112263553595e+02 5.000000000000e-01 0.000000000000e+00 -5.000000000000e-01 -1.910723751821e-23 0.000000000000e+00 0.000000000000e+00 0.000000000000e+00 0.000000000000e+00
3.162277660168e+04 2.564570082657e+00 -4.556365151736e+02 5.000000000000e-01 0.000000000000e+00 -5.000000000000e-01 -1.290727916469e-23 0.000000000000e+00 0.000000000000e+00 0.000000000000e+00 0.000000000000e+00
3.548133892336e+04 1.913984707764e+00 -4.060903403070e+02 5.000000000000e-01 0.000000000000e+00 -5.000000000000e-01 -8.585361671412e-24 0.000000000000e+00 0.000000000000e+00 0.000000000000e+00 0.000000000000e+00
3.981071705535e+04 1.397197274905e+00 -3.619310706863e+02 5.000000000000e-01 0.000000000000e+00 -5.000000000000e-01 -5.585703278502e-24 0.000000000000e+00 0.000000000000e+00 0.000000000000e+00 0.000000000000e+00
4.466835921510e+04 9.866927411077e-01 -3.225732264136e+02 5.000000000000e-01 0.000000000000e+00 -5.000000000000e-01 -3.515621120176e-24 0.000000000000e+00 0.000000000000e+00 0.000000000000e+00 0.000000000000e+00
5.011872336273e+04 6.606138852210e-01 -2.874948974348e+02 5.000000000000e-01 0.000000000000e+00 -5.000000000000e-01 -2.097818105763e-24 0.000000000000e+00 0.000000000000e+00 0.000000000000e+00 0.000000000000e+00
5.623413251903e+04 4.015981172309e-01 -2.562308596205e+02 5.000000000000e-01 0.000000000000e+00 -5.000000000000e-01 -1.136610855908e-24 0.000000000000e+00 0.000000000000e+00 0.000000000000e+00 0.000000000000e+00
6.309573444802e+04 1.958533530252e-01 -2.283664309153e+02 5.000000000000e-01 0.000000000000e+00 -5.000000000000e-01 -4.940275206838e-25 0.000000000000e+00 0.000000000000e+00 0.000000000000e+00 0.000000000000e+00
7.079457843841e+04 3.242384858322e-02 -2.035319895667e+02 5.000000000000e-01 0.000000000000e+00 -5.000000000000e-01 -7.289281029575e-26 0.000000000000e+00 0.000000000000e+00 0.000000000000e+00 0.000000000000e+00
7.943282347243e+04 -9.739303587055e-02 -1.813980842003e+02 5.000000000000e-01 0.000000000000e+00 -5.000000000000e-01 1.951407793896e-25 0.000000000000e+00 0.000000000000e+00 0.000000000000e+00 0.000000000000e+00
8.912509381337e+04 -2.005101585689e-01 -1.616710726302e+02 5.000000000000e-01 0.000000000000e+00 -5.000000000000e-01 3.580605810436e-25 0.000000000000e+00 0.000000000000e+00 0.000000000000e+00 0.000000000000e+00
1.000000000000e+05 -2.824186524921e-01 -1.440892327892e+02 5.000000000000e-01 0.000000000000e+00 -5.000000000000e-01 4.494832456547e-25 0.000000000000e+00 0.000000000000e+00 0.000000000000e+00 0.000000000000e+00
1.122018454302e+05 -3.474802986153e-01 -1.284192950633e+02 5.000000000000e-01 0.000000000000e+00 -5.000000000000e-01 4.928903525574e-25 0.000000000000e+00 0.000000000000e+00 0.000000000000e+00 0.000000000000e+00
1.258925411794e+05 -3.991597753596e-01 -1.144533506490e+02 5.000000000000e-01 0.000000000000e+00 -5.000000000000e-01 5.046228373562e-25 0.000000000000e+00 0.000000000000e+00 0.000000000000e+00 0.000000000000e+00
1.412537544623e+05 -4.402091455946e-01 -1.020060953458e+02 5.000000000000e-01 0.000000000000e+00 -5.000000000000e-01 4.959971632779e-25 0.000000000000e+00 0.000000000000e+00 0.000000000000e+00 0.000000000000e+00
1.584893192461e+05 -4.728144011319e-01 -9.091237253958e+01 5.000000000000e-01 0.000000000000e+00 -5.000000000000e-01 4.748001282555e-25 0.000000000000e+00 0.000000000000e+00 0.000000000000e+00 0.000000000000e+00
1.778279410039e+05 -4.987118687664e-01 -8.102498298974e+01 5.000000000000e-01 0.000000000000e+00 -5.000000000000e-01 4.463441382984e-25 0.000000000000e+00 0.000000000000e+00 0.000000000000e+00 0.000000000000e+00
1.995262314969e+05 -5.192806680887e-01 -7.221273251054e+01 5.000000000000e-01 0.000000000000e+00 -5.000000000000e-01 4.142116280067e-25 0.000000000000e+00 0.000000000000e+00 0.000000000000e+00 0.000000000000e+00
2.238721138568e+05 -5.356161536158e-01 -6.435869176697e+01 5.000000000000e-01 0.000000000000e+00 -5.000000000000e-01 3.807797093583e-25 0.000000000000e+00 0.000000000000e+00 0.000000000000e+00 0.000000000000e+00
2.511886431510e+05 -5.485882438856e-01 -5.735864515682e+01 5.000000000000e-01 0.000000000000e+00 -5.000000000000e-01 3.475894835103e-25 0.000000000000e+00 0.000000000000e+00 0.000000000000e+00 0.000000000000e+00
2.818382931264e+05 -5.588877464552e-01 -5.111970826622e+01 5.000000000000e-01 0.000000000000e+00 -5.000000000000e-01 3.156056137550e-25 0.000000000000e+00 0.000000000000e+00 0.000000000000e+00 0.000000000000e+00
3.162277660168e+05 -5.670631457841e-01 -4.555909558515e+01 5.000000000000e-01 0.000000000000e+00 -5.000000000000e-01 2.853984134081e-25 0.000000000000e+00 0.000000000000e+00 0.000000000000e+00 0.000000000000e+00
3.548133892336e+05 -5.735498105545e-01 -4.060302215926e+01 5.000000000000e-01 0.000000000000e+00 -5.000000000000e-01 2.572712592846e-25 0.000000000000e+00 0.000000000000e+00 0.000000000000e+00 0.000000000000e+00
3.981071705535e+05 -5.786931795311e-01 -3.618572463155e+01 5.000000000000e-01 0.000000000000e+00 -5.000000000000e-01 2.313494628290e-25 0.000000000000e+00 0.000000000000e+00 0.000000000000e+00 0.000000000000e+00
4.466835921510e+05 -5.827671565617e-01 -3.224858868724e+01 5.000000000000e-01 0.000000000000e+00 -5.000000000000e-01 2.076419982023e-25 0.000000000000e+00 0.000000000000e+00 0.000000000000e+00 0.000000000000e+00
5.011872336273e+05 -5.859886978089e-01 -2.873937134511e+01 5.000000000000e-01 0.000000000000e+00 -5.000000000000e-01 1.860841449957e-25 0.000000000000e+00 0.000000000000e+00 0.000000000000e+00 0.000000000000e+00
5.623413251903e+05 -5.885293654940e-01 -2.561150777338e+01 5.000000000000e-01 0.000000000000e+00 -5.000000000000e-01 1.665667335428e-25 0.000000000000e+00 0.000000000000e+00 0.000000000000e+00 0.000000000000e+00
6.309573444802e+05 -5.905244650448e-01 -2.282349344652e+01 5.000000000000e-01 0.000000000000e+00 -5.000000000000e-01 1.489560085968e-25 0.000000000000e+00 0.000000000000e+00 0.000000000000e+00 0.000000000000e+00
7.079457843841e+05 -5.920802518996e-01 -2.033833344347e+01 5.000000000000e-01 0.000000000000e+00 -5.000000000000e-01 1.331069424743e-25 0.000000000000e+00 0.000000000000e+00 0.000000000000e+00 0.000000000000e+00
7.943282347243e+05 -5.932795917951e-01 -1.812305158731e+01 5.000000000000e-01 0.000000000000e+00 -5.000000000000e-01 1.188719921337e-25 0.000000000000e+00 0.000000000000e+00 0.000000000000e+00 0.000000000000e+00
8.912509381337e+05 -5.941863769089e-01 -1.614825291897e+01 5.000000000000e-01 0.000000000000e+00 -5.000000000000e-01 1.061067034621e-25 0.000000000000e+00 0.000000000000e+00 0.000000000000e+00 0.000000000000e+00
1.000000000000e+06 -5.948489332353e-01 -1.438773370125e+01 5.000000000000e-01 0.000000000000e+00 -5.000000000000e-01 9.467314811734e-26 0.000000000000e+00 0.000000000000e+00 0.000000000000e+00 0.000000000000e+00
1.122018454302e+06 -5.953026019313e-01 -1.281813378867e+01 5.000000000000e-01 0.000000000000e+00 -5.000000000000e-01 8.444188361571e-26 0.000000000000e+00 0.000000000000e+00 0.000000000000e+00 0.000000000000e+00
1.258925411794e+06 -5.955716336438e-01 -1.141862675471e+01 5.000000000000e-01 0.000000000000e+00 -5.000000000000e-01 7.529291931969e-26 0.000000000000e+00 0.000000000000e+00 0.000000000000e+00 0.000000000000e+00
1.412537544623e+06 -5.956704996713e-01 -1.017064368508e+01 5.000000000000e-01 0.000000000000e+00 -5.000000000000e-01 6.711602451744e-26 0.000000000000e+00 0.000000000000e+00 0.000000000000e+00 0.000000000000e+00
1.584893192461e+06 -5.956046932827e-01 -9.057626977619e+00 5.000000000000e-01 0.000000000000e+00 -5.000000000000e-01 5.981061153873e-26 0.000000000000e+00 0.000000000000e+00 0.000000000000e+00 0.000000000000e+00
1.778279410039e+06 -5.953710710086e-01 -8.064810913763e+00 5.000000000000e-01 0.000000000000e+00 -5.000000000000e-01 5.328535459051e-26 0.000000000000e+00 0.000000000000e+00 0.000000000000e+00 0.000000000000e+00
1.995262314969e+06 -5.949577619676e-01 -7.179026118336e+00 5.000000000000e-01 0.000000000000e+00 -5.000000000000e-01 4.745765408270e-26 0.000000000000e+00 0.000000000000e+00 0.000000000000e+00 0.000000000000e+00
2.238721138568e+06 -5.943436565885e-01 -6.388525356559e+00 5.000000000000e-01 0.000000000000e+00 -5.000000000000e-01 4.225302080360e-26 0.000000000000e+00 0.000000000000e+00 0.000000000000e+00 0.000000000000e+00
2.511886431510e+06 -5.934974718874e-01 -5.682828414793e+00 5.000000000000e-01 0.000000000000e+00 -5.000000000000e-01 3.760442955483e-26 0.000000000000e+00 0.000000000000e+00 0.000000000000e+00 0.000000000000e+00
2.818382931264e+06 -5.923763831190e-01 -5.052584092166e+00 5.000000000000e-01 0.000000000000e+00 -5.000000000000e-01 3.345167489430e-26 0.000000000000e+00 0.000000000000e+00 0.000000000000e+00 0.000000000000e+00
3.162277660168e+06 -5.909242078948e-01 -4.489447574901e+00 5.000000000000e-01 0.000000000000e+00 -5.000000000000e-01 2.974074979682e-26 0.000000000000e+00 0.000000000000e+00 0.000000000000e+00 0.000000000000e+00
3.548133892336e+06 -5.890691379152e-01 -3.985971711472e+00 5.000000000000e-01 0.000000000000e+00 -5.000000000000e-01 2.642326021704e-26 0.000000000000e+00 0.000000000000e+00 0.000000000000e+00 0.000000000000e+00
3.981071705535e+06 -5.867210369474e-01 -3.535510930277e+00 5.000000000000e-01 0.000000000000e+00 -5.000000000000e-01 2.345588327795e-26 0.000000000000e+00 0.000000000000e+00 0.000000000000e+00 0.000000000000e+00
4.466835921510e+06 -5.837683698100e-01 -3.132136754632e+00 5.000000000000e-01 0.000000000000e+00 -5.000000000000e-01 2.079987340224e-26 0.000000000000e+00 0.000000000000e+00 0.000000000000e+00 0.000000000000e+00
5.011872336273e+06 -5.800749087933e-01 -2.770564073772e+00 5.000000000000e-01 0.000000000000e+00 -5.000000000000e-01 1.842061866378e-26 0.000000000000e+00 0.000000000000e+00 0.000000000000e+00 0.000000000000e+00
5.623413251903e+06 -5.754764914951e-01 -2.446087504333e+00 5.000000000000e-01 0.000000000000e+00 -5.000000000000e-01 1.628724835821e-26 0.000000000000e+00 0.000000000000e+00 0.000000000000e+00 0.000000000000e+00
6.309573444802e+06 -5.697782934238e-01 -2.154527313799e+00 5.000000000000e-01 0.000000000000e+00 -5.000000000000e-01 1.437229198744e-26 0.000000000000e+00 0.000000000000e+00 0.000000000000e+00 0.000000000000e+00
7.079457843841e+06 -5.627533409421e-01 -1.892184439810e+00 5.000000000000e-01 0.000000000000e+00 -5.000000000000e-01 1.265138912160e-26 0.000000000000e+00 0.000000000000e+00 0.000000000000e+00 0.000000000000e+00
7.943282347243e+06 -5.541433192815e-01 -1.655804068685e+00 5.000000000000e-01 0.000000000000e+00 -5.000000000000e-01 1.110304841117e-26 0.000000000000e+00 0.000000000000e+00 0.000000000000e+00 0.000000000000e+00
8.912509381337e+06 -5.436630985223e-01 -1.442546970162e+00 5.000000000000e-01 0.000000000000e+00 -5.000000000000e-01 9.708451997556e-27 0.000000000000e+00 0.000000000000e+00 0.000000000000e+00 0.000000000000e+00
1.000000000000e+07 -5.310107182312e-01 -1.249967232865e+00 5.000000000000e-01 0.000000000000e+00 -5.000000000000e-01 8.451298064127e-27 0.000000000000e+00 0.000000000000e+00 0.000000000000e+00 0.000000000000e+00
1.122018454302e+07 -5.158846732237e-01 -1.075994149720e+00 5.000000000000e-01 0.000000000000e+00 -5.000000000000e-01 7.317668929071e-27 0.000000000000e+00 0.000000000000e+00 0.000000000000e+00 0.000000000000e+00
1.258925411794e+07 -4.980099739592e-01 -9.189147964818e-01 5.000000000000e-01 0.000000000000e+00 -5.000000000000e-01 6.295905088746e-27 0.000000000000e+00 0.000000000000e+00 0.000000000000e+00 0.000000000000e+00
1.412537544623e+07 -4.771732959491e-01 -7.773525331619e-01 5.000000000000e-01 0.000000000000e+00 -5.000000000000e-01 5.376458066609e-27 0.000000000000e+00 0.000000000000e+00 0.000000000000e+00 0.000000000000e+00
1.584893192461e+07 -4.532653378737e-01 -6.502357290783e-01 5.000000000000e-01 0.000000000000e+00 -5.000000000000e-01 4.551689627917e-27 0.000000000000e+00 0.000000000000e+00 0.000000000000e+00 0.000000000000e+00
1.778279410039e+07 -4.263253421795e-01 -5.367512452582e-01 5.000000000000e-01 0.000000000000e+00 -5.000000000000e-01 3.815586301577e-27 0.000000000000e+00 0.000000000000e+00 0.000000000000e+00 0.000000000000e+00
1.995262314969e+07 -3.965792598945e-01 -4.362794520103e-01 5.000000000000e-01 0.000000000000e+00 -5.000000000000e-01 3.163371004725e-27 0.000000000000e+00 0.000000000000e+00 0.000000000000e+00 0.000000000000e+00
2.238721138568e+07 -3.644606882363e-01 -3.483122413552e-01 5.000000000000e-01 0.000000000000e+00 -5.000000000000e-01 2.591020341755e-27 0.000000000000e+00 0.000000000000e+00 0.000000000000e+00 0.000000000000e+00
2.511886431510e+07 -3.306042989295e-01 -2.723619114419e-01 5.000000000000e-01 0.000000000000e+00 -5.000000000000e-01 2.094732776212e-27 0.000000000000e+00 0.000000000000e+00 0.000000000000e+00 0.000000000000e+00
2.818382931264e+07 -2.958062678140e-01 -2.078747907243e-01 5.000000000000e-01 0.000000000000e+00 -5.000000000000e-01 1.670427009684e-27 0.000000000000e+00 0.000000000000e+00 0.000000000000e+00 0.000000000000e+00
3.162277660168e+07 -2.609546491548e-01 -1.541660009867e-01 5.000000000000e-01 0.000000000000e+00 -5.000000000000e-01 1.313364188697e-27 0.000000000000e+00 0.000000000000e+00 0.000000000000e+00 0.000000000000e+00
3.548133892336e+07 -2.269418327442e-01 -1.103886126652e-01 5.000000000000e-01 0.000000000000e+00 -5.000000000000e-01 1.017969320538e-27 0.000000000000e+00 0.000000000000e+00 0.000000000000e+00 0.000000000000e+00
3.981071705535e+07 -1.945771033183e-01 -7.554200572578e-02 5.000000000000e-01 0.000000000000e+00 -5.000000000000e-01 7.778786742915e-28 0.000000000000e+00 0.000000000000e+00 0.000000000000e+00 0.000000000000e+00
4.466835921510e+07 -1.645170177992e-01 -4.851382380418e-02 5.000000000000e-01 0.000000000000e+00 -5.000000000000e-01 5.861799507657e-28 0.000000000000e+00 0.000000000000e+00 0.000000000000e+00 0.000000000000e+00
5.011872336273e+07 -1.372250641318e-01 -2.814195211469e-02 5.000000000000e-01 0.000000000000e+00 -5.000000000000e-01 4.357662328032e-28 0.000000000000e+00 0.000000000000e+00 0.000000000000e+00 0.000000000000e+00
5.623413251903e+07 -1.129630213213e-01 -1.328039422434e-02 5.000000000000e-01 0.000000000000e+00 -5.000000000000e-01 3.197101551056e-28 0.000000000000e+00 0.000000000000e+00 0.000000000000e+00 0.000000000000e+00
6.309573444802e+07 -9.180855354391e-02 -2.855717981939e-03 5.000000000000e-01 0.000000000000e+00 -5.000000000000e-01 2.315811875788e-28 0.000000000000e+00 0.000000000000e+00 0.000000000000e+00 0.000000000000e+00
7.079457843841e+07 -7.368933235153e-02 4.093484655876e-03 5.000000000000e-01 0.000000000000e+00 -5.000000000000e-01 1.656627068850e-28 0.000000000000e+00 0.000000000000e+00 0.000000000000e+00 0.000000000000e+00
7.943282347243e+07 -5.842362577541e-02 8.395769670123e-03 5.000000000000e-01 0.000000000000e+00 -5.000000000000e-01 1.170600317227e-28 0.000000000000e+00 0.000000000000e+00 0.000000000000e+00 0.000000000000e+00
8.912509381337e+07 -4.575951132609e-02 1.074208866917e-02 5.000000000000e-01 0.000000000000e+00 -5.000000000000e-01 8.171494816338e-29 0.000000000000e+00 0.000000000000e+00 0.000000000000e+00 0.000000000000e+00
1.000000000000e+08 -3.540801331031e-02 1.169254863697e-02 5.000000000000e-01 0.000000000000e+00 -5.000000000000e-01 5.635360343399e-29 0.000000000000e+00 0.000000000000e+00 0.000000000000e+00 0.000000000000e+00
1.122018454302e+08 -2.706834241348e-02 1.168989167786e-02 5.000000000000e-01 0.000000000000e+00 -5.000000000000e-01 3.839562958961e-29 0.000000000000e+00 0.000000000000e+00 0.000000000000e+00 0.000000000000e+00
1.258925411794e+08 -2.044547071076e-02 1.107574056155e-02 5.000000000000e-01 0.000000000000e+00 -5.000000000000e-01 2.584742270649e-29 0.000000000000e+00 0.000000000000e+00 0.000000000000e+00 0.000000000000e+00
1.412537544623e+08 -1.526141257132e-02 1.010692594507e-02 5.000000000000e-01 0.000000000000e+00 -5.000000000000e-01 1.719550222603e-29 0.000000000000e+00 0.000000000000e+00 0.000000000000e+00 0.000000000000e+00
1.584893192461e+08 -1.126193913029e-02 8.970469402429e-03 5.000000000000e-01 0.000000000000e+00 -5.000000000000e-01 1.130923705088e-29 0.000000000000e+00 0.000000000000e+00 0.000000000000e+00 0.000000000000e+00
1.778279410039e+08 -8.220263669574e-03 7.796773339357e-03 5.000000000000e-01 0.000000000000e+00 -5.000000000000e-01 7.357086794942e-30 0.000000000000e+00 0.000000000000e+00 0.000000000000e+00 0.000000000000e+00
1.995262314969e+08 -5.938762942375e-03 6.671139227174e-03 5.000000000000e-01 0.000000000000e+00 -5.000000000000e-01 4.737138926742e-30 0.000000000000e+00 0.000000000000e+00 0.000000000000e+00 0.000000000000e+00
2.238721138568e+08 -4.249300616573e-03 5.643908520015e-03 5.000000000000e-01 0.000000000000e+00 -5.000000000000e-01 3.020908616798e-30 0.000000000000e+00 0.000000000000e+00 0.000000000000e+00 0.000000000000e+00
2.511886431510e+08 -3.012380677788e-03 4.739421858462e-03 5.000000000000e-01 0.000000000000e+00 -5.000000000000e-01 1.908666209309e-30 0.000000000000e+00 0.000000000000e+00 0.000000000000e+00 0.000000000000e+00
2.818382931264e+08 -2.115247404527e-03 3.963805384113e-03 5.000000000000e-01 0.000000000000e+00 -5.000000000000e-01 1.194486656012e-30 0.000000000000e+00 0.000000000000e+00 0.000000000000e+00 0.000000000000e+00
3.162277660168e+08 -1.469109028921e-03 3.311472539139e-03 5.000000000000e-01 0.000000000000e+00 -5.000000000000e-01 7.393909992119e-31 0.000000000000e+00 0.000000000000e+00 0.000000000000e+00 0.000000000000e+00
3.548133892336e+08 -1.005776461605e-03 2.770237959411e-03 5.000000000000e-01 0.000000000000e+00 -5.000000000000e-01 4.511506621995e-31 0.000000000000e+00 0.000000000000e+00 0.000000000000e+00 0.000000000000e+00
3.981071705535e+08 -6.740749309410e-04 2.325046951082e-03 5.000000000000e-01 0.000000000000e+00 -5.000000000000e-01 2.694810975759e-31 0.000000000000e+00 0.000000000000e+00 0.000000000000e+00 0.000000000000e+00
4.466835921510e+08 -4.363658572675e-04 1.960456586441e-03 5.000000000000e-01 0.000000000000e+00 -5.000000000000e-01 1.554786976755e-31 0.000000000000e+00 0.000000000000e+00 0.000000000000e+00 0.000000000000e+00
5.011872336273e+08 -2.654273070521e-04 1.662100957298e-03 5.000000000000e-01 0.000000000000e+00 -5.000000000000e-01 8.428799680944e-32 0.000000000000e+00 0.000000000000e+00 0.000000000000e+00 0.000000000000e+00
5.623413251903e+08 -1.418273648895e-04 1.417408836597e-03 5.000000000000e-01 0.000000000000e+00 -5.000000000000e-01 4.014025855243e-32 0.000000000000e+00 0.000000000000e+00 0.000000000000e+00 0.000000000000e+00
6.309573444802e+08 -5.182341546317e-05 1.215824627277e-03 5.000000000000e-01 0.000000000000e+00 -5.000000000000e-01 1.307212414757e-32 0.000000000000e+00 0.000000000000e+00 0.000000000000e+00 0.000000000000e+00
7.079457843841e+08 1.424952446398e-05 1.048735430190e-03 5.000000000000e-01 0.000000000000e+00 -5.000000000000e-01 -3.203468832185e-33 0.000000000000e+00 0.000000000000e+00 0.000000000000e+00 0.000000000000e+00
7.943282347243e+08 6.317488299065e-05 9.092501923959e-04 5.000000000000e-01 0.000000000000e+00 -5.000000000000e-01 -1.265798503399e-32 0.000000000000e+00 0.000000000000e+00 0.000000000000e+00 0.000000000000e+00
8.912509381337e+08 9.971938829795e-05 7.919254541442e-04 5.000000000000e-01 0.000000000000e+00 -5.000000000000e-01 -1.780736815038e-32 0.000000000000e+00 0.000000000000e+00 0.000000000000e+00 0.000000000000e+00
1.000000000000e+09 1.272461798873e-04 6.924924308792e-04 5.000000000000e-01 0.000000000000e+00 -5.000000000000e-01 -2.025185851863e-32 0.000000000000e+00 0.000000000000e+00 0.000000000000e+00 0.000000000000e+00
