# freq_hz Ad_dB Avdd_dB Avss_dB PSRRplus_dB PSRRminus_dB (Asupply clamped at the floor)
1.00000000e-01 9.70500184e+01 -5.06972172e+00 -1.16662730e+01 1.02119740e+02 1.08716291e+02
1.12201845e-01 9.70500182e+01 -5.06972129e+00 -1.16662732e+01 1.02119740e+02 1.08716291e+02
1.25892541e-01 9.70500180e+01 -5.06972073e+00 -1.16662735e+01 1.02119739e+02 1.08716291e+02
1.41253754e-01 9.70500176e+01 -5.06972004e+00 -1.16662738e+01 1.02119738e+02 1.08716291e+02
1.58489319e-01 9.70500172e+01 -5.06971917e+00 -1.16662742e+01 1.02119736e+02 1.08716291e+02
1.77827941e-01 9.70500167e+01 -5.06971806e+00 -1.16662747e+01 1.02119735e+02 1.08716291e+02
1.99526231e-01 9.70500161e+01 -5.06971668e+00 -1.16662753e+01 1.02119733e+02 1.08716291e+02
2.23872114e-01 9.70500153e+01 -5.06971493e+00 -1.16662761e+01 1.02119730e+02 1.08716291e+02
2.51188643e-01 9.70500143e+01 -5.06971274e+00 -1.16662771e+01 1.02119727e+02 1.08716291e+02
2.81838293e-01 9.70500130e+01 -5.06970997e+00 -1.16662784e+01 1.02119723e+02 1.08716291e+02
3.16227766e-01 9.70500115e+01 -5.06970649e+00 -1.16662800e+01 1.02119718e+02 1.08716291e+02
3.54813389e-01 9.70500094e+01 -5.06970211e+00 -1.16662820e+01 1.02119712e+02 1.08716291e+02
3.98107171e-01 9.70500069e+01 -5.06969659e+00 -1.16662845e+01 1.02119704e+02 1.08716291e+02
4.46683592e-01 9.70500037e+01 -5.06968964e+00 -1.16662877e+01 1.02119693e+02 1.08716291e+02
5.01187234e-01 9.70499998e+01 -5.06968090e+00 -1.16662917e+01 1.02119681e+02 1.08716291e+02
5.62341325e-01 9.70499947e+01 -5.06966989e+00 -1.16662967e+01 1.02119665e+02 1.08716291e+02
6.30957344e-01 9.70499884e+01 -5.06965603e+00 -1.16663030e+01 1.02119644e+02 1.08716291e+02
7.07945784e-01 9.70499804e+01 -5.06963858e+00 -1.16663110e+01 1.02119619e+02 1.08716291e+02
7.94328235e-01 9.70499704e+01 -5.06961662e+00 -1.16663210e+01 1.02119587e+02 1.08716291e+02
8.91250938e-01 9.70499577e+01 -5.06958896e+00 -1.16663337e+01 1.02119547e+02 1.08716291e+02
1.00000000e+00 9.70499418e+01 -5.06955415e+00 -1.16663496e+01 1.02119496e+02 1.08716291e+02
1.12201845e+00 9.70499218e+01 -5.06951032e+00 -1.16663696e+01 1.02119432e+02 1.08716291e+02
1.25892541e+00 9.70498965e+01 -5.06945515e+00 -1.16663949e+01 1.02119352e+02 1.08716291e+02
1.41253754e+00 9.70498648e+01 -5.06938570e+00 -1.16664266e+01 1.02119250e+02 1.08716291e+02
1.58489319e+00 9.70498248e+01 -5.06929826e+00 -1.16664666e+01 1.02119123e+02 1.08716291e+02
1.77827941e+00 9.70497745e+01 -5.06918819e+00 -1.16665169e+01 1.02118963e+02 1.08716291e+02
1.99526231e+00 9.70497111e+01 -5.06904963e+00 -1.16665803e+01 1.02118761e+02 1.08716291e+02
2.23872114e+00 9.70496313e+01 -5.06887520e+00 -1.16666600e+01 1.02118507e+02 1.08716291e+02
2.51188643e+00 9.70495309e+01 -5.06865563e+00 -1.16667604e+01 1.02118187e+02 1.08716291e+02
2.81838293e+00 9.70494045e+01 -5.06837923e+00 -1.16668868e+01 1.02117784e+02 1.08716291e+02
3.16227766e+00 9.70492454e+01 -5.06803132e+00 -1.16670460e+01 1.02117277e+02 1.08716291e+02
3.54813389e+00 9.70490450e+01 -5.06759340e+00 -1.16672463e+01 1.02116638e+02 1.08716291e+02
3.98107171e+00 9.70487928e+01 -5.06704220e+00 -1.16674985e+01 1.02115835e+02 1.08716291e+02
4.46683592e+00 9.70484754e+01 -5.06634849e+00 -1.16678159e+01 1.02114824e+02 1.08716291e+02
5.01187234e+00 9.70480757e+01 -5.06547545e+00 -1.16682155e+01 1.02113551e+02 1.08716291e+02
5.62341325e+00 9.70475726e+01 -5.06437684e+00 -1.16687186e+01 1.02111949e+02 1.08716291e+02
6.30957344e+00 9.70469394e+01 -5.06299453e+00 -1.16693518e+01 1.02109934e+02 1.08716291e+02
7.07945784e+00 9.70461423e+01 -5.06125550e+00 -1.16701488e+01 1.02107398e+02 1.08716291e+02
7.94328235e+00 9.70451390e+01 -5.05906808e+00 -1.16711519e+01 1.02104207e+02 1.08716291e+02
8.91250938e+00 9.70438763e+01 -5.05631729e+00 -1.16724145e+01 1.02100194e+02 1.08716291e+02
1.00000000e+01 9.70422872e+01 -5.05285900e+00 -1.16740035e+01 1.02095146e+02 1.08716291e+02
1.12201845e+01 9.70402874e+01 -5.04851278e+00 -1.16760031e+01 1.02088800e+02 1.08716291e+02
1.25892541e+01 9.70377712e+01 -5.04305305e+00 -1.16785191e+01 1.02080824e+02 1.08716290e+02
1.41253754e+01 9.70346055e+01 -5.03619838e+00 -1.16816845e+01 1.02070804e+02 1.08716290e+02
1.58489319e+01 9.70306234e+01 -5.02759837e+00 -1.16856663e+01 1.02058222e+02 1.08716290e+02
1.77827941e+01 9.70256154e+01 -5.01681806e+00 -1.16906738e+01 1.02042434e+02 1.08716289e+02
1.99526231e+01 9.70193190e+01 -5.00331953e+00 -1.16969697e+01 1.02022639e+02 1.08716289e+02
2.23872114e+01 9.70114052e+01 -4.98644054e+00 -1.17048828e+01 1.01997846e+02 1.08716288e+02
2.51188643e+01 9.70014627e+01 -4.96537059e+00 -1.17148244e+01 1.01966833e+02 1.08716287e+02
2.81838293e+01 9.69889782e+01 -4.93912511e+00 -1.17273078e+01 1.01928103e+02 1.08716286e+02
3.16227766e+01 9.69733120e+01 -4.90651917e+00 -1.17429726e+01 1.01879831e+02 1.08716285e+02
3.54813389e+01 9.69536694e+01 -4.86614384e+00 -1.17626134e+01 1.01819813e+02 1.08716283e+02
3.98107171e+01 9.69290665e+01 -4.81634923e+00 -1.17872141e+01 1.01745416e+02 1.08716281e+02
4.46683592e+01 9.68982901e+01 -4.75524124e+00 -1.18179877e+01 1.01653531e+02 1.08716278e+02
5.01187234e+01 9.68598526e+01 -4.68070071e+00 -1.18564217e+01 1.01540553e+02 1.08716274e+02
5.62341325e+01 9.68119413e+01 -4.59043664e+00 -1.19043285e+01 1.01402378e+02 1.08716270e+02
6.30957344e+01 9.67523666e+01 -4.48208585e+00 -1.19638976e+01 1.01234452e+02 1.08716264e+02
7.07945784e+01 9.66785101e+01 -4.35337030e+00 -1.20377471e+01 1.01031880e+02 1.08716257e+02
7.94328235e+01 9.65872814e+01 -4.20231774e+00 -1.21289670e+01 1.00789599e+02 1.08716248e+02
8.91250938e+01 9.64750907e+01 -4.02753957e+00 -1.22411464e+01 1.00502630e+02 1.08716237e+02
1.00000000e+02 9.63378513e+01 -3.82854247e+00 -1.23783719e+01 1.00166394e+02 1.08716223e+02
1.12201845e+02 9.61710240e+01 -3.60602964e+00 -1.25451815e+01 9.97770536e+01 1.08716205e+02
1.25892541e+02 9.59697218e+01 -3.36212958e+00 -1.27464614e+01 9.93318514e+01 1.08716183e+02
1.41253754e+02 9.57288840e+01 -3.10048482e+00 -1.29872712e+01 9.88293688e+01 1.08716155e+02
1.58489319e+02 9.54435244e+01 -2.82614640e+00 -1.32725955e+01 9.82696708e+01 1.08716120e+02
1.77827941e+02 9.51090437e+01 -2.54525551e+00 -1.36070318e+01 9.76542992e+01 1.08716075e+02
1.99526231e+02 9.47215747e+01 -2.26454248e+00 -1.39944449e+01 9.69861172e+01 1.08716020e+02
2.23872114e+02 9.42783171e+01 -1.99072140e+00 -1.44376321e+01 9.62690385e+01 1.08715949e+02
2.51188643e+02 9.37778037e+01 -1.72988771e+00 -1.49380570e+01 9.55076914e+01 1.08715861e+02
2.81838293e+02 9.32200477e+01 -1.48702512e+00 -1.54957014e+01 9.47070728e+01 1.08715749e+02
3.16227766e+02 9.26065422e+01 -1.26569802e+00 -1.61090665e+01 9.38722402e+01 1.08715609e+02
3.54813389e+02 9.19401090e+01 -1.06795699e+00 -1.67753229e+01 9.30080660e+01 1.08715432e+02
3.98107171e+02 9.12246314e+01 -8.94436310e-01 -1.74905780e+01 9.21190677e+01 1.08715209e+02
4.46683592e+02 9.04647187e+01 -7.44588249e-01 -1.82502105e+01 9.12093070e+01 1.08714929e+02
5.01187234e+02 8.96653610e+01 -6.16986241e-01 -1.90492156e+01 9.02823472e+01 1.08714577e+02
5.62341325e+02 8.88316178e+01 -5.09635671e-01 -1.98825149e+01 8.93412535e+01 1.08714133e+02
6.30957344e+02 8.79683714e+01 -4.20249172e-01 -2.07452026e+01 8.83886205e+01 1.08713574e+02
7.07945784e+02 8.70801532e+01 -3.46463961e-01 -2.16327174e+01 8.74266172e+01 1.08712871e+02
7.94328235e+02 8.61710417e+01 -2.85995988e-01 -2.25409436e+01 8.64570377e+01 1.08711985e+02
8.91250938e+02 8.52446175e+01 -2.36736867e-01 -2.34662536e+01 8.54813543e+01 1.08710871e+02
1.00000000e+03 8.43039623e+01 -1.96804968e-01 -2.44055064e+01 8.45007672e+01 1.08709469e+02
1.12201845e+03 8.33516863e+01 -1.64563211e-01 -2.53560175e+01 8.35162495e+01 1.08707704e+02
1.25892541e+03 8.23899722e+01 -1.38614815e-01 -2.63155109e+01 8.25285870e+01 1.08705483e+02
1.41253754e+03 8.14206261e+01 -1.17785938e-01 -2.72820628e+01 8.15384121e+01 1.08702689e+02
1.58489319e+03 8.04451305e+01 -1.01101709e-01 -2.82540432e+01 8.05462322e+01 1.08699174e+02
1.77827941e+03 7.94646941e+01 -8.77599920e-02 -2.92300585e+01 7.95524541e+01 1.08694753e+02
1.99526231e+03 7.84802970e+01 -7.71056024e-02 -3.02088959e+01 7.85574026e+01 1.08689193e+02
2.23872114e+03 7.74927310e+01 -6.86064711e-02 -3.11894730e+01 7.75613374e+01 1.08682204e+02
2.51188643e+03 7.65026330e+01 -6.18324838e-02 -3.21707883e+01 7.65644655e+01 1.08673421e+02
2.81838293e+03 7.55105146e+01 -5.64372027e-02 -3.31518751e+01 7.55669518e+01 1.08662390e+02
3.16227766e+03 7.45167854e+01 -5.21423875e-02 -3.41317562e+01 7.45689278e+01 1.08648542e+02
3.54813389e+03 7.35217729e+01 -4.87250789e-02 -3.51093973e+01 7.35704980e+01 1.08631170e+02
3.98107171e+03 7.25257387e+01 -4.60069383e-02 -3.60836607e+01 7.25717456e+01 1.08609399e+02
4.46683592e+03 7.15288914e+01 -4.38455218e-02 -3.70532543e+01 7.15727369e+01 1.08582146e+02
5.01187234e+03 7.05313973e+01 -4.21271852e-02 -3.80166795e+01 7.05735245e+01 1.08548077e+02
5.62341325e+03 6.95333889e+01 -4.07613432e-02 -3.89721742e+01 6.95741502e+01 1.08505563e+02
6.30957344e+03 6.85349715e+01 -3.96758426e-02 -3.99176549e+01 6.85746473e+01 1.08452626e+02
7.07945784e+03 6.75362289e+01 -3.88132450e-02 -4.08506584e+01 6.75750422e+01 1.08386887e+02
7.94328235e+03 6.65372280e+01 -3.81278462e-02 -4.17682887e+01 6.65753559e+01 1.08305517e+02
8.91250938e+03 6.55380218e+01 -3.75832933e-02 -4.26671764e+01 6.55756051e+01 1.08205198e+02
1.00000000e+04 6.45386523e+01 -3.71506794e-02 -4.35434597e+01 6.45758030e+01 1.08082112e+02
1.12201845e+04 6.35391532e+01 -3.68070249e-02 -4.43928027e+01 6.35759603e+01 1.07931956e+02
1.25892541e+04 6.25395511e+01 -3.65340658e-02 -4.52104632e+01 6.25760852e+01 1.07750014e+02
1.41253754e+04 6.15398671e+01 -3.63172893e-02 -4.59914264e+01 6.15761844e+01 1.07531294e+02
1.58489319e+04 6.05401180e+01 -3.61451662e-02 -4.67306123e+01 6.05762632e+01 1.07270730e+02
1.77827941e+04 5.95403173e+01 -3.60085393e-02 -4.74231539e+01 5.95763258e+01 1.06963471e+02
1.99526231e+04 5.85404754e+01 -3.59001388e-02 -4.80647293e+01 5.85763755e+01 1.06605205e+02
2.23872114e+04 5.75406008e+01 -3.58141957e-02 -4.86519072e+01 5.75764150e+01 1.06192508e+02
2.51188643e+04 5.65407003e+01 -3.57461353e-02 -4.91824576e+01 5.65764464e+01 1.05723158e+02
2.81838293e+04 5.55407790e+01 -3.56923349e-02 -4.96555681e+01 5.55764713e+01 1.05196347e+02
3.16227766e+04 5.45408412e+01 -3.56499302e-02 -5.00719256e+01 5.45764911e+01 1.04612767e+02
3.54813389e+04 5.35408901e+01 -3.56166635e-02 -5.04336446e+01 5.35765068e+01 1.03974535e+02
3.98107171e+04 5.25409285e+01 -3.55907638e-02 -5.07440568e+01 5.25765193e+01 1.03284985e+02
4.46683592e+04 5.15409583e+01 -3.55708520e-02 -5.10074058e+01 5.15765292e+01 1.02548364e+02
5.01187234e+04 5.05409812e+01 -3.55558679e-02 -5.12284989e+01 5.05765371e+01 1.01769480e+02
5.62341325e+04 4.95409983e+01 -3.55450135e-02 -5.14123727e+01 4.95765433e+01 1.00953371e+02
6.30957344e+04 4.85410105e+01 -3.55377109e-02 -5.15640068e+01 4.85765482e+01 1.00105017e+02
7.07945784e+04 4.75410185e+01 -3.55335713e-02 -5.16881094e+01 4.75765521e+01 9.92291280e+01
7.94328235e+04 4.65410228e+01 -3.55323742e-02 -5.17889754e+01 4.65765552e+01 9.83299982e+01
8.91250938e+04 4.55410236e+01 -3.55340559e-02 -5.18704102e+01 4.55765576e+01 9.74114337e+01
1.00000000e+05 4.45410208e+01 -3.55387060e-02 -5.19357041e+01 4.45765595e+01 9.64767249e+01
1.12201845e+05 4.35410144e+01 -3.55465720e-02 -5.19876429e+01 4.35765609e+01 9.55286572e+01
1.25892541e+05 4.25410040e+01 -3.55580729e-02 -5.20285398e+01 4.25765620e+01 9.45695437e+01
1.41253754e+05 4.15409890e+01 -3.55738210e-02 -5.20602788e+01 4.15765628e+01 9.36012678e+01
1.58489319e+05 4.05409687e+01 -3.55946550e-02 -5.20843610e+01 4.05765634e+01 9.26253297e+01
1.77827941e+05 3.95409420e+01 -3.56216844e-02 -5.21019482e+01 3.95765637e+01 9.16428903e+01
1.99526231e+05 3.85409075e+01 -3.56563482e-02 -5.21139020e+01 3.85765638e+01 9.06548095e+01
2.23872114e+05 3.75408632e+01 -3.57004923e-02 -5.21208141e+01 3.75765637e+01 8.96616773e+01
2.51188643e+05 3.65408070e+01 -3.57564673e-02 -5.21230289e+01 3.65765634e+01 8.86638358e+01
2.81838293e+05 3.55407356e+01 -3.58272534e-02 -5.21206575e+01 3.55765629e+01 8.76613931e+01
3.16227766e+05 3.45406455e+01 -3.59166194e-02 -5.21135815e+01 3.45765621e+01 8.66542270e+01
3.54813389e+05 3.35405317e+01 -3.60293229e-02 -5.21014491e+01 3.35765611e+01 8.56419809e+01
3.98107171e+05 3.25403883e+01 -3.61713639e-02 -5.20836608e+01 3.25765596e+01 8.46240491e+01
4.46683592e+05 3.15402075e+01 -3.63503029e-02 -5.20593470e+01 3.15765578e+01 8.35995545e+01
5.01187234e+05 3.05399798e+01 -3.65756638e-02 -5.20273374e+01 3.05765554e+01 8.25673172e+01
5.62341325e+05 2.95396930e+01 -3.68594393e-02 -5.19861223e+01 2.95765524e+01 8.15258153e+01
6.30957344e+05 2.85393319e+01 -3.72167280e-02 -5.19338101e+01 2.85765486e+01 8.04731420e+01
7.07945784e+05 2.75388772e+01 -3.76665351e-02 -5.18680811e+01 2.75765438e+01 7.94069584e+01
7.94328235e+05 2.65383049e+01 -3.82327806e-02 -5.17861471e+01 2.65765377e+01 7.83244520e+01
8.91250938e+05 2.55375844e+01 -3.89455652e-02 -5.16847211e+01 2.55765300e+01 7.72223055e+01
1.00000000e+06 2.45366775e+01 -3.98427616e-02 -5.15600118e+01 2.45765203e+01 7.60966894e+01
1.12201845e+06 2.35355361e+01 -4.09720135e-02 -5.14077544e+01 2.35765081e+01 7.49432905e+01
1.25892541e+06 2.25340995e+01 -4.23932431e-02 -5.12232944e+01 2.25764927e+01 7.37573939e+01
1.41253754e+06 2.15322915e+01 -4.41817966e-02 -5.10017381e+01 2.15764733e+01 7.25340297e+01
1.58489319e+06 2.05300166e+01 -4.64323829e-02 -5.07381782e+01 2.05764489e+01 7.12681947e+01
1.77827941e+06 1.95271542e+01 -4.92640029e-02 -5.04279895e+01 1.95764182e+01 6.99551438e+01
1.99526231e+06 1.85235535e+01 -5.28261043e-02 -5.00671755e+01 1.85763796e+01 6.85907289e+01
2.23872114e+06 1.75190246e+01 -5.73062509e-02 -4.96527234e+01 1.75763309e+01 6.71717480e+01
2.51188643e+06 1.65133300e+01 -6.29396601e-02 -4.91829187e+01 1.65762696e+01 6.56962487e+01
2.81838293e+06 1.55061715e+01 -7.00210124e-02 -4.86575617e+01 1.55761925e+01 6.41637332e+01
3.16227766e+06 1.44971764e+01 -7.89190200e-02 -4.80780477e+01 1.45760954e+01 6.25752241e+01
3.54813389e+06 1.34858789e+01 -9.00942970e-02 -4.74472992e+01 1.35759732e+01 6.09331780e+01
3.98107171e+06 1.24716982e+01 -1.04121125e-01 -4.67695692e+01 1.25758194e+01 5.92412674e+01
4.46683592e+06 1.14539120e+01 -1.21713720e-01 -4.60501627e+01 1.15756258e+01 5.75040747e+01
5.01187234e+06 1.04316245e+01 -1.43757555e-01 -4.52951314e+01 1.05753821e+01 5.57267560e+01
5.62341325e+06 9.40372935e+00 -1.71346128e-01 -4.45109956e+01 9.57507548e+00 5.39147250e+01
6.30957344e+06 8.36886645e+00 -2.05823216e-01 -4.37045284e+01 8.57468966e+00 5.20733949e+01
7.07945784e+06 7.32537422e+00 -2.48830041e-01 -4.28826206e+01 7.57420426e+00 5.02079948e+01
7.94328235e+06 6.27123789e+00 -3.02355771e-01 -4.20522264e+01 6.57359366e+00 4.83234643e+01
8.91250938e+06 5.20403744e+00 -3.68788307e-01 -4.12203773e+01 5.57282575e+00 4.64244148e+01
1.00000000e+07 4.12090004e+00 -4.50960196e-01 -4.03942462e+01 4.57186024e+00 4.45151462e+01
1.12201845e+07 3.01846474e+00 -5.52181945e-01 -3.95812360e+01 3.57064668e+00 4.25997008e+01
1.25892541e+07 1.89286997e+00 -6.76252027e-01 -3.87890712e+01 2.56912200e+00 4.06819412e+01
1.41253754e+07 7.39777155e-01 -8.27430278e-01 -3.80258634e+01 1.56720743e+00 3.87656406e+01
1.58489319e+07 -4.45555287e-01 -1.01036016e+00 -3.73001271e+01 5.64804869e-01 3.68545718e+01
1.77827941e+07 -1.66813468e+00 -1.22992712e+00 -3.66207212e+01 -4.38207564e-01 3.49525865e+01
1.99526231e+07 -2.93302755e+00 -1.49104684e+00 -3.59966977e+01 -1.44198071e+00 3.30636702e+01
2.23872114e+07 -4.24508958e+00 -1.79838918e+00 -3.54370511e+01 -2.44670041e+00 3.11919615e+01
2.51188643e+07 -5.60865491e+00 -2.15606062e+00 -3.49503725e+01 -3.45259429e+00 2.93417176e+01
2.81838293e+07 -7.02722475e+00 -2.56728571e+00 -3.45444360e+01 -4.45993904e+00 2.75172112e+01
3.16227766e+07 -8.50320748e+00 -3.03413987e+00 -3.42257520e+01 -5.46906761e+00 2.57225445e+01
3.54813389e+07 -1.00377606e+01 -3.55738504e+00 -3.39991336e+01 -6.48037551e+00 2.39613731e+01
3.98107171e+07 -1.16307674e+01 -4.13644303e+00 -3.38673160e+01 -7.49432437e+00 2.22365486e+01
4.46683592e+07 -1.32809522e+01 -4.76951195e+00 -3.38306568e+01 -8.51144029e+00 2.05497046e+01
5.01187234e+07 -1.49861028e+01 -5.45379975e+00 -3.38869346e+01 -9.53230307e+00 1.89008318e+01
5.62341325e+07 -1.67433473e+01 -6.18582674e+00 -3.40312525e+01 -1.05575205e+01 1.72879052e+01
6.30957344e+07 -1.85494244e+01 -6.96174376e+00 -3.42560517e+01 -1.15876807e+01 1.57066273e+01
7.07945784e+07 -2.04008948e+01 -7.77762264e+00 -3.45512403e+01 -1.26232722e+01 1.41503454e+01
7.94328235e+07 -2.22942573e+01 -8.62969405e+00 -3.49044422e+01 -1.36645633e+01 1.26101849e+01
8.91250938e+07 -2.42259545e+01 -9.51452484e+00 -3.53013750e+01 -1.47114297e+01 1.10754205e+01
1.00000000e+08 -2.61922655e+01 -1.04291373e+01 -3.57263671e+01 -1.57631283e+01 9.53410153e+00
1.12201845e+08 -2.81890981e+01 -1.13710755e+01 -3.61630319e+01 -1.68180226e+01 7.97393379e+00
1.25892541e+08 -3.02117057e+01 -1.23384214e+01 -3.65951132e+01 -1.78732843e+01 6.38340747e+00
1.41253754e+08 -3.22543732e+01 -1.33297578e+01 -3.70074793e+01 -1.89246153e+01 4.75310610e+00
1.58489319e+08 -3.43101326e+01 -1.43440734e+01 -3.73871845e+01 -1.99660592e+01 3.07705189e+00
1.77827941e+08 -3.63705810e+01 -1.53806010e+01 -3.77244318e+01 -2.09899800e+01 1.35385082e+00
1.99526231e+08 -3.84258691e+01 -1.64385836e+01 -3.80132301e+01 -2.19872855e+01 -4.12639048e-01
2.23872114e+08 -4.04649072e+01 -1.75169703e+01 -3.82515768e+01 -2.29479369e+01 -2.21333039e+00
2.51188643e+08 -4.24757921e+01 -1.86140542e+01 -3.84411216e+01 -2.38617379e+01 -4.03467046e+00
2.81838293e+08 -4.44464145e+01 -1.97270853e+01 -3.85864151e+01 -2.47193292e+01 -5.85999937e+00
3.16227766e+08 -4.63651674e+01 -2.08519098e+01 -3.86939466e+01 -2.55132576e+01 -7.67122076e+00
3.54813389e+08 -4.82216568e+01 -2.19827030e+01 -3.87711793e+01 -2.62389538e+01 -9.45047750e+00
3.98107171e+08 -5.00073191e+01 -2.31118674e+01 -3.88257303e+01 -2.68954517e+01 -1.11815887e+01
4.46683592e+08 -5.17158630e+01 -2.42301515e+01 -3.88647607e+01 -2.74857115e+01 -1.28511023e+01
5.01187234e+08 -5.33434823e+01 -2.53270072e+01 -3.88945773e+01 -2.80164751e+01 -1.44489049e+01
5.62341325e+08 -5.48888153e+01 -2.63911585e+01 -3.89204164e+01 -2.84976567e+01 -1.59683989e+01
6.30957344e+08 -5.63526660e+01 -2.74113074e+01 -3.89463629e+01 -2.89413586e+01 -1.74063032e+01
7.07945784e+08 -5.77375351e+01 -2.83768775e+01 -3.89753602e+01 -2.93606576e+01 -1.87621749e+01
7.94328235e+08 -5.90470355e+01 -2.92786976e+01 -3.90092737e+01 -2.97683379e+01 -2.00377618e+01
8.91250938e+08 -6.02852797e+01 -3.01095474e+01 -3.90489828e+01 -3.01757323e+01 -2.12362970e+01
1.00000000e+09 -6.14563126e+01 -3.08645184e+01 -3.90944933e+01 -3.05917942e+01 -2.23618193e+01
