# freq_hz rev(vout) imv(vout) rev(vinp) imv(vinp) rev(vinn) imv(vinn) rev(vdd) imv(vdd) rev(vss) imv(vss)
1.000000000000e-01 -3.585970531250e-01 1.441735579186e-04 0.000000000000e+00 0.000000000000e+00 2.294593440617e-22 5.707249358356e-19 0.000000000000e+00 0.000000000000e+00 1.000000000000e+00 0.000000000000e+00
1.122018454302e-01 -3.585970381660e-01 1.617653859092e-04 0.000000000000e+00 0.000000000000e+00 2.294593345588e-22 5.086591132598e-19 0.000000000000e+00 0.000000000000e+00 1.000000000000e+00 0.000000000000e+00
1.258925411794e-01 -3.585970194632e-01 1.815037388604e-04 0.000000000000e+00 0.000000000000e+00 2.294593226741e-22 4.533428882279e-19 0.000000000000e+00 0.000000000000e+00 1.000000000000e+00 0.000000000000e+00
1.412537544623e-01 -3.585969958105e-01 2.036505311929e-04 0.000000000000e+00 0.000000000000e+00 2.294593076567e-22 4.040422477861e-19 0.000000000000e+00 0.000000000000e+00 1.000000000000e+00 0.000000000000e+00
1.584893192461e-01 -3.585969660592e-01 2.284996354026e-04 0.000000000000e+00 0.000000000000e+00 2.294592887507e-22 3.601030025082e-19 0.000000000000e+00 0.000000000000e+00 1.000000000000e+00 0.000000000000e+00
1.778279410039e-01 -3.585969284486e-01 2.563807810186e-04 0.000000000000e+00 0.000000000000e+00 2.294592648515e-22 3.209421051557e-19 0.000000000000e+00 0.000000000000e+00 1.000000000000e+00 0.000000000000e+00
1.995262314969e-01 -3.585968814104e-01 2.876639301491e-04 0.000000000000e+00 0.000000000000e+00 2.294592349597e-22 2.860399147854e-19 0.000000000000e+00 0.000000000000e+00 1.000000000000e+00 0.000000000000e+00
2.238721138568e-01 -3.585968219353e-01 3.227641850934e-04 0.000000000000e+00 0.000000000000e+00 2.294591971515e-22 2.549333001088e-19 0.000000000000e+00 0.000000000000e+00 1.000000000000e+00 0.000000000000e+00
2.511886431510e-01 -3.585967473765e-01 3.621472972802e-04 0.000000000000e+00 0.000000000000e+00 2.294591497734e-22 2.272094956434e-19 0.000000000000e+00 0.000000000000e+00 1.000000000000e+00 0.000000000000e+00
2.818382931264e-01 -3.585966531961e-01 4.063358447225e-04 0.000000000000e+00 0.000000000000e+00 2.294590899145e-22 2.025006229624e-19 0.000000000000e+00 0.000000000000e+00 1.000000000000e+00 0.000000000000e+00
3.162277660168e-01 -3.585965347072e-01 4.559161667734e-04 0.000000000000e+00 0.000000000000e+00 2.294590145923e-22 1.804788105527e-19 0.000000000000e+00 0.000000000000e+00 1.000000000000e+00 0.000000000000e+00
3.548133892336e-01 -3.585963856715e-01 5.115461415582e-04 0.000000000000e+00 0.000000000000e+00 2.294589198743e-22 1.608518423673e-19 0.000000000000e+00 0.000000000000e+00 1.000000000000e+00 0.000000000000e+00
3.981071705535e-01 -3.585961981904e-01 5.739639129830e-04 0.000000000000e+00 0.000000000000e+00 2.294588007055e-22 1.433592804576e-19 0.000000000000e+00 0.000000000000e+00 1.000000000000e+00 0.000000000000e+00
4.466835921510e-01 -3.585959616047e-01 6.439976804263e-04 0.000000000000e+00 0.000000000000e+00 2.294586503324e-22 1.277690089005e-19 0.000000000000e+00 0.000000000000e+00 1.000000000000e+00 0.000000000000e+00
5.011872336273e-01 -3.585956644407e-01 7.225766871666e-04 0.000000000000e+00 0.000000000000e+00 2.294584614498e-22 1.138741546816e-19 0.000000000000e+00 0.000000000000e+00 1.000000000000e+00 0.000000000000e+00
5.623413251903e-01 -3.585952897243e-01 8.107435361464e-04 0.000000000000e+00 0.000000000000e+00 2.294582232860e-22 1.014903411378e-19 0.000000000000e+00 0.000000000000e+00 1.000000000000e+00 0.000000000000e+00
6.309573444802e-01 -3.585948184794e-01 9.096680218055e-04 0.000000000000e+00 0.000000000000e+00 2.294579237565e-22 9.045324288050e-20 0.000000000000e+00 0.000000000000e+00 1.000000000000e+00 0.000000000000e+00
7.079457843841e-01 -3.585942247969e-01 1.020662629239e-03 0.000000000000e+00 0.000000000000e+00 2.294575464059e-22 8.061640410831e-20 0.000000000000e+00 0.000000000000e+00 1.000000000000e+00 0.000000000000e+00
7.943282347243e-01 -3.585934776288e-01 1.145199935381e-03 0.000000000000e+00 0.000000000000e+00 2.294570714940e-22 7.184929608422e-20 0.000000000000e+00 0.000000000000e+00 1.000000000000e+00 0.000000000000e+00
8.912509381337e-01 -3.585925370405e-01 1.284932113492e-03 0.000000000000e+00 0.000000000000e+00 2.294564736491e-22 6.403558457315e-20 0.000000000000e+00 0.000000000000e+00 1.000000000000e+00 0.000000000000e+00
1.000000000000e+00 -3.585913527475e-01 1.441712814254e-03 0.000000000000e+00 0.000000000000e+00 2.294557209016e-22 5.707158633867e-20 0.000000000000e+00 0.000000000000e+00 1.000000000000e+00 0.000000000000e+00
1.122018454302e+00 -3.585898620035e-01 1.617621703460e-03 0.000000000000e+00 0.000000000000e+00 2.294547733758e-22 5.086489341004e-20 0.000000000000e+00 0.000000000000e+00 1.000000000000e+00 0.000000000000e+00
1.258925411794e+00 -3.585879854510e-01 1.814991968598e-03 0.000000000000e+00 0.000000000000e+00 2.294535806242e-22 4.533314673203e-20 0.000000000000e+00 0.000000000000e+00 1.000000000000e+00 0.000000000000e+00
1.412537544623e+00 -3.585856228156e-01 2.036441155179e-03 0.000000000000e+00 0.000000000000e+00 2.294520789147e-22 4.040294334867e-20 0.000000000000e+00 0.000000000000e+00 1.000000000000e+00 0.000000000000e+00
1.584893192461e+00 -3.585826482606e-01 2.284905729735e-03 0.000000000000e+00 0.000000000000e+00 2.294501882581e-22 3.600886245769e-20 0.000000000000e+00 0.000000000000e+00 1.000000000000e+00 0.000000000000e+00
1.778279410039e+00 -3.585789037921e-01 2.563679802593e-03 0.000000000000e+00 0.000000000000e+00 2.294478082497e-22 3.209259731948e-20 0.000000000000e+00 0.000000000000e+00 1.000000000000e+00 0.000000000000e+00
1.995262314969e+00 -3.585741900584e-01 2.876458488572e-03 0.000000000000e+00 0.000000000000e+00 2.294448121555e-22 2.860218147001e-20 0.000000000000e+00 0.000000000000e+00 1.000000000000e+00 0.000000000000e+00
2.238721138568e+00 -3.585682555387e-01 3.227386448825e-03 0.000000000000e+00 0.000000000000e+00 2.294410401288e-22 2.549129917160e-20 0.000000000000e+00 0.000000000000e+00 1.000000000000e+00 0.000000000000e+00
2.511886431510e+00 -3.585607850057e-01 3.621112213339e-03 0.000000000000e+00 0.000000000000e+00 2.294362917911e-22 2.271867096255e-20 0.000000000000e+00 0.000000000000e+00 1.000000000000e+00 0.000000000000e+00
2.818382931264e+00 -3.585513806486e-01 4.062848876647e-03 0.000000000000e+00 0.000000000000e+00 2.294303143071e-22 2.024750574155e-20 0.000000000000e+00 0.000000000000e+00 1.000000000000e+00 0.000000000000e+00
3.162277660168e+00 -3.585395419220e-01 4.558441905200e-03 0.000000000000e+00 0.000000000000e+00 2.294227895163e-22 1.804501265328e-20 0.000000000000e+00 0.000000000000e+00 1.000000000000e+00 0.000000000000e+00
3.548133892336e+00 -3.585246391453e-01 5.114444768352e-03 0.000000000000e+00 0.000000000000e+00 2.294133171831e-22 1.608196597752e-20 0.000000000000e+00 0.000000000000e+00 1.000000000000e+00 0.000000000000e+00
3.981071705535e+00 -3.585058791142e-01 5.738203148072e-03 0.000000000000e+00 0.000000000000e+00 2.294013931525e-22 1.433231727759e-20 0.000000000000e+00 0.000000000000e+00 1.000000000000e+00 0.000000000000e+00
4.466835921510e+00 -3.584822644183e-01 6.437948565126e-03 0.000000000000e+00 0.000000000000e+00 2.293863834528e-22 1.277284981923e-20 0.000000000000e+00 0.000000000000e+00 1.000000000000e+00 0.000000000000e+00
5.011872336273e+00 -3.584525396703e-01 7.222902138006e-03 0.000000000000e+00 0.000000000000e+00 2.293674901562e-22 1.138287045734e-20 0.000000000000e+00 0.000000000000e+00 1.000000000000e+00 0.000000000000e+00
5.623413251903e+00 -3.584151256051e-01 8.103389250677e-03 0.000000000000e+00 0.000000000000e+00 2.293437094610e-22 1.014393507344e-20 0.000000000000e+00 0.000000000000e+00 1.000000000000e+00 0.000000000000e+00
6.309573444802e+00 -3.583680347437e-01 9.090965676886e-03 0.000000000000e+00 0.000000000000e+00 2.293137781191e-22 9.039603813891e-21 0.000000000000e+00 0.000000000000e+00 1.000000000000e+00 0.000000000000e+00
7.079457843841e+00 -3.583087685035e-01 1.019855563163e-02 0.000000000000e+00 0.000000000000e+00 2.292761080001e-22 8.055223001416e-21 0.000000000000e+00 0.000000000000e+00 1.000000000000e+00 0.000000000000e+00
7.943282347243e+00 -3.582341845982e-01 1.144060162667e-02 0.000000000000e+00 0.000000000000e+00 2.292287018445e-22 7.177730662270e-21 0.000000000000e+00 0.000000000000e+00 1.000000000000e+00 0.000000000000e+00
8.912509381337e+00 -3.581403326488e-01 1.283322564343e-02 0.000000000000e+00 0.000000000000e+00 2.291690487586e-22 6.395483227395e-21 0.000000000000e+00 0.000000000000e+00 1.000000000000e+00 0.000000000000e+00
1.000000000000e+01 -3.580222495366e-01 1.439440018007e-02 0.000000000000e+00 0.000000000000e+00 2.290939941539e-22 5.698101075168e-21 0.000000000000e+00 0.000000000000e+00 1.000000000000e+00 0.000000000000e+00
1.122018454302e+01 -3.578737017894e-01 1.614412629987e-02 0.000000000000e+00 0.000000000000e+00 2.289995759583e-22 5.076330823612e-21 0.000000000000e+00 0.000000000000e+00 1.000000000000e+00 0.000000000000e+00
1.258925411794e+01 -3.576868651184e-01 1.810461404757e-02 0.000000000000e+00 0.000000000000e+00 2.288808210144e-22 4.521922596081e-21 0.000000000000e+00 0.000000000000e+00 1.000000000000e+00 0.000000000000e+00
1.412537544623e+01 -3.574519272917e-01 2.030045781808e-02 0.000000000000e+00 0.000000000000e+00 2.287314925613e-22 4.027520639216e-21 0.000000000000e+00 0.000000000000e+00 1.000000000000e+00 0.000000000000e+00
1.584893192461e+01 -3.571565934569e-01 2.275879514478e-02 0.000000000000e+00 0.000000000000e+00 2.285437759051e-22 3.586565806180e-21 0.000000000000e+00 0.000000000000e+00 1.000000000000e+00 0.000000000000e+00
1.778279410039e+01 -3.567854784788e-01 2.550943224447e-02 0.000000000000e+00 0.000000000000e+00 2.283078921241e-22 3.193208682592e-21 0.000000000000e+00 0.000000000000e+00 1.000000000000e+00 0.000000000000e+00
1.995262314969e+01 -3.563193605041e-01 2.858491173408e-02 0.000000000000e+00 0.000000000000e+00 2.280116236442e-22 2.842232177609e-21 0.000000000000e+00 0.000000000000e+00 1.000000000000e+00 0.000000000000e+00
2.238721138568e+01 -3.557342701108e-01 3.202048755061e-02 0.000000000000e+00 0.000000000000e+00 2.276397352994e-22 2.528982575817e-21 0.000000000000e+00 0.000000000000e+00 1.000000000000e+00 0.000000000000e+00
2.511886431510e+01 -3.550003931383e-01 3.585395846975e-02 0.000000000000e+00 0.000000000000e+00 2.271732769539e-22 2.249308195563e-21 0.000000000000e+00 0.000000000000e+00 1.000000000000e+00 0.000000000000e+00
2.818382931264e+01 -3.540807624531e-01 4.012529291658e-02 0.000000000000e+00 0.000000000000e+00 2.265887520033e-22 1.999504856938e-21 0.000000000000e+00 0.000000000000e+00 1.000000000000e+00 0.000000000000e+00
3.162277660168e+01 -3.529297234400e-01 4.487595425099e-02 0.000000000000e+00 0.000000000000e+00 2.258571419921e-22 1.776267490904e-21 0.000000000000e+00 0.000000000000e+00 1.000000000000e+00 0.000000000000e+00
3.548133892336e+01 -3.514911772248e-01 5.014780700366e-02 0.000000000000e+00 0.000000000000e+00 2.249427899868e-22 1.576647330862e-21 0.000000000000e+00 0.000000000000e+00 1.000000000000e+00 0.000000000000e+00
3.981071705535e+01 -3.496966324746e-01 5.598145045462e-02 0.000000000000e+00 0.000000000000e+00 2.238021623385e-22 1.398014197119e-21 0.000000000000e+00 0.000000000000e+00 1.000000000000e+00 0.000000000000e+00
4.466835921510e+01 -3.474631482028e-01 6.241379019933e-02 0.000000000000e+00 0.000000000000e+00 2.223825410666e-22 1.238023481301e-21 0.000000000000e+00 0.000000000000e+00 1.000000000000e+00 0.000000000000e+00
5.011872336273e+01 -3.446913288680e-01 6.947462704386e-02 0.000000000000e+00 0.000000000000e+00 2.206207495247e-22 1.094587514392e-21 0.000000000000e+00 0.000000000000e+00 1.000000000000e+00 0.000000000000e+00
5.623413251903e+01 -3.412636464763e-01 7.718202758917e-02 0.000000000000e+00 0.000000000000e+00 2.184420859454e-22 9.658510552479e-22 0.000000000000e+00 0.000000000000e+00 1.000000000000e+00 0.000000000000e+00
6.309573444802e+01 -3.370435283021e-01 8.553626559934e-02 0.000000000000e+00 0.000000000000e+00 2.157597435539e-22 8.501706816803e-22 0.000000000000e+00 0.000000000000e+00 1.000000000000e+00 0.000000000000e+00
7.079457843841e+01 -3.318758390877e-01 9.451221589739e-02 0.000000000000e+00 0.000000000000e+00 2.124751170840e-22 7.460978149579e-22 0.000000000000e+00 0.000000000000e+00 1.000000000000e+00 0.000000000000e+00
7.943282347243e+01 -3.255896215305e-01 1.040502955553e-01 0.000000000000e+00 0.000000000000e+00 2.084795446471e-22 6.523650478484e-22 0.000000000000e+00 0.000000000000e+00 1.000000000000e+00 0.000000000000e+00
8.912509381337e+01 -3.180041410038e-01 1.140464213985e-01 0.000000000000e+00 0.000000000000e+00 2.036581498107e-22 5.678752054998e-22 0.000000000000e+00 0.000000000000e+00 1.000000000000e+00 0.000000000000e+00
1.000000000000e+02 -3.089393511140e-01 1.243420340776e-01 0.000000000000e+00 0.000000000000e+00 1.978964935752e-22 4.916922484463e-22 0.000000000000e+00 0.000000000000e+00 1.000000000000e+00 0.000000000000e+00
1.122018454302e+02 -2.982316742663e-01 1.347160073673e-01 0.000000000000e+00 0.000000000000e+00 1.910906046551e-22 4.230326601543e-22 0.000000000000e+00 0.000000000000e+00 1.000000000000e+00 0.000000000000e+00
1.258925411794e+02 -2.857552834378e-01 1.448810897012e-01 0.000000000000e+00 0.000000000000e+00 1.831605063360e-22 3.612554441074e-22 0.000000000000e+00 0.000000000000e+00 1.000000000000e+00 0.000000000000e+00
1.412537544623e+02 -2.714477476949e-01 1.544881269529e-01 0.000000000000e+00 0.000000000000e+00 1.740665170058e-22 3.058485135574e-22 0.000000000000e+00 0.000000000000e+00 1.000000000000e+00 0.000000000000e+00
1.584893192461e+02 -2.553369604678e-01 1.631412051079e-01 0.000000000000e+00 0.000000000000e+00 1.638263659546e-22 2.564093252821e-22 0.000000000000e+00 0.000000000000e+00 1.000000000000e+00 0.000000000000e+00
1.778279410039e+02 -2.375641454456e-01 1.704255150379e-01 0.000000000000e+00 0.000000000000e+00 1.525298161487e-22 2.126184886113e-22 0.000000000000e+00 0.000000000000e+00 1.000000000000e+00 0.000000000000e+00
1.995262314969e+02 -2.183962644815e-01 1.759468969839e-01 0.000000000000e+00 0.000000000000e+00 1.403465507599e-22 1.742068939218e-22 0.000000000000e+00 0.000000000000e+00 1.000000000000e+00 0.000000000000e+00
2.238721138568e+02 -1.982214852986e-01 1.793780858575e-01 0.000000000000e+00 0.000000000000e+00 1.275232924488e-22 1.409194234541e-22 0.000000000000e+00 0.000000000000e+00 1.000000000000e+00 0.000000000000e+00
2.511886431510e+02 -1.775242938776e-01 1.805029633470e-01 0.000000000000e+00 0.000000000000e+00 1.143679845529e-22 1.124806780080e-22 0.000000000000e+00 0.000000000000e+00 1.000000000000e+00 0.000000000000e+00
2.818382931264e+02 -1.568420589349e-01 1.792485157053e-01 0.000000000000e+00 0.000000000000e+00 1.012221831165e-22 8.856918869100e-23 0.000000000000e+00 0.000000000000e+00 1.000000000000e+00 0.000000000000e+00
3.162277660168e+02 -1.367106069263e-01 1.756961021680e-01 0.000000000000e+00 0.000000000000e+00 8.842646391984e-23 6.880537133024e-23 0.000000000000e+00 0.000000000000e+00 1.000000000000e+00 0.000000000000e+00
3.548133892336e+02 -1.176101275345e-01 1.700689134358e-01 0.000000000000e+00 0.000000000000e+00 7.628603953783e-23 5.275514882725e-23 0.000000000000e+00 0.000000000000e+00 1.000000000000e+00 0.000000000000e+00
3.981071705535e+02 -9.992260505541e-02 1.626990894144e-01 0.000000000000e+00 0.000000000000e+00 6.504370237978e-23 3.994697332138e-23 0.000000000000e+00 0.000000000000e+00 1.000000000000e+00 0.000000000000e+00
4.466835921510e+02 -8.390805350424e-02 1.539830904831e-01 0.000000000000e+00 0.000000000000e+00 5.486471953144e-23 2.989673611363e-23 0.000000000000e+00 0.000000000000e+00 1.000000000000e+00 0.000000000000e+00
5.011872336273e+02 -6.970104017075e-02 1.443356235307e-01 0.000000000000e+00 0.000000000000e+00 4.583462308687e-23 2.213397376815e-23 0.000000000000e+00 0.000000000000e+00 1.000000000000e+00 0.000000000000e+00
5.623413251903e+02 -5.732385141994e-02 1.341506456628e-01 0.000000000000e+00 0.000000000000e+00 3.796757844366e-23 1.622390868663e-23 0.000000000000e+00 0.000000000000e+00 1.000000000000e+00 0.000000000000e+00
6.309573444802e+02 -4.670987845466e-02 1.237742017892e-01 0.000000000000e+00 0.000000000000e+00 3.122124849523e-23 1.178226723620e-23 0.000000000000e+00 0.000000000000e+00 1.000000000000e+00 0.000000000000e+00
7.079457843841e+02 -3.773059275135e-02 1.134899458129e-01 0.000000000000e+00 0.000000000000e+00 2.551393943658e-23 8.482302564079e-24 0.000000000000e+00 0.000000000000e+00 1.000000000000e+00 0.000000000000e+00
7.943282347243e+02 -3.022101120329e-02 1.035154303622e-01 0.000000000000e+00 0.000000000000e+00 2.074078662746e-23 6.055208801563e-24 0.000000000000e+00 0.000000000000e+00 1.000000000000e+00 0.000000000000e+00
8.912509381337e+02 -2.400069272457e-02 9.400599513030e-02 0.000000000000e+00 0.000000000000e+00 1.678710020393e-23 4.285918500950e-24 0.000000000000e+00 0.000000000000e+00 1.000000000000e+00 0.000000000000e+00
1.000000000000e+03 -1.888921203582e-02 8.506302153251e-02 0.000000000000e+00 0.000000000000e+00 1.353820035139e-23 3.006311466602e-24 0.000000000000e+00 0.000000000000e+00 1.000000000000e+00 0.000000000000e+00
1.122018454302e+03 -1.471635686178e-02 7.674395166494e-02 0.000000000000e+00 0.000000000000e+00 1.088589872382e-23 2.087470959036e-24 0.000000000000e+00 0.000000000000e+00 1.000000000000e+00 0.000000000000e+00
1.258925411794e+03 -1.132796314758e-02 6.907229856300e-02 0.000000000000e+00 0.000000000000e+00 8.732207360299e-24 1.432095430931e-24 0.000000000000e+00 0.000000000000e+00 1.000000000000e+00 0.000000000000e+00
1.412537544623e+03 -8.588504683106e-03 6.204663283728e-02 0.000000000000e+00 0.000000000000e+00 6.990984668544e-24 9.676931981526e-25 0.000000000000e+00 0.000000000000e+00 1.000000000000e+00 0.000000000000e+00
1.584893192461e+03 -6.381480225728e-03 5.564810381275e-02 0.000000000000e+00 0.000000000000e+00 5.588181486168e-24 6.408281182510e-25 0.000000000000e+00 0.000000000000e+00 1.000000000000e+00 0.000000000000e+00
1.778279410039e+03 -4.608443285695e-03 4.984641596407e-02 0.000000000000e+00 0.000000000000e+00 4.461224401150e-24 4.124529164209e-25 0.000000000000e+00 0.000000000000e+00 1.000000000000e+00 0.000000000000e+00
1.995262314969e+03 -3.187297673826e-03 4.460438538835e-02 0.000000000000e+00 0.000000000000e+00 3.557932390669e-24 2.542393429133e-25 0.000000000000e+00 0.000000000000e+00 1.000000000000e+00 0.000000000000e+00
2.238721138568e+03 -2.050283711913e-03 3.988129126006e-02 0.000000000000e+00 0.000000000000e+00 2.835236837478e-24 1.457585680774e-25 0.000000000000e+00 0.000000000000e+00 1.000000000000e+00 0.000000000000e+00
2.511886431510e+03 -1.141923720230e-03 3.563525669252e-02 0.000000000000e+00 0.000000000000e+00 2.257875666622e-24 7.235311375201e-26 0.000000000000e+00 0.000000000000e+00 1.000000000000e+00 0.000000000000e+00
2.818382931264e+03 -4.170826313042e-04 3.182487965023e-02 0.000000000000e+00 0.000000000000e+00 1.797160653163e-24 2.355278330258e-26 0.000000000000e+00 0.000000000000e+00 1.000000000000e+00 0.000000000000e+00
3.162277660168e+03 1.607774327605e-04 2.841030008473e-02 0.000000000000e+00 0.000000000000e+00 1.429868018918e-24 -8.091801516292e-27 0.000000000000e+00 0.000000000000e+00 1.000000000000e+00 0.000000000000e+00
3.548133892336e+03 6.211184974478e-04 2.535385532442e-02 0.000000000000e+00 0.000000000000e+00 1.137271456991e-24 -2.786086492586e-26 0.000000000000e+00 0.000000000000e+00 1.000000000000e+00 0.000000000000e+00
3.981071705535e+03 9.876232100931e-04 2.262044181763e-02 0.000000000000e+00 0.000000000000e+00 9.043180822871e-25 -3.948311596129e-26 0.000000000000e+00 0.000000000000e+00 1.000000000000e+00 0.000000000000e+00
4.466835921510e+03 1.279281716232e-03 2.017767248108e-02 0.000000000000e+00 0.000000000000e+00 7.189376041383e-25 -4.558125982755e-26 0.000000000000e+00 0.000000000000e+00 1.000000000000e+00 0.000000000000e+00
5.011872336273e+03 1.511291767153e-03 1.799589558850e-02 0.000000000000e+00 0.000000000000e+00 5.714702103614e-25 -4.799195571194e-26 0.000000000000e+00 0.000000000000e+00 1.000000000000e+00 0.000000000000e+00
5.623413251903e+03 1.695797296553e-03 1.604812309019e-02 0.000000000000e+00 0.000000000000e+00 4.541971224151e-25 -4.799478717605e-26 0.000000000000e+00 0.000000000000e+00 1.000000000000e+00 0.000000000000e+00
6.309573444802e+03 1.842490163477e-03 1.430990292127e-02 0.000000000000e+00 0.000000000000e+00 3.609581226042e-25 -4.647563257372e-26 0.000000000000e+00 0.000000000000e+00 1.000000000000e+00 0.000000000000e+00
7.079457843841e+03 1.959097757775e-03 1.275915895701e-02 0.000000000000e+00 0.000000000000e+00 2.868416286192e-25 -4.404293365809e-26 0.000000000000e+00 0.000000000000e+00 1.000000000000e+00 0.000000000000e+00
7.943282347243e+03 2.051776439949e-03 1.137601517994e-02 0.000000000000e+00 0.000000000000e+00 2.279346206566e-25 -4.111025496307e-26 0.000000000000e+00 0.000000000000e+00 1.000000000000e+00 0.000000000000e+00
8.912509381337e+03 2.125427940364e-03 1.014261545942e-02 0.000000000000e+00 0.000000000000e+00 1.811215357167e-25 -3.795478337478e-26 0.000000000000e+00 0.000000000000e+00 1.000000000000e+00 0.000000000000e+00
1.000000000000e+04 2.183953158279e-03 9.042945798107e-03 0.000000000000e+00 0.000000000000e+00 1.439229523887e-25 -3.475869406200e-26 0.000000000000e+00 0.000000000000e+00 1.000000000000e+00 0.000000000000e+00
1.122018454302e+04 2.230455317190e-03 8.062664030562e-03 0.000000000000e+00 0.000000000000e+00 1.143664643002e-25 -3.163833782891e-26 0.000000000000e+00 0.000000000000e+00 1.000000000000e+00 0.000000000000e+00
1.258925411794e+04 2.267402329899e-03 7.188939389957e-03 0.000000000000e+00 0.000000000000e+00 9.088348116498e-26 -2.866478707958e-26 0.000000000000e+00 0.000000000000e+00 1.000000000000e+00 0.000000000000e+00
1.412537544623e+04 2.296756396240e-03 6.410303435917e-03 0.000000000000e+00 0.000000000000e+00 7.222685743306e-26 -2.587825965626e-26 0.000000000000e+00 0.000000000000e+00 1.000000000000e+00 0.000000000000e+00
1.584893192461e+04 2.320077342826e-03 5.716512902128e-03 0.000000000000e+00 0.000000000000e+00 5.740521127591e-26 -2.329821209550e-26 0.000000000000e+00 0.000000000000e+00 1.000000000000e+00 0.000000000000e+00
1.778279410039e+04 2.338604958051e-03 5.098424499503e-03 0.000000000000e+00 0.000000000000e+00 4.563059418614e-26 -2.093037443452e-26 0.000000000000e+00 0.000000000000e+00 1.000000000000e+00 0.000000000000e+00
1.995262314969e+04 2.353324556330e-03 4.547881106819e-03 0.000000000000e+00 0.000000000000e+00 3.627682201603e-26 -1.877162882441e-26 0.000000000000e+00 0.000000000000e+00 1.000000000000e+00 0.000000000000e+00
2.238721138568e+04 2.365019159425e-03 4.057608862645e-03 0.000000000000e+00 0.000000000000e+00 2.884631303579e-26 -1.681337095747e-26 0.000000000000e+00 0.000000000000e+00 1.000000000000e+00 0.000000000000e+00
2.511886431510e+04 2.374311010406e-03 3.621124483877e-03 0.000000000000e+00 0.000000000000e+00 2.294370692608e-26 -1.504380647961e-26 0.000000000000e+00 0.000000000000e+00 1.000000000000e+00 0.000000000000e+00
2.818382931264e+04 2.381694595219e-03 3.232651898462e-03 0.000000000000e+00 0.000000000000e+00 1.825488379257e-26 -1.344950196655e-26 0.000000000000e+00 0.000000000000e+00 1.000000000000e+00 0.000000000000e+00
3.162277660168e+04 2.387562902965e-03 2.887047499818e-03 0.000000000000e+00 0.000000000000e+00 1.453028259742e-26 -1.201641597566e-26 0.000000000000e+00 0.000000000000e+00 1.000000000000e+00 0.000000000000e+00
3.548133892336e+04 2.392228307492e-03 2.579733249994e-03 0.000000000000e+00 0.000000000000e+00 1.157164050322e-26 -1.073056913004e-26 0.000000000000e+00 0.000000000000e+00 1.000000000000e+00 0.000000000000e+00
3.981071705535e+04 2.395939173519e-03 2.306636882723e-03 0.000000000000e+00 0.000000000000e+00 9.221453140332e-27 -9.578465072147e-27 0.000000000000e+00 0.000000000000e+00 1.000000000000e+00 0.000000000000e+00
4.466835921510e+04 2.398893064434e-03 2.064138545535e-03 0.000000000000e+00 0.000000000000e+00 7.354598613514e-27 -8.547340799246e-27 0.000000000000e+00 0.000000000000e+00 1.000000000000e+00 0.000000000000e+00
5.011872336273e+04 2.401247251689e-03 1.849023242198e-03 0.000000000000e+00 0.000000000000e+00 5.871681661921e-27 -7.625301365437e-27 0.000000000000e+00 0.000000000000e+00 1.000000000000e+00 0.000000000000e+00
5.623413251903e+04 2.403127083140e-03 1.658438504674e-03 0.000000000000e+00 0.000000000000e+00 4.693745133186e-27 -6.801377331280e-27 0.000000000000e+00 0.000000000000e+00 1.000000000000e+00 0.000000000000e+00
6.309573444802e+04 2.404632652859e-03 1.489856795058e-03 0.000000000000e+00 0.000000000000e+00 3.758068203913e-27 -6.065531630133e-27 0.000000000000e+00 0.000000000000e+00 1.000000000000e+00 0.000000000000e+00
7.079457843841e+04 2.405844129611e-03 1.341042117999e-03 0.000000000000e+00 0.000000000000e+00 3.014828065684e-27 -5.408634304787e-27 0.000000000000e+00 0.000000000000e+00 1.000000000000e+00 0.000000000000e+00
7.943282347243e+04 2.406826023396e-03 1.210020484969e-03 0.000000000000e+00 0.000000000000e+00 2.424447891978e-27 -4.822417761839e-27 0.000000000000e+00 0.000000000000e+00 1.000000000000e+00 0.000000000000e+00
8.912509381337e+04 2.407630620006e-03 1.095053795038e-03 0.000000000000e+00 0.000000000000e+00 1.955489940891e-27 -4.299421160970e-27 0.000000000000e+00 0.000000000000e+00 1.000000000000e+00 0.000000000000e+00
1.000000000000e+05 2.408300765066e-03 9.946168281584e-04 0.000000000000e+00 0.000000000000e+00 1.582981846834e-27 -3.832929712121e-27 0.000000000000e+00 0.000000000000e+00 1.000000000000e+00 0.000000000000e+00
1.122018454302e+05 2.408872144380e-03 9.073770516189e-04 0.000000000000e+00 0.000000000000e+00 1.287087056903e-27 -3.416912686099e-27 0.000000000000e+00 0.000000000000e+00 1.000000000000e+00 0.000000000000e+00
1.258925411794e+05 2.409375184684e-03 8.321769557615e-04 0.000000000000e+00 0.000000000000e+00 1.052048634461e-27 -3.045962586931e-27 0.000000000000e+00 0.000000000000e+00 1.000000000000e+00 0.000000000000e+00
1.412537544623e+05 2.409836673296e-03 7.680187119514e-04 0.000000000000e+00 0.000000000000e+00 8.653502688060e-28 -2.715236986508e-27 0.000000000000e+00 0.000000000000e+00 1.000000000000e+00 0.000000000000e+00
1.584893192461e+05 2.410281184771e-03 7.140509321121e-04 0.000000000000e+00 0.000000000000e+00 7.170498050322e-28 -2.420403889816e-27 0.000000000000e+00 0.000000000000e+00 1.000000000000e+00 0.000000000000e+00
1.778279410039e+05 2.410732388618e-03 6.695573702470e-04 0.000000000000e+00 0.000000000000e+00 5.992498397931e-28 -2.157591062204e-27 0.000000000000e+00 0.000000000000e+00 1.000000000000e+00 0.000000000000e+00
1.995262314969e+05 2.411214309437e-03 6.339474026098e-04 0.000000000000e+00 0.000000000000e+00 5.056771835386e-28 -1.923339469312e-27 0.000000000000e+00 0.000000000000e+00 1.000000000000e+00 0.000000000000e+00
2.238721138568e+05 2.411752606763e-03 6.067481525520e-04 0.000000000000e+00 0.000000000000e+00 4.313488001138e-28 -1.714560792177e-27 0.000000000000e+00 0.000000000000e+00 1.000000000000e+00 0.000000000000e+00
2.511886431510e+05 2.412375938520e-03 5.875981925167e-04 0.000000000000e+00 0.000000000000e+00 3.723064694244e-28 -1.528498862030e-27 0.000000000000e+00 0.000000000000e+00 1.000000000000e+00 0.000000000000e+00
2.818382931264e+05 2.413117487272e-03 5.762426675692e-04 0.000000000000e+00 0.000000000000e+00 3.254059906024e-28 -1.362694799562e-27 0.000000000000e+00 0.000000000000e+00 1.000000000000e+00 0.000000000000e+00
3.162277660168e+05 2.414016735596e-03 5.725298455132e-04 0.000000000000e+00 0.000000000000e+00 2.881497603102e-28 -1.214955603096e-27 0.000000000000e+00 0.000000000000e+00 1.000000000000e+00 0.000000000000e+00
3.548133892336e+05 2.415121512877e-03 5.764089558063e-04 0.000000000000e+00 0.000000000000e+00 2.585537562649e-28 -1.083325879478e-27 0.000000000000e+00 0.000000000000e+00 1.000000000000e+00 0.000000000000e+00
3.981071705535e+05 2.416490615851e-03 5.879293411560e-04 0.000000000000e+00 0.000000000000e+00 2.350418875994e-28 -9.660625452016e-28 0.000000000000e+00 0.000000000000e+00 1.000000000000e+00 0.000000000000e+00
4.466835921510e+05 2.418196874873e-03 6.072408588416e-04 0.000000000000e+00 0.000000000000e+00 2.163620648507e-28 -8.616120958285e-28 0.000000000000e+00 0.000000000000e+00 1.000000000000e+00 0.000000000000e+00
5.011872336273e+05 2.420331014516e-03 6.345955122564e-04 0.000000000000e+00 0.000000000000e+00 2.015195237685e-28 -7.685902972643e-28 0.000000000000e+00 0.000000000000e+00 1.000000000000e+00 0.000000000000e+00
5.623413251903e+05 2.423006525717e-03 6.703502705637e-04 0.000000000000e+00 0.000000000000e+00 1.897238463257e-28 -6.857640518972e-28 0.000000000000e+00 0.000000000000e+00 1.000000000000e+00 0.000000000000e+00
6.309573444802e+05 2.426365531779e-03 7.149710959047e-04 0.000000000000e+00 0.000000000000e+00 1.803468730120e-28 -6.120351423258e-28 0.000000000000e+00 0.000000000000e+00 1.000000000000e+00 0.000000000000e+00
7.079457843841e+05 2.430586437066e-03 7.690380951529e-04 0.000000000000e+00 0.000000000000e+00 1.728892479754e-28 -5.464258063317e-28 0.000000000000e+00 0.000000000000e+00 1.000000000000e+00 0.000000000000e+00
7.943282347243e+05 2.435893183813e-03 8.332517944593e-04 0.000000000000e+00 0.000000000000e+00 1.669538310880e-28 -4.880657945922e-28 0.000000000000e+00 0.000000000000e+00 1.000000000000e+00 0.000000000000e+00
8.912509381337e+05 2.442567168758e-03 9.084403914223e-04 0.000000000000e+00 0.000000000000e+00 1.622245459870e-28 -4.361809027161e-28 0.000000000000e+00 0.000000000000e+00 1.000000000000e+00 0.000000000000e+00
1.000000000000e+06 2.450961769475e-03 9.955678988874e-04 0.000000000000e+00 0.000000000000e+00 1.584495522913e-28 -3.900826809412e-28 0.000000000000e+00 0.000000000000e+00 1.000000000000e+00 0.000000000000e+00
1.122018454302e+06 2.461520895212e-03 1.095742895736e-03 0.000000000000e+00 0.000000000000e+00 1.554278341373e-28 -3.491593355660e-28 0.000000000000e+00 0.000000000000e+00 1.000000000000e+00 0.000000000000e+00
1.258925411794e+06 2.474801825520e-03 1.210227578333e-03 0.000000000000e+00 0.000000000000e+00 1.529985013832e-28 -3.128675773912e-28 0.000000000000e+00 0.000000000000e+00 1.000000000000e+00 0.000000000000e+00
1.412537544623e+06 2.491503924546e-03 1.340446510414e-03 0.000000000000e+00 0.000000000000e+00 1.510322248741e-28 -2.807253986515e-28 0.000000000000e+00 0.000000000000e+00 1.000000000000e+00 0.000000000000e+00
1.584893192461e+06 2.512504092068e-03 1.487994321037e-03 0.000000000000e+00 0.000000000000e+00 1.494243603369e-28 -2.523056113139e-28 0.000000000000e+00 0.000000000000e+00 1.000000000000e+00 0.000000000000e+00
1.778279410039e+06 2.538900867249e-03 1.654641100223e-03 0.000000000000e+00 0.000000000000e+00 1.480893883475e-28 -2.272301083631e-28 0.000000000000e+00 0.000000000000e+00 1.000000000000e+00 0.000000000000e+00
1.995262314969e+06 2.572068587237e-03 1.842333825323e-03 0.000000000000e+00 0.000000000000e+00 1.469563840934e-28 -2.051647177211e-28 0.000000000000e+00 0.000000000000e+00 1.000000000000e+00 0.000000000000e+00
2.238721138568e+06 2.613724106785e-03 2.053191304164e-03 0.000000000000e+00 0.000000000000e+00 1.459652743442e-28 -1.858146172414e-28 0.000000000000e+00 0.000000000000e+00 1.000000000000e+00 0.000000000000e+00
2.511886431510e+06 2.666007586503e-03 2.289489226891e-03 0.000000000000e+00 0.000000000000e+00 1.450636951752e-28 -1.689201710674e-28 0.000000000000e+00 0.000000000000e+00 1.000000000000e+00 0.000000000000e+00
2.818382931264e+06 2.731580128422e-03 2.553630464295e-03 0.000000000000e+00 0.000000000000e+00 1.442042905931e-28 -1.542531623603e-28 0.000000000000e+00 0.000000000000e+00 1.000000000000e+00 0.000000000000e+00
3.162277660168e+06 2.813739832098e-03 2.848094002788e-03 0.000000000000e+00 0.000000000000e+00 1.433423271599e-28 -1.416133088165e-28 0.000000000000e+00 0.000000000000e+00 1.000000000000e+00 0.000000000000e+00
3.548133892336e+06 2.916557120041e-03 3.175353628005e-03 0.000000000000e+00 0.000000000000e+00 1.424335273969e-28 -1.308249622336e-28 0.000000000000e+00 0.000000000000e+00 1.000000000000e+00 0.000000000000e+00
3.981071705535e+06 3.045029324276e-03 3.537754429683e-03 0.000000000000e+00 0.000000000000e+00 1.414320430718e-28 -1.217339210807e-28 0.000000000000e+00 0.000000000000e+00 1.000000000000e+00 0.000000000000e+00
4.466835921510e+06 3.205250058745e-03 3.937331996979e-03 0.000000000000e+00 0.000000000000e+00 1.402885310597e-28 -1.142041927796e-28 0.000000000000e+00 0.000000000000e+00 1.000000000000e+00 0.000000000000e+00
5.011872336273e+06 3.404585484484e-03 4.375555145724e-03 0.000000000000e+00 0.000000000000e+00 1.389483178119e-28 -1.081146072123e-28 0.000000000000e+00 0.000000000000e+00 1.000000000000e+00 0.000000000000e+00
5.623413251903e+06 3.651840234534e-03 4.852969722584e-03 0.000000000000e+00 0.000000000000e+00 1.373496994487e-28 -1.033550974599e-28 0.000000000000e+00 0.000000000000e+00 1.000000000000e+00 0.000000000000e+00
6.309573444802e+06 3.957384533447e-03 5.368718796775e-03 0.000000000000e+00 0.000000000000e+00 1.354224880734e-28 -9.982248653154e-29 0.000000000000e+00 0.000000000000e+00 1.000000000000e+00 0.000000000000e+00
7.079457843841e+06 4.333197306952e-03 5.919915811173e-03 0.000000000000e+00 0.000000000000e+00 1.330870081889e-28 -9.741561938870e-29 0.000000000000e+00 0.000000000000e+00 1.000000000000e+00 0.000000000000e+00
7.943282347243e+06 4.792756860491e-03 6.500855794300e-03 0.000000000000e+00 0.000000000000e+00 1.302538785304e-28 -9.602969050314e-29 0.000000000000e+00 0.000000000000e+00 1.000000000000e+00 0.000000000000e+00
8.912509381337e+06 5.350685627551e-03 7.102069407056e-03 0.000000000000e+00 0.000000000000e+00 1.268250504938e-28 -9.554975261386e-29 0.000000000000e+00 0.000000000000e+00 1.000000000000e+00 0.000000000000e+00
1.000000000000e+07 6.022027267772e-03 7.709263645319e-03 0.000000000000e+00 0.000000000000e+00 1.226967416751e-28 -9.584354071001e-29 0.000000000000e+00 0.000000000000e+00 1.000000000000e+00 0.000000000000e+00
1.122018454302e+07 6.821018150698e-03 8.302256226742e-03 0.000000000000e+00 0.000000000000e+00 1.177650075393e-28 -9.675409093681e-29 0.000000000000e+00 0.000000000000e+00 1.000000000000e+00 0.000000000000e+00
1.258925411794e+07 7.759224259139e-03 8.854102478448e-03 0.000000000000e+00 0.000000000000e+00 1.119346835710e-28 -9.809309462111e-29 0.000000000000e+00 0.000000000000e+00 1.000000000000e+00 0.000000000000e+00
1.412537544623e+07 8.842974004610e-03 9.330727912366e-03 0.000000000000e+00 0.000000000000e+00 1.051321768792e-28 -9.963650381008e-29 0.000000000000e+00 0.000000000000e+00 1.000000000000e+00 0.000000000000e+00
1.584893192461e+07 1.007015947826e-02 9.691488894294e-03 0.000000000000e+00 0.000000000000e+00 9.732191233984e-29 -1.011245215963e-28 0.000000000000e+00 0.000000000000e+00 1.000000000000e+00 0.000000000000e+00
1.778279410039e+07 1.142671599583e-02 9.891138047020e-03 0.000000000000e+00 0.000000000000e+00 8.852509364393e-29 -1.022684243982e-28 0.000000000000e+00 0.000000000000e+00 1.000000000000e+00 0.000000000000e+00
1.995262314969e+07 1.288341023890e-02 9.883588989002e-03 0.000000000000e+00 0.000000000000e+00 7.883785662102e-29 -1.027663584893e-28 0.000000000000e+00 0.000000000000e+00 1.000000000000e+00 0.000000000000e+00
2.238721138568e+07 1.439388926278e-02 9.627575169665e-03 0.000000000000e+00 0.000000000000e+00 6.844426274641e-29 -1.023288960390e-28 0.000000000000e+00 0.000000000000e+00 1.000000000000e+00 0.000000000000e+00
2.511886431510e+07 1.589510787816e-02 9.093754203378e-03 0.000000000000e+00 0.000000000000e+00 5.761868508763e-29 -1.007125544393e-28 0.000000000000e+00 0.000000000000e+00 1.000000000000e+00 0.000000000000e+00
2.818382931264e+07 1.731107443842e-02 8.272108192248e-03 0.000000000000e+00 0.000000000000e+00 4.671284707208e-29 -9.775616494631e-29 0.000000000000e+00 0.000000000000e+00 1.000000000000e+00 0.000000000000e+00
3.162277660168e+07 1.856020496823e-02 7.177885601072e-03 0.000000000000e+00 0.000000000000e+00 3.612573268781e-29 -9.341204925487e-29 0.000000000000e+00 0.000000000000e+00 1.000000000000e+00 0.000000000000e+00
3.548133892336e+07 1.956553183570e-02 5.854153830667e-03 0.000000000000e+00 0.000000000000e+00 2.625936754483e-29 -8.776306645584e-29 0.000000000000e+00 0.000000000000e+00 1.000000000000e+00 0.000000000000e+00
3.981071705535e+07 2.026590250398e-02 4.369543668318e-03 0.000000000000e+00 0.000000000000e+00 1.746852418915e-29 -8.101885116117e-29 0.000000000000e+00 0.000000000000e+00 1.000000000000e+00 0.000000000000e+00
4.466835921510e+07 2.062561062260e-02 2.810940810160e-03 0.000000000000e+00 0.000000000000e+00 1.001548148481e-29 -7.348977984770e-29 0.000000000000e+00 0.000000000000e+00 1.000000000000e+00 0.000000000000e+00
5.011872336273e+07 2.064001453942e-02 1.272349928987e-03 0.000000000000e+00 0.000000000000e+00 4.040421761651e-30 -6.554357571446e-29 0.000000000000e+00 0.000000000000e+00 1.000000000000e+00 0.000000000000e+00
5.623413251903e+07 2.033567907811e-02 -1.576496911537e-04 0.000000000000e+00 0.000000000000e+00 -4.461832431670e-31 -5.755443716173e-29 0.000000000000e+00 0.000000000000e+00 1.000000000000e+00 0.000000000000e+00
6.309573444802e+07 1.976509101543e-02 -1.407015190129e-03 0.000000000000e+00 0.000000000000e+00 -3.549105569076e-30 -4.985617432440e-29 0.000000000000e+00 0.000000000000e+00 1.000000000000e+00 0.000000000000e+00
7.079457843841e+07 1.899746947225e-02 -2.427590100716e-03 0.000000000000e+00 0.000000000000e+00 -5.457521929678e-30 -4.270865424217e-29 0.000000000000e+00 0.000000000000e+00 1.000000000000e+00 0.000000000000e+00
7.943282347243e+07 1.810807294515e-02 -3.197583858650e-03 0.000000000000e+00 0.000000000000e+00 -6.406813390331e-30 -3.628209590321e-29 0.000000000000e+00 0.000000000000e+00 1.000000000000e+00 0.000000000000e+00
8.912509381337e+07 1.716843098026e-02 -3.719480831782e-03 0.000000000000e+00 0.000000000000e+00 -6.642054833100e-30 -3.065848840913e-29 0.000000000000e+00 0.000000000000e+00 1.000000000000e+00 0.000000000000e+00
1.000000000000e+08 1.623921901661e-02 -4.014747420949e-03 0.000000000000e+00 0.000000000000e+00 -6.389668973095e-30 -2.584551978445e-29 0.000000000000e+00 0.000000000000e+00 1.000000000000e+00 0.000000000000e+00
1.122018454302e+08 1.536644609137e-02 -4.117130935074e-03 0.000000000000e+00 0.000000000000e+00 -5.840026402073e-30 -2.179684161005e-29 0.000000000000e+00 0.000000000000e+00 1.000000000000e+00 0.000000000000e+00
1.258925411794e+08 1.458068048489e-02 -4.066146027208e-03 0.000000000000e+00 0.000000000000e+00 -5.140473244093e-30 -1.843308071371e-29 0.000000000000e+00 0.000000000000e+00 1.000000000000e+00 0.000000000000e+00
1.412537544623e+08 1.389847421058e-02 -3.901782253010e-03 0.000000000000e+00 0.000000000000e+00 -4.396257889206e-30 -1.565983771879e-29 0.000000000000e+00 0.000000000000e+00 1.000000000000e+00 0.000000000000e+00
1.584893192461e+08 1.332500382878e-02 -3.660846401505e-03 0.000000000000e+00 0.000000000000e+00 -3.676221233527e-30 -1.338096621372e-29 0.000000000000e+00 0.000000000000e+00 1.000000000000e+00 0.000000000000e+00
1.778279410039e+08 1.285709472022e-02 -3.374883731612e-03 0.000000000000e+00 0.000000000000e+00 -3.020500744789e-30 -1.150702283889e-29 0.000000000000e+00 0.000000000000e+00 1.000000000000e+00 0.000000000000e+00
1.995262314969e+08 1.248606609334e-02 -3.069367504561e-03 0.000000000000e+00 0.000000000000e+00 -2.448324748339e-30 -9.959688626495e-30 0.000000000000e+00 0.000000000000e+00 1.000000000000e+00 0.000000000000e+00
2.238721138568e+08 1.220009656253e-02 -2.763768845081e-03 0.000000000000e+00 0.000000000000e+00 -1.964815830252e-30 -8.673280654178e-30 0.000000000000e+00 0.000000000000e+00 1.000000000000e+00 0.000000000000e+00
2.511886431510e+08 1.198600831342e-02 -2.472146808918e-03 0.000000000000e+00 0.000000000000e+00 -1.566370118301e-30 -7.594421654940e-30 0.000000000000e+00 0.000000000000e+00 1.000000000000e+00 0.000000000000e+00
2.818382931264e+08 1.183049558254e-02 -2.203972364564e-03 0.000000000000e+00 0.000000000000e+00 -1.244589911353e-30 -6.680716911467e-30 0.000000000000e+00 0.000000000000e+00 1.000000000000e+00 0.000000000000e+00
3.162277660168e+08 1.172089466006e-02 -1.964986495618e-03 0.000000000000e+00 0.000000000000e+00 -9.889622212041e-31 -5.899033934003e-30 0.000000000000e+00 0.000000000000e+00 1.000000000000e+00 0.000000000000e+00
3.548133892336e+08 1.164562131125e-02 -1.757976498532e-03 0.000000000000e+00 0.000000000000e+00 -7.885571911060e-31 -5.223754946411e-30 0.000000000000e+00 0.000000000000e+00 1.000000000000e+00 0.000000000000e+00
3.981071705535e+08 1.159439685691e-02 -1.583425847586e-03 0.000000000000e+00 0.000000000000e+00 -6.330206268640e-31 -4.635198028161e-30 0.000000000000e+00 0.000000000000e+00 1.000000000000e+00 0.000000000000e+00
4.466835921510e+08 1.155835634092e-02 -1.440042849422e-03 0.000000000000e+00 0.000000000000e+00 -5.130923583871e-31 -4.118283227769e-30 0.000000000000e+00 0.000000000000e+00 1.000000000000e+00 0.000000000000e+00
5.011872336273e+08 1.153009547832e-02 -1.325197153006e-03 0.000000000000e+00 0.000000000000e+00 -4.208241218471e-31 -3.661449387718e-30 0.000000000000e+00 0.000000000000e+00 1.000000000000e+00 0.000000000000e+00
5.623413251903e+08 1.150368152484e-02 -1.235294888842e-03 0.000000000000e+00 0.000000000000e+00 -3.496155785259e-31 -3.255794472892e-30 0.000000000000e+00 0.000000000000e+00 1.000000000000e+00 0.000000000000e+00
6.309573444802e+08 1.147463483815e-02 -1.166113557901e-03 0.000000000000e+00 0.000000000000e+00 -2.941446653567e-31 -2.894403037927e-30 0.000000000000e+00 0.000000000000e+00 1.000000000000e+00 0.000000000000e+00
7.079457843841e+08 1.143988145982e-02 -1.113107854621e-03 0.000000000000e+00 0.000000000000e+00 -2.502403731544e-31 -2.571826434844e-30 0.000000000000e+00 0.000000000000e+00 1.000000000000e+00 0.000000000000e+00
7.943282347243e+08 1.139767552505e-02 -1.071692422167e-03 0.000000000000e+00 0.000000000000e+00 -2.147287972474e-31 -2.283686164321e-30 0.000000000000e+00 0.000000000000e+00 1.000000000000e+00 0.000000000000e+00
8.912509381337e+08 1.134748775190e-02 -1.037504961873e-03 0.000000000000e+00 0.000000000000e+00 -1.852722236795e-31 -2.026375165643e-30 0.000000000000e+00 0.000000000000e+00 1.000000000000e+00 0.000000000000e+00
1.000000000000e+09 1.128985225209e-02 -1.006648076325e-03 0.000000000000e+00 0.000000000000e+00 -1.602130173011e-31 -1.796835792697e-30 0.000000000000e+00 0.000000000000e+00 1.000000000000e+00 0.000000000000e+00
