# freq_hz rev(vout) imv(vout) rev(vinp) imv(vinp) rev(vinn) imv(vinn) rev(vdd) imv(vdd) rev(vss) imv(vss)
1.000000000000e-01 -5.498753333327e-01 2.046469028994e-04 0.000000000000e+00 0.000000000000e+00 3.257056618510e-22 8.751537738512e-19 0.000000000000e+00 0.000000000000e+00 1.000000000000e+00 0.000000000000e+00
1.122018454302e-01 -5.498753135791e-01 2.296175934674e-04 0.000000000000e+00 0.000000000000e+00 3.257056502191e-22 7.799815939334e-19 0.000000000000e+00 0.000000000000e+00 1.000000000000e+00 0.000000000000e+00
1.258925411794e-01 -5.498752887779e-01 2.576351657465e-04 0.000000000000e+00 0.000000000000e+00 3.257056356117e-22 6.951592959615e-19 0.000000000000e+00 0.000000000000e+00 1.000000000000e+00 0.000000000000e+00
1.412537544623e-01 -5.498752576791e-01 2.890713941738e-04 0.000000000000e+00 0.000000000000e+00 3.257056172715e-22 6.195613396378e-19 0.000000000000e+00 0.000000000000e+00 1.000000000000e+00 0.000000000000e+00
1.584893192461e-01 -5.498752186223e-01 3.243434159433e-04 0.000000000000e+00 0.000000000000e+00 3.257055942447e-22 5.521845859594e-19 0.000000000000e+00 0.000000000000e+00 1.000000000000e+00 0.000000000000e+00
1.778279410039e-01 -5.498751693265e-01 3.639192657481e-04 0.000000000000e+00 0.000000000000e+00 3.257055651858e-22 4.921349861459e-19 0.000000000000e+00 0.000000000000e+00 1.000000000000e+00 0.000000000000e+00
1.995262314969e-01 -5.498751072177e-01 4.083240861316e-04 0.000000000000e+00 0.000000000000e+00 3.257055285603e-22 4.386157185459e-19 0.000000000000e+00 0.000000000000e+00 1.000000000000e+00 0.000000000000e+00
2.238721138568e-01 -5.498750290086e-01 4.581470951057e-04 0.000000000000e+00 0.000000000000e+00 3.257054824415e-22 3.909166150395e-19 0.000000000000e+00 0.000000000000e+00 1.000000000000e+00 0.000000000000e+00
2.511886431510e-01 -5.498749304801e-01 5.140494037942e-04 0.000000000000e+00 0.000000000000e+00 3.257054243443e-22 3.484047374553e-19 0.000000000000e+00 0.000000000000e+00 1.000000000000e+00 0.000000000000e+00
2.818382931264e-01 -5.498748068056e-01 5.767727883203e-04 0.000000000000e+00 0.000000000000e+00 3.257053514072e-22 3.105159792665e-19 0.000000000000e+00 0.000000000000e+00 1.000000000000e+00 0.000000000000e+00
3.162277660168e-01 -5.498746506465e-01 6.471495294511e-04 0.000000000000e+00 0.000000000000e+00 3.257052593096e-22 2.767475792349e-19 0.000000000000e+00 0.000000000000e+00 1.000000000000e+00 0.000000000000e+00
3.548133892336e-01 -5.498744543728e-01 7.261134566868e-04 0.000000000000e+00 0.000000000000e+00 3.257051435582e-22 2.466514515771e-19 0.000000000000e+00 0.000000000000e+00 1.000000000000e+00 0.000000000000e+00
3.981071705535e-01 -5.498742072243e-01 8.147123337337e-04 0.000000000000e+00 0.000000000000e+00 3.257049978066e-22 2.198282388048e-19 0.000000000000e+00 0.000000000000e+00 1.000000000000e+00 0.000000000000e+00
4.466835921510e-01 -5.498738961439e-01 9.141217584992e-04 0.000000000000e+00 0.000000000000e+00 3.257048143479e-22 1.959220132247e-19 0.000000000000e+00 0.000000000000e+00 1.000000000000e+00 0.000000000000e+00
5.011872336273e-01 -5.498735043326e-01 1.025660754869e-03 0.000000000000e+00 0.000000000000e+00 3.257045832773e-22 1.746155536655e-19 0.000000000000e+00 0.000000000000e+00 1.000000000000e+00 0.000000000000e+00
5.623413251903e-01 -5.498730108906e-01 1.150809266613e-03 0.000000000000e+00 0.000000000000e+00 3.257042922700e-22 1.556261363614e-19 0.000000000000e+00 0.000000000000e+00 1.000000000000e+00 0.000000000000e+00
6.309573444802e-01 -5.498723900576e-01 1.291227782981e-03 0.000000000000e+00 0.000000000000e+00 3.257039261323e-22 1.387017834287e-19 0.000000000000e+00 0.000000000000e+00 1.000000000000e+00 0.000000000000e+00
7.079457843841e-01 -5.498716083652e-01 1.448779350623e-03 0.000000000000e+00 0.000000000000e+00 3.257034651339e-22 1.236179188684e-19 0.000000000000e+00 0.000000000000e+00 1.000000000000e+00 0.000000000000e+00
7.943282347243e-01 -5.498706243089e-01 1.625554271148e-03 0.000000000000e+00 0.000000000000e+00 3.257028847842e-22 1.101743889932e-19 0.000000000000e+00 0.000000000000e+00 1.000000000000e+00 0.000000000000e+00
8.912509381337e-01 -5.498693856969e-01 1.823897800114e-03 0.000000000000e+00 0.000000000000e+00 3.257021543132e-22 9.819280636202e-20 0.000000000000e+00 0.000000000000e+00 1.000000000000e+00 0.000000000000e+00
1.000000000000e+00 -5.498678258220e-01 2.046441210355e-03 0.000000000000e+00 0.000000000000e+00 3.257012343701e-22 8.751418252583e-20 0.000000000000e+00 0.000000000000e+00 1.000000000000e+00 0.000000000000e+00
1.122018454302e+00 -5.498658624131e-01 2.296136640503e-03 0.000000000000e+00 0.000000000000e+00 3.257000764534e-22 7.799681877346e-20 0.000000000000e+00 0.000000000000e+00 1.000000000000e+00 0.000000000000e+00
1.258925411794e+00 -5.498633905558e-01 2.576296153103e-03 0.000000000000e+00 0.000000000000e+00 3.256986186715e-22 6.951442540791e-20 0.000000000000e+00 0.000000000000e+00 1.000000000000e+00 0.000000000000e+00
1.412537544623e+00 -5.498602789471e-01 2.890635540811e-03 0.000000000000e+00 0.000000000000e+00 3.256967836008e-22 6.195444626484e-20 0.000000000000e+00 0.000000000000e+00 1.000000000000e+00 0.000000000000e+00
1.584893192461e+00 -5.498563613889e-01 3.243323414259e-03 0.000000000000e+00 0.000000000000e+00 3.256944732137e-22 5.521656495384e-20 0.000000000000e+00 0.000000000000e+00 1.000000000000e+00 0.000000000000e+00
1.778279410039e+00 -5.498514298067e-01 3.639036227758e-03 0.000000000000e+00 0.000000000000e+00 3.256915648162e-22 4.921137394162e-20 0.000000000000e+00 0.000000000000e+00 1.000000000000e+00 0.000000000000e+00
1.995262314969e+00 -5.498452213959e-01 4.083019901698e-03 0.000000000000e+00 0.000000000000e+00 3.256879034000e-22 4.385918796931e-20 0.000000000000e+00 0.000000000000e+00 1.000000000000e+00 0.000000000000e+00
2.238721138568e+00 -5.498374054855e-01 4.581158841204e-03 0.000000000000e+00 0.000000000000e+00 3.256832939588e-22 3.908898677580e-20 0.000000000000e+00 0.000000000000e+00 1.000000000000e+00 0.000000000000e+00
2.511886431510e+00 -5.498275664495e-01 5.140053181783e-03 0.000000000000e+00 0.000000000000e+00 3.256774913726e-22 3.483747272568e-20 0.000000000000e+00 0.000000000000e+00 1.000000000000e+00 0.000000000000e+00
2.818382931264e+00 -5.498151801243e-01 5.767105168804e-03 0.000000000000e+00 0.000000000000e+00 3.256701865315e-22 3.104823078970e-20 0.000000000000e+00 0.000000000000e+00 1.000000000000e+00 0.000000000000e+00
3.162277660168e+00 -5.497995873894e-01 6.470615713792e-03 0.000000000000e+00 0.000000000000e+00 3.256609907043e-22 2.767098004870e-20 0.000000000000e+00 0.000000000000e+00 1.000000000000e+00 0.000000000000e+00
3.548133892336e+00 -5.497799586359e-01 7.259892169411e-03 0.000000000000e+00 0.000000000000e+00 3.256494146379e-22 2.466090646084e-20 0.000000000000e+00 0.000000000000e+00 1.000000000000e+00 0.000000000000e+00
3.981071705535e+00 -5.497552492373e-01 8.145368479506e-03 0.000000000000e+00 0.000000000000e+00 3.256348422501e-22 2.197806818795e-20 0.000000000000e+00 0.000000000000e+00 1.000000000000e+00 0.000000000000e+00
4.466835921510e+00 -5.497241455817e-01 9.138738925896e-03 0.000000000000e+00 0.000000000000e+00 3.256164988422e-22 1.958686565695e-20 0.000000000000e+00 0.000000000000e+00 1.000000000000e+00 0.000000000000e+00
5.011872336273e+00 -5.496849929307e-01 1.025310659817e-02 0.000000000000e+00 0.000000000000e+00 3.255934085391e-22 1.745556907637e-20 0.000000000000e+00 0.000000000000e+00 1.000000000000e+00 0.000000000000e+00
5.623413251903e+00 -5.496357106277e-01 1.150314789054e-02 0.000000000000e+00 0.000000000000e+00 3.255643442674e-22 1.555589751777e-20 0.000000000000e+00 0.000000000000e+00 1.000000000000e+00 0.000000000000e+00
6.309573444802e+00 -5.495736806391e-01 1.290529394166e-02 0.000000000000e+00 0.000000000000e+00 3.255277620400e-22 1.386264358972e-20 0.000000000000e+00 0.000000000000e+00 1.000000000000e+00 0.000000000000e+00
7.079457843841e+00 -5.494956092541e-01 1.447792991222e-02 0.000000000000e+00 0.000000000000e+00 3.254817193772e-22 1.235333896322e-20 0.000000000000e+00 0.000000000000e+00 1.000000000000e+00 0.000000000000e+00
7.943282347243e+00 -5.493973544742e-01 1.624161251637e-02 0.000000000000e+00 0.000000000000e+00 3.254237735460e-22 1.100795626589e-20 0.000000000000e+00 0.000000000000e+00 1.000000000000e+00 0.000000000000e+00
8.912509381337e+00 -5.492737090836e-01 1.821930552993e-02 0.000000000000e+00 0.000000000000e+00 3.253508535796e-22 9.808643354010e-21 0.000000000000e+00 0.000000000000e+00 1.000000000000e+00 0.000000000000e+00
1.000000000000e+01 -5.491181273820e-01 2.043663192858e-02 0.000000000000e+00 0.000000000000e+00 3.252590991591e-22 8.739486431442e-21 0.000000000000e+00 0.000000000000e+00 1.000000000000e+00 0.000000000000e+00
1.122018454302e+01 -5.489223859878e-01 2.292213991734e-02 0.000000000000e+00 0.000000000000e+00 3.251436605260e-22 7.786298948032e-21 0.000000000000e+00 0.000000000000e+00 1.000000000000e+00 0.000000000000e+00
1.258925411794e+01 -5.486761600685e-01 2.570757764688e-02 0.000000000000e+00 0.000000000000e+00 3.249984486012e-22 6.936433422827e-21 0.000000000000e+00 0.000000000000e+00 1.000000000000e+00 0.000000000000e+00
1.412537544623e+01 -5.483664923727e-01 2.882816798108e-02 0.000000000000e+00 0.000000000000e+00 3.248158218466e-22 6.178613674431e-21 0.000000000000e+00 0.000000000000e+00 1.000000000000e+00 0.000000000000e+00
1.584893192461e+01 -5.479771386732e-01 3.232287034808e-02 0.000000000000e+00 0.000000000000e+00 3.245862002138e-22 5.502785344534e-21 0.000000000000e+00 0.000000000000e+00 1.000000000000e+00 0.000000000000e+00
1.778279410039e+01 -5.474877531042e-01 3.623460926867e-02 0.000000000000e+00 0.000000000000e+00 3.242975847056e-22 4.899982629148e-21 0.000000000000e+00 0.000000000000e+00 1.000000000000e+00 0.000000000000e+00
1.995262314969e+01 -5.468728892732e-01 4.061044050469e-02 0.000000000000e+00 0.000000000000e+00 3.239349683011e-22 4.362209566010e-21 0.000000000000e+00 0.000000000000e+00 1.000000000000e+00 0.000000000000e+00
2.238721138568e+01 -5.461007742831e-01 4.550161202924e-02 0.000000000000e+00 0.000000000000e+00 3.234796129056e-22 3.882334255770e-21 0.000000000000e+00 0.000000000000e+00 1.000000000000e+00 0.000000000000e+00
2.511886431510e+01 -5.451318199309e-01 5.096345978927e-02 0.000000000000e+00 0.000000000000e+00 3.229081713552e-22 3.453994682648e-21 0.000000000000e+00 0.000000000000e+00 1.000000000000e+00 0.000000000000e+00
2.818382931264e+01 -5.439168356888e-01 5.705505482669e-02 0.000000000000e+00 0.000000000000e+00 3.221916334791e-22 3.071514948227e-21 0.000000000000e+00 0.000000000000e+00 1.000000000000e+00 0.000000000000e+00
3.162277660168e+01 -5.423949069943e-01 6.383848692632e-02 0.000000000000e+00 0.000000000000e+00 3.212940748949e-22 2.729830831867e-21 0.000000000000e+00 0.000000000000e+00 1.000000000000e+00 0.000000000000e+00
3.548133892336e+01 -5.404909272040e-01 7.137763169208e-02 0.000000000000e+00 0.000000000000e+00 3.201712013889e-22 2.424423806194e-21 0.000000000000e+00 0.000000000000e+00 1.000000000000e+00 0.000000000000e+00
3.981071705535e+01 -5.381127988849e-01 7.973620054099e-02 0.000000000000e+00 0.000000000000e+00 3.187686984336e-22 2.151262730684e-21 0.000000000000e+00 0.000000000000e+00 1.000000000000e+00 0.000000000000e+00
4.466835921510e+01 -5.351483752442e-01 8.897481946207e-02 0.000000000000e+00 0.000000000000e+00 3.170204273664e-22 1.906752580687e-21 0.000000000000e+00 0.000000000000e+00 1.000000000000e+00 0.000000000000e+00
5.011872336273e+01 -5.314623058469e-01 9.914682884043e-02 0.000000000000e+00 0.000000000000e+00 3.148465651751e-22 1.687689696918e-21 0.000000000000e+00 0.000000000000e+00 1.000000000000e+00 0.000000000000e+00
5.623413251903e+01 -5.268930841029e-01 1.102924540213e-01 0.000000000000e+00 0.000000000000e+00 3.121518632427e-22 1.491223124816e-21 0.000000000000e+00 0.000000000000e+00 1.000000000000e+00 0.000000000000e+00
6.309573444802e+01 -5.212508023737e-01 1.224309915789e-01 0.000000000000e+00 0.000000000000e+00 3.088243233516e-22 1.314821715204e-21 0.000000000000e+00 0.000000000000e+00 1.000000000000e+00 0.000000000000e+00
7.079457843841e+01 -5.143163722542e-01 1.355507211580e-01 0.000000000000e+00 0.000000000000e+00 3.047347379931e-22 1.156246633034e-21 0.000000000000e+00 0.000000000000e+00 1.000000000000e+00 0.000000000000e+00
7.943282347243e+01 -5.058433039040e-01 1.495964529572e-01 0.000000000000e+00 0.000000000000e+00 2.997377395918e-22 1.013528900620e-21 0.000000000000e+00 0.000000000000e+00 1.000000000000e+00 0.000000000000e+00
8.912509381337e+01 -4.955634722315e-01 1.644550231713e-01 0.000000000000e+00 0.000000000000e+00 2.936752011605e-22 8.849513963561e-22 0.000000000000e+00 0.000000000000e+00 1.000000000000e+00 0.000000000000e+00
1.000000000000e+02 -4.831985393815e-01 1.799397286583e-01 0.000000000000e+00 0.000000000000e+00 2.863829727481e-22 7.690343603782e-22 0.000000000000e+00 0.000000000000e+00 1.000000000000e+00 0.000000000000e+00
1.122018454302e+02 -4.684786896620e-01 1.957756916563e-01 0.000000000000e+00 0.000000000000e+00 2.777019303447e-22 6.645229310366e-22 0.000000000000e+00 0.000000000000e+00 1.000000000000e+00 0.000000000000e+00
1.258925411794e+02 -4.511697613818e-01 2.115893848521e-01 0.000000000000e+00 0.000000000000e+00 2.674939769234e-22 5.703745196098e-22 0.000000000000e+00 0.000000000000e+00 1.000000000000e+00 0.000000000000e+00
1.412537544623e+02 -4.311084730567e-01 2.269067619942e-01 0.000000000000e+00 0.000000000000e+00 2.556628171075e-22 4.857431560489e-22 0.000000000000e+00 0.000000000000e+00 1.000000000000e+00 0.000000000000e+00
1.584893192461e+02 -4.082430453644e-01 2.411650683276e-01 0.000000000000e+00 0.000000000000e+00 2.421779139953e-22 4.099575855421e-22 0.000000000000e+00 0.000000000000e+00 1.000000000000e+00 0.000000000000e+00
1.778279410039e+02 -3.826733611593e-01 2.537426725684e-01 0.000000000000e+00 0.000000000000e+00 2.270981735772e-22 3.424903683544e-22 0.000000000000e+00 0.000000000000e+00 1.000000000000e+00 0.000000000000e+00
1.995262314969e+02 -3.546816995887e-01 2.640084076581e-01 0.000000000000e+00 0.000000000000e+00 2.105900701962e-22 2.829169141839e-22 0.000000000000e+00 0.000000000000e+00 1.000000000000e+00 0.000000000000e+00
2.238721138568e+02 -3.247436222306e-01 2.713868416212e-01 0.000000000000e+00 0.000000000000e+00 1.929340666420e-22 2.308664166573e-22 0.000000000000e+00 0.000000000000e+00 1.000000000000e+00 0.000000000000e+00
2.511886431510e+02 -2.935103961985e-01 2.754296936151e-01 0.000000000000e+00 0.000000000000e+00 1.745142481895e-22 1.859703122629e-22 0.000000000000e+00 0.000000000000e+00 1.000000000000e+00 0.000000000000e+00
2.818382931264e+02 -2.617602167116e-01 2.758787236603e-01 0.000000000000e+00 0.000000000000e+00 1.557895560503e-22 1.478167921481e-22 0.000000000000e+00 0.000000000000e+00 1.000000000000e+00 0.000000000000e+00
3.162277660168e+02 -2.303241693196e-01 2.727046933797e-01 0.000000000000e+00 0.000000000000e+00 1.372501235502e-22 1.159203397051e-22 0.000000000000e+00 0.000000000000e+00 1.000000000000e+00 0.000000000000e+00
3.548133892336e+02 -2.000010485366e-01 2.661118990498e-01 0.000000000000e+00 0.000000000000e+00 1.193670403490e-22 8.971238533740e-23 0.000000000000e+00 0.000000000000e+00 1.000000000000e+00 0.000000000000e+00
3.981071705535e+02 -1.714790227582e-01 2.565070147253e-01 0.000000000000e+00 0.000000000000e+00 1.025461542789e-22 6.855373659906e-23 0.000000000000e+00 0.000000000000e+00 1.000000000000e+00 0.000000000000e+00
4.466835921510e+02 -1.452797350649e-01 2.444407536796e-01 0.000000000000e+00 0.000000000000e+00 8.709510473482e-23 5.176368322616e-23 0.000000000000e+00 0.000000000000e+00 1.000000000000e+00 0.000000000000e+00
5.011872336273e+02 -1.217329966469e-01 2.305370717048e-01 0.000000000000e+00 0.000000000000e+00 7.320839811133e-23 3.865702646443e-23 0.000000000000e+00 0.000000000000e+00 1.000000000000e+00 0.000000000000e+00
5.623413251903e+02 -1.009813091807e-01 2.154252456159e-01 0.000000000000e+00 0.000000000000e+00 6.097007488144e-23 2.857992787656e-23 0.000000000000e+00 0.000000000000e+00 1.000000000000e+00 0.000000000000e+00
6.309573444802e+02 -8.300667944701e-02 1.996860430082e-01 0.000000000000e+00 0.000000000000e+00 5.036952353321e-23 2.093790247358e-23 0.000000000000e+00 0.000000000000e+00 1.000000000000e+00 0.000000000000e+00
7.079457843841e+02 -6.766938744241e-02 1.838170691973e-01 0.000000000000e+00 0.000000000000e+00 4.132434408510e-23 1.521291283195e-23 0.000000000000e+00 0.000000000000e+00 1.000000000000e+00 0.000000000000e+00
7.943282347243e+02 -5.474916941039e-02 1.682168543187e-01 0.000000000000e+00 0.000000000000e+00 3.370463582400e-23 1.096977365395e-23 0.000000000000e+00 0.000000000000e+00 1.000000000000e+00 0.000000000000e+00
8.912509381337e+02 -4.398213456697e-02 1.531838284531e-01 0.000000000000e+00 0.000000000000e+00 2.735476896244e-23 7.854100146887e-24 0.000000000000e+00 0.000000000000e+00 1.000000000000e+00 0.000000000000e+00
1.000000000000e+03 -3.508999212645e-02 1.389251308934e-01 0.000000000000e+00 0.000000000000e+00 2.211062130133e-23 5.584745699991e-24 0.000000000000e+00 0.000000000000e+00 1.000000000000e+00 0.000000000000e+00
1.122018454302e+03 -2.780078838638e-02 1.255705718324e-01 0.000000000000e+00 0.000000000000e+00 1.781180794059e-23 3.943458217287e-24 0.000000000000e+00 0.000000000000e+00 1.000000000000e+00 0.000000000000e+00
1.258925411794e+03 -2.186198681367e-02 1.131881987804e-01 0.000000000000e+00 0.000000000000e+00 1.430939527224e-23 2.763820028251e-24 0.000000000000e+00 0.000000000000e+00 1.000000000000e+00 0.000000000000e+00
1.412537544623e+03 -1.704746423308e-02 1.017991866122e-01 0.000000000000e+00 0.000000000000e+00 1.147002698352e-23 1.920790148352e-24 0.000000000000e+00 0.000000000000e+00 1.000000000000e+00 0.000000000000e+00
1.584893192461e+03 -1.316012692547e-02 9.139084556261e-02 0.000000000000e+00 0.000000000000e+00 9.177466906772e-24 1.321539686002e-24 0.000000000000e+00 0.000000000000e+00 1.000000000000e+00 0.000000000000e+00
1.778279410039e+03 -1.003164736008e-02 8.192729363350e-02 0.000000000000e+00 0.000000000000e+00 7.332443755666e-24 8.978264358728e-25 0.000000000000e+00 0.000000000000e+00 1.000000000000e+00 0.000000000000e+00
1.995262314969e+03 -7.520495702089e-03 7.335780884114e-02 0.000000000000e+00 0.000000000000e+00 5.851490204463e-24 5.998830612392e-25 0.000000000000e+00 0.000000000000e+00 1.000000000000e+00 0.000000000000e+00
2.238721138568e+03 -5.509106606694e-03 6.562311449968e-02 0.000000000000e+00 0.000000000000e+00 4.665272004596e-24 3.916528652779e-25 0.000000000000e+00 0.000000000000e+00 1.000000000000e+00 0.000000000000e+00
2.511886431510e+03 -3.900740129101e-03 5.865994677831e-02 0.000000000000e+00 0.000000000000e+00 3.716736701959e-24 2.471537190030e-25 0.000000000000e+00 0.000000000000e+00 1.000000000000e+00 0.000000000000e+00
2.818382931264e+03 -2.616380278712e-03 5.240426045210e-02 0.000000000000e+00 0.000000000000e+00 2.959284559081e-24 1.477477917371e-25 0.000000000000e+00 0.000000000000e+00 1.000000000000e+00 0.000000000000e+00
3.162277660168e+03 -1.591862603927e-03 4.679339186944e-02 0.000000000000e+00 0.000000000000e+00 2.355074544505e-24 8.011719063550e-26 0.000000000000e+00 0.000000000000e+00 1.000000000000e+00 0.000000000000e+00
3.548133892336e+03 -7.753214946383e-04 4.176744813827e-02 0.000000000000e+00 0.000000000000e+00 1.873518878717e-24 3.477778801551e-26 0.000000000000e+00 0.000000000000e+00 1.000000000000e+00 0.000000000000e+00
3.981071705535e+03 -1.249845186842e-04 3.727013455907e-02 0.000000000000e+00 0.000000000000e+00 1.489982241855e-24 4.996620364358e-27 0.000000000000e+00 0.000000000000e+00 1.000000000000e+00 0.000000000000e+00
4.466835921510e+03 3.926954130985e-04 3.324918502748e-02 0.000000000000e+00 0.000000000000e+00 1.184680217487e-24 -1.399187640165e-26 0.000000000000e+00 0.000000000000e+00 1.000000000000e+00 0.000000000000e+00
5.011872336273e+03 8.045985998161e-04 2.965651882277e-02 0.000000000000e+00 0.000000000000e+00 9.417601345086e-25 -2.555050004698e-26 0.000000000000e+00 0.000000000000e+00 1.000000000000e+00 0.000000000000e+00
5.623413251903e+03 1.132224752526e-03 2.644821389859e-02 0.000000000000e+00 0.000000000000e+00 7.485425291369e-25 -3.204444667011e-26 0.000000000000e+00 0.000000000000e+00 1.000000000000e+00 0.000000000000e+00
6.309573444802e+03 1.392745532824e-03 2.358436222388e-02 0.000000000000e+00 0.000000000000e+00 5.949004097371e-25 -3.513111273731e-26 0.000000000000e+00 0.000000000000e+00 1.000000000000e+00 0.000000000000e+00
7.079457843841e+03 1.599860333728e-03 2.102885347726e-02 0.000000000000e+00 0.000000000000e+00 4.727545600658e-25 -3.596683333407e-26 0.000000000000e+00 0.000000000000e+00 1.000000000000e+00 0.000000000000e+00
7.943282347243e+03 1.764488612251e-03 1.874911943633e-02 0.000000000000e+00 0.000000000000e+00 3.756652359152e-25 -3.535403532083e-26 0.000000000000e+00 0.000000000000e+00 1.000000000000e+00 0.000000000000e+00
8.912509381337e+03 1.895327821688e-03 1.671586097858e-02 0.000000000000e+00 0.000000000000e+00 2.985031250980e-25 -3.384577549299e-26 0.000000000000e+00 0.000000000000e+00 1.000000000000e+00 0.000000000000e+00
1.000000000000e+04 1.999301662454e-03 1.490277257102e-02 0.000000000000e+00 0.000000000000e+00 2.371849920453e-25 -3.181987423130e-26 0.000000000000e+00 0.000000000000e+00 1.000000000000e+00 0.000000000000e+00
1.122018454302e+04 2.081919355437e-03 1.328627374555e-02 0.000000000000e+00 0.000000000000e+00 1.884617970221e-25 -2.953139988614e-26 0.000000000000e+00 0.000000000000e+00 1.000000000000e+00 0.000000000000e+00
1.258925411794e+04 2.147563065228e-03 1.184525325638e-02 0.000000000000e+00 0.000000000000e+00 1.497491900831e-25 -2.714976393603e-26 0.000000000000e+00 0.000000000000e+00 1.000000000000e+00 0.000000000000e+00
1.412537544623e+04 2.199717490451e-03 1.056082965760e-02 0.000000000000e+00 0.000000000000e+00 1.189921110090e-25 -2.478489250371e-26 0.000000000000e+00 0.000000000000e+00 1.000000000000e+00 0.000000000000e+00
1.584893192461e+04 2.241153059971e-03 9.416129373393e-03 0.000000000000e+00 0.000000000000e+00 9.455675257533e-26 -2.250565460288e-26 0.000000000000e+00 0.000000000000e+00 1.000000000000e+00 0.000000000000e+00
1.778279410039e+04 2.274071958652e-03 8.396083351360e-03 0.000000000000e+00 0.000000000000e+00 7.514444358109e-26 -2.035280795141e-26 0.000000000000e+00 0.000000000000e+00 1.000000000000e+00 0.000000000000e+00
1.995262314969e+04 2.300224455210e-03 7.487241455269e-03 0.000000000000e+00 0.000000000000e+00 5.972304888322e-26 -1.834806829775e-26 0.000000000000e+00 0.000000000000e+00 1.000000000000e+00 0.000000000000e+00
2.238721138568e+04 2.321001509675e-03 6.677604268401e-03 0.000000000000e+00 0.000000000000e+00 4.747235861651e-26 -1.650044111455e-26 0.000000000000e+00 0.000000000000e+00 1.000000000000e+00 0.000000000000e+00
2.511886431510e+04 2.337508467575e-03 5.956471151330e-03 0.000000000000e+00 0.000000000000e+00 3.774063250740e-26 -1.481062290342e-26 0.000000000000e+00 0.000000000000e+00 1.000000000000e+00 0.000000000000e+00
2.818382931264e+04 2.350623684656e-03 5.314303393405e-03 0.000000000000e+00 0.000000000000e+00 3.001003322770e-26 -1.327404358760e-26 0.000000000000e+00 0.000000000000e+00 1.000000000000e+00 0.000000000000e+00
3.162277660168e+04 2.361045153321e-03 4.742601233997e-03 0.000000000000e+00 0.000000000000e+00 2.386913834308e-26 -1.188295423102e-26 0.000000000000e+00 0.000000000000e+00 1.000000000000e+00 0.000000000000e+00
3.548133892336e+04 2.369327576001e-03 4.233793714392e-03 0.000000000000e+00 0.000000000000e+00 1.899108709297e-26 -1.062784570611e-26 0.000000000000e+00 0.000000000000e+00 1.000000000000e+00 0.000000000000e+00
3.981071705535e+04 2.375911846091e-03 3.781140011409e-03 0.000000000000e+00 0.000000000000e+00 1.511620909768e-26 -9.498399994394e-27 0.000000000000e+00 0.000000000000e+00 1.000000000000e+00 0.000000000000e+00
4.466835921510e+04 2.381148489286e-03 3.378641285310e-03 0.000000000000e+00 0.000000000000e+00 1.203821834829e-26 -8.484116250649e-27 0.000000000000e+00 0.000000000000e+00 1.000000000000e+00 0.000000000000e+00
5.011872336273e+04 2.385316306077e-03 3.020962001827e-03 0.000000000000e+00 0.000000000000e+00 9.593241870973e-27 -7.574711714063e-27 0.000000000000e+00 0.000000000000e+00 1.000000000000e+00 0.000000000000e+00
5.623413251903e+04 2.388637203369e-03 2.703359786963e-03 0.000000000000e+00 0.000000000000e+00 7.651101809139e-27 -6.760367789793e-27 0.000000000000e+00 0.000000000000e+00 1.000000000000e+00 0.000000000000e+00
6.309573444802e+04 2.391288003365e-03 2.421622939437e-03 0.000000000000e+00 0.000000000000e+00 6.108388538264e-27 -6.031870607764e-27 0.000000000000e+00 0.000000000000e+00 1.000000000000e+00 0.000000000000e+00
7.079457843841e+04 2.393409853290e-03 2.172014880082e-03 0.000000000000e+00 0.000000000000e+00 4.882957314836e-27 -5.380680518178e-27 0.000000000000e+00 0.000000000000e+00 1.000000000000e+00 0.000000000000e+00
7.943282347243e+04 2.395115738011e-03 1.951224799228e-03 0.000000000000e+00 0.000000000000e+00 3.909556003511e-27 -4.798954541928e-27 0.000000000000e+00 0.000000000000e+00 1.000000000000e+00 0.000000000000e+00
8.912509381337e+04 2.396496495225e-03 1.756323876823e-03 0.000000000000e+00 0.000000000000e+00 3.136351556067e-27 -4.279538421755e-27 0.000000000000e+00 0.000000000000e+00 1.000000000000e+00 0.000000000000e+00
1.000000000000e+05 2.397625650425e-03 1.584726540938e-03 0.000000000000e+00 0.000000000000e+00 2.522170624396e-27 -3.815939739485e-27 0.000000000000e+00 0.000000000000e+00 1.000000000000e+00 0.000000000000e+00
1.122018454302e+05 2.398563332110e-03 1.434156231381e-03 0.000000000000e+00 0.000000000000e+00 2.034307479659e-27 -3.402289945950e-27 0.000000000000e+00 0.000000000000e+00 1.000000000000e+00 0.000000000000e+00
1.258925411794e+05 2.399359473157e-03 1.302615234782e-03 0.000000000000e+00 0.000000000000e+00 1.646782657827e-27 -3.033300597708e-27 0.000000000000e+00 0.000000000000e+00 1.000000000000e+00 0.000000000000e+00
1.412537544623e+05 2.400056469026e-03 1.188358225249e-03 0.000000000000e+00 0.000000000000e+00 1.338959707182e-27 -2.704217330004e-27 0.000000000000e+00 0.000000000000e+00 1.000000000000e+00 0.000000000000e+00
1.584893192461e+05 2.400691435122e-03 1.089869112126e-03 0.000000000000e+00 0.000000000000e+00 1.094446347202e-27 -2.410773865114e-27 0.000000000000e+00 0.000000000000e+00 1.000000000000e+00 0.000000000000e+00
1.778279410039e+05 2.401298183704e-03 1.005840919737e-03 0.000000000000e+00 0.000000000000e+00 9.002216043107e-28 -2.149147505259e-27 0.000000000000e+00 0.000000000000e+00 1.000000000000e+00 0.000000000000e+00
1.995262314969e+05 2.401909021713e-03 9.351584627077e-04 0.000000000000e+00 0.000000000000e+00 7.459424798327e-28 -1.915916973896e-27 0.000000000000e+00 0.000000000000e+00 1.000000000000e+00 0.000000000000e+00
2.238721138568e+05 2.402556473677e-03 8.768834812369e-04 0.000000000000e+00 0.000000000000e+00 6.233931424059e-28 -1.708023086286e-27 0.000000000000e+00 0.000000000000e+00 1.000000000000e+00 0.000000000000e+00
2.511886431510e+05 2.403275010180e-03 8.302421858762e-04 0.000000000000e+00 0.000000000000e+00 5.260474605331e-28 -1.522732447937e-27 0.000000000000e+00 0.000000000000e+00 1.000000000000e+00 0.000000000000e+00
2.818382931264e+05 2.404102882619e-03 7.946149104807e-04 0.000000000000e+00 0.000000000000e+00 4.487214617093e-28 -1.357604224841e-27 0.000000000000e+00 0.000000000000e+00 1.000000000000e+00 0.000000000000e+00
3.162277660168e+05 2.405084170055e-03 7.695278065567e-04 0.000000000000e+00 0.000000000000e+00 3.872972819692e-28 -1.210459913238e-27 0.000000000000e+00 0.000000000000e+00 1.000000000000e+00 0.000000000000e+00
3.548133892336e+05 2.406271069598e-03 7.546464157666e-04 0.000000000000e+00 0.000000000000e+00 3.385038755597e-28 -1.079355928402e-27 0.000000000000e+00 0.000000000000e+00 1.000000000000e+00 0.000000000000e+00
3.981071705535e+05 2.407726748386e-03 7.497710469490e-04 0.000000000000e+00 0.000000000000e+00 2.997428258911e-28 -9.625589337852e-28 0.000000000000e+00 0.000000000000e+00 1.000000000000e+00 0.000000000000e+00
4.466835921510e+05 2.409528642578e-03 7.548338631494e-04 0.000000000000e+00 0.000000000000e+00 2.689499740852e-28 -8.585235740160e-28 0.000000000000e+00 0.000000000000e+00 1.000000000000e+00 0.000000000000e+00
5.011872336273e+05 2.411772564024e-03 7.698975924822e-04 0.000000000000e+00 0.000000000000e+00 2.444854922408e-28 -7.658725111568e-28 0.000000000000e+00 0.000000000000e+00 1.000000000000e+00 0.000000000000e+00
5.623413251903e+05 2.414577839134e-03 7.951558372086e-04 0.000000000000e+00 0.000000000000e+00 2.250465622053e-28 -6.833785485144e-28 0.000000000000e+00 0.000000000000e+00 1.000000000000e+00 0.000000000000e+00
6.309573444802e+05 2.418093486151e-03 8.309348766900e-04 0.000000000000e+00 0.000000000000e+00 2.095979929064e-28 -6.099485718740e-28 0.000000000000e+00 0.000000000000e+00 1.000000000000e+00 0.000000000000e+00
7.079457843841e+05 2.422506225498e-03 8.776969330159e-04 0.000000000000e+00 0.000000000000e+00 1.973170947650e-28 -5.446092751217e-28 0.000000000000e+00 0.000000000000e+00 1.000000000000e+00 0.000000000000e+00
7.943282347243e+05 2.428050175133e-03 9.360448096176e-04 0.000000000000e+00 0.000000000000e+00 1.875498715690e-28 -4.864943364147e-28 0.000000000000e+00 0.000000000000e+00 1.000000000000e+00 0.000000000000e+00
8.912509381337e+05 2.435019300041e-03 1.006727748752e-03 0.000000000000e+00 0.000000000000e+00 1.797761895178e-28 -4.348330436961e-28 0.000000000000e+00 0.000000000000e+00 1.000000000000e+00 0.000000000000e+00
1.000000000000e+06 2.443782593336e-03 1.090648401468e-03 0.000000000000e+00 0.000000000000e+00 1.735820842688e-28 -3.889400795714e-28 0.000000000000e+00 0.000000000000e+00 1.000000000000e+00 0.000000000000e+00
1.122018454302e+06 2.454803438729e-03 1.188870567123e-03 0.000000000000e+00 0.000000000000e+00 1.686377142270e-28 -3.482064845678e-28 0.000000000000e+00 0.000000000000e+00 1.000000000000e+00 0.000000000000e+00
1.258925411794e+06 2.468663450944e-03 1.302627389501e-03 0.000000000000e+00 0.000000000000e+00 1.646798023964e-28 -3.120915563123e-28 0.000000000000e+00 0.000000000000e+00 1.000000000000e+00 0.000000000000e+00
1.412537544623e+06 2.486092433128e-03 1.433329346949e-03 0.000000000000e+00 0.000000000000e+00 1.614976193122e-28 -2.801156692946e-28 0.000000000000e+00 0.000000000000e+00 1.000000000000e+00 0.000000000000e+00
1.584893192461e+06 2.508005358174e-03 1.582571246933e-03 0.000000000000e+00 0.000000000000e+00 1.589217733678e-28 -2.518538485452e-28 0.000000000000e+00 0.000000000000e+00 1.000000000000e+00 0.000000000000e+00
1.778279410039e+06 2.535548371502e-03 1.752136879148e-03 0.000000000000e+00 0.000000000000e+00 1.568152022205e-28 -2.269300619999e-28 0.000000000000e+00 0.000000000000e+00 1.000000000000e+00 0.000000000000e+00
1.995262314969e+06 2.570155267748e-03 1.943999602008e-03 0.000000000000e+00 0.000000000000e+00 1.550658997101e-28 -2.050120990644e-28 0.000000000000e+00 0.000000000000e+00 1.000000000000e+00 0.000000000000e+00
2.238721138568e+06 2.613617057158e-03 2.160316197491e-03 0.000000000000e+00 0.000000000000e+00 1.535809867289e-28 -1.858070068798e-28 0.000000000000e+00 0.000000000000e+00 1.000000000000e+00 0.000000000000e+00
2.511886431510e+06 2.668166106881e-03 2.403410437751e-03 0.000000000000e+00 0.000000000000e+00 1.522818255827e-28 -1.690569364815e-28 0.000000000000e+00 0.000000000000e+00 1.000000000000e+00 0.000000000000e+00
2.818382931264e+06 2.736577998060e-03 2.675741235087e-03 0.000000000000e+00 0.000000000000e+00 1.510999230356e-28 -1.545353935820e-28 0.000000000000e+00 0.000000000000e+00 1.000000000000e+00 0.000000000000e+00
3.162277660168e+06 2.822292252914e-03 2.979848512098e-03 0.000000000000e+00 0.000000000000e+00 1.499734278047e-28 -1.420437454178e-28 0.000000000000e+00 0.000000000000e+00 1.000000000000e+00 0.000000000000e+00
3.548133892336e+06 2.929553264300e-03 3.318267443546e-03 0.000000000000e+00 0.000000000000e+00 1.488440634335e-28 -1.314079167281e-28 0.000000000000e+00 0.000000000000e+00 1.000000000000e+00 0.000000000000e+00
3.981071705535e+06 3.063570945588e-03 3.693398655918e-03 0.000000000000e+00 0.000000000000e+00 1.476543745949e-28 -1.224751764268e-28 0.000000000000e+00 0.000000000000e+00 1.000000000000e+00 0.000000000000e+00
4.466835921510e+06 3.230696821610e-03 4.107318524153e-03 0.000000000000e+00 0.000000000000e+00 1.463452111200e-28 -1.151108699369e-28 0.000000000000e+00 0.000000000000e+00 1.000000000000e+00 0.000000000000e+00
5.011872336273e+06 3.438606439181e-03 4.561509730919e-03 0.000000000000e+00 0.000000000000e+00 1.448534146377e-28 -1.091949625657e-28 0.000000000000e+00 0.000000000000e+00 1.000000000000e+00 0.000000000000e+00
5.623413251903e+06 3.696470853100e-03 5.056488567599e-03 0.000000000000e+00 0.000000000000e+00 1.431097296555e-28 -1.046182419666e-28 0.000000000000e+00 0.000000000000e+00 1.000000000000e+00 0.000000000000e+00
6.309573444802e+06 4.015086549577e-03 5.591303517817e-03 0.000000000000e+00 0.000000000000e+00 1.410370448926e-28 -1.012779828775e-28 0.000000000000e+00 0.000000000000e+00 1.000000000000e+00 0.000000000000e+00
7.079457843841e+06 4.406916729534e-03 6.162880935434e-03 0.000000000000e+00 0.000000000000e+00 1.385491638197e-28 -9.907292292303e-29 0.000000000000e+00 0.000000000000e+00 1.000000000000e+00 0.000000000000e+00
7.943282347243e+06 4.885972279307e-03 6.765202812731e-03 0.000000000000e+00 0.000000000000e+00 1.355504464775e-28 -9.789739380617e-29 0.000000000000e+00 0.000000000000e+00 1.000000000000e+00 0.000000000000e+00
8.912509381337e+06 5.467434751805e-03 7.388322507074e-03 0.000000000000e+00 0.000000000000e+00 1.319368090226e-28 -9.763459756960e-29 0.000000000000e+00 0.000000000000e+00 1.000000000000e+00 0.000000000000e+00
1.000000000000e+07 6.166894687107e-03 8.017265340335e-03 0.000000000000e+00 0.000000000000e+00 1.275987408994e-28 -9.814917729803e-29 0.000000000000e+00 0.000000000000e+00 1.000000000000e+00 0.000000000000e+00
1.122018454302e+07 6.999062286441e-03 8.630927304056e-03 0.000000000000e+00 0.000000000000e+00 1.224271079179e-28 -9.927959345269e-29 0.000000000000e+00 0.000000000000e+00 1.000000000000e+00 0.000000000000e+00
1.258925411794e+07 7.975818056930e-03 9.201180877847e-03 0.000000000000e+00 0.000000000000e+00 1.163224926014e-28 -1.008313008118e-28 0.000000000000e+00 0.000000000000e+00 1.000000000000e+00 0.000000000000e+00
1.412537544623e+07 9.103534674258e-03 9.692515569720e-03 0.000000000000e+00 0.000000000000e+00 1.092085495206e-28 -1.025723208939e-28 0.000000000000e+00 0.000000000000e+00 1.000000000000e+00 0.000000000000e+00
1.584893192461e+07 1.037975113334e-02 1.006265278550e-02 0.000000000000e+00 0.000000000000e+00 1.010491394024e-28 -1.042334403853e-28 0.000000000000e+00 0.000000000000e+00 1.000000000000e+00 0.000000000000e+00
1.778279410039e+07 1.178952855467e-02 1.026462755773e-02 0.000000000000e+00 0.000000000000e+00 9.186780241553e-29 -1.055155750894e-28 0.000000000000e+00 0.000000000000e+00 1.000000000000e+00 0.000000000000e+00
1.995262314969e+07 1.330214981855e-02 1.025073875119e-02 0.000000000000e+00 0.000000000000e+00 8.176647904166e-29 -1.061064944438e-28 0.000000000000e+00 0.000000000000e+00 1.000000000000e+00 0.000000000000e+00
2.238721138568e+07 1.486915469371e-02 9.978452257651e-03 0.000000000000e+00 0.000000000000e+00 7.093871469080e-29 -1.057076483682e-28 0.000000000000e+00 0.000000000000e+00 1.000000000000e+00 0.000000000000e+00
2.511886431510e+07 1.642486481778e-02 9.417773325847e-03 0.000000000000e+00 0.000000000000e+00 5.967169370897e-29 -1.040691327671e-28 0.000000000000e+00 0.000000000000e+00 1.000000000000e+00 0.000000000000e+00
2.818382931264e+07 1.789035534010e-02 8.558880440596e-03 0.000000000000e+00 0.000000000000e+00 4.833225869851e-29 -1.010273818530e-28 0.000000000000e+00 0.000000000000e+00 1.000000000000e+00 0.000000000000e+00
3.162277660168e+07 1.918114537438e-02 7.418198171659e-03 0.000000000000e+00 0.000000000000e+00 3.733520692146e-29 -9.653719339542e-29 0.000000000000e+00 0.000000000000e+00 1.000000000000e+00 0.000000000000e+00
3.548133892336e+07 2.021779638957e-02 6.040923490444e-03 0.000000000000e+00 0.000000000000e+00 2.709714073702e-29 -9.068886156680e-29 0.000000000000e+00 0.000000000000e+00 1.000000000000e+00 0.000000000000e+00
3.981071705535e+07 2.093747030431e-02 4.498569075382e-03 0.000000000000e+00 0.000000000000e+00 1.798434085455e-29 -8.370363915168e-29 0.000000000000e+00 0.000000000000e+00 1.000000000000e+00 0.000000000000e+00
4.466835921510e+07 2.130380525148e-02 2.881309388996e-03 0.000000000000e+00 0.000000000000e+00 1.026620721902e-29 -7.590621128734e-29 0.000000000000e+00 0.000000000000e+00 1.000000000000e+00 0.000000000000e+00
5.011872336273e+07 2.131260734083e-02 1.286426074650e-03 0.000000000000e+00 0.000000000000e+00 4.085121387092e-30 -6.767943357058e-29 0.000000000000e+00 0.000000000000e+00 1.000000000000e+00 0.000000000000e+00
5.623413251903e+07 2.099188246939e-02 -1.946388903665e-04 0.000000000000e+00 0.000000000000e+00 -5.508707991407e-31 -5.941163685022e-29 0.000000000000e+00 0.000000000000e+00 1.000000000000e+00 0.000000000000e+00
6.309573444802e+07 2.039629248659e-02 -1.487700586809e-03 0.000000000000e+00 0.000000000000e+00 -3.752629306922e-30 -5.144833954921e-29 0.000000000000e+00 0.000000000000e+00 1.000000000000e+00 0.000000000000e+00
7.079457843841e+07 1.959762283108e-02 -2.543341359589e-03 0.000000000000e+00 0.000000000000e+00 -5.717745034682e-30 -4.405787300690e-29 0.000000000000e+00 0.000000000000e+00 1.000000000000e+00 0.000000000000e+00
7.943282347243e+07 1.867373994479e-02 -3.339394487094e-03 0.000000000000e+00 0.000000000000e+00 -6.690951124750e-30 -3.741549007456e-29 0.000000000000e+00 0.000000000000e+00 1.000000000000e+00 0.000000000000e+00
8.912509381337e+07 1.769853214976e-02 -3.878727915357e-03 0.000000000000e+00 0.000000000000e+00 -6.926429967414e-30 -3.160511542353e-29 0.000000000000e+00 0.000000000000e+00 1.000000000000e+00 0.000000000000e+00
1.000000000000e+08 1.673459221173e-02 -4.183746472206e-03 0.000000000000e+00 0.000000000000e+00 -6.658639316948e-30 -2.663393071123e-29 0.000000000000e+00 0.000000000000e+00 1.000000000000e+00 0.000000000000e+00
1.122018454302e+08 1.582932037952e-02 -4.289461456688e-03 0.000000000000e+00 0.000000000000e+00 -6.084472063865e-30 -2.245341486609e-29 0.000000000000e+00 0.000000000000e+00 1.000000000000e+00 0.000000000000e+00
1.258925411794e+08 1.501415709976e-02 -4.236768529560e-03 0.000000000000e+00 0.000000000000e+00 -5.356176369930e-30 -1.898108733367e-29 0.000000000000e+00 0.000000000000e+00 1.000000000000e+00 0.000000000000e+00
1.412537544623e+08 1.430607694654e-02 -4.066994474375e-03 0.000000000000e+00 0.000000000000e+00 -4.582407572728e-30 -1.611909623898e-29 0.000000000000e+00 0.000000000000e+00 1.000000000000e+00 0.000000000000e+00
1.584893192461e+08 1.371032993068e-02 -3.818135195902e-03 0.000000000000e+00 0.000000000000e+00 -3.834170609802e-30 -1.376791060916e-29 0.000000000000e+00 0.000000000000e+00 1.000000000000e+00 0.000000000000e+00
1.778279410039e+08 1.322357176634e-02 -3.522724420883e-03 0.000000000000e+00 0.000000000000e+00 -3.152817277020e-30 -1.183501760220e-29 0.000000000000e+00 0.000000000000e+00 1.000000000000e+00 0.000000000000e+00
1.995262314969e+08 1.283680357945e-02 -3.207010751735e-03 0.000000000000e+00 0.000000000000e+00 -2.558117846753e-30 -1.023945938257e-29 0.000000000000e+00 0.000000000000e+00 1.000000000000e+00 0.000000000000e+00
2.238721138568e+08 1.253781250386e-02 -2.891041423319e-03 0.000000000000e+00 0.000000000000e+00 -2.055296326450e-30 -8.913369339178e-30 0.000000000000e+00 0.000000000000e+00 1.000000000000e+00 0.000000000000e+00
2.511886431510e+08 1.231300924230e-02 -2.589280262744e-03 0.000000000000e+00 0.000000000000e+00 -1.640586722778e-30 -7.801611811211e-30 0.000000000000e+00 0.000000000000e+00 1.000000000000e+00 0.000000000000e+00
2.818382931264e+08 1.214869059067e-02 -2.311464057031e-03 0.000000000000e+00 0.000000000000e+00 -1.305290797694e-30 -6.860402602322e-30 0.000000000000e+00 0.000000000000e+00 1.000000000000e+00 0.000000000000e+00
3.162277660168e+08 1.203182851314e-02 -2.063491407514e-03 0.000000000000e+00 0.000000000000e+00 -1.038538967245e-30 -6.055524492425e-30 0.000000000000e+00 0.000000000000e+00 1.000000000000e+00 0.000000000000e+00
3.548133892336e+08 1.195051656205e-02 -1.848225093270e-03 0.000000000000e+00 0.000000000000e+00 -8.290390624090e-31 -5.360518630540e-30 0.000000000000e+00 0.000000000000e+00 1.000000000000e+00 0.000000000000e+00
3.981071705535e+08 1.189419911365e-02 -1.666162621807e-03 0.000000000000e+00 0.000000000000e+00 -6.660970634788e-31 -4.755052717149e-30 0.000000000000e+00 0.000000000000e+00 1.000000000000e+00 0.000000000000e+00
4.466835921510e+08 1.185377989655e-02 -1.515980920944e-03 0.000000000000e+00 0.000000000000e+00 -5.401493617425e-31 -4.223543685084e-30 0.000000000000e+00 0.000000000000e+00 1.000000000000e+00 0.000000000000e+00
5.011872336273e+08 1.182166830456e-02 -1.394985582888e-03 0.000000000000e+00 0.000000000000e+00 -4.429858467298e-31 -3.754040047363e-30 0.000000000000e+00 0.000000000000e+00 1.000000000000e+00 0.000000000000e+00
5.623413251903e+08 1.179178937731e-02 -1.299496843941e-03 0.000000000000e+00 0.000000000000e+00 -3.677861415850e-31 -3.337335321500e-30 0.000000000000e+00 0.000000000000e+00 1.000000000000e+00 0.000000000000e+00
6.309573444802e+08 1.175956419559e-02 -1.225194591872e-03 0.000000000000e+00 0.000000000000e+00 -3.090474772214e-31 -2.966274640762e-30 0.000000000000e+00 0.000000000000e+00 1.000000000000e+00 0.000000000000e+00
7.079457843841e+08 1.172186040273e-02 -1.167434323490e-03 0.000000000000e+00 0.000000000000e+00 -2.624536333390e-31 -2.635218778725e-30 0.000000000000e+00 0.000000000000e+00 1.000000000000e+00 0.000000000000e+00
7.943282347243e+08 1.167691069579e-02 -1.121540148645e-03 0.000000000000e+00 0.000000000000e+00 -2.247164971983e-31 -2.339634896553e-30 0.000000000000e+00 0.000000000000e+00 1.000000000000e+00 0.000000000000e+00
8.912509381337e+08 1.162419458054e-02 -1.083077535024e-03 0.000000000000e+00 0.000000000000e+00 -1.934103360517e-31 -2.075788027588e-30 0.000000000000e+00 0.000000000000e+00 1.000000000000e+00 0.000000000000e+00
1.000000000000e+09 1.156427524235e-02 -1.048102651022e-03 0.000000000000e+00 0.000000000000e+00 -1.668107177779e-31 -1.840511568095e-30 0.000000000000e+00 0.000000000000e+00 1.000000000000e+00 0.000000000000e+00
