# freq_hz rev(vout) imv(vout) rev(vinp) imv(vinp) rev(vinn) imv(vinn) rev(vdd) imv(vdd) rev(vss) imv(vss)
1.000000000000e-01 5.234750148301e-01 1.995675529481e-04 0.000000000000e+00 0.000000000000e+00 3.176216253244e-22 -8.331363619531e-19 1.000000000000e+00 0.000000000000e+00 0.000000000000e+00 0.000000000000e+00
1.122018454302e-01 5.234750366706e-01 2.239184669215e-04 0.000000000000e+00 0.000000000000e+00 3.176216106204e-22 -7.425335951641e-19 1.000000000000e+00 0.000000000000e+00 0.000000000000e+00 0.000000000000e+00
1.258925411794e-01 5.234750641625e-01 2.512406375092e-04 0.000000000000e+00 0.000000000000e+00 3.176215921176e-22 -6.617837980415e-19 1.000000000000e+00 0.000000000000e+00 0.000000000000e+00 0.000000000000e+00
1.412537544623e-01 5.234750987748e-01 2.818966110855e-04 0.000000000000e+00 0.000000000000e+00 3.176215688277e-22 -5.898154698450e-19 1.000000000000e+00 0.000000000000e+00 0.000000000000e+00 0.000000000000e+00
1.584893192461e-01 5.234751423456e-01 3.162931706518e-04 0.000000000000e+00 0.000000000000e+00 3.176215395138e-22 -5.256736345788e-19 1.000000000000e+00 0.000000000000e+00 0.000000000000e+00 0.000000000000e+00
1.778279410039e-01 5.234751972096e-01 3.548867332018e-04 0.000000000000e+00 0.000000000000e+00 3.176215026049e-22 -4.685071690736e-19 1.000000000000e+00 0.000000000000e+00 0.000000000000e+00 0.000000000000e+00
1.995262314969e-01 5.234752662671e-01 3.981894056008e-04 0.000000000000e+00 0.000000000000e+00 3.176214561501e-22 -4.175575090439e-19 1.000000000000e+00 0.000000000000e+00 0.000000000000e+00 0.000000000000e+00
2.238721138568e-01 5.234753532110e-01 4.467757791250e-04 0.000000000000e+00 0.000000000000e+00 3.176213976652e-22 -3.721485834702e-19 1.000000000000e+00 0.000000000000e+00 0.000000000000e+00 0.000000000000e+00
2.511886431510e-01 5.234754626646e-01 5.012905529134e-04 0.000000000000e+00 0.000000000000e+00 3.176213240401e-22 -3.316778434936e-19 1.000000000000e+00 0.000000000000e+00 0.000000000000e+00 0.000000000000e+00
2.818382931264e-01 5.234756004618e-01 5.624570871978e-04 0.000000000000e+00 0.000000000000e+00 3.176212313507e-22 -2.956082669863e-19 1.000000000000e+00 0.000000000000e+00 0.000000000000e+00 0.000000000000e+00
3.162277660168e-01 5.234757739350e-01 6.310869997435e-04 0.000000000000e+00 0.000000000000e+00 3.176211146647e-22 -2.634612325794e-19 1.000000000000e+00 0.000000000000e+00 0.000000000000e+00 0.000000000000e+00
3.548133892336e-01 5.234759923243e-01 7.080909324944e-04 0.000000000000e+00 0.000000000000e+00 3.176209677669e-22 -2.348101686588e-19 1.000000000000e+00 0.000000000000e+00 0.000000000000e+00 0.000000000000e+00
3.981071705535e-01 5.234762672575e-01 7.944906309995e-04 0.000000000000e+00 0.000000000000e+00 3.176207828359e-22 -2.092748930131e-19 1.000000000000e+00 0.000000000000e+00 0.000000000000e+00 0.000000000000e+00
4.466835921510e-01 5.234766133852e-01 8.914324963230e-04 0.000000000000e+00 0.000000000000e+00 3.176205500170e-22 -1.865165680523e-19 1.000000000000e+00 0.000000000000e+00 0.000000000000e+00 0.000000000000e+00
5.011872336273e-01 5.234770491256e-01 1.000202788666e-03 0.000000000000e+00 0.000000000000e+00 3.176202569217e-22 -1.662332046260e-19 1.000000000000e+00 0.000000000000e+00 0.000000000000e+00 0.000000000000e+00
5.623413251903e-01 5.234775976964e-01 1.122244683181e-03 0.000000000000e+00 0.000000000000e+00 3.176198879327e-22 -1.481556548295e-19 1.000000000000e+00 0.000000000000e+00 0.000000000000e+00 0.000000000000e+00
6.309573444802e-01 5.234782882999e-01 1.259177403198e-03 0.000000000000e+00 0.000000000000e+00 3.176194234075e-22 -1.320440405569e-19 1.000000000000e+00 0.000000000000e+00 0.000000000000e+00 0.000000000000e+00
7.079457843841e-01 5.234791577123e-01 1.412817682354e-03 0.000000000000e+00 0.000000000000e+00 3.176188386091e-22 -1.176845704759e-19 1.000000000000e+00 0.000000000000e+00 0.000000000000e+00 0.000000000000e+00
7.943282347243e-01 5.234802522349e-01 1.585203837779e-03 0.000000000000e+00 0.000000000000e+00 3.176181023935e-22 -1.048867031437e-19 1.000000000000e+00 0.000000000000e+00 0.000000000000e+00 0.000000000000e+00
8.912509381337e-01 5.234816301544e-01 1.778622769621e-03 0.000000000000e+00 0.000000000000e+00 3.176171755552e-22 -9.348061863624e-20 1.000000000000e+00 0.000000000000e+00 0.000000000000e+00 0.000000000000e+00
1.000000000000e+00 5.234833648354e-01 1.995640239478e-03 0.000000000000e+00 0.000000000000e+00 3.176160087461e-22 -8.331496513992e-20 1.000000000000e+00 0.000000000000e+00 0.000000000000e+00 0.000000000000e+00
1.122018454302e+00 5.234855486633e-01 2.239134821167e-03 0.000000000000e+00 0.000000000000e+00 3.176145398246e-22 -7.425485061097e-20 1.000000000000e+00 0.000000000000e+00 0.000000000000e+00 0.000000000000e+00
1.258925411794e+00 5.234882979051e-01 2.512335963426e-03 0.000000000000e+00 0.000000000000e+00 3.176126905857e-22 -6.618005283063e-20 1.000000000000e+00 0.000000000000e+00 0.000000000000e+00 0.000000000000e+00
1.412537544623e+00 5.234917589261e-01 2.818866652757e-03 0.000000000000e+00 0.000000000000e+00 3.176103625783e-22 -5.898342413491e-20 1.000000000000e+00 0.000000000000e+00 0.000000000000e+00 0.000000000000e+00
1.584893192461e+00 5.234961160439e-01 3.162791219638e-03 0.000000000000e+00 0.000000000000e+00 3.176074318240e-22 -5.256946963626e-20 1.000000000000e+00 0.000000000000e+00 0.000000000000e+00 0.000000000000e+00
1.778279410039e+00 5.235016012147e-01 3.548668891538e-03 0.000000000000e+00 0.000000000000e+00 3.176037423008e-22 -4.685308005002e-20 1.000000000000e+00 0.000000000000e+00 0.000000000000e+00 0.000000000000e+00
1.995262314969e+00 5.235085064581e-01 3.981613755565e-03 0.000000000000e+00 0.000000000000e+00 3.175990975857e-22 -4.175840235561e-20 1.000000000000e+00 0.000000000000e+00 0.000000000000e+00 0.000000000000e+00
2.238721138568e+00 5.235171993529e-01 4.467361863824e-03 0.000000000000e+00 0.000000000000e+00 3.175932504316e-22 -3.721783326883e-20 1.000000000000e+00 0.000000000000e+00 0.000000000000e+00 0.000000000000e+00
2.511886431510e+00 5.235281426092e-01 5.012346279901e-03 0.000000000000e+00 0.000000000000e+00 3.175858896037e-22 -3.317112218879e-20 1.000000000000e+00 0.000000000000e+00 0.000000000000e+00 0.000000000000e+00
2.818382931264e+00 5.235419186250e-01 5.623780934841e-03 0.000000000000e+00 0.000000000000e+00 3.175766233598e-22 -2.956457170552e-20 1.000000000000e+00 0.000000000000e+00 0.000000000000e+00 0.000000000000e+00
3.162277660168e+00 5.235592604619e-01 6.309754222992e-03 0.000000000000e+00 0.000000000000e+00 3.175649586162e-22 -2.635032506905e-20 1.000000000000e+00 0.000000000000e+00 0.000000000000e+00 0.000000000000e+00
3.548133892336e+00 5.235810907422e-01 7.079333325083e-03 0.000000000000e+00 0.000000000000e+00 3.175502747841e-22 -2.348573115605e-20 1.000000000000e+00 0.000000000000e+00 0.000000000000e+00 0.000000000000e+00
3.981071705535e+00 5.236085705379e-01 7.942680282127e-03 0.000000000000e+00 0.000000000000e+00 3.175317908847e-22 -2.093277851050e-20 1.000000000000e+00 0.000000000000e+00 0.000000000000e+00 0.000000000000e+00
4.466835921510e+00 5.236431610247e-01 8.911180847969e-03 0.000000000000e+00 0.000000000000e+00 3.175085240787e-22 -1.865759095650e-20 1.000000000000e+00 0.000000000000e+00 0.000000000000e+00 0.000000000000e+00
5.011872336273e+00 5.236867006520e-01 9.997587119518e-03 0.000000000000e+00 0.000000000000e+00 3.174792377586e-22 -1.662997806968e-20 1.000000000000e+00 0.000000000000e+00 0.000000000000e+00 0.000000000000e+00
5.623413251903e+00 5.237415023771e-01 1.121617481718e-02 0.000000000000e+00 0.000000000000e+00 3.174423761464e-22 -1.482303456490e-20 1.000000000000e+00 0.000000000000e+00 0.000000000000e+00 0.000000000000e+00
6.309573444802e+00 5.238104755674e-01 1.258291588361e-02 0.000000000000e+00 0.000000000000e+00 3.173959822967e-22 -1.321278326644e-20 1.000000000000e+00 0.000000000000e+00 0.000000000000e+00 0.000000000000e+00
7.079457843841e+00 5.238972790079e-01 1.411566668111e-02 0.000000000000e+00 0.000000000000e+00 3.173375951792e-22 -1.177785692997e-20 1.000000000000e+00 0.000000000000e+00 0.000000000000e+00 0.000000000000e+00
7.943282347243e+00 5.240065126769e-01 1.583437146390e-02 0.000000000000e+00 0.000000000000e+00 3.172641206829e-22 -1.049921468973e-20 1.000000000000e+00 0.000000000000e+00 0.000000000000e+00 0.000000000000e+00
8.912509381337e+00 5.241439577941e-01 1.776127986226e-02 0.000000000000e+00 0.000000000000e+00 3.171716701513e-22 -9.359889365095e-21 1.000000000000e+00 0.000000000000e+00 0.000000000000e+00 0.000000000000e+00
1.000000000000e+01 5.243168771075e-01 1.992117569455e-02 0.000000000000e+00 0.000000000000e+00 3.170553583990e-22 -8.344762273817e-21 1.000000000000e+00 0.000000000000e+00 0.000000000000e+00 0.000000000000e+00
1.122018454302e+01 5.245343893726e-01 2.234161236671e-02 0.000000000000e+00 0.000000000000e+00 3.169090518228e-22 -7.440362551103e-21 1.000000000000e+00 0.000000000000e+00 0.000000000000e+00 0.000000000000e+00
1.258925411794e+01 5.248079358345e-01 2.505314708288e-02 0.000000000000e+00 0.000000000000e+00 3.167250546295e-22 -6.634688312700e-21 1.000000000000e+00 0.000000000000e+00 0.000000000000e+00 0.000000000000e+00
1.412537544623e+01 5.251518591044e-01 2.808956182532e-02 0.000000000000e+00 0.000000000000e+00 3.164937194628e-22 -5.917047272021e-21 1.000000000000e+00 0.000000000000e+00 0.000000000000e+00 0.000000000000e+00
1.584893192461e+01 5.255841191491e-01 3.148805297536e-02 0.000000000000e+00 0.000000000000e+00 3.162029658028e-22 -5.277914686685e-21 1.000000000000e+00 0.000000000000e+00 0.000000000000e+00 0.000000000000e+00
1.778279410039e+01 5.261271743475e-01 3.528936301895e-02 0.000000000000e+00 0.000000000000e+00 3.158376873355e-22 -4.708806727428e-21 1.000000000000e+00 0.000000000000e+00 0.000000000000e+00 0.000000000000e+00
1.995262314969e+01 5.268090589161e-01 3.953781615298e-02 0.000000000000e+00 0.000000000000e+00 3.153790272385e-22 -4.202167562784e-21 1.000000000000e+00 0.000000000000e+00 0.000000000000e+00 0.000000000000e+00
2.238721138568e+01 5.276646898831e-01 4.428120384791e-02 0.000000000000e+00 0.000000000000e+00 3.148034990621e-22 -3.751268625786e-21 1.000000000000e+00 0.000000000000e+00 0.000000000000e+00 0.000000000000e+00
2.511886431510e+01 5.287374353317e-01 4.957044548706e-02 0.000000000000e+00 0.000000000000e+00 3.140819318727e-22 -3.350118674760e-21 1.000000000000e+00 0.000000000000e+00 0.000000000000e+00 0.000000000000e+00
2.818382931264e+01 5.300809695709e-01 5.545892193521e-02 0.000000000000e+00 0.000000000000e+00 3.131782223992e-22 -2.993383390535e-21 1.000000000000e+00 0.000000000000e+00 0.000000000000e+00 0.000000000000e+00
3.162277660168e+01 5.317614253525e-01 6.200134560519e-02 0.000000000000e+00 0.000000000000e+00 3.120478873727e-22 -2.676313356555e-21 1.000000000000e+00 0.000000000000e+00 0.000000000000e+00 0.000000000000e+00
3.548133892336e+01 5.338598240175e-01 6.925198930349e-02 0.000000000000e+00 0.000000000000e+00 3.106364289241e-22 -2.394679357904e-21 1.000000000000e+00 0.000000000000e+00 0.000000000000e+00 0.000000000000e+00
3.981071705535e+01 5.364747127539e-01 7.726205001012e-02 0.000000000000e+00 0.000000000000e+00 3.088775606686e-22 -2.144714004018e-21 1.000000000000e+00 0.000000000000e+00 0.000000000000e+00 0.000000000000e+00
4.466835921510e+01 5.397248563487e-01 8.607587819365e-02 0.000000000000e+00 0.000000000000e+00 3.066913971370e-22 -1.923058744644e-21 1.000000000000e+00 0.000000000000e+00 0.000000000000e+00 0.000000000000e+00
5.011872336273e+01 5.437517054187e-01 9.572577037962e-02 0.000000000000e+00 0.000000000000e+00 3.039827935547e-22 -1.726715405452e-21 1.000000000000e+00 0.000000000000e+00 0.000000000000e+00 0.000000000000e+00
5.623413251903e+01 5.487211851790e-01 1.062250238287e-01 0.000000000000e+00 0.000000000000e+00 3.006401426513e-22 -1.553001443935e-21 1.000000000000e+00 0.000000000000e+00 0.000000000000e+00 0.000000000000e+00
6.309573444802e+01 5.548241135883e-01 1.175590223233e-01 0.000000000000e+00 0.000000000000e+00 2.965350934018e-22 -1.399508239292e-21 1.000000000000e+00 0.000000000000e+00 0.000000000000e+00 0.000000000000e+00
7.079457843841e+01 5.622742754497e-01 1.296743124252e-01 0.000000000000e+00 0.000000000000e+00 2.915238464549e-22 -1.264061913852e-21 1.000000000000e+00 0.000000000000e+00 0.000000000000e+00 0.000000000000e+00
7.943282347243e+01 5.713028956710e-01 1.424660035985e-01 0.000000000000e+00 0.000000000000e+00 2.854508716175e-22 -1.144686489462e-21 1.000000000000e+00 0.000000000000e+00 0.000000000000e+00 0.000000000000e+00
8.912509381337e+01 5.821480632942e-01 1.557644458989e-01 0.000000000000e+00 0.000000000000e+00 2.781560216328e-22 -1.039569642178e-21 1.000000000000e+00 0.000000000000e+00 0.000000000000e+00 0.000000000000e+00
1.000000000000e+02 5.950377299544e-01 1.693230274807e-01 0.000000000000e+00 0.000000000000e+00 2.694859680283e-22 -9.470319604842e-22 1.000000000000e+00 0.000000000000e+00 0.000000000000e+00 0.000000000000e+00
1.122018454302e+02 6.101654725715e-01 1.828100122012e-01 0.000000000000e+00 0.000000000000e+00 2.593105040024e-22 -8.655013711354e-22 1.000000000000e+00 0.000000000000e+00 0.000000000000e+00 0.000000000000e+00
1.258925411794e+02 6.276595195679e-01 1.958083385070e-01 0.000000000000e+00 0.000000000000e+00 2.475433785039e-22 -7.934951044919e-22 1.000000000000e+00 0.000000000000e+00 0.000000000000e+00 0.000000000000e+00
1.412537544623e+02 6.475476997370e-01 2.078277185069e-01 0.000000000000e+00 0.000000000000e+00 2.341658728846e-22 -7.296118796507e-22 1.000000000000e+00 0.000000000000e+00 0.000000000000e+00 0.000000000000e+00
1.584893192461e+02 6.697237340188e-01 2.183325207887e-01 0.000000000000e+00 0.000000000000e+00 2.192494742644e-22 -6.725364414592e-22 1.000000000000e+00 0.000000000000e+00 0.000000000000e+00 0.000000000000e+00
1.778279410039e+02 6.939228248229e-01 2.267862034623e-01 0.000000000000e+00 0.000000000000e+00 2.029722950303e-22 -6.210567758440e-22 1.000000000000e+00 0.000000000000e+00 0.000000000000e+00 0.000000000000e+00
1.995262314969e+02 7.197154407839e-01 2.327085010139e-01 0.000000000000e+00 0.000000000000e+00 1.856232534339e-22 -5.740912819380e-22 1.000000000000e+00 0.000000000000e+00 0.000000000000e+00 0.000000000000e+00
2.238721138568e+02 7.465261535860e-01 2.357362783721e-01 0.000000000000e+00 0.000000000000e+00 1.675894032653e-22 -5.307196391890e-22 1.000000000000e+00 0.000000000000e+00 0.000000000000e+00 0.000000000000e+00
2.511886431510e+02 7.736789089619e-01 2.356751522851e-01 0.000000000000e+00 0.000000000000e+00 1.493254829502e-22 -4.902085587255e-22 1.000000000000e+00 0.000000000000e+00 0.000000000000e+00 0.000000000000e+00
2.818382931264e+02 8.004625527282e-01 2.325290095594e-01 0.000000000000e+00 0.000000000000e+00 1.313098403808e-22 -4.520236431090e-22 1.000000000000e+00 0.000000000000e+00 0.000000000000e+00 0.000000000000e+00
3.162277660168e+02 8.262037806572e-01 2.264994015210e-01 0.000000000000e+00 0.000000000000e+00 1.139953642069e-22 -4.158218531822e-22 1.000000000000e+00 0.000000000000e+00 0.000000000000e+00 0.000000000000e+00
3.548133892336e+02 8.503320904755e-01 2.179549835182e-01 0.000000000000e+00 0.000000000000e+00 9.776579478401e-23 -3.814246011436e-22 1.000000000000e+00 0.000000000000e+00 0.000000000000e+00 0.000000000000e+00
3.981071705535e+02 8.724241019774e-01 2.073792855826e-01 0.000000000000e+00 0.000000000000e+00 8.290591287126e-23 -3.487769590012e-22 1.000000000000e+00 0.000000000000e+00 0.000000000000e+00 0.000000000000e+00
4.466835921510e+02 8.922213618236e-01 1.953097754209e-01 0.000000000000e+00 0.000000000000e+00 6.958956348212e-23 -3.179016255838e-22 1.000000000000e+00 0.000000000000e+00 0.000000000000e+00 0.000000000000e+00
5.011872336273e+02 9.096232788183e-01 1.822810255688e-01 0.000000000000e+00 0.000000000000e+00 5.788440787122e-23 -2.888562027560e-22 1.000000000000e+00 0.000000000000e+00 0.000000000000e+00 0.000000000000e+00
5.623413251903e+02 9.246621901483e-01 1.687808789308e-01 0.000000000000e+00 0.000000000000e+00 4.776869487964e-23 -2.616997038275e-22 1.000000000000e+00 0.000000000000e+00 0.000000000000e+00 0.000000000000e+00
6.309573444802e+02 9.374694678411e-01 1.552232094117e-01 0.000000000000e+00 0.000000000000e+00 3.915405894960e-23 -2.364706601958e-22 1.000000000000e+00 0.000000000000e+00 0.000000000000e+00 0.000000000000e+00
7.079457843841e+02 9.482405426212e-01 1.419363696767e-01 0.000000000000e+00 0.000000000000e+00 3.190904633781e-23 -2.131761681858e-22 1.000000000000e+00 0.000000000000e+00 0.000000000000e+00 0.000000000000e+00
7.943282347243e+02 9.572041559398e-01 1.291637778226e-01 0.000000000000e+00 0.000000000000e+00 2.587979730574e-23 -1.917894471154e-22 1.000000000000e+00 0.000000000000e+00 0.000000000000e+00 0.000000000000e+00
8.912509381337e+02 9.645984024280e-01 1.170723012970e-01 0.000000000000e+00 0.000000000000e+00 2.090616082780e-23 -1.722529506296e-22 1.000000000000e+00 0.000000000000e+00 0.000000000000e+00 0.000000000000e+00
1.000000000000e+03 9.706539956045e-01 1.057645483749e-01 0.000000000000e+00 0.000000000000e+00 1.683295067775e-23 -1.544843814324e-22 1.000000000000e+00 0.000000000000e+00 0.000000000000e+00 0.000000000000e+00
1.122018454302e+03 9.755839130190e-01 9.529218952031e-02 0.000000000000e+00 0.000000000000e+00 1.351691047688e-23 -1.383836438363e-22 1.000000000000e+00 0.000000000000e+00 0.000000000000e+00 0.000000000000e+00
1.258925411794e+03 9.795780336995e-01 8.566850474294e-02 0.000000000000e+00 0.000000000000e+00 1.083032073973e-23 -1.238394941805e-22 1.000000000000e+00 0.000000000000e+00 0.000000000000e+00 0.000000000000e+00
1.412537544623e+03 9.828013239095e-01 7.687923226788e-02 0.000000000000e+00 0.000000000000e+00 8.662219197729e-24 -1.107352433731e-22 1.000000000000e+00 0.000000000000e+00 0.000000000000e+00 0.000000000000e+00
1.584893192461e+03 9.853943239061e-01 6.889140357784e-02 0.000000000000e+00 0.000000000000e+00 6.918073386968e-24 -9.895327854921e-23 1.000000000000e+00 0.000000000000e+00 0.000000000000e+00 0.000000000000e+00
1.778279410039e+03 9.874749739405e-01 6.166021574939e-02 0.000000000000e+00 0.000000000000e+00 5.518552412645e-24 -8.837841927143e-23 1.000000000000e+00 0.000000000000e+00 0.000000000000e+00 0.000000000000e+00
1.995262314969e+03 9.891410981375e-01 5.513417663251e-02 0.000000000000e+00 0.000000000000e+00 4.397856200929e-24 -7.890024985831e-23 1.000000000000e+00 0.000000000000e+00 0.000000000000e+00 0.000000000000e+00
2.238721138568e+03 9.904730983069e-01 4.925882496541e-02 0.000000000000e+00 0.000000000000e+00 3.501903541751e-24 -7.041461613030e-23 1.000000000000e+00 0.000000000000e+00 0.000000000000e+00 0.000000000000e+00
2.511886431510e+03 9.915365855053e-01 4.397932698332e-02 0.000000000000e+00 0.000000000000e+00 2.786562001947e-24 -6.282447600340e-23 1.000000000000e+00 0.000000000000e+00 0.000000000000e+00 0.000000000000e+00
2.818382931264e+03 9.923848003000e-01 3.924221720125e-02 0.000000000000e+00 0.000000000000e+00 2.216019965272e-24 -5.604027212376e-23 1.000000000000e+00 0.000000000000e+00 0.000000000000e+00 0.000000000000e+00
3.162277660168e+03 9.930607537245e-01 3.499650540506e-02 0.000000000000e+00 0.000000000000e+00 1.761346543447e-24 -4.997996530684e-23 1.000000000000e+00 0.000000000000e+00 0.000000000000e+00 0.000000000000e+00
3.548133892336e+03 9.935990710930e-01 3.119432583065e-02 0.000000000000e+00 0.000000000000e+00 1.399251353815e-24 -4.456883770862e-23 1.000000000000e+00 0.000000000000e+00 0.000000000000e+00 0.000000000000e+00
3.981071705535e+03 9.940275496961e-01 2.779126352474e-02 0.000000000000e+00 0.000000000000e+00 1.111036748869e-24 -3.973914810017e-23 1.000000000000e+00 0.000000000000e+00 0.000000000000e+00 0.000000000000e+00
4.466835921510e+03 9.943684562812e-01 2.474645876549e-02 0.000000000000e+00 0.000000000000e+00 8.817250746960e-25 -3.542969964707e-23 1.000000000000e+00 0.000000000000e+00 0.000000000000e+00 0.000000000000e+00
5.011872336273e+03 9.946395963505e-01 2.202256350090e-02 0.000000000000e+00 0.000000000000e+00 6.993394096168e-25 -3.158536326004e-23 1.000000000000e+00 0.000000000000e+00 0.000000000000e+00 0.000000000000e+00
5.623413251903e+03 9.948551882981e-01 1.958560301837e-02 0.000000000000e+00 0.000000000000e+00 5.543155720868e-25 -2.815658636233e-23 1.000000000000e+00 0.000000000000e+00 0.000000000000e+00 0.000000000000e+00
6.309573444802e+03 9.950265735683e-01 1.740478042868e-02 0.000000000000e+00 0.000000000000e+00 4.390244226311e-25 -2.509890709358e-23 1.000000000000e+00 0.000000000000e+00 0.000000000000e+00 0.000000000000e+00
7.079457843841e+03 9.951627908133e-01 1.545225013689e-02 0.000000000000e+00 0.000000000000e+00 3.473856396106e-25 -2.237248682494e-23 1.000000000000e+00 0.000000000000e+00 0.000000000000e+00 0.000000000000e+00
7.943282347243e+03 9.952710383486e-01 1.370287803854e-02 0.000000000000e+00 0.000000000000e+00 2.745566227010e-25 -1.994166876422e-23 1.000000000000e+00 0.000000000000e+00 0.000000000000e+00 0.000000000000e+00
8.912509381337e+03 9.953570455372e-01 1.213400026053e-02 0.000000000000e+00 0.000000000000e+00 2.166826466388e-25 -1.777456686557e-23 1.000000000000e+00 0.000000000000e+00 0.000000000000e+00 0.000000000000e+00
1.000000000000e+04 9.954253703389e-01 1.072518798490e-02 0.000000000000e+00 0.000000000000e+00 1.706966683388e-25 -1.584268681685e-23 1.000000000000e+00 0.000000000000e+00 0.000000000000e+00 0.000000000000e+00
1.122018454302e+04 9.954796372589e-01 9.458022919777e-03 0.000000000000e+00 0.000000000000e+00 1.341592104646e-25 -1.412057924802e-23 1.000000000000e+00 0.000000000000e+00 0.000000000000e+00 0.000000000000e+00
1.258925411794e+04 9.955227273452e-01 8.315885930834e-03 0.000000000000e+00 0.000000000000e+00 1.051304818921e-25 -1.258552425211e-23 1.000000000000e+00 0.000000000000e+00 0.000000000000e+00 0.000000000000e+00
1.412537544623e+04 9.955569297072e-01 7.283759945558e-03 0.000000000000e+00 0.000000000000e+00 8.206836016804e-26 -1.121724566511e-23 1.000000000000e+00 0.000000000000e+00 0.000000000000e+00 0.000000000000e+00
1.584893192461e+04 9.955840622143e-01 6.348047298083e-03 0.000000000000e+00 0.000000000000e+00 6.374707843270e-26 -9.997653186892e-24 1.000000000000e+00 0.000000000000e+00 0.000000000000e+00 0.000000000000e+00
1.778279410039e+04 9.956055675430e-01 5.496401071262e-03 0.000000000000e+00 0.000000000000e+00 4.919246068800e-26 -8.910610253358e-24 1.000000000000e+00 0.000000000000e+00 0.000000000000e+00 0.000000000000e+00
1.995262314969e+04 9.956225895237e-01 4.717569604075e-03 0.000000000000e+00 0.000000000000e+00 3.763036650546e-26 -7.941725525905e-24 1.000000000000e+00 0.000000000000e+00 0.000000000000e+00 0.000000000000e+00
2.238721138568e+04 9.956360337517e-01 4.001253104292e-03 0.000000000000e+00 0.000000000000e+00 2.844566923226e-26 -7.078165902937e-24 1.000000000000e+00 0.000000000000e+00 0.000000000000e+00 0.000000000000e+00
2.511886431510e+04 9.956466156210e-01 3.337971162821e-03 0.000000000000e+00 0.000000000000e+00 2.114962698146e-26 -6.308489048749e-24 1.000000000000e+00 0.000000000000e+00 0.000000000000e+00 0.000000000000e+00
2.818382931264e+04 9.956548983013e-01 2.718939926751e-03 0.000000000000e+00 0.000000000000e+00 1.535393663193e-26 -5.622493555452e-24 1.000000000000e+00 0.000000000000e+00 0.000000000000e+00 0.000000000000e+00
3.162277660168e+04 9.956613226529e-01 2.135957648719e-03 0.000000000000e+00 0.000000000000e+00 1.075010655491e-26 -5.011084989203e-24 1.000000000000e+00 0.000000000000e+00 0.000000000000e+00 0.000000000000e+00
3.548133892336e+04 9.956662306552e-01 1.581297348039e-03 0.000000000000e+00 0.000000000000e+00 7.093060664352e-27 -4.466156213010e-24 1.000000000000e+00 0.000000000000e+00 0.000000000000e+00 0.000000000000e+00
3.981071705535e+04 9.956698835892e-01 1.047605345477e-03 0.000000000000e+00 0.000000000000e+00 4.188107662320e-27 -3.980480518365e-24 1.000000000000e+00 0.000000000000e+00 0.000000000000e+00 0.000000000000e+00
4.466835921510e+04 9.956724759314e-01 5.278044439905e-04 0.000000000000e+00 0.000000000000e+00 1.880585894025e-27 -3.547616232823e-24 1.000000000000e+00 0.000000000000e+00 0.000000000000e+00 0.000000000000e+00
5.011872336273e+04 9.956741456992e-01 1.500057076953e-05 0.000000000000e+00 0.000000000000e+00 4.763519158233e-29 -3.161821598087e-24 1.000000000000e+00 0.000000000000e+00 0.000000000000e+00 0.000000000000e+00
5.623413251903e+04 9.956749817931e-01 -4.976082978629e-04 0.000000000000e+00 0.000000000000e+00 -1.408340749313e-27 -2.817978831836e-24 1.000000000000e+00 0.000000000000e+00 0.000000000000e+00 0.000000000000e+00
6.309573444802e+04 9.956750287269e-01 -1.016822085163e-03 0.000000000000e+00 0.000000000000e+00 -2.564868489418e-27 -2.511526395903e-24 1.000000000000e+00 0.000000000000e+00 0.000000000000e+00 0.000000000000e+00
7.079457843841e+04 9.956742889952e-01 -1.549528593543e-03 0.000000000000e+00 0.000000000000e+00 -3.483531374347e-27 -2.238398593488e-24 1.000000000000e+00 0.000000000000e+00 0.000000000000e+00 0.000000000000e+00
7.943282347243e+04 9.956727232058e-01 -2.102794678919e-03 0.000000000000e+00 0.000000000000e+00 -4.213247783778e-27 -1.994971709082e-24 1.000000000000e+00 0.000000000000e+00 0.000000000000e+00 0.000000000000e+00
8.912509381337e+04 9.956702479817e-01 -2.683959802283e-03 0.000000000000e+00 0.000000000000e+00 -4.792875399225e-27 -1.778015987143e-24 1.000000000000e+00 0.000000000000e+00 0.000000000000e+00 0.000000000000e+00
1.000000000000e+05 9.956667315227e-01 -3.300733173674e-03 0.000000000000e+00 0.000000000000e+00 -5.253280004133e-27 -1.584652819940e-24 1.000000000000e+00 0.000000000000e+00 0.000000000000e+00 0.000000000000e+00
1.122018454302e+05 9.956619865994e-01 -3.961293782240e-03 0.000000000000e+00 0.000000000000e+00 -5.618976087778e-27 -1.412316581857e-24 1.000000000000e+00 0.000000000000e+00 0.000000000000e+00 0.000000000000e+00
1.258925411794e+05 9.956557605500e-01 -4.674406637619e-03 0.000000000000e+00 0.000000000000e+00 -5.909444002238e-27 -1.258720607471e-24 1.000000000000e+00 0.000000000000e+00 0.000000000000e+00 0.000000000000e+00
1.412537544623e+05 9.956477218894e-01 -5.449526031242e-03 0.000000000000e+00 0.000000000000e+00 -6.140148335745e-27 -1.121826864851e-24 1.000000000000e+00 0.000000000000e+00 0.000000000000e+00 0.000000000000e+00
1.584893192461e+05 9.956374426353e-01 -6.296928840911e-03 0.000000000000e+00 0.000000000000e+00 -6.323374698657e-27 -9.998189232974e-25 1.000000000000e+00 0.000000000000e+00 0.000000000000e+00 0.000000000000e+00
1.778279410039e+05 9.956243755139e-01 -7.227850163659e-03 0.000000000000e+00 0.000000000000e+00 -6.468882645673e-27 -8.910778583572e-25 1.000000000000e+00 0.000000000000e+00 0.000000000000e+00 0.000000000000e+00
1.995262314969e+05 9.956078249883e-01 -8.254620685378e-03 0.000000000000e+00 0.000000000000e+00 -6.584415871390e-27 -7.941607754483e-25 1.000000000000e+00 0.000000000000e+00 0.000000000000e+00 0.000000000000e+00
2.238721138568e+05 9.955869100716e-01 -9.390844155405e-03 0.000000000000e+00 0.000000000000e+00 -6.676129694712e-27 -7.077816673353e-25 1.000000000000e+00 0.000000000000e+00 0.000000000000e+00 0.000000000000e+00
2.511886431510e+05 9.955605176434e-01 -1.065156372304e-02 0.000000000000e+00 0.000000000000e+00 -6.748907900110e-27 -6.307943525729e-25 1.000000000000e+00 0.000000000000e+00 0.000000000000e+00 0.000000000000e+00
2.818382931264e+05 9.955272432576e-01 -1.205346213810e-02 0.000000000000e+00 0.000000000000e+00 -6.806626804928e-27 -5.621772683530e-25 1.000000000000e+00 0.000000000000e+00 0.000000000000e+00 0.000000000000e+00
3.162277660168e+05 9.954853166309e-01 -1.361507395234e-02 0.000000000000e+00 0.000000000000e+00 -6.852359447662e-27 -5.010199164762e-25 1.000000000000e+00 0.000000000000e+00 0.000000000000e+00 0.000000000000e+00
3.548133892336e+05 9.954325076523e-01 -1.535702824068e-02 0.000000000000e+00 0.000000000000e+00 -6.888542061468e-27 -4.465107826101e-25 1.000000000000e+00 0.000000000000e+00 0.000000000000e+00 0.000000000000e+00
3.981071705535e+05 9.953660082587e-01 -1.730230665348e-02 0.000000000000e+00 0.000000000000e+00 -6.917101309590e-27 -3.979265688176e-25 1.000000000000e+00 0.000000000000e+00 0.000000000000e+00 0.000000000000e+00
4.466835921510e+05 9.952822838649e-01 -1.947653240482e-02 0.000000000000e+00 0.000000000000e+00 -6.939557353317e-27 -3.546225964695e-25 1.000000000000e+00 0.000000000000e+00 0.000000000000e+00 0.000000000000e+00
5.011872336273e+05 9.951768863787e-01 -2.190829313879e-02 0.000000000000e+00 0.000000000000e+00 -6.957106873031e-27 -3.160242521975e-25 1.000000000000e+00 0.000000000000e+00 0.000000000000e+00 0.000000000000e+00
5.623413251903e+05 9.950442197494e-01 -2.462948334338e-02 0.000000000000e+00 0.000000000000e+00 -6.970684607913e-27 -2.816193636748e-25 1.000000000000e+00 0.000000000000e+00 0.000000000000e+00 0.000000000000e+00
6.309573444802e+05 9.948772456162e-01 -2.767568263202e-02 0.000000000000e+00 0.000000000000e+00 -6.981013428024e-27 -2.509514039177e-25 1.000000000000e+00 0.000000000000e+00 0.000000000000e+00 0.000000000000e+00
7.079457843841e+05 9.946671140475e-01 -3.108656844477e-02 0.000000000000e+00 0.000000000000e+00 -6.988643962412e-27 -2.236134339995e-25 1.000000000000e+00 0.000000000000e+00 0.000000000000e+00 0.000000000000e+00
7.943282347243e+05 9.944027014273e-01 -3.490634989004e-02 0.000000000000e+00 0.000000000000e+00 -6.993982949914e-27 -1.992427040076e-25 1.000000000000e+00 0.000000000000e+00 0.000000000000e+00 0.000000000000e+00
8.912509381337e+05 9.940700323253e-01 -3.918423066056e-02 0.000000000000e+00 0.000000000000e+00 -6.997315496733e-27 -1.775158405503e-25 1.000000000000e+00 0.000000000000e+00 0.000000000000e+00 0.000000000000e+00
1.000000000000e+06 9.936515579158e-01 -4.397488476019e-02 0.000000000000e+00 0.000000000000e+00 -6.998820281480e-27 -1.581445571533e-25 1.000000000000e+00 0.000000000000e+00 0.000000000000e+00 0.000000000000e+00
1.122018454302e+06 9.931252571591e-01 -4.933893426290e-02 0.000000000000e+00 0.000000000000e+00 -6.998579430418e-27 -1.408718307442e-25 1.000000000000e+00 0.000000000000e+00 0.000000000000e+00 0.000000000000e+00
1.258925411794e+06 9.924635205217e-01 -5.534340498140e-02 0.000000000000e+00 0.000000000000e+00 -6.996583266814e-27 -1.254684937246e-25 1.000000000000e+00 0.000000000000e+00 0.000000000000e+00 0.000000000000e+00
1.412537544623e+06 9.916317687387e-01 -6.206212670496e-02 0.000000000000e+00 0.000000000000e+00 -6.992730410240e-27 -1.117301967105e-25 1.000000000000e+00 0.000000000000e+00 0.000000000000e+00 0.000000000000e+00
1.584893192461e+06 9.905867516135e-01 -6.957602849829e-02 0.000000000000e+00 0.000000000000e+00 -6.986823407961e-27 -9.947470203706e-26 1.000000000000e+00 0.000000000000e+00 0.000000000000e+00 0.000000000000e+00
1.778279410039e+06 9.892744652156e-01 -7.797325892693e-02 0.000000000000e+00 0.000000000000e+00 -6.978560015456e-27 -8.853947266376e-26 1.000000000000e+00 0.000000000000e+00 0.000000000000e+00 0.000000000000e+00
1.995262314969e+06 9.876276224831e-01 -8.734902433788e-02 0.000000000000e+00 0.000000000000e+00 -6.967519455127e-27 -7.877952531507e-26 1.000000000000e+00 0.000000000000e+00 0.000000000000e+00 0.000000000000e+00
2.238721138568e+06 9.855626118937e-01 -9.780501147543e-02 0.000000000000e+00 0.000000000000e+00 -6.953144260490e-27 -7.006552031297e-26 1.000000000000e+00 0.000000000000e+00 0.000000000000e+00 0.000000000000e+00
2.511886431510e+06 9.829758914642e-01 -1.094481924922e-01 0.000000000000e+00 0.000000000000e+00 -6.934716724887e-27 -6.228206423038e-26 1.000000000000e+00 0.000000000000e+00 0.000000000000e+00 0.000000000000e+00
2.818382931264e+06 9.797397904966e-01 -1.223887603958e-01 0.000000000000e+00 0.000000000000e+00 -6.911330600184e-27 -5.532620456632e-26 1.000000000000e+00 0.000000000000e+00 0.000000000000e+00 0.000000000000e+00
3.162277660168e+06 9.756977471207e-01 -1.367368499478e-01 0.000000000000e+00 0.000000000000e+00 -6.881857923521e-27 -4.910609886471e-26 1.000000000000e+00 0.000000000000e+00 0.000000000000e+00 0.000000000000e+00
3.548133892336e+06 9.706591010744e-01 -1.525976184889e-01 0.000000000000e+00 0.000000000000e+00 -6.844912290095e-27 -4.353984338833e-26 1.000000000000e+00 0.000000000000e+00 0.000000000000e+00 0.000000000000e+00
3.981071705535e+06 9.643937168401e-01 -1.700641631938e-01 0.000000000000e+00 0.000000000000e+00 -6.798810525680e-27 -3.855444927266e-26 1.000000000000e+00 0.000000000000e+00 0.000000000000e+00 0.000000000000e+00
4.466835921510e+06 9.566269423676e-01 -1.892076878859e-01 0.000000000000e+00 0.000000000000e+00 -6.741536812002e-27 -3.408495616316e-26 1.000000000000e+00 0.000000000000e+00 0.000000000000e+00 0.000000000000e+00
5.011872336273e+06 9.470357461000e-01 -2.100643146181e-01 0.000000000000e+00 0.000000000000e+00 -6.670715412426e-27 -3.007367509856e-26 1.000000000000e+00 0.000000000000e+00 0.000000000000e+00 0.000000000000e+00
5.623413251903e+06 9.352473210284e-01 -2.326180561140e-01 0.000000000000e+00 0.000000000000e+00 -6.583601777877e-27 -2.646955282981e-26 1.000000000000e+00 0.000000000000e+00 0.000000000000e+00 0.000000000000e+00
6.309573444802e+06 9.208419886436e-01 -2.567797978545e-01 0.000000000000e+00 0.000000000000e+00 -6.477105698540e-27 -2.322764852194e-26 1.000000000000e+00 0.000000000000e+00 0.000000000000e+00 0.000000000000e+00
7.079457843841e+06 9.033627989976e-01 -2.823628171536e-01 0.000000000000e+00 0.000000000000e+00 -6.347864354393e-27 -2.030870979631e-26 1.000000000000e+00 0.000000000000e+00 0.000000000000e+00 0.000000000000e+00
7.943282347243e+06 8.823346314904e-01 -3.090565121673e-01 0.000000000000e+00 0.000000000000e+00 -6.192386151706e-27 -1.767882745747e-26 1.000000000000e+00 0.000000000000e+00 0.000000000000e+00 0.000000000000e+00
8.912509381337e+06 8.572955513735e-01 -3.364016825714e-01 0.000000000000e+00 0.000000000000e+00 -6.007285754759e-27 -1.530913672613e-26 1.000000000000e+00 0.000000000000e+00 0.000000000000e+00 0.000000000000e+00
1.000000000000e+07 8.278422173292e-01 -3.637727737111e-01 0.000000000000e+00 0.000000000000e+00 -5.789623509837e-27 -1.317551809881e-26 1.000000000000e+00 0.000000000000e+00 0.000000000000e+00 0.000000000000e+00
1.122018454302e+07 7.936887902068e-01 -3.903744958777e-01 0.000000000000e+00 0.000000000000e+00 -5.537344812621e-27 -1.125823677442e-26 1.000000000000e+00 0.000000000000e+00 0.000000000000e+00 0.000000000000e+00
1.258925411794e+07 7.547348030778e-01 -4.152612399741e-01 0.000000000000e+00 0.000000000000e+00 -5.249785126043e-27 -9.541452853997e-27 1.000000000000e+00 0.000000000000e+00 0.000000000000e+00 0.000000000000e+00
1.412537544623e+07 7.111322009909e-01 -4.373864130036e-01 0.000000000000e+00 0.000000000000e+00 -4.928167037808e-27 -8.012544899098e-27 1.000000000000e+00 0.000000000000e+00 0.000000000000e+00 0.000000000000e+00
1.584893192461e+07 6.633367170165e-01 -4.556840316835e-01 0.000000000000e+00 0.000000000000e+00 -4.575978146379e-27 -6.661226002466e-27 1.000000000000e+00 0.000000000000e+00 0.000000000000e+00 0.000000000000e+00
1.778279410039e+07 6.121264532353e-01 -4.691764973451e-01 0.000000000000e+00 0.000000000000e+00 -4.199101576134e-27 -5.478495127353e-27 1.000000000000e+00 0.000000000000e+00 0.000000000000e+00 0.000000000000e+00
1.995262314969e+07 5.585737149670e-01 -4.770923447574e-01 0.000000000000e+00 0.000000000000e+00 -3.805595104453e-27 -4.455542870291e-27 1.000000000000e+00 0.000000000000e+00 0.000000000000e+00 0.000000000000e+00
2.238721138568e+07 5.039659149143e-01 -4.789699581711e-01 0.000000000000e+00 0.000000000000e+00 -3.405088517822e-27 -3.582789527763e-27 1.000000000000e+00 0.000000000000e+00 0.000000000000e+00 0.000000000000e+00
2.511886431510e+07 4.496855040241e-01 -4.747223791376e-01 0.000000000000e+00 0.000000000000e+00 -3.007875367625e-27 -2.849239914051e-27 1.000000000000e+00 0.000000000000e+00 0.000000000000e+00 0.000000000000e+00
2.818382931264e+07 3.970719079386e-01 -4.646465782706e-01 0.000000000000e+00 0.000000000000e+00 -2.623873388607e-27 -2.242277165758e-27 1.000000000000e+00 0.000000000000e+00 0.000000000000e+00 0.000000000000e+00
3.162277660168e+07 3.472942623422e-01 -4.493755419325e-01 0.000000000000e+00 0.000000000000e+00 -2.261671696449e-27 -1.747904659209e-27 1.000000000000e+00 0.000000000000e+00 0.000000000000e+00 0.000000000000e+00
3.548133892336e+07 3.012594935357e-01 -4.297869538954e-01 0.000000000000e+00 0.000000000000e+00 -1.927850533956e-27 -1.351328303961e-27 1.000000000000e+00 0.000000000000e+00 0.000000000000e+00 0.000000000000e+00
3.981071705535e+07 2.595683027554e-01 -4.068916700783e-01 0.000000000000e+00 0.000000000000e+00 -1.626668027753e-27 -1.037699933816e-27 1.000000000000e+00 0.000000000000e+00 0.000000000000e+00 0.000000000000e+00
4.466835921510e+07 2.225177443708e-01 -3.817257141029e-01 0.000000000000e+00 0.000000000000e+00 -1.360102214908e-27 -7.928385901023e-28 1.000000000000e+00 0.000000000000e+00 0.000000000000e+00 0.000000000000e+00
5.011872336273e+07 1.901389288608e-01 -3.552629456561e-01 0.000000000000e+00 0.000000000000e+00 -1.128158303023e-27 -6.037973111043e-28 1.000000000000e+00 0.000000000000e+00 0.000000000000e+00 0.000000000000e+00
5.623413251903e+07 1.622543946428e-01 -3.283562416115e-01 0.000000000000e+00 0.000000000000e+00 -9.293202652296e-28 -4.592155651559e-28 1.000000000000e+00 0.000000000000e+00 0.000000000000e+00 0.000000000000e+00
6.309573444802e+07 1.385410011402e-01 -3.017069628540e-01 0.000000000000e+00 0.000000000000e+00 -7.610364618707e-28 -3.494607891525e-28 1.000000000000e+00 0.000000000000e+00 0.000000000000e+00 0.000000000000e+00
7.079457843841e+07 1.185882833697e-01 -2.758575728230e-01 0.000000000000e+00 0.000000000000e+00 -6.201618439230e-28 -2.666010859503e-28 1.000000000000e+00 0.000000000000e+00 0.000000000000e+00 0.000000000000e+00
7.943282347243e+07 1.019467317474e-01 -2.512004782702e-01 0.000000000000e+00 0.000000000000e+00 -5.033158343871e-28 -2.042647558070e-28 1.000000000000e+00 0.000000000000e+00 0.000000000000e+00 0.000000000000e+00
8.912509381337e+07 8.816409253948e-02 -2.279964644237e-01 0.000000000000e+00 0.000000000000e+00 -4.071441921451e-28 -1.574388371501e-28 1.000000000000e+00 0.000000000000e+00 0.000000000000e+00 0.000000000000e+00
1.000000000000e+08 7.681014831994e-02 -2.063974073956e-01 0.000000000000e+00 0.000000000000e+00 -3.284916762836e-28 -1.222471478474e-28 1.000000000000e+00 0.000000000000e+00 0.000000000000e+00 0.000000000000e+00
1.122018454302e+08 6.749168914511e-02 -1.864695059768e-01 0.000000000000e+00 0.000000000000e+00 -2.645013858580e-28 -9.573493113131e-29 1.000000000000e+00 0.000000000000e+00 0.000000000000e+00 0.000000000000e+00
1.258925411794e+08 5.985985120026e-02 -1.682146832597e-01 0.000000000000e+00 0.000000000000e+00 -2.126591304823e-28 -7.567558111079e-29 1.000000000000e+00 0.000000000000e+00 0.000000000000e+00 0.000000000000e+00
1.412537544623e+08 5.361199015092e-02 -1.515889163248e-01 0.000000000000e+00 0.000000000000e+00 -1.707998873578e-28 -6.040627574109e-29 1.000000000000e+00 0.000000000000e+00 0.000000000000e+00 0.000000000000e+00
1.584893192461e+08 4.848999968552e-02 -1.365170493250e-01 0.000000000000e+00 0.000000000000e+00 -1.370903939757e-28 -4.869364810944e-29 1.000000000000e+00 0.000000000000e+00 0.000000000000e+00 0.000000000000e+00
1.778279410039e+08 4.427662530901e-02 -1.229041789956e-01 0.000000000000e+00 0.000000000000e+00 -1.099985047534e-28 -3.962731470418e-29 1.000000000000e+00 0.000000000000e+00 0.000000000000e+00 0.000000000000e+00
1.995262314969e+08 4.079093763638e-02 -1.106440308134e-01 0.000000000000e+00 0.000000000000e+00 -8.825678857087e-29 -3.253747294017e-29 1.000000000000e+00 0.000000000000e+00 0.000000000000e+00 0.000000000000e+00
2.238721138568e+08 3.788375795496e-02 -9.962491699529e-02 0.000000000000e+00 0.000000000000e+00 -7.082524804791e-29 -2.693228396139e-29 1.000000000000e+00 0.000000000000e+00 0.000000000000e+00 0.000000000000e+00
2.511886431510e+08 3.543349389935e-02 -8.973391953230e-02 0.000000000000e+00 0.000000000000e+00 -5.685606115557e-29 -2.245091829931e-29 1.000000000000e+00 0.000000000000e+00 0.000000000000e+00 0.000000000000e+00
2.818382931264e+08 3.334255955652e-02 -8.085989939225e-02 0.000000000000e+00 0.000000000000e+00 -4.566183162490e-29 -1.882864500026e-29 1.000000000000e+00 0.000000000000e+00 0.000000000000e+00 0.000000000000e+00
3.162277660168e+08 3.153433426308e-02 -7.289581896806e-02 0.000000000000e+00 0.000000000000e+00 -3.668789134374e-29 -1.587098197700e-29 1.000000000000e+00 0.000000000000e+00 0.000000000000e+00 0.000000000000e+00
3.548133892336e+08 2.995046950911e-02 -6.574069928005e-02 0.000000000000e+00 0.000000000000e+00 -2.948862013167e-29 -1.343456987515e-29 1.000000000000e+00 0.000000000000e+00 0.000000000000e+00 0.000000000000e+00
3.981071705535e+08 2.854829744762e-02 -5.930134114654e-02 0.000000000000e+00 0.000000000000e+00 -2.370743928659e-29 -1.141301386089e-29 1.000000000000e+00 0.000000000000e+00 0.000000000000e+00 0.000000000000e+00
4.466835921510e+08 2.729813667592e-02 -5.349375792089e-02 0.000000000000e+00 0.000000000000e+00 -1.906001506945e-29 -9.726422607667e-30 1.000000000000e+00 0.000000000000e+00 0.000000000000e+00 0.000000000000e+00
5.011872336273e+08 2.618042026137e-02 -4.824414618277e-02 0.000000000000e+00 0.000000000000e+00 -1.532021134031e-29 -8.313745876293e-30 1.000000000000e+00 0.000000000000e+00 0.000000000000e+00 0.000000000000e+00
5.623413251903e+08 2.518274234358e-02 -4.348920384664e-02 0.000000000000e+00 0.000000000000e+00 -1.230839963786e-29 -7.127269053603e-30 1.000000000000e+00 0.000000000000e+00 0.000000000000e+00 0.000000000000e+00
6.309573444802e+08 2.429706108867e-02 -3.917570092049e-02 0.000000000000e+00 0.000000000000e+00 -9.881819278485e-30 -6.128777814692e-30 1.000000000000e+00 0.000000000000e+00 0.000000000000e+00 0.000000000000e+00
7.079457843841e+08 2.351734175351e-02 -3.525937288867e-02 0.000000000000e+00 0.000000000000e+00 -7.926741862633e-30 -5.286988454502e-30 1.000000000000e+00 0.000000000000e+00 0.000000000000e+00 0.000000000000e+00
7.943282347243e+08 2.283785457472e-02 -3.170336193022e-02 0.000000000000e+00 0.000000000000e+00 -6.352218822459e-30 -4.575888513447e-30 1.000000000000e+00 0.000000000000e+00 0.000000000000e+00 0.000000000000e+00
8.912509381337e+08 2.225219648982e-02 -2.847650790563e-02 0.000000000000e+00 0.000000000000e+00 -5.085186226751e-30 -3.973681164839e-30 1.000000000000e+00 0.000000000000e+00 0.000000000000e+00 0.000000000000e+00
1.000000000000e+09 2.175295358374e-02 -2.555176723349e-02 0.000000000000e+00 0.000000000000e+00 -4.066690059944e-30 -3.462090089700e-30 1.000000000000e+00 0.000000000000e+00 0.000000000000e+00 0.000000000000e+00
