# freq_hz Ad_dB Avdd_dB Avss_dB PSRRplus_dB PSRRminus_dB (Asupply clamped at the floor)
1.00000000e-01 9.52080838e+01 -5.93868359e+00 -2.41667988e+01 1.01146767e+02 1.19374883e+02
1.12201845e-01 9.52080836e+01 -5.93868280e+00 -2.41667991e+01 1.01146766e+02 1.19374883e+02
1.25892541e-01 9.52080832e+01 -5.93868180e+00 -2.41667994e+01 1.01146765e+02 1.19374883e+02
1.41253754e-01 9.52080828e+01 -5.93868054e+00 -2.41667998e+01 1.01146763e+02 1.19374883e+02
1.58489319e-01 9.52080822e+01 -5.93867895e+00 -2.41668004e+01 1.01146761e+02 1.19374883e+02
1.77827941e-01 9.52080816e+01 -5.93867696e+00 -2.41668011e+01 1.01146759e+02 1.19374883e+02
1.99526231e-01 9.52080807e+01 -5.93867445e+00 -2.41668019e+01 1.01146755e+02 1.19374883e+02
2.23872114e-01 9.52080796e+01 -5.93867128e+00 -2.41668030e+01 1.01146751e+02 1.19374883e+02
2.51188643e-01 9.52080782e+01 -5.93866730e+00 -2.41668044e+01 1.01146746e+02 1.19374883e+02
2.81838293e-01 9.52080765e+01 -5.93866229e+00 -2.41668061e+01 1.01146739e+02 1.19374883e+02
3.16227766e-01 9.52080743e+01 -5.93865598e+00 -2.41668083e+01 1.01146730e+02 1.19374883e+02
3.54813389e-01 9.52080716e+01 -5.93864803e+00 -2.41668111e+01 1.01146720e+02 1.19374883e+02
3.98107171e-01 9.52080681e+01 -5.93863803e+00 -2.41668145e+01 1.01146706e+02 1.19374883e+02
4.46683592e-01 9.52080637e+01 -5.93862543e+00 -2.41668189e+01 1.01146689e+02 1.19374883e+02
5.01187234e-01 9.52080583e+01 -5.93860958e+00 -2.41668243e+01 1.01146668e+02 1.19374883e+02
5.62341325e-01 9.52080514e+01 -5.93858962e+00 -2.41668312e+01 1.01146641e+02 1.19374883e+02
6.30957344e-01 9.52080427e+01 -5.93856450e+00 -2.41668399e+01 1.01146607e+02 1.19374883e+02
7.07945784e-01 9.52080317e+01 -5.93853287e+00 -2.41668508e+01 1.01146565e+02 1.19374883e+02
7.94328235e-01 9.52080180e+01 -5.93849305e+00 -2.41668646e+01 1.01146511e+02 1.19374883e+02
8.91250938e-01 9.52080007e+01 -5.93844292e+00 -2.41668819e+01 1.01146444e+02 1.19374883e+02
1.00000000e+00 9.52079788e+01 -5.93837981e+00 -2.41669036e+01 1.01146359e+02 1.19374882e+02
1.12201845e+00 9.52079514e+01 -5.93830036e+00 -2.41669311e+01 1.01146252e+02 1.19374882e+02
1.25892541e+00 9.52079168e+01 -5.93820035e+00 -2.41669656e+01 1.01146117e+02 1.19374882e+02
1.41253754e+00 9.52078733e+01 -5.93807444e+00 -2.41670091e+01 1.01145948e+02 1.19374882e+02
1.58489319e+00 9.52078185e+01 -5.93791594e+00 -2.41670638e+01 1.01145734e+02 1.19374882e+02
1.77827941e+00 9.52077495e+01 -5.93771642e+00 -2.41671327e+01 1.01145466e+02 1.19374882e+02
1.99526231e+00 9.52076627e+01 -5.93746526e+00 -2.41672194e+01 1.01145128e+02 1.19374882e+02
2.23872114e+00 9.52075533e+01 -5.93714911e+00 -2.41673286e+01 1.01144702e+02 1.19374882e+02
2.51188643e+00 9.52074157e+01 -5.93675114e+00 -2.41674660e+01 1.01144167e+02 1.19374882e+02
2.81838293e+00 9.52072424e+01 -5.93625023e+00 -2.41676391e+01 1.01143493e+02 1.19374882e+02
3.16227766e+00 9.52070243e+01 -5.93561975e+00 -2.41678569e+01 1.01142644e+02 1.19374881e+02
3.54813389e+00 9.52067498e+01 -5.93482624e+00 -2.41681311e+01 1.01141576e+02 1.19374881e+02
3.98107171e+00 9.52064041e+01 -5.93382763e+00 -2.41684763e+01 1.01140232e+02 1.19374880e+02
4.46683592e+00 9.52059690e+01 -5.93257100e+00 -2.41689108e+01 1.01138540e+02 1.19374880e+02
5.01187234e+00 9.52054214e+01 -5.93098987e+00 -2.41694578e+01 1.01136411e+02 1.19374879e+02
5.62341325e+00 9.52047320e+01 -5.92900073e+00 -2.41701463e+01 1.01133733e+02 1.19374878e+02
6.30957344e+00 9.52038642e+01 -5.92649875e+00 -2.41710129e+01 1.01130363e+02 1.19374877e+02
7.07945784e+00 9.52027720e+01 -5.92335241e+00 -2.41721036e+01 1.01126124e+02 1.19374876e+02
7.94328235e+00 9.52013975e+01 -5.91939688e+00 -2.41734764e+01 1.01120794e+02 1.19374874e+02
8.91250938e+00 9.51996676e+01 -5.91442583e+00 -2.41752040e+01 1.01114093e+02 1.19374872e+02
1.00000000e+01 9.51974908e+01 -5.90818135e+00 -2.41773779e+01 1.01105672e+02 1.19374869e+02
1.12201845e+01 9.51947519e+01 -5.90034164e+00 -2.41801132e+01 1.01095094e+02 1.19374865e+02
1.25892541e+01 9.51913063e+01 -5.89050610e+00 -2.41835543e+01 1.01081812e+02 1.19374861e+02
1.41253754e+01 9.51869725e+01 -5.87817755e+00 -2.41878825e+01 1.01065150e+02 1.19374855e+02
1.58489319e+01 9.51815226e+01 -5.86274118e+00 -2.41933251e+01 1.01044264e+02 1.19374848e+02
1.77827941e+01 9.51746713e+01 -5.84344025e+00 -2.42001674e+01 1.01018112e+02 1.19374839e+02
1.99526231e+01 9.51660615e+01 -5.81934884e+00 -2.42087659e+01 1.00985410e+02 1.19374827e+02
2.23872114e+01 9.51552465e+01 -5.78934240e+00 -2.42195666e+01 1.00944589e+02 1.19374813e+02
2.51188643e+01 9.51416694e+01 -5.75206799e+00 -2.42331256e+01 1.00893737e+02 1.19374795e+02
2.81838293e+01 9.51246370e+01 -5.70591733e+00 -2.42501353e+01 1.00830554e+02 1.19374772e+02
3.16227766e+01 9.51032890e+01 -5.64900770e+00 -2.42714547e+01 1.00752297e+02 1.19374744e+02
3.54813389e+01 9.50765619e+01 -5.57917808e+00 -2.42981459e+01 1.00655740e+02 1.19374708e+02
3.98107171e+01 9.50431466e+01 -5.49401069e+00 -2.43315160e+01 1.00537157e+02 1.19374663e+02
4.46683592e+01 9.50014415e+01 -5.39089050e+00 -2.43731640e+01 1.00392332e+02 1.19374606e+02
5.01187234e+01 9.49495011e+01 -5.26711636e+00 -2.44250327e+01 1.00216617e+02 1.19374534e+02
5.62341325e+01 9.48849831e+01 -5.12007574e+00 -2.44894604e+01 1.00005059e+02 1.19374443e+02
6.30957344e+01 9.48050993e+01 -4.94748881e+00 -2.45692305e+01 9.97525881e+01 1.19374330e+02
7.07945784e+01 9.47065768e+01 -4.74771456e+00 -2.46676098e+01 9.94542914e+01 1.19374187e+02
7.94328235e+01 9.45856402e+01 -4.52009351e+00 -2.47883662e+01 9.91057337e+01 1.19374006e+02
8.91250938e+01 9.44380277e+01 -4.26527958e+00 -2.49357519e+01 9.87033072e+01 1.19373780e+02
1.00000000e+02 9.42590560e+01 -3.98549610e+00 -2.51144380e+01 9.82445521e+01 1.19373494e+02
1.12201845e+02 9.40437497e+01 -3.68464552e+00 -2.53293848e+01 9.77283953e+01 1.19373135e+02
1.25892541e+02 9.37870430e+01 -3.36821648e+00 -2.55856390e+01 9.71552595e+01 1.19372682e+02
1.41253754e+02 9.34840535e+01 -3.04296646e+00 -2.58880590e+01 9.65270200e+01 1.19372112e+02
1.58489319e+02 9.31304113e+01 -2.71640657e+00 -2.62409842e+01 9.58468179e+01 1.19371395e+02
1.77827941e+02 9.27226066e+01 -2.39616194e+00 -2.66478864e+01 9.51187686e+01 1.19370493e+02
1.99526231e+02 9.22583056e+01 -2.08931297e+00 -2.71110516e+01 9.43476186e+01 1.19369357e+02
2.23872114e+02 9.17365779e+01 -1.80182737e+00 -2.76313497e+01 9.35384053e+01 1.19367928e+02
2.51188643e+02 9.11579916e+01 -1.53816986e+00 -2.82081370e+01 9.26961614e+01 1.19366129e+02
2.81838293e+02 9.05245548e+01 -1.30113300e+00 -2.88393100e+01 9.18256878e+01 1.19363865e+02
3.16227766e+02 8.98395174e+01 -1.09188273e+00 -2.95214993e+01 9.09314001e+01 1.19361017e+02
3.54813389e+02 8.91070712e+01 -9.10172258e-01 -3.02503623e+01 9.00172435e+01 1.19357434e+02
3.98107171e+02 8.83320056e+01 -7.54655958e-01 -3.10209214e+01 8.90866616e+01 1.19352927e+02
4.46683592e+02 8.75193694e+01 -6.23234741e-01 -3.18278908e+01 8.81426041e+01 1.19347260e+02
5.01187234e+02 8.66741815e+01 -5.13378636e-01 -3.26659551e+01 8.71875601e+01 1.19340137e+02
5.62341325e+02 8.58012110e+01 -4.22393606e-01 -3.35299740e+01 8.62236046e+01 1.19331185e+02
6.30957344e+02 8.49048307e+01 -3.47619798e-01 -3.44151112e+01 8.52524505e+01 1.19319942e+02
7.07945784e+02 8.39889377e+01 -2.86563224e-01 -3.53168912e+01 8.42755009e+01 1.19305829e+02
7.94328235e+02 8.30569268e+01 -2.36971314e-01 -3.62311999e+01 8.32938981e+01 1.19288127e+02
8.91250938e+02 8.21117014e+01 -1.96865888e-01 -3.71542416e+01 8.23085673e+01 1.19265943e+02
1.00000000e+03 8.11557081e+01 -1.64546690e-01 -3.80824675e+01 8.13202548e+01 1.19238176e+02
1.12201845e+03 8.01909845e+01 -1.38576522e-01 -3.90124845e+01 8.03295610e+01 1.19203469e+02
1.25892541e+03 7.92192111e+01 -1.17756281e-01 -3.99409555e+01 7.93369674e+01 1.19160167e+02
1.41253754e+03 7.82417638e+01 -1.01095715e-01 -4.08644953e+01 7.83428596e+01 1.19106259e+02
1.58489319e+03 7.72597619e+01 -8.77836249e-02 -4.17795694e+01 7.73475456e+01 1.19039331e+02
1.77827941e+03 7.62741117e+01 -7.71597194e-02 -4.26824031e+01 7.63512714e+01 1.18956515e+02
1.99526231e+03 7.52855439e+01 -6.86892480e-02 -4.35689074e+01 7.53542332e+01 1.18854451e+02
2.23872114e+03 7.42946464e+01 -6.19408619e-02 -4.44346340e+01 7.43565873e+01 1.18729280e+02
2.51188643e+03 7.33018904e+01 -5.65677220e-02 -4.52747716e+01 7.33584581e+01 1.18576662e+02
2.81838293e+03 7.23076531e+01 -5.22916421e-02 -4.60841987e+01 7.23599447e+01 1.18391852e+02
3.16227766e+03 7.13122360e+01 -4.88899453e-02 -4.68576067e+01 7.13611260e+01 1.18169843e+02
3.54813389e+03 7.03158798e+01 -4.61846696e-02 -4.75896988e+01 7.03620645e+01 1.17905579e+02
3.98107171e+03 6.93187763e+01 -4.40337679e-02 -4.82754637e+01 6.93628101e+01 1.17594240e+02
4.46683592e+03 6.83210785e+01 -4.23239736e-02 -4.89105003e+01 6.83634025e+01 1.17231579e+02
5.01187234e+03 6.73229080e+01 -4.09650407e-02 -4.94913569e+01 6.73638731e+01 1.16814265e+02
5.62341325e+03 6.63243618e+01 -3.98851107e-02 -5.00158285e+01 6.63642469e+01 1.16340190e+02
6.30957344e+03 6.53255169e+01 -3.90269955e-02 -5.04831599e+01 6.53645439e+01 1.15808677e+02
7.07945784e+03 6.43264346e+01 -3.83452006e-02 -5.08941110e+01 6.43647798e+01 1.15220546e+02
7.94328235e+03 6.33271637e+01 -3.78035464e-02 -5.12508694e+01 6.33649672e+01 1.14578033e+02
8.91250938e+03 6.23277428e+01 -3.73732689e-02 -5.15568289e+01 6.23651161e+01 1.13884572e+02
1.00000000e+04 6.13282028e+01 -3.70315054e-02 -5.18162758e+01 6.13652343e+01 1.13144479e+02
1.12201845e+04 6.03285682e+01 -3.67600880e-02 -5.20340402e+01 6.03653282e+01 1.12362608e+02
1.25892541e+04 5.93288583e+01 -3.65445831e-02 -5.22151632e+01 5.93654028e+01 1.11544021e+02
1.41253754e+04 5.83290886e+01 -3.63735272e-02 -5.23646162e+01 5.83654621e+01 1.10693705e+02
1.58489319e+04 5.73292714e+01 -3.62378190e-02 -5.24870935e+01 5.73655092e+01 1.09816365e+02
1.77827941e+04 5.63294163e+01 -3.61302368e-02 -5.25868766e+01 5.63655466e+01 1.08916293e+02
1.99526231e+04 5.53295312e+01 -3.60450545e-02 -5.26677643e+01 5.53655763e+01 1.07997296e+02
2.23872114e+04 5.43296221e+01 -3.59777380e-02 -5.27330531e+01 5.43655999e+01 1.07062675e+02
2.51188643e+04 5.33296939e+01 -3.59247038e-02 -5.27855519e+01 5.33656186e+01 1.06115246e+02
2.81838293e+04 5.23297503e+01 -3.58831282e-02 -5.28276192e+01 5.23656335e+01 1.05157369e+02
3.16227766e+04 5.13297945e+01 -3.58507979e-02 -5.28612110e+01 5.13656453e+01 1.04191005e+02
3.54813389e+04 5.03298286e+01 -3.58259914e-02 -5.28879325e+01 5.03656546e+01 1.03217761e+02
3.98107171e+04 4.93298547e+01 -3.58073879e-02 -5.29090887e+01 4.93656621e+01 1.02238943e+02
4.46683592e+04 4.83298739e+01 -3.57939968e-02 -5.29257305e+01 4.83656679e+01 1.01255604e+02
5.01187234e+04 4.73298875e+01 -3.57851051e-02 -5.29386959e+01 4.73656726e+01 1.00268583e+02
5.62341325e+04 4.63298960e+01 -3.57802393e-02 -5.29486446e+01 4.63656763e+01 9.92785407e+01
6.30957344e+04 4.53299000e+01 -3.57791404e-02 -5.29560871e+01 4.53656791e+01 9.82859871e+01
7.07945784e+04 4.43298996e+01 -3.57817497e-02 -5.29614075e+01 4.43656814e+01 9.72913071e+01
7.94328235e+04 4.33298949e+01 -3.57882062e-02 -5.29648817e+01 4.33656831e+01 9.62947766e+01
8.91250938e+04 4.23298856e+01 -3.57988538e-02 -5.29666905e+01 4.23656844e+01 9.52965760e+01
1.00000000e+05 4.13298711e+01 -3.58142595e-02 -5.29669280e+01 4.13656854e+01 9.42967991e+01
1.12201845e+05 4.03298508e+01 -3.58352436e-02 -5.29656067e+01 4.03656860e+01 9.32954575e+01
1.25892541e+05 3.93298235e+01 -3.58629235e-02 -5.29626579e+01 3.93656864e+01 9.22924814e+01
1.41253754e+05 3.83297878e+01 -3.58987731e-02 -5.29579279e+01 3.83656866e+01 9.12877157e+01
1.58489319e+05 3.73297418e+01 -3.59447013e-02 -5.29511714e+01 3.73656865e+01 9.02809132e+01
1.77827941e+05 3.63296830e+01 -3.60031536e-02 -5.29420393e+01 3.63656861e+01 8.92717222e+01
1.99526231e+05 3.53296083e+01 -3.60772421e-02 -5.29300622e+01 3.53656855e+01 8.82596704e+01
2.23872114e+05 3.43295137e+01 -3.61709114e-02 -5.29146293e+01 3.43656846e+01 8.72441430e+01
2.51188643e+05 3.33293943e+01 -3.62891481e-02 -5.28949614e+01 3.33656834e+01 8.62243557e+01
2.81838293e+05 3.23292435e+01 -3.64382465e-02 -5.28700779e+01 3.23656818e+01 8.51993214e+01
3.16227766e+05 3.13290535e+01 -3.66261428e-02 -5.28387579e+01 3.13656796e+01 8.41678114e+01
3.54813389e+05 3.03288140e+01 -3.68628370e-02 -5.27994960e+01 3.03656769e+01 8.31283101e+01
3.98107171e+05 2.93285125e+01 -3.71609245e-02 -5.27504533e+01 2.93656734e+01 8.20789658e+01
4.46683592e+05 2.83281327e+01 -3.75362645e-02 -5.26894060e+01 2.83656689e+01 8.10175386e+01
5.01187234e+05 2.73276545e+01 -3.80088209e-02 -5.26136970e+01 2.73656633e+01 7.99413515e+01
5.62341325e+05 2.63270525e+01 -3.86037215e-02 -5.25201961e+01 2.63656562e+01 7.88472486e+01
6.30957344e+05 2.53262947e+01 -3.93525864e-02 -5.24052793e+01 2.53656473e+01 7.77315740e+01
7.07945784e+05 2.43253408e+01 -4.02952003e-02 -5.22648385e+01 2.43656360e+01 7.65901793e+01
7.94328235e+05 2.33241402e+01 -4.14816096e-02 -5.20943393e+01 2.33656218e+01 7.54184794e+01
8.91250938e+05 2.23226291e+01 -4.29747559e-02 -5.18889386e+01 2.23656039e+01 7.42115677e+01
1.00000000e+06 2.13207276e+01 -4.48537757e-02 -5.16436767e+01 2.13655814e+01 7.29644043e+01
1.12201845e+06 2.03183348e+01 -4.72181339e-02 -5.13537422e+01 2.03655530e+01 7.16720770e+01
1.25892541e+06 1.93153245e+01 -5.01927923e-02 -5.10147991e+01 1.93655172e+01 7.03301236e+01
1.41253754e+06 1.83115376e+01 -5.39346606e-02 -5.06233435e+01 1.83654723e+01 6.89348811e+01
1.58489319e+06 1.73067750e+01 -5.86406324e-02 -5.01770404e+01 1.73654156e+01 6.74838154e+01
1.77827941e+06 1.63007868e+01 -6.45575644e-02 -4.96749885e+01 1.63653443e+01 6.59757752e+01
1.99526231e+06 1.52932600e+01 -7.19946271e-02 -4.91178602e+01 1.53652546e+01 6.44111202e+01
2.23872114e+06 1.42838031e+01 -8.13385176e-02 -4.85078966e+01 1.43651416e+01 6.27916997e+01
2.51188643e+06 1.32719273e+01 -9.30720875e-02 -4.78487598e+01 1.33649994e+01 6.11206872e+01
2.81838293e+06 1.22570234e+01 -1.07796986e-01 -4.71452813e+01 1.23648204e+01 5.94023047e+01
3.16227766e+06 1.12383342e+01 -1.26260903e-01 -4.64031591e+01 1.13645951e+01 5.76414933e+01
3.54813389e+06 1.02149215e+01 -1.49389942e-01 -4.56286597e+01 1.03643115e+01 5.58435812e+01
3.98107171e+06 9.18562815e+00 -1.78326425e-01 -4.48283698e+01 9.36395457e+00 5.40139980e+01
4.46683592e+06 8.14903336e+00 -2.14472051e-01 -4.40090230e+01 8.36350541e+00 5.21580563e+01
5.01187234e+06 7.10340460e+00 -2.59535601e-01 -4.31774088e+01 7.36294021e+00 5.02808134e+01
5.62341325e+06 6.04664576e+00 -3.15583311e-01 -4.23403583e+01 6.36222907e+00 4.83870041e+01
6.30957344e+06 4.97624610e+00 -3.85088368e-01 -4.15047890e+01 5.36133447e+00 4.64810351e+01
7.07945784e+06 3.88923550e+00 -4.70973785e-01 -4.06777882e+01 4.36020928e+00 4.45670237e+01
7.94328235e+06 2.78215422e+00 -5.76640183e-01 -3.98667126e+01 3.35879441e+00 4.26488669e+01
8.91250938e+06 1.65104875e+00 -7.05967053e-01 -3.90792777e+01 2.35701581e+00 4.07303265e+01
1.00000000e+07 4.91507179e-01 -8.63273647e-01 -3.83236133e+01 1.35478083e+00 3.88151204e+01
1.12201845e+07 -7.01251263e-01 -1.05322497e+00 -3.76082590e+01 3.51973709e-01 3.69070077e+01
1.25892541e+07 -1.93222094e+00 -1.28067107e+00 -3.69420771e+01 -6.51549875e-01 3.50098562e+01
1.41253754e+07 -3.20638493e+00 -1.55041550e+00 -3.63340656e+01 -1.65596943e+00 3.31276807e+01
1.58489319e+07 -4.52842983e+00 -1.86692233e+00 -3.57930665e+01 -2.66150750e+00 3.12646366e+01
1.77827941e+07 -5.90242720e+00 -2.23398838e+00 -3.53273786e+01 -3.66843881e+00 2.94249514e+01
1.99526231e+07 -7.33152510e+00 -2.65442429e+00 -3.49443036e+01 -4.67710081e+00 2.76127785e+01
2.23872114e+07 -8.81770256e+00 -3.12979743e+00 -3.46496653e+01 -5.68790513e+00 2.58319628e+01
2.51188643e+07 -1.03616347e+01 -3.66028504e+00 -3.44473482e+01 -6.70134970e+00 2.40857135e+01
2.81838293e+07 -1.19626961e+01 -4.24466595e+00 -3.43388979e+01 -7.71803014e+00 2.23762018e+01
3.16227766e+07 -1.36190974e+01 -4.88044867e+00 -3.43232138e+01 -8.73864874e+00 2.07041164e+01
3.54813389e+07 -1.53281222e+01 -5.56410420e+00 -3.43963528e+01 -9.76401799e+00 1.90682306e+01
3.98107171e+07 -1.70864080e+01 -6.29135371e+00 -3.45514574e+01 -1.07950543e+01 1.74650494e+01
4.46683592e+07 -1.88902157e+01 -7.05746028e+00 -3.47788185e+01 -1.18327554e+01 1.58886028e+01
5.01187234e+07 -2.07356409e+01 -7.85748645e+00 -3.50660879e+01 -1.28781544e+01 1.43304470e+01
5.62341325e+07 -2.26187376e+01 -8.68649766e+00 -3.53986611e+01 -1.39322399e+01 1.27799234e+01
6.30957344e+07 -2.45355424e+01 -9.53970806e+00 -3.57602582e+01 -1.49958344e+01 1.12247158e+01
7.07945784e+07 -2.64819985e+01 -1.04125745e+01 -3.61337388e+01 -1.60694240e+01 9.65174025e+00
7.94328235e+07 -2.84537907e+01 -1.13008483e+01 -3.65021651e+01 -1.71529424e+01 8.04837439e+00
8.91250938e+07 -3.04461147e+01 -1.22005944e+01 -3.68500782e+01 -1.82455202e+01 6.40396358e+00
1.00000000e+08 -3.24534186e+01 -1.31081855e+01 -3.71648399e+01 -1.93452330e+01 4.71142133e+00
1.12201845e+08 -3.44691726e+01 -1.40202792e+01 -3.74377806e+01 -2.04488934e+01 2.96860798e+00
1.25892541e+08 -3.64857302e+01 -1.49337860e+01 -3.76648422e+01 -2.15519442e+01 1.17911202e+00
1.41253754e+08 -3.84943443e+01 -1.58458385e+01 -3.78464993e+01 -2.26485058e+01 -6.47844996e-01
1.58489319e+08 -4.04853756e+01 -1.67537731e+01 -3.79869632e+01 -2.37316025e+01 -2.49841239e+00
1.77827941e+08 -4.24486913e+01 -1.76551357e+01 -3.80929158e+01 -2.47935556e+01 -4.35577557e+00
1.99526231e+08 -4.43742057e+01 -1.85477189e+01 -3.81721375e+01 -2.58264868e+01 -6.20206820e+00
2.23872114e+08 -4.62524741e+01 -1.94296306e+01 -3.82323476e+01 -2.68228435e+01 -8.02012651e+00
2.51188643e+08 -4.80752413e+01 -2.02993802e+01 -3.82804215e+01 -2.77758611e+01 -9.79481979e+00
2.81838293e+08 -4.98358530e+01 -2.11559553e+01 -3.83219935e+01 -2.86798977e+01 -1.15138595e+01
3.16227766e+08 -5.15294754e+01 -2.19988517e+01 -3.83613566e+01 -2.95306236e+01 -1.31681187e+01
3.54813389e+08 -5.31531042e+01 -2.28280161e+01 -3.84015435e+01 -3.03250881e+01 -1.47515606e+01
3.98107171e+08 -5.47053892e+01 -2.36436790e+01 -3.84444925e+01 -3.10617102e+01 -1.62608966e+01
4.46683592e+08 -5.61863248e+01 -2.44460791e+01 -3.84912350e+01 -3.17402457e+01 -1.76950898e+01
5.01187234e+08 -5.75968745e+01 -2.52351190e+01 -3.85420725e+01 -3.23617555e+01 -1.90548019e+01
5.62341325e+08 -5.89385886e+01 -2.60100155e+01 -3.85967310e+01 -3.29285731e+01 -2.03418576e+01
6.30957344e+08 -6.02132604e+01 -2.67690240e+01 -3.86544940e+01 -3.34442364e+01 -2.15587664e+01
7.07945784e+08 -6.14226373e+01 -2.75092963e+01 -3.87143208e+01 -3.39133409e+01 -2.27083165e+01
7.94328235e+08 -6.25681908e+01 -2.82269100e+01 -3.87749593e+01 -3.43412808e+01 -2.37932316e+01
8.91250938e+08 -6.36509429e+01 -2.89170685e+01 -3.88350606e+01 -3.47338744e+01 -2.48158822e+01
1.00000000e+09 -6.46713513e+01 -2.95744484e+01 -3.88932969e+01 -3.50969029e+01 -2.57780545e+01
