# freq_hz Ad_dB Avdd_dB Avss_dB PSRRplus_dB PSRRminus_dB (Asupply clamped at the floor)
1.00000000e-01 9.49530033e+01 -3.53401962e+00 -6.89118702e+00 9.84870230e+01 1.01844190e+02
1.12201845e-01 9.49530032e+01 -3.53401940e+00 -6.89118720e+00 9.84870226e+01 1.01844190e+02
1.25892541e-01 9.49530029e+01 -3.53401912e+00 -6.89118743e+00 9.84870221e+01 1.01844190e+02
1.41253754e-01 9.49530027e+01 -3.53401877e+00 -6.89118771e+00 9.84870214e+01 1.01844190e+02
1.58489319e-01 9.49530023e+01 -3.53401833e+00 -6.89118807e+00 9.84870206e+01 1.01844190e+02
1.77827941e-01 9.49530018e+01 -3.53401777e+00 -6.89118852e+00 9.84870196e+01 1.01844190e+02
1.99526231e-01 9.49530013e+01 -3.53401707e+00 -6.89118909e+00 9.84870183e+01 1.01844190e+02
2.23872114e-01 9.49530006e+01 -3.53401619e+00 -6.89118980e+00 9.84870167e+01 1.01844190e+02
2.51188643e-01 9.49529997e+01 -3.53401507e+00 -6.89119070e+00 9.84870147e+01 1.01844190e+02
2.81838293e-01 9.49529985e+01 -3.53401367e+00 -6.89119183e+00 9.84870122e+01 1.01844190e+02
3.16227766e-01 9.49529971e+01 -3.53401191e+00 -6.89119325e+00 9.84870090e+01 1.01844190e+02
3.54813389e-01 9.49529953e+01 -3.53400970e+00 -6.89119505e+00 9.84870050e+01 1.01844190e+02
3.98107171e-01 9.49529931e+01 -3.53400690e+00 -6.89119730e+00 9.84870000e+01 1.01844190e+02
4.46683592e-01 9.49529902e+01 -3.53400339e+00 -6.89120014e+00 9.84869936e+01 1.01844190e+02
5.01187234e-01 9.49529866e+01 -3.53399897e+00 -6.89120372e+00 9.84869856e+01 1.01844190e+02
5.62341325e-01 9.49529821e+01 -3.53399340e+00 -6.89120822e+00 9.84869755e+01 1.01844190e+02
6.30957344e-01 9.49529765e+01 -3.53398638e+00 -6.89121388e+00 9.84869629e+01 1.01844190e+02
7.07945784e-01 9.49529693e+01 -3.53397756e+00 -6.89122102e+00 9.84869469e+01 1.01844190e+02
7.94328235e-01 9.49529604e+01 -3.53396644e+00 -6.89123000e+00 9.84869268e+01 1.01844190e+02
8.91250938e-01 9.49529491e+01 -3.53395245e+00 -6.89124131e+00 9.84869015e+01 1.01844190e+02
1.00000000e+00 9.49529348e+01 -3.53393484e+00 -6.89125554e+00 9.84868697e+01 1.01844190e+02
1.12201845e+00 9.49529169e+01 -3.53391266e+00 -6.89127346e+00 9.84868296e+01 1.01844190e+02
1.25892541e+00 9.49528943e+01 -3.53388475e+00 -6.89129602e+00 9.84867791e+01 1.01844190e+02
1.41253754e+00 9.49528659e+01 -3.53384961e+00 -6.89132443e+00 9.84867155e+01 1.01844190e+02
1.58489319e+00 9.49528302e+01 -3.53380537e+00 -6.89136019e+00 9.84866355e+01 1.01844190e+02
1.77827941e+00 9.49527852e+01 -3.53374968e+00 -6.89140520e+00 9.84865348e+01 1.01844190e+02
1.99526231e+00 9.49527285e+01 -3.53367957e+00 -6.89146187e+00 9.84864081e+01 1.01844190e+02
2.23872114e+00 9.49526572e+01 -3.53359131e+00 -6.89153320e+00 9.84862485e+01 1.01844190e+02
2.51188643e+00 9.49525673e+01 -3.53348021e+00 -6.89162301e+00 9.84860475e+01 1.01844190e+02
2.81838293e+00 9.49524543e+01 -3.53334034e+00 -6.89173608e+00 9.84857946e+01 1.01844190e+02
3.16227766e+00 9.49523119e+01 -3.53316428e+00 -6.89187840e+00 9.84854762e+01 1.01844190e+02
3.54813389e+00 9.49521328e+01 -3.53294267e+00 -6.89205758e+00 9.84850754e+01 1.01844190e+02
3.98107171e+00 9.49519072e+01 -3.53266371e+00 -6.89228314e+00 9.84845709e+01 1.01844190e+02
4.46683592e+00 9.49516232e+01 -3.53231259e+00 -6.89256708e+00 9.84839358e+01 1.01844190e+02
5.01187234e+00 9.49512658e+01 -3.53187066e+00 -6.89292453e+00 9.84831364e+01 1.01844190e+02
5.62341325e+00 9.49508158e+01 -3.53131447e+00 -6.89337448e+00 9.84821303e+01 1.01844190e+02
6.30957344e+00 9.49502494e+01 -3.53061453e+00 -6.89394086e+00 9.84808640e+01 1.01844190e+02
7.07945784e+00 9.49495365e+01 -3.52973378e+00 -6.89465380e+00 9.84792703e+01 1.01844190e+02
7.94328235e+00 9.49486391e+01 -3.52862565e+00 -6.89555117e+00 9.84772647e+01 1.01844190e+02
8.91250938e+00 9.49475096e+01 -3.52723165e+00 -6.89668062e+00 9.84747413e+01 1.01844190e+02
1.00000000e+01 9.49460881e+01 -3.52547838e+00 -6.89810209e+00 9.84715665e+01 1.01844190e+02
1.12201845e+01 9.49442992e+01 -3.52327377e+00 -6.89989096e+00 9.84675729e+01 1.01844190e+02
1.25892541e+01 9.49420481e+01 -3.52050250e+00 -6.90214197e+00 9.84625506e+01 1.01844190e+02
1.41253754e+01 9.49392158e+01 -3.51702027e+00 -6.90497417e+00 9.84562361e+01 1.01844190e+02
1.58489319e+01 9.49356528e+01 -3.51264680e+00 -6.90853707e+00 9.84482996e+01 1.01844190e+02
1.77827941e+01 9.49311714e+01 -3.50715736e+00 -6.91301834e+00 9.84383288e+01 1.01844190e+02
1.99526231e+01 9.49255362e+01 -3.50027247e+00 -6.91865336e+00 9.84258087e+01 1.01844190e+02
2.23872114e+01 9.49184524e+01 -3.49164566e+00 -6.92573705e+00 9.84100980e+01 1.01844189e+02
2.51188643e+01 9.49095507e+01 -3.48084923e+00 -6.93463849e+00 9.83903999e+01 1.01844189e+02
2.81838293e+01 9.48983700e+01 -3.46735782e+00 -6.94581885e+00 9.83657278e+01 1.01844189e+02
3.16227766e+01 9.48843352e+01 -3.45053030e+00 -6.95985328e+00 9.83348655e+01 1.01844188e+02
3.54813389e+01 9.48667306e+01 -3.42959075e+00 -6.97745734e+00 9.82963214e+01 1.01844188e+02
3.98107171e+01 9.48446688e+01 -3.40360982e+00 -6.99951855e+00 9.82482786e+01 1.01844187e+02
4.46683592e+01 9.48170530e+01 -3.37148939e+00 -7.02713356e+00 9.81885424e+01 1.01844187e+02
5.01187234e+01 9.47825347e+01 -3.33195412e+00 -7.06165095e+00 9.81144888e+01 1.01844186e+02
5.62341325e+01 9.47394651e+01 -3.28355600e+00 -7.10471925e+00 9.80230211e+01 1.01844184e+02
6.30957344e+01 9.46858441e+01 -3.22469933e+00 -7.15833867e+00 9.79105435e+01 1.01844183e+02
7.07945784e+01 9.46192673e+01 -3.15369558e+00 -7.22491358e+00 9.77729629e+01 1.01844181e+02
7.94328235e+01 9.45368776e+01 -3.06885756e+00 -7.30730078e+00 9.76057352e+01 1.01844178e+02
8.91250938e+01 9.44353294e+01 -2.96864060e+00 -7.40884594e+00 9.74039700e+01 1.01844175e+02
1.00000000e+02 9.43107741e+01 -2.85183165e+00 -7.53339735e+00 9.71626057e+01 1.01844171e+02
1.12201845e+02 9.41588828e+01 -2.71777631e+00 -7.68528368e+00 9.68766591e+01 1.01844167e+02
1.25892541e+02 9.39749202e+01 -2.56661754e+00 -7.86924016e+00 9.65415377e+01 1.01844160e+02
1.41253754e+02 9.37538830e+01 -2.39950278e+00 -8.09026954e+00 9.61533858e+01 1.01844153e+02
1.58489319e+02 9.34907136e+01 -2.21870465e+00 -8.35342914e+00 9.57094183e+01 1.01844143e+02
1.77827941e+02 9.31805831e+01 -2.02760263e+00 -8.66354737e+00 9.52081857e+01 1.01844130e+02
1.99526231e+02 9.28192255e+01 -1.83049487e+00 -9.02488942e+00 9.46497204e+01 1.01844115e+02
2.23872114e+02 9.24032847e+01 -1.63224827e+00 -9.44081070e+00 9.40355330e+01 1.01844095e+02
2.51188643e+02 9.19306203e+01 -1.43784036e+00 -9.91345054e+00 9.33684607e+01 1.01844071e+02
2.81838293e+02 9.14005184e+01 -1.25187933e+00 -1.04435215e+01 9.26523977e+01 1.01844040e+02
3.16227766e+02 9.08137646e+01 -1.07819590e+00 -1.10302363e+01 9.18919605e+01 1.01844001e+02
3.54813389e+02 9.01725639e+01 -9.19577826e-01 -1.16713880e+01 9.10921417e+01 1.01843952e+02
3.98107171e+02 8.94803238e+01 -7.77676184e-01 -1.23635663e+01 9.02580000e+01 1.01843890e+02
4.46683592e+02 8.87413456e+01 -6.53068580e-01 -1.31024668e+01 8.93944142e+01 1.01843812e+02
5.01187234e+02 8.79604765e+01 -5.45434082e-01 -1.38832381e+01 8.85059106e+01 1.01843715e+02
5.62341325e+02 8.71427776e+01 -4.53783862e-01 -1.47008137e+01 8.75965615e+01 1.01843591e+02
6.30957344e+02 8.62932435e+01 -3.76697819e-01 -1.55501928e+01 8.66699413e+01 1.01843436e+02
7.07945784e+02 8.54165925e+01 -3.12533077e-01 -1.64266485e+01 8.57291256e+01 1.01843241e+02
7.94328235e+02 8.45171316e+01 -2.59587339e-01 -1.73258636e+01 8.47767190e+01 1.01842995e+02
8.91250938e+02 8.35986852e+01 -2.16213767e-01 -1.82440006e+01 8.38148990e+01 1.01842686e+02
1.00000000e+03 8.26645749e+01 -1.80892573e-01 -1.91777215e+01 8.28454675e+01 1.01842296e+02
1.12201845e+03 8.17176348e+01 -1.52268365e-01 -2.01241713e+01 8.18699031e+01 1.01841806e+02
1.25892541e+03 8.07602487e+01 -1.29162905e-01 -2.10809403e+01 8.08894116e+01 1.01841189e+02
1.41253754e+03 7.97943986e+01 -1.10571752e-01 -2.20460136e+01 7.99049703e+01 1.01840412e+02
1.58489319e+03 7.88217175e+01 -9.56514460e-02 -2.30177170e+01 7.89173690e+01 1.01839434e+02
1.77827941e+03 7.78435408e+01 -8.37019803e-02 -2.39946631e+01 7.79272428e+01 1.01838204e+02
1.99526231e+03 7.68609542e+01 -7.41477229e-02 -2.49757010e+01 7.69351019e+01 1.01836655e+02
2.23872114e+03 7.58748361e+01 -6.65187303e-02 -2.59598702e+01 7.59413548e+01 1.01834706e+02
2.51188643e+03 7.48858945e+01 -6.04335237e-02 -2.69463595e+01 7.49463281e+01 1.01832254e+02
2.81838293e+03 7.38946987e+01 -5.55838277e-02 -2.79344700e+01 7.39502825e+01 1.01829169e+02
3.16227766e+03 7.29017048e+01 -5.17214084e-02 -2.89235828e+01 7.29534262e+01 1.01825288e+02
3.54813389e+03 7.19072780e+01 -4.86469426e-02 -2.99131286e+01 7.19559250e+01 1.01820407e+02
3.98107171e+03 7.09117101e+01 -4.62007377e-02 -3.09025594e+01 7.09579108e+01 1.01814270e+02
4.46683592e+03 6.99152338e+01 -4.42550789e-02 -3.18913219e+01 6.99594889e+01 1.01806556e+02
5.01187234e+03 6.89180349e+01 -4.27079689e-02 -3.28788292e+01 6.89607428e+01 1.01796864e+02
5.62341325e+03 6.79202611e+01 -4.14780407e-02 -3.38644324e+01 6.79617391e+01 1.01784693e+02
6.30957344e+03 6.69220302e+01 -4.05004423e-02 -3.48473898e+01 6.69625306e+01 1.01769420e+02
7.07945784e+03 6.59234360e+01 -3.97235212e-02 -3.58268319e+01 6.59631595e+01 1.01750268e+02
7.94328235e+03 6.49245529e+01 -3.91061615e-02 -3.68017231e+01 6.49636590e+01 1.01726276e+02
8.91250938e+03 6.39254403e+01 -3.86156492e-02 -3.77708188e+01 6.39640559e+01 1.01696259e+02
1.00000000e+04 6.29261452e+01 -3.82259658e-02 -3.87326170e+01 6.29643712e+01 1.01658762e+02
1.12201845e+04 6.19267052e+01 -3.79164240e-02 -3.96853064e+01 6.19646216e+01 1.01612012e+02
1.25892541e+04 6.09271500e+01 -3.76705805e-02 -4.06267120e+01 6.09648205e+01 1.01553862e+02
1.41253754e+04 5.99275032e+01 -3.74753693e-02 -4.15542413e+01 5.99649786e+01 1.01481744e+02
1.58489319e+04 5.89277837e+01 -3.73204109e-02 -4.24648384e+01 5.89651041e+01 1.01392622e+02
1.77827941e+04 5.79280064e+01 -3.71974635e-02 -4.33549536e+01 5.79652038e+01 1.01282960e+02
1.99526231e+04 5.69281830e+01 -3.70999862e-02 -4.42205397e+01 5.69652830e+01 1.01148723e+02
2.23872114e+04 5.59283231e+01 -3.70227921e-02 -4.50570912e+01 5.59653459e+01 1.00985414e+02
2.51188643e+04 5.49284341e+01 -3.69617729e-02 -4.58597398e+01 5.49653959e+01 1.00788174e+02
2.81838293e+04 5.39285219e+01 -3.69136808e-02 -4.66234196e+01 5.39654356e+01 1.00551941e+02
3.16227766e+04 5.29285911e+01 -3.68759557e-02 -4.73431064e+01 5.29654671e+01 1.00271698e+02
3.54813389e+04 5.19286455e+01 -3.68465893e-02 -4.80141229e+01 5.19654921e+01 9.99427685e+01
3.98107171e+04 5.09286880e+01 -3.68240180e-02 -4.86324819e+01 5.09655120e+01 9.95611698e+01
4.46683592e+04 4.99287207e+01 -3.68070403e-02 -4.91952230e+01 4.99655278e+01 9.91239437e+01
5.01187234e+04 4.89287455e+01 -3.67947520e-02 -4.97006893e+01 4.89655403e+01 9.86294348e+01
5.62341325e+04 4.79287637e+01 -3.67864989e-02 -5.01486888e+01 4.79655502e+01 9.80774524e+01
6.30957344e+04 4.69287762e+01 -3.67818416e-02 -5.05405090e+01 4.69655580e+01 9.74692851e+01
7.07945784e+04 4.59287837e+01 -3.67805320e-02 -5.08787809e+01 4.59655642e+01 9.68075646e+01
7.94328235e+04 4.49287866e+01 -3.67825005e-02 -5.11672192e+01 4.49655691e+01 9.60960058e+01
8.91250938e+04 4.39287851e+01 -3.67878519e-02 -5.14102890e+01 4.39655729e+01 9.53390741e+01
1.00000000e+05 4.29287790e+01 -3.67968711e-02 -5.16128547e+01 4.29655759e+01 9.45416338e+01
1.12201845e+05 4.19287681e+01 -3.68100385e-02 -5.17798579e+01 4.19655781e+01 9.37086260e+01
1.25892541e+05 4.09287518e+01 -3.68280552e-02 -5.19160559e+01 4.09655798e+01 9.28448077e+01
1.41253754e+05 3.99287291e+01 -3.68518805e-02 -5.20258321e+01 3.99655810e+01 9.19545613e+01
1.58489319e+05 3.89286990e+01 -3.68827833e-02 -5.21130757e+01 3.89655818e+01 9.10417748e+01
1.77827941e+05 3.79286598e+01 -3.69224090e-02 -5.21811194e+01 3.79655822e+01 9.01097792e+01
1.99526231e+05 3.69286094e+01 -3.69728674e-02 -5.22327185e+01 3.69655822e+01 8.91613278e+01
2.23872114e+05 3.59285451e+01 -3.70368454e-02 -5.22700574e+01 3.59655819e+01 8.81986024e+01
2.51188643e+05 3.49284634e+01 -3.71177491e-02 -5.22947695e+01 3.49655812e+01 8.72232330e+01
2.81838293e+05 3.39283602e+01 -3.72198859e-02 -5.23079612e+01 3.39655801e+01 8.62363214e+01
3.16227766e+05 3.29282298e+01 -3.73486932e-02 -5.23102316e+01 3.29655785e+01 8.52384614e+01
3.54813389e+05 3.19280653e+01 -3.75110276e-02 -5.23016854e+01 3.19655763e+01 8.42297507e+01
3.98107171e+05 3.09278579e+01 -3.77155295e-02 -5.22819357e+01 3.09655735e+01 8.32097937e+01
4.46683592e+05 2.99275967e+01 -3.79730822e-02 -5.22500957e+01 2.99655698e+01 8.21776925e+01
5.01187234e+05 2.89272677e+01 -3.82973901e-02 -5.22047624e+01 2.89655651e+01 8.11320302e+01
5.62341325e+05 2.79268535e+01 -3.87057060e-02 -5.21439947e+01 2.79655592e+01 8.00708482e+01
6.30957344e+05 2.69263319e+01 -3.92197457e-02 -5.20652923e+01 2.69655516e+01 7.89916242e+01
7.07945784e+05 2.59256753e+01 -3.98668390e-02 -5.19655845e+01 2.59655421e+01 7.78912598e+01
7.94328235e+05 2.49248487e+01 -4.06813748e-02 -5.18412404e+01 2.49655301e+01 7.67660892e+01
8.91250938e+05 2.39238083e+01 -4.17066177e-02 -5.16881162e+01 2.39655149e+01 7.56119245e+01
1.00000000e+06 2.29224989e+01 -4.29969870e-02 -5.15016540e+01 2.29654958e+01 7.44241528e+01
1.12201845e+06 2.19208509e+01 -4.46209175e-02 -5.12770472e+01 2.19654718e+01 7.31978981e+01
1.25892541e+06 2.09187770e+01 -4.66644420e-02 -5.10094798e+01 2.09654415e+01 7.19282568e+01
1.41253754e+06 1.99161677e+01 -4.92356780e-02 -5.06944334e+01 1.99654033e+01 7.06106010e+01
1.58489319e+06 1.89128849e+01 -5.24704328e-02 -5.03280388e+01 1.89653553e+01 6.92409237e+01
1.77827941e+06 1.79087556e+01 -5.65391975e-02 -4.99074327e+01 1.79652948e+01 6.78161883e+01
1.99526231e+06 1.69035628e+01 -6.16558462e-02 -4.94310634e+01 1.69652187e+01 6.63346262e+01
2.23872114e+06 1.58970344e+01 -6.80884325e-02 -4.88988944e+01 1.59651228e+01 6.47959287e+01
2.51188643e+06 1.48888296e+01 -7.61725249e-02 -4.83124675e+01 1.49650021e+01 6.32012971e+01
2.81838293e+06 1.38785226e+01 -8.63276053e-02 -4.76748175e+01 1.39648502e+01 6.15533402e+01
3.16227766e+06 1.28655819e+01 -9.90770978e-02 -4.69902621e+01 1.29646590e+01 5.98558440e+01
3.54813389e+06 1.18493457e+01 -1.15072633e-01 -4.62641138e+01 1.19644184e+01 5.81134595e+01
3.98107171e+06 1.08289923e+01 -1.35123129e-01 -4.55023733e+01 1.09641154e+01 5.63313656e+01
4.46683592e+06 9.80350504e+00 -1.60229145e-01 -4.47114525e+01 9.96373419e+00 5.45149575e+01
5.01187234e+06 8.77163166e+00 -1.91622717e-01 -4.38979630e+01 8.96325437e+00 5.26695946e+01
5.62341325e+06 7.73183821e+00 -2.30812368e-01 -4.30685867e+01 7.96265058e+00 5.08004249e+01
6.30957344e+06 6.68225869e+00 -2.79632159e-01 -4.22300264e+01 6.96189085e+00 4.89122851e+01
7.07945784e+06 5.62064267e+00 -3.40292369e-01 -4.13890249e+01 5.96093504e+00 4.70096676e+01
7.94328235e+06 4.54430523e+00 -4.15427542e-01 -4.05524337e+01 4.95973277e+00 4.50967390e+01
8.91250938e+06 3.45008557e+00 -5.08135248e-01 -3.97273098e+01 3.95822081e+00 4.31773954e+01
1.00000000e+07 2.33432391e+00 -6.21996004e-01 -3.89210172e+01 2.95631992e+00 4.12553411e+01
1.12201845e+07 1.19286886e+00 -7.61061994e-01 -3.81413089e+01 1.95393086e+00 3.93341778e+01
1.25892541e+07 2.11293392e-02 -9.29800245e-01 -3.73963656e+01 9.50929584e-01 3.74174950e+01
1.41253754e+07 -1.18581501e+00 -1.13297629e+00 -3.66947655e+01 -5.28387180e-02 3.55089505e+01
1.58489319e+07 -2.43303555e+00 -1.37546874e+00 -3.60453671e+01 -1.05756681e+00 3.36123315e+01
1.77827941e+07 -3.72550906e+00 -1.66201507e+00 -3.54570907e+01 -2.06349399e+00 3.17315817e+01
1.99526231e+07 -5.06782034e+00 -1.99690411e+00 -3.49386008e+01 -3.07091623e+00 2.98707805e+01
2.23872114e+07 -6.46384655e+00 -2.38364867e+00 -3.44979048e+01 -4.08019788e+00 2.80340583e+01
2.51188643e+07 -7.91647174e+00 -2.82468702e+00 -3.41419023e+01 -5.09178472e+00 2.62254305e+01
2.81838293e+07 -9.42738438e+00 -3.32116644e+00 -3.38759273e+01 -6.10621794e+00 2.44485429e+01
3.16227766e+07 -1.09969999e+01 -3.87285189e+00 -3.37033275e+01 -7.12414799e+00 2.27063276e+01
3.54813389e+07 -1.26245240e+01 -4.47817762e+00 -3.36251144e+01 -8.14634643e+00 2.10005903e+01
3.98107171e+07 -1.43081403e+01 -5.13442746e+00 -3.36397080e+01 -9.17371285e+00 1.93315677e+01
4.46683592e+07 -1.60452752e+01 -5.83800310e+00 -3.37427877e+01 -1.02072721e+01 1.76975125e+01
5.01187234e+07 -1.78328827e+01 -6.58472727e+00 -3.39272577e+01 -1.12481554e+01 1.60943750e+01
5.62341325e+07 -1.96676895e+01 -7.37013396e+00 -3.41833365e+01 -1.22975555e+01 1.45156470e+01
6.30957344e+07 -2.15463597e+01 -8.18971429e+00 -3.44987834e+01 -1.33566454e+01 1.29524236e+01
7.07945784e+07 -2.34655526e+01 -9.03910530e+00 -3.48592790e+01 -1.44264473e+01 1.13937264e+01
7.94328235e+07 -2.54218636e+01 -9.91422345e+00 -3.52489820e+01 -1.55076401e+01 9.82711835e+00
8.91250938e+07 -2.74116504e+01 -1.08113504e+01 -3.56512868e+01 -1.66003000e+01 8.23963643e+00
1.00000000e+08 -2.94307579e+01 -1.17271798e+01 -3.60497935e+01 -1.77035781e+01 6.61903564e+00
1.12201845e+08 -3.14741719e+01 -1.26588309e+01 -3.64294504e+01 -1.88153411e+01 4.95527850e+00
1.25892541e+08 -3.35356523e+01 -1.36038315e+01 -3.67777449e+01 -1.99318208e+01 3.24209258e+00
1.41253754e+08 -3.56074183e+01 -1.45600729e+01 -3.70857208e+01 -2.10473454e+01 1.47830246e+00
1.58489319e+08 -3.76799725e+01 -1.55257350e+01 -3.73485634e+01 -2.21542375e+01 -3.31409095e-01
1.77827941e+08 -3.97421466e+01 -1.64991858e+01 -3.75655730e+01 -2.32429608e+01 -2.17657362e+00
1.99526231e+08 -4.17814232e+01 -1.74788564e+01 -3.77395300e+01 -2.43025668e+01 -4.04189326e+00
2.23872114e+08 -4.37845378e+01 -1.84630975e+01 -3.78756537e+01 -2.53214403e+01 -5.90888409e+00
2.51188643e+08 -4.57383018e+01 -1.94500249e+01 -3.79804548e+01 -2.62882770e+01 -7.75784707e+00
2.81838293e+08 -4.76305310e+01 -2.04373666e+01 -3.80607453e+01 -2.71931644e+01 -9.56978569e+00
3.16227766e+08 -4.94509284e+01 -2.14223260e+01 -3.81229495e+01 -2.80286024e+01 -1.13279789e+01
3.54813389e+08 -5.11917718e+01 -2.24014804e+01 -3.81727236e+01 -2.87902914e+01 -1.30190482e+01
3.98107171e+08 -5.28482919e+01 -2.33707320e+01 -3.82148148e+01 -2.94775599e+01 -1.46334771e+01
4.46683592e+08 -5.44186894e+01 -2.43253247e+01 -3.82530614e+01 -3.00933646e+01 -1.61656280e+01
5.01187234e+08 -5.59038137e+01 -2.52599272e+01 -3.82904522e+01 -3.06438866e+01 -1.76133615e+01
5.62341325e+08 -5.73065839e+01 -2.61687724e+01 -3.83291931e+01 -3.11378115e+01 -1.89773908e+01
6.30957344e+08 -5.86312691e+01 -2.70458401e+01 -3.83707578e+01 -3.15854289e+01 -2.02605113e+01
7.07945784e+08 -5.98827482e+01 -2.78850670e+01 -3.84159269e+01 -3.19976812e+01 -2.14668213e+01
7.94328235e+08 -6.10658446e+01 -2.86805795e+01 -3.84648285e+01 -3.23852652e+01 -2.26010161e+01
8.91250938e+08 -6.21847971e+01 -2.94269489e+01 -3.85170012e+01 -3.27578483e+01 -2.36677959e+01
1.00000000e+09 -6.32428957e+01 -3.01194683e+01 -3.85714967e+01 -3.31234275e+01 -2.46713990e+01
