# freq_hz rev(vout) imv(vout) rev(vinp) imv(vinp) rev(vinn) imv(vinn) rev(vdd) imv(vdd) rev(vss) imv(vss)
1.000000000000e-01 5.517844151065e-01 2.044496313296e-04 0.000000000000e+00 0.000000000000e+00 3.253916943947e-22 -8.781921718383e-19 1.000000000000e+00 0.000000000000e+00 0.000000000000e+00 0.000000000000e+00
1.122018454302e-01 5.517844394772e-01 2.293962467262e-04 0.000000000000e+00 0.000000000000e+00 3.253916765249e-22 -7.826896315923e-19 1.000000000000e+00 0.000000000000e+00 0.000000000000e+00 0.000000000000e+00
1.258925411794e-01 5.517844701422e-01 2.573868043862e-04 0.000000000000e+00 0.000000000000e+00 3.253916540381e-22 -6.975729071955e-19 1.000000000000e+00 0.000000000000e+00 0.000000000000e+00 0.000000000000e+00
1.412537544623e-01 5.517845087693e-01 2.887927192934e-04 0.000000000000e+00 0.000000000000e+00 3.253916257254e-22 -6.217125514853e-19 1.000000000000e+00 0.000000000000e+00 0.000000000000e+00 0.000000000000e+00
1.584893192461e-01 5.517845573820e-01 3.240307250348e-04 0.000000000000e+00 0.000000000000e+00 3.253915901045e-22 -5.541019435668e-19 1.000000000000e+00 0.000000000000e+00 0.000000000000e+00 0.000000000000e+00
1.778279410039e-01 5.517846185969e-01 3.635684031279e-04 0.000000000000e+00 0.000000000000e+00 3.253915452434e-22 -4.938439318157e-19 1.000000000000e+00 0.000000000000e+00 0.000000000000e+00 0.000000000000e+00
1.995262314969e-01 5.517846956694e-01 4.079303869430e-04 0.000000000000e+00 0.000000000000e+00 3.253914887904e-22 -4.401389289946e-19 1.000000000000e+00 0.000000000000e+00 0.000000000000e+00 0.000000000000e+00
2.238721138568e-01 5.517847926847e-01 4.577053222357e-04 0.000000000000e+00 0.000000000000e+00 3.253914177050e-22 -3.922743023517e-19 1.000000000000e+00 0.000000000000e+00 0.000000000000e+00 0.000000000000e+00
2.511886431510e-01 5.517849148155e-01 5.135536769548e-04 0.000000000000e+00 0.000000000000e+00 3.253913282365e-22 -3.496149173512e-19 1.000000000000e+00 0.000000000000e+00 0.000000000000e+00 0.000000000000e+00
2.818382931264e-01 5.517850685480e-01 5.762165033674e-04 0.000000000000e+00 0.000000000000e+00 3.253912155952e-22 -3.115947098960e-19 1.000000000000e+00 0.000000000000e+00 0.000000000000e+00 0.000000000000e+00
3.162277660168e-01 5.517852621023e-01 6.465252686969e-04 0.000000000000e+00 0.000000000000e+00 3.253910737793e-22 -2.777091749243e-19 1.000000000000e+00 0.000000000000e+00 0.000000000000e+00 0.000000000000e+00
3.548133892336e-01 5.517855058052e-01 7.254128846409e-04 0.000000000000e+00 0.000000000000e+00 3.253908952549e-22 -2.475086719933e-19 1.000000000000e+00 0.000000000000e+00 0.000000000000e+00 0.000000000000e+00
3.981071705535e-01 5.517858125769e-01 8.139260813894e-04 0.000000000000e+00 0.000000000000e+00 3.253906705210e-22 -2.205924587498e-19 1.000000000000e+00 0.000000000000e+00 0.000000000000e+00 0.000000000000e+00
4.466835921510e-01 5.517861987783e-01 9.132392896491e-04 0.000000000000e+00 0.000000000000e+00 3.253903875759e-22 -1.966033734180e-19 1.000000000000e+00 0.000000000000e+00 0.000000000000e+00 0.000000000000e+00
5.011872336273e-01 5.517866849659e-01 1.024670214481e-03 0.000000000000e+00 0.000000000000e+00 3.253900313815e-22 -1.752230953897e-19 1.000000000000e+00 0.000000000000e+00 0.000000000000e+00 0.000000000000e+00
5.623413251903e-01 5.517872970663e-01 1.149697305803e-03 0.000000000000e+00 0.000000000000e+00 3.253895829421e-22 -1.561679213870e-19 1.000000000000e+00 0.000000000000e+00 0.000000000000e+00 0.000000000000e+00
6.309573444802e-01 5.517880676325e-01 1.289979355985e-03 0.000000000000e+00 0.000000000000e+00 3.253890184327e-22 -1.391850008108e-19 1.000000000000e+00 0.000000000000e+00 0.000000000000e+00 0.000000000000e+00
7.079457843841e-01 5.517890377448e-01 1.447377481765e-03 0.000000000000e+00 0.000000000000e+00 3.253883077268e-22 -1.240489806393e-19 1.000000000000e+00 0.000000000000e+00 0.000000000000e+00 0.000000000000e+00
7.943282347243e-01 5.517902589876e-01 1.623979779483e-03 0.000000000000e+00 0.000000000000e+00 3.253874130223e-22 -1.105590150646e-19 1.000000000000e+00 0.000000000000e+00 0.000000000000e+00 0.000000000000e+00
8.912509381337e-01 5.517917964727e-01 1.822128974422e-03 0.000000000000e+00 0.000000000000e+00 3.253862866421e-22 -9.853610045020e-20 1.000000000000e+00 0.000000000000e+00 0.000000000000e+00 0.000000000000e+00
1.000000000000e+00 5.517937320417e-01 2.044453425808e-03 0.000000000000e+00 0.000000000000e+00 3.253848686391e-22 -8.782070001865e-20 1.000000000000e+00 0.000000000000e+00 0.000000000000e+00 0.000000000000e+00
1.122018454302e+00 5.517961687196e-01 2.293901887785e-03 0.000000000000e+00 0.000000000000e+00 3.253830834995e-22 -7.827062691631e-20 1.000000000000e+00 0.000000000000e+00 0.000000000000e+00 0.000000000000e+00
1.258925411794e+00 5.517992362856e-01 2.573782473944e-03 0.000000000000e+00 0.000000000000e+00 3.253808361659e-22 -6.975915747406e-20 1.000000000000e+00 0.000000000000e+00 0.000000000000e+00 0.000000000000e+00
1.412537544623e+00 5.518030980733e-01 2.887806323586e-03 0.000000000000e+00 0.000000000000e+00 3.253780069977e-22 -6.217334966089e-20 1.000000000000e+00 0.000000000000e+00 0.000000000000e+00 0.000000000000e+00
1.584893192461e+00 5.518079596728e-01 3.240136519852e-03 0.000000000000e+00 0.000000000000e+00 3.253744453461e-22 -5.541254441362e-20 1.000000000000e+00 0.000000000000e+00 0.000000000000e+00 0.000000000000e+00
1.778279410039e+00 5.518140799244e-01 3.635442871575e-03 0.000000000000e+00 0.000000000000e+00 3.253699615880e-22 -4.938702995272e-20 1.000000000000e+00 0.000000000000e+00 0.000000000000e+00 0.000000000000e+00
1.995262314969e+00 5.518217846086e-01 4.078963228347e-03 0.000000000000e+00 0.000000000000e+00 3.253643170667e-22 -4.401685135185e-20 1.000000000000e+00 0.000000000000e+00 0.000000000000e+00 0.000000000000e+00
2.238721138568e+00 5.518314838471e-01 4.576572064976e-03 0.000000000000e+00 0.000000000000e+00 3.253572113157e-22 -3.923074959851e-20 1.000000000000e+00 0.000000000000e+00 0.000000000000e+00 0.000000000000e+00
2.511886431510e+00 5.518436938906e-01 5.134857135671e-03 0.000000000000e+00 0.000000000000e+00 3.253482661375e-22 -3.496521602052e-20 1.000000000000e+00 0.000000000000e+00 0.000000000000e+00 0.000000000000e+00
2.818382931264e+00 5.518590644623e-01 5.761205058998e-03 0.000000000000e+00 0.000000000000e+00 3.253370055264e-22 -3.116364956129e-20 1.000000000000e+00 0.000000000000e+00 0.000000000000e+00 0.000000000000e+00
3.162277660168e+00 5.518784133488e-01 6.463896745838e-03 0.000000000000e+00 0.000000000000e+00 3.253228303503e-22 -2.777560572171e-20 1.000000000000e+00 0.000000000000e+00 0.000000000000e+00 0.000000000000e+00
3.548133892336e+00 5.519027697451e-01 7.252213635250e-03 0.000000000000e+00 0.000000000000e+00 3.253049866312e-22 -2.475612718634e-20 1.000000000000e+00 0.000000000000e+00 0.000000000000e+00 0.000000000000e+00
3.981071705535e+00 5.519334288472e-01 8.136555694677e-03 0.000000000000e+00 0.000000000000e+00 3.252825255004e-22 -2.206514726598e-20 1.000000000000e+00 0.000000000000e+00 0.000000000000e+00 0.000000000000e+00
4.466835921510e+00 5.519720203323e-01 9.128572150396e-03 0.000000000000e+00 0.000000000000e+00 3.252542530412e-22 -1.966695822884e-20 1.000000000000e+00 0.000000000000e+00 0.000000000000e+00 0.000000000000e+00
5.011872336273e+00 5.520205946157e-01 1.024130579381e-02 0.000000000000e+00 0.000000000000e+00 3.252186670923e-22 -1.752973747679e-20 1.000000000000e+00 0.000000000000e+00 0.000000000000e+00 0.000000000000e+00
5.623413251903e+00 5.520817308838e-01 1.148935157025e-02 0.000000000000e+00 0.000000000000e+00 3.251738781046e-22 -1.562512526206e-20 1.000000000000e+00 0.000000000000e+00 0.000000000000e+00 0.000000000000e+00
6.309573444802e+00 5.521586729489e-01 1.288902980651e-02 0.000000000000e+00 0.000000000000e+00 3.251175096528e-22 -1.392784836267e-20 1.000000000000e+00 0.000000000000e+00 0.000000000000e+00 0.000000000000e+00
7.079457843841e+00 5.522554993867e-01 1.445857396186e-02 0.000000000000e+00 0.000000000000e+00 3.250465737347e-22 -1.241538469674e-20 1.000000000000e+00 0.000000000000e+00 0.000000000000e+00 0.000000000000e+00
7.943282347243e+00 5.523773365396e-01 1.621833197096e-02 0.000000000000e+00 0.000000000000e+00 3.249573147476e-22 -1.106766443877e-20 1.000000000000e+00 0.000000000000e+00 0.000000000000e+00 0.000000000000e+00
8.912509381337e+00 5.525306253424e-01 1.819097904587e-02 0.000000000000e+00 0.000000000000e+00 3.248450140051e-22 -9.866803665625e-21 1.000000000000e+00 0.000000000000e+00 0.000000000000e+00 0.000000000000e+00
1.000000000000e+01 5.527234539141e-01 2.040173806424e-02 0.000000000000e+00 0.000000000000e+00 3.247037460541e-22 -8.796866985345e-21 1.000000000000e+00 0.000000000000e+00 0.000000000000e+00 0.000000000000e+00
1.122018454302e+01 5.529659723907e-01 2.287860105617e-02 0.000000000000e+00 0.000000000000e+00 3.245260748733e-22 -7.843656004909e-21 1.000000000000e+00 0.000000000000e+00 0.000000000000e+00 0.000000000000e+00
1.258925411794e+01 5.532709079330e-01 2.565254163290e-02 0.000000000000e+00 0.000000000000e+00 3.243026763479e-22 -6.994520806487e-21 1.000000000000e+00 0.000000000000e+00 0.000000000000e+00 0.000000000000e+00
1.412537544623e+01 5.536542026170e-01 2.875770299749e-02 0.000000000000e+00 0.000000000000e+00 3.240218712391e-22 -6.238191929571e-21 1.000000000000e+00 0.000000000000e+00 0.000000000000e+00 0.000000000000e+00
1.584893192461e+01 5.541357992563e-01 3.223153882465e-02 0.000000000000e+00 0.000000000000e+00 3.236690492361e-22 -5.564630601910e-21 1.000000000000e+00 0.000000000000e+00 0.000000000000e+00 0.000000000000e+00
1.778279410039e+01 5.547406042684e-01 3.611487427287e-02 0.000000000000e+00 0.000000000000e+00 3.232259636583e-22 -4.964895212886e-21 1.000000000000e+00 0.000000000000e+00 0.000000000000e+00 0.000000000000e+00
1.995262314969e+01 5.554996582058e-01 4.045184064949e-02 0.000000000000e+00 0.000000000000e+00 3.226698739429e-22 -4.431022218253e-21 1.000000000000e+00 0.000000000000e+00 0.000000000000e+00 0.000000000000e+00
2.238721138568e+01 5.564515448694e-01 4.528961887622e-02 0.000000000000e+00 0.000000000000e+00 3.219725132643e-22 -3.955919852276e-21 1.000000000000e+00 0.000000000000e+00 0.000000000000e+00 0.000000000000e+00
2.511886431510e+01 5.576440647544e-01 5.067790294773e-02 0.000000000000e+00 0.000000000000e+00 3.210988625228e-22 -3.533273171824e-21 1.000000000000e+00 0.000000000000e+00 0.000000000000e+00 0.000000000000e+00
2.818382931264e+01 5.591361877168e-01 5.666796401517e-02 0.000000000000e+00 0.000000000000e+00 3.200057198693e-22 -3.157459092973e-21 1.000000000000e+00 0.000000000000e+00 0.000000000000e+00 0.000000000000e+00
3.162277660168e+01 5.610002752397e-01 6.331115853979e-02 0.000000000000e+00 0.000000000000e+00 3.186400726733e-22 -2.823470184377e-21 1.000000000000e+00 0.000000000000e+00 0.000000000000e+00 0.000000000000e+00
3.548133892336e+01 5.633245207731e-01 7.065668134791e-02 0.000000000000e+00 0.000000000000e+00 3.169373095855e-22 -2.526846076502e-21 1.000000000000e+00 0.000000000000e+00 0.000000000000e+00 0.000000000000e+00
3.981071705535e+01 5.662154878318e-01 7.874832079164e-02 0.000000000000e+00 0.000000000000e+00 3.148193612493e-22 -2.263611419481e-21 1.000000000000e+00 0.000000000000e+00 0.000000000000e+00 0.000000000000e+00
4.466835921510e+01 5.698005192932e-01 8.761993752256e-02 0.000000000000e+00 0.000000000000e+00 3.121929351158e-22 -2.030219394984e-21 1.000000000000e+00 0.000000000000e+00 0.000000000000e+00 0.000000000000e+00
5.011872336273e+01 5.742296372792e-01 9.728937877157e-02 0.000000000000e+00 0.000000000000e+00 3.089481236359e-22 -1.823499864144e-21 1.000000000000e+00 0.000000000000e+00 0.000000000000e+00 0.000000000000e+00
5.623413251903e+01 5.796763458781e-01 1.077505851397e-01 0.000000000000e+00 0.000000000000e+00 3.049578161458e-22 -1.640611345969e-21 1.000000000000e+00 0.000000000000e+00 0.000000000000e+00 0.000000000000e+00
6.309573444802e+01 5.863364918818e-01 1.189637915112e-01 0.000000000000e+00 0.000000000000e+00 3.000785335661e-22 -1.478996192268e-21 1.000000000000e+00 0.000000000000e+00 0.000000000000e+00 0.000000000000e+00
7.079457843841e+01 5.944240667198e-01 1.308440246755e-01 0.000000000000e+00 0.000000000000e+00 2.941535038446e-22 -1.336338609497e-21 1.000000000000e+00 0.000000000000e+00 0.000000000000e+00 0.000000000000e+00
7.943282347243e+01 6.041626178157e-01 1.432486197141e-01 0.000000000000e+00 0.000000000000e+00 2.870189541592e-22 -1.210525609588e-21 1.000000000000e+00 0.000000000000e+00 0.000000000000e+00 0.000000000000e+00
8.912509381337e+01 6.157709220338e-01 1.559652496922e-01 0.000000000000e+00 0.000000000000e+00 2.785146065688e-22 -1.099611589285e-21 1.000000000000e+00 0.000000000000e+00 0.000000000000e+00 0.000000000000e+00
1.000000000000e+02 6.294419638915e-01 1.687029467749e-01 0.000000000000e+00 0.000000000000e+00 2.684990789352e-22 -1.001787999411e-21 1.000000000000e+00 0.000000000000e+00 0.000000000000e+00 0.000000000000e+00
1.122018454302e+02 6.453152929672e-01 1.810895893701e-01 0.000000000000e+00 0.000000000000e+00 2.568701359617e-22 -9.153603341826e-22 1.000000000000e+00 0.000000000000e+00 0.000000000000e+00 0.000000000000e+00
1.258925411794e+02 6.634446657728e-01 1.926799222998e-01 0.000000000000e+00 0.000000000000e+00 2.435883951629e-22 -8.387351389975e-22 1.000000000000e+00 0.000000000000e+00 0.000000000000e+00 0.000000000000e+00
1.412537544623e+02 6.837653785004e-01 2.029777452924e-01 0.000000000000e+00 0.000000000000e+00 2.287012591297e-22 -7.704194505657e-22 1.000000000000e+00 0.000000000000e+00 0.000000000000e+00 0.000000000000e+00
1.584893192461e+02 7.060682427590e-01 2.114738327850e-01 0.000000000000e+00 0.000000000000e+00 2.123619811258e-22 -7.090335899600e-22 1.000000000000e+00 0.000000000000e+00 0.000000000000e+00 0.000000000000e+00
1.778279410039e+02 7.299885684496e-01 2.176972503778e-01 0.000000000000e+00 0.000000000000e+00 1.948377364067e-22 -6.533354005739e-22 1.000000000000e+00 0.000000000000e+00 0.000000000000e+00 0.000000000000e+00
1.995262314969e+02 7.550174157956e-01 2.212727690456e-01 0.000000000000e+00 0.000000000000e+00 1.765013787971e-22 -6.022504055903e-22 1.000000000000e+00 0.000000000000e+00 0.000000000000e+00 0.000000000000e+00
2.238721138568e+02 7.805380181233e-01 2.219729017486e-01 0.000000000000e+00 0.000000000000e+00 1.578047570882e-22 -5.548993204894e-22 1.000000000000e+00 0.000000000000e+00 0.000000000000e+00 0.000000000000e+00
2.511886431510e+02 8.058834480655e-01 2.197520155688e-01 0.000000000000e+00 0.000000000000e+00 1.392364682337e-22 -5.106135878840e-22 1.000000000000e+00 0.000000000000e+00 0.000000000000e+00 0.000000000000e+00
2.818382931264e+02 8.304048101989e-01 2.147533988167e-01 0.000000000000e+00 0.000000000000e+00 1.212718988220e-22 -4.689321271584e-22 1.000000000000e+00 0.000000000000e+00 0.000000000000e+00 0.000000000000e+00
3.162277660168e+02 8.535356043521e-01 2.072873140536e-01 0.000000000000e+00 0.000000000000e+00 1.043260719569e-22 -4.295777447012e-22 1.000000000000e+00 0.000000000000e+00 0.000000000000e+00 0.000000000000e+00
3.548133892336e+02 8.748392465945e-01 1.977860642494e-01 0.000000000000e+00 0.000000000000e+00 8.871883292640e-23 -3.924175206770e-22 1.000000000000e+00 0.000000000000e+00 0.000000000000e+00 0.000000000000e+00
3.981071705535e+02 8.940323727986e-01 1.867475537980e-01 0.000000000000e+00 0.000000000000e+00 7.465777684082e-23 -3.574154949724e-22 1.000000000000e+00 0.000000000000e+00 0.000000000000e+00 0.000000000000e+00
4.466835921510e+02 9.109837500556e-01 1.746798442968e-01 0.000000000000e+00 0.000000000000e+00 6.223904608727e-23 -3.245867308438e-22 1.000000000000e+00 0.000000000000e+00 0.000000000000e+00 0.000000000000e+00
5.011872336273e+02 9.256943758407e-01 1.620562438264e-01 0.000000000000e+00 0.000000000000e+00 5.146190990780e-23 -2.939596737953e-22 1.000000000000e+00 0.000000000000e+00 0.000000000000e+00 0.000000000000e+00
5.623413251903e+02 9.382669883659e-01 1.492855947279e-01 0.000000000000e+00 0.000000000000e+00 4.225110136603e-23 -2.655501604616e-22 1.000000000000e+00 0.000000000000e+00 0.000000000000e+00 0.000000000000e+00
6.309573444802e+02 9.488728442433e-01 1.366978518723e-01 0.000000000000e+00 0.000000000000e+00 3.448115633493e-23 -2.393470887501e-22 1.000000000000e+00 0.000000000000e+00 0.000000000000e+00 0.000000000000e+00
7.079457843841e+02 9.577214422349e-01 1.245420739209e-01 0.000000000000e+00 0.000000000000e+00 2.799859413559e-23 -2.153075913424e-22 1.000000000000e+00 0.000000000000e+00 0.000000000000e+00 0.000000000000e+00
7.943282347243e+02 9.650362345412e-01 1.129927972561e-01 0.000000000000e+00 0.000000000000e+00 2.263971168499e-23 -1.933587152965e-22 1.000000000000e+00 0.000000000000e+00 0.000000000000e+00 0.000000000000e+00
8.912509381337e+02 9.710371741105e-01 1.021609498496e-01 0.000000000000e+00 0.000000000000e+00 1.824336947526e-23 -1.734027528872e-22 1.000000000000e+00 0.000000000000e+00 0.000000000000e+00 0.000000000000e+00
1.000000000000e+03 9.759295402072e-01 9.210633227791e-02 0.000000000000e+00 0.000000000000e+00 1.465917807205e-23 -1.553240104334e-22 1.000000000000e+00 0.000000000000e+00 0.000000000000e+00 0.000000000000e+00
1.122018454302e+03 9.798978157969e-01 8.284971995518e-02 0.000000000000e+00 0.000000000000e+00 1.175198359177e-23 -1.389955579706e-22 1.000000000000e+00 0.000000000000e+00 0.000000000000e+00 0.000000000000e+00
1.258925411794e+03 9.831032416690e-01 7.438352697476e-02 0.000000000000e+00 0.000000000000e+00 9.403659574954e-24 -1.242851554313e-22 1.000000000000e+00 0.000000000000e+00 0.000000000000e+00 0.000000000000e+00
1.412537544623e+03 9.856838133600e-01 6.668061116852e-02 0.000000000000e+00 0.000000000000e+00 7.513109238055e-24 -1.110600223117e-22 1.000000000000e+00 0.000000000000e+00 0.000000000000e+00 0.000000000000e+00
1.584893192461e+03 9.877557448442e-01 5.970119837574e-02 0.000000000000e+00 0.000000000000e+00 5.995193162043e-24 -9.919041239316e-23 1.000000000000e+00 0.000000000000e+00 0.000000000000e+00 0.000000000000e+00
1.778279410039e+03 9.894156933322e-01 5.339811545732e-02 0.000000000000e+00 0.000000000000e+00 4.779099380505e-24 -8.855211249570e-23 1.000000000000e+00 0.000000000000e+00 0.000000000000e+00 0.000000000000e+00
1.995262314969e+03 9.907432722997e-01 4.772060780304e-02 0.000000000000e+00 0.000000000000e+00 3.806502314181e-24 -7.902804956448e-23 1.000000000000e+00 0.000000000000e+00 0.000000000000e+00 0.000000000000e+00
2.238721138568e+03 9.918035591347e-01 4.261702906977e-02 0.000000000000e+00 0.000000000000e+00 3.029725640944e-24 -7.050920112067e-23 1.000000000000e+00 0.000000000000e+00 0.000000000000e+00 0.000000000000e+00
2.511886431510e+03 9.926494315350e-01 3.803666492046e-02 0.000000000000e+00 0.000000000000e+00 2.410030630704e-24 -6.289498673362e-23 1.000000000000e+00 0.000000000000e+00 0.000000000000e+00 0.000000000000e+00
2.818382931264e+03 9.933236521918e-01 3.393091095904e-02 0.000000000000e+00 0.000000000000e+00 1.916088883036e-24 -5.609328937622e-23 1.000000000000e+00 0.000000000000e+00 0.000000000000e+00 0.000000000000e+00
3.162277660168e+03 9.938606750442e-01 3.025398136525e-02 0.000000000000e+00 0.000000000000e+00 1.522659045121e-24 -5.002022471661e-23 1.000000000000e+00 0.000000000000e+00 0.000000000000e+00 0.000000000000e+00
3.548133892336e+03 9.942881779761e-01 2.696328442741e-02 0.000000000000e+00 0.000000000000e+00 1.209463940441e-24 -4.459974825768e-23 1.000000000000e+00 0.000000000000e+00 0.000000000000e+00 0.000000000000e+00
3.981071705535e+03 9.946283436474e-01 2.401956762276e-02 0.000000000000e+00 0.000000000000e+00 9.602522136664e-25 -3.976316658921e-23 1.000000000000e+00 0.000000000000e+00 0.000000000000e+00 0.000000000000e+00
4.466835921510e+03 9.948989176877e-01 2.138690766302e-02 0.000000000000e+00 0.000000000000e+00 7.620230811687e-25 -3.544860017452e-23 1.000000000000e+00 0.000000000000e+00 0.000000000000e+00 0.000000000000e+00
5.011872336273e+03 9.951140753946e-01 1.903260015439e-02 0.000000000000e+00 0.000000000000e+00 6.043913713698e-25 -3.160043062014e-23 1.000000000000e+00 0.000000000000e+00 0.000000000000e+00 0.000000000000e+00
5.623413251903e+03 9.952851268768e-01 1.692698759164e-02 0.000000000000e+00 0.000000000000e+00 4.790709176413e-25 -2.816875456818e-23 1.000000000000e+00 0.000000000000e+00 0.000000000000e+00 0.000000000000e+00
6.309573444802e+03 9.954210878131e-01 1.504325274170e-02 0.000000000000e+00 0.000000000000e+00 3.794564014397e-25 -2.510885846236e-23 1.000000000000e+00 0.000000000000e+00 0.000000000000e+00 0.000000000000e+00
7.079457843841e+03 9.955291395800e-01 1.335719600206e-02 0.000000000000e+00 0.000000000000e+00 3.002862389282e-25 -2.238072279702e-23 1.000000000000e+00 0.000000000000e+00 0.000000000000e+00 0.000000000000e+00
7.943282347243e+03 9.956149990354e-01 1.184700902914e-02 0.000000000000e+00 0.000000000000e+00 2.373716513416e-25 -1.994856050508e-23 1.000000000000e+00 0.000000000000e+00 0.000000000000e+00 0.000000000000e+00
8.912509381337e+03 9.956832149568e-01 1.049305271785e-02 0.000000000000e+00 0.000000000000e+00 1.873794614687e-25 -1.778039142891e-23 1.000000000000e+00 0.000000000000e+00 0.000000000000e+00 0.000000000000e+00
1.000000000000e+04 9.957374052203e-01 9.277644430584e-03 0.000000000000e+00 0.000000000000e+00 1.476582971421e-25 -1.584765300623e-23 1.000000000000e+00 0.000000000000e+00 0.000000000000e+00 0.000000000000e+00
1.122018454302e+04 9.957804462673e-01 8.184857312860e-03 0.000000000000e+00 0.000000000000e+00 1.160997392576e-25 -1.412484613333e-23 1.000000000000e+00 0.000000000000e+00 0.000000000000e+00 0.000000000000e+00
1.258925411794e+04 9.958146242641e-01 7.200333031628e-03 0.000000000000e+00 0.000000000000e+00 9.102752102441e-26 -1.258921444988e-23 1.000000000000e+00 0.000000000000e+00 0.000000000000e+00 0.000000000000e+00
1.412537544623e+04 9.958417555732e-01 6.311108327357e-03 0.000000000000e+00 0.000000000000e+00 7.110919568210e-26 -1.122045488562e-23 1.000000000000e+00 0.000000000000e+00 0.000000000000e+00 0.000000000000e+00
1.584893192461e+04 9.958632826753e-01 5.505455101071e-03 0.000000000000e+00 0.000000000000e+00 5.528576925433e-26 -1.000045711821e-23 1.000000000000e+00 0.000000000000e+00 0.000000000000e+00 0.000000000000e+00
1.778279410039e+04 9.958803504772e-01 4.772733370681e-03 0.000000000000e+00 0.000000000000e+00 4.271567807023e-26 -8.913069544176e-24 1.000000000000e+00 0.000000000000e+00 0.000000000000e+00 0.000000000000e+00
1.995262314969e+04 9.958938669611e-01 4.103256159756e-03 0.000000000000e+00 0.000000000000e+00 3.273020773742e-26 -7.943889409060e-24 1.000000000000e+00 0.000000000000e+00 0.000000000000e+00 0.000000000000e+00
2.238721138568e+04 9.959045513360e-01 3.488165266381e-03 0.000000000000e+00 0.000000000000e+00 2.479803021988e-26 -7.080074845508e-24 1.000000000000e+00 0.000000000000e+00 0.000000000000e+00 0.000000000000e+00
2.511886431510e+04 9.959129722096e-01 2.919316767630e-03 0.000000000000e+00 0.000000000000e+00 1.849700242042e-26 -6.310176703381e-24 1.000000000000e+00 0.000000000000e+00 0.000000000000e+00 0.000000000000e+00
2.818382931264e+04 9.959195777876e-01 2.389175119431e-03 0.000000000000e+00 0.000000000000e+00 1.349174471498e-26 -5.623988208578e-24 1.000000000000e+00 0.000000000000e+00 0.000000000000e+00 0.000000000000e+00
3.162277660168e+04 9.959247196922e-01 1.890714694495e-03 0.000000000000e+00 0.000000000000e+00 9.515818089006e-27 -5.012410645749e-24 1.000000000000e+00 0.000000000000e+00 0.000000000000e+00 0.000000000000e+00
3.548133892336e+04 9.959286716548e-01 1.417327646377e-03 0.000000000000e+00 0.000000000000e+00 6.357558867422e-27 -4.467333417242e-24 1.000000000000e+00 0.000000000000e+00 0.000000000000e+00 0.000000000000e+00
3.981071705535e+04 9.959316440725e-01 9.627369979179e-04 0.000000000000e+00 0.000000000000e+00 3.848821710806e-27 -3.981526982179e-24 1.000000000000e+00 0.000000000000e+00 0.000000000000e+00 0.000000000000e+00
4.466835921510e+04 9.959337952002e-01 5.209139035251e-04 0.000000000000e+00 0.000000000000e+00 1.856034654603e-27 -3.548547322616e-24 1.000000000000e+00 0.000000000000e+00 0.000000000000e+00 0.000000000000e+00
5.011872336273e+04 9.959352395702e-01 8.599804616611e-05 0.000000000000e+00 0.000000000000e+00 2.730918350789e-28 -3.162650716975e-24 1.000000000000e+00 0.000000000000e+00 0.000000000000e+00 0.000000000000e+00
5.623413251903e+04 9.959360540865e-01 -3.477798363412e-04 0.000000000000e+00 0.000000000000e+00 -9.842933035327e-28 -2.818717723753e-24 1.000000000000e+00 0.000000000000e+00 0.000000000000e+00 0.000000000000e+00
6.309573444802e+04 9.959362821166e-01 -7.861742870813e-04 0.000000000000e+00 0.000000000000e+00 -1.983074212801e-27 -2.512185390821e-24 1.000000000000e+00 0.000000000000e+00 0.000000000000e+00 0.000000000000e+00
7.079457843841e+04 9.959359358001e-01 -1.235001317608e-03 0.000000000000e+00 0.000000000000e+00 -2.776435268857e-27 -2.238986807773e-24 1.000000000000e+00 0.000000000000e+00 0.000000000000e+00 0.000000000000e+00
7.943282347243e+04 9.959349966935e-01 -1.700215436813e-03 0.000000000000e+00 0.000000000000e+00 -3.406623096793e-27 -1.995497211263e-24 1.000000000000e+00 0.000000000000e+00 0.000000000000e+00 0.000000000000e+00
8.912509381337e+04 9.959334147884e-01 -2.187988524808e-03 0.000000000000e+00 0.000000000000e+00 -3.907195765570e-27 -1.778485936698e-24 1.000000000000e+00 0.000000000000e+00 0.000000000000e+00 0.000000000000e+00
1.000000000000e+05 9.959311058489e-01 -2.704791581628e-03 0.000000000000e+00 0.000000000000e+00 -4.304809502495e-27 -1.585073584748e-24 1.000000000000e+00 0.000000000000e+00 0.000000000000e+00 0.000000000000e+00
1.122018454302e+05 9.959279469265e-01 -3.257480418646e-03 0.000000000000e+00 0.000000000000e+00 -4.620637999870e-27 -1.412693838582e-24 1.000000000000e+00 0.000000000000e+00 0.000000000000e+00 0.000000000000e+00
1.258925411794e+05 9.959237698155e-01 -3.853386407986e-03 0.000000000000e+00 0.000000000000e+00 -4.871499842044e-27 -1.259059428175e-24 1.000000000000e+00 0.000000000000e+00 0.000000000000e+00 0.000000000000e+00
1.412537544623e+05 9.959183520996e-01 -4.500413467443e-03 0.000000000000e+00 0.000000000000e+00 -5.070754062638e-27 -1.122131792220e-24 1.000000000000e+00 0.000000000000e+00 0.000000000000e+00 0.000000000000e+00
1.584893192461e+05 9.959114053133e-01 -5.207142532260e-03 0.000000000000e+00 0.000000000000e+00 -5.229011502706e-27 -1.000094036565e-24 1.000000000000e+00 0.000000000000e+00 0.000000000000e+00 0.000000000000e+00
1.778279410039e+05 9.959025595908e-01 -5.982944850008e-03 0.000000000000e+00 0.000000000000e+00 -5.354699839348e-27 -8.913268314414e-25 1.000000000000e+00 0.000000000000e+00 0.000000000000e+00 0.000000000000e+00
1.995262314969e+05 9.958913439953e-01 -6.838104424962e-03 0.000000000000e+00 0.000000000000e+00 -5.454511481759e-27 -7.943869284263e-25 1.000000000000e+00 0.000000000000e+00 0.000000000000e+00 0.000000000000e+00
2.238721138568e+05 9.958771614268e-01 -7.783957931364e-03 0.000000000000e+00 0.000000000000e+00 -5.533763720060e-27 -7.079880125434e-25 1.000000000000e+00 0.000000000000e+00 0.000000000000e+00 0.000000000000e+00
2.511886431510e+05 9.958592569288e-01 -8.833036061781e-03 0.000000000000e+00 0.000000000000e+00 -5.596675606451e-27 -6.309836359472e-25 1.000000000000e+00 0.000000000000e+00 0.000000000000e+00 0.000000000000e+00
2.818382931264e+05 9.958366774909e-01 -9.999234229717e-03 0.000000000000e+00 0.000000000000e+00 -5.646598044353e-27 -5.623520068076e-25 1.000000000000e+00 0.000000000000e+00 0.000000000000e+00 0.000000000000e+00
3.162277660168e+05 9.958082214173e-01 -1.129799081173e-02 0.000000000000e+00 0.000000000000e+00 -5.686189759181e-27 -5.011824319110e-25 1.000000000000e+00 0.000000000000e+00 0.000000000000e+00 0.000000000000e+00
3.548133892336e+05 9.957723745770e-01 -1.274648482136e-02 0.000000000000e+00 0.000000000000e+00 -5.717557814681e-27 -4.466632331734e-25 1.000000000000e+00 0.000000000000e+00 0.000000000000e+00 0.000000000000e+00
3.981071705535e+05 9.957272298804e-01 -1.436386454384e-02 0.000000000000e+00 0.000000000000e+00 -5.742373444007e-27 -3.980709776876e-25 1.000000000000e+00 0.000000000000e+00 0.000000000000e+00 0.000000000000e+00
4.466835921510e+05 9.956703861982e-01 -1.617148896007e-02 0.000000000000e+00 0.000000000000e+00 -5.761958689270e-27 -3.547608787029e-25 1.000000000000e+00 0.000000000000e+00 0.000000000000e+00 0.000000000000e+00
5.011872336273e+05 9.955988212507e-01 -1.819319517004e-02 0.000000000000e+00 0.000000000000e+00 -5.777355741866e-27 -3.161582400887e-25 1.000000000000e+00 0.000000000000e+00 0.000000000000e+00 0.000000000000e+00
5.623413251903e+05 9.955087314689e-01 -2.045560491070e-02 0.000000000000e+00 0.000000000000e+00 -5.789385360164e-27 -2.817508306913e-25 1.000000000000e+00 0.000000000000e+00 0.000000000000e+00 0.000000000000e+00
6.309573444802e+05 9.953953313815e-01 -2.298844298257e-02 0.000000000000e+00 0.000000000000e+00 -5.798687291099e-27 -2.510820877289e-25 1.000000000000e+00 0.000000000000e+00 0.000000000000e+00 0.000000000000e+00
7.079457843841e+05 9.952526009867e-01 -2.582490823588e-02 0.000000000000e+00 0.000000000000e+00 -5.805757857870e-27 -2.237450586840e-25 1.000000000000e+00 0.000000000000e+00 0.000000000000e+00 0.000000000000e+00
7.943282347243e+05 9.950729695800e-01 -2.900205481855e-02 0.000000000000e+00 0.000000000000e+00 -5.810973577939e-27 -1.993770017514e-25 1.000000000000e+00 0.000000000000e+00 0.000000000000e+00 0.000000000000e+00
8.912509381337e+05 9.948469190235e-01 -3.256121695948e-02 0.000000000000e+00 0.000000000000e+00 -5.814612260651e-27 -1.776545729241e-25 1.000000000000e+00 0.000000000000e+00 0.000000000000e+00 0.000000000000e+00
1.000000000000e+06 9.945624870046e-01 -3.654846126386e-02 0.000000000000e+00 0.000000000000e+00 -5.816868272545e-27 -1.582895360206e-25 1.000000000000e+00 0.000000000000e+00 0.000000000000e+00 0.000000000000e+00
1.122018454302e+06 9.942046463635e-01 -4.101505766266e-02 0.000000000000e+00 0.000000000000e+00 -5.817862570070e-27 -1.410249388564e-25 1.000000000000e+00 0.000000000000e+00 0.000000000000e+00 0.000000000000e+00
1.258925411794e+06 9.937545305410e-01 -4.601796399268e-02 0.000000000000e+00 0.000000000000e+00 -5.817649220396e-27 -1.256317048443e-25 1.000000000000e+00 0.000000000000e+00 0.000000000000e+00 0.000000000000e+00
1.412537544623e+06 9.931884695139e-01 -5.162030758461e-02 0.000000000000e+00 0.000000000000e+00 -5.816218582854e-27 -1.119055949676e-25 1.000000000000e+00 0.000000000000e+00 0.000000000000e+00 0.000000000000e+00
1.584893192461e+06 9.924767932357e-01 -5.789183998887e-02 0.000000000000e+00 0.000000000000e+00 -5.813497428559e-27 -9.966449997944e-26 1.000000000000e+00 0.000000000000e+00 0.000000000000e+00 0.000000000000e+00
1.778279410039e+06 9.915823527709e-01 -6.490932116374e-02 0.000000000000e+00 0.000000000000e+00 -5.809345402994e-27 -8.874602721894e-26 1.000000000000e+00 0.000000000000e+00 0.000000000000e+00 0.000000000000e+00
1.995262314969e+06 9.904587010538e-01 -7.275678436601e-02 0.000000000000e+00 0.000000000000e+00 -5.803548630397e-27 -7.900535033337e-26 1.000000000000e+00 0.000000000000e+00 0.000000000000e+00 0.000000000000e+00
2.238721138568e+06 9.890478697650e-01 -8.152559708558e-02 0.000000000000e+00 0.000000000000e+00 -5.795809733135e-27 -7.031329392292e-26 1.000000000000e+00 0.000000000000e+00 0.000000000000e+00 0.000000000000e+00
2.511886431510e+06 9.872776747468e-01 -9.131421091825e-02 0.000000000000e+00 0.000000000000e+00 -5.785734522019e-27 -6.255462833397e-26 1.000000000000e+00 0.000000000000e+00 0.000000000000e+00 0.000000000000e+00
2.818382931264e+06 9.850584862636e-01 -1.022274394148e-01 0.000000000000e+00 0.000000000000e+00 -5.772814659786e-27 -5.562655293727e-26 1.000000000000e+00 0.000000000000e+00 0.000000000000e+00 0.000000000000e+00
3.162277660168e+06 9.822794140226e-01 -1.143750556950e-01 0.000000000000e+00 0.000000000000e+00 -5.756406437536e-27 -4.943734897422e-26 1.000000000000e+00 0.000000000000e+00 0.000000000000e+00 0.000000000000e+00
3.548133892336e+06 9.788038900987e-01 -1.278694254061e-01 0.000000000000e+00 0.000000000000e+00 -5.735705512035e-27 -4.390518569868e-26 1.000000000000e+00 0.000000000000e+00 0.000000000000e+00 0.000000000000e+00
3.981071705535e+06 9.744646952042e-01 -1.428218106073e-01 0.000000000000e+00 0.000000000000e+00 -5.709718091208e-27 -3.895706598167e-26 1.000000000000e+00 0.000000000000e+00 0.000000000000e+00 0.000000000000e+00
4.466835921510e+06 9.690585833199e-01 -1.593368815139e-01 0.000000000000e+00 0.000000000000e+00 -5.677229420421e-27 -3.452789992538e-26 1.000000000000e+00 0.000000000000e+00 0.000000000000e+00 0.000000000000e+00
5.011872336273e+06 9.623408304213e-01 -1.775048888557e-01 0.000000000000e+00 0.000000000000e+00 -5.636771766891e-27 -3.055969702026e-26 1.000000000000e+00 0.000000000000e+00 0.000000000000e+00 0.000000000000e+00
5.623413251903e+06 9.540202958866e-01 -1.973908832272e-01 0.000000000000e+00 0.000000000000e+00 -5.586595432275e-27 -2.700086924057e-26 1.000000000000e+00 0.000000000000e+00 0.000000000000e+00 0.000000000000e+00
6.309573444802e+06 9.437559519971e-01 -2.190203837149e-01 0.000000000000e+00 0.000000000000e+00 -5.524648696311e-27 -2.380563855018e-26 1.000000000000e+00 0.000000000000e+00 0.000000000000e+00 0.000000000000e+00
7.079457843841e+06 9.311563189742e-01 -2.423610564802e-01 0.000000000000e+00 0.000000000000e+00 -5.448575442166e-27 -2.093354240183e-26 1.000000000000e+00 0.000000000000e+00 0.000000000000e+00 0.000000000000e+00
7.943282347243e+06 9.157838135246e-01 -2.673003792804e-01 0.000000000000e+00 0.000000000000e+00 -5.355742726126e-27 -1.834902932496e-26 1.000000000000e+00 0.000000000000e+00 0.000000000000e+00 0.000000000000e+00
8.912509381337e+06 8.971665734410e-01 -2.936200590645e-01 0.000000000000e+00 0.000000000000e+00 -5.243313840309e-27 -1.602113263846e-26 1.000000000000e+00 0.000000000000e+00 0.000000000000e+00 0.000000000000e+00
1.000000000000e+07 8.748206618417e-01 -3.209692658478e-01 0.000000000000e+00 0.000000000000e+00 -5.108384524025e-27 -1.392320326510e-26 1.000000000000e+00 0.000000000000e+00 0.000000000000e+00 0.000000000000e+00
1.122018454302e+07 8.482853270307e-01 -3.488405629662e-01 0.000000000000e+00 0.000000000000e+00 -4.948198466270e-27 -1.203267222848e-26 1.000000000000e+00 0.000000000000e+00 0.000000000000e+00 0.000000000000e+00
1.258925411794e+07 8.171727213566e-01 -3.765545690807e-01 0.000000000000e+00 0.000000000000e+00 -4.760450496239e-27 -1.033080091524e-26 1.000000000000e+00 0.000000000000e+00 0.000000000000e+00 0.000000000000e+00
1.412537544623e+07 7.812307014299e-01 -4.032612847039e-01 0.000000000000e+00 0.000000000000e+00 -4.543668737341e-27 -8.802366230975e-27 1.000000000000e+00 0.000000000000e+00 0.000000000000e+00 0.000000000000e+00
1.584893192461e+07 7.404128869528e-01 -4.279666155659e-01 0.000000000000e+00 0.000000000000e+00 -4.297639908457e-27 -7.435224748772e-27 1.000000000000e+00 0.000000000000e+00 0.000000000000e+00 0.000000000000e+00
1.778279410039e+07 6.949446733590e-01 -4.495905423830e-01 0.000000000000e+00 0.000000000000e+00 -4.023808451229e-27 -6.219713241692e-27 1.000000000000e+00 0.000000000000e+00 0.000000000000e+00 0.000000000000e+00
1.995262314969e+07 6.453691555506e-01 -4.670575749989e-01 0.000000000000e+00 0.000000000000e+00 -3.725551332870e-27 -5.147879076067e-27 1.000000000000e+00 0.000000000000e+00 0.000000000000e+00 0.000000000000e+00
2.238721138568e+07 5.925556828008e-01 -4.794108663102e-01 0.000000000000e+00 0.000000000000e+00 -3.408223017630e-27 -4.212591034685e-27 1.000000000000e+00 0.000000000000e+00 0.000000000000e+00 0.000000000000e+00
2.511886431510e+07 5.376586122778e-01 -4.859311615862e-01 0.000000000000e+00 0.000000000000e+00 -3.078895024818e-27 -3.406643897850e-27 1.000000000000e+00 0.000000000000e+00 0.000000000000e+00 0.000000000000e+00
2.818382931264e+07 4.820252046274e-01 -4.862351065494e-01 0.000000000000e+00 0.000000000000e+00 -2.745784465755e-27 -2.722011021295e-27 1.000000000000e+00 0.000000000000e+00 0.000000000000e+00 0.000000000000e+00
3.162277660168e+07 4.270663493559e-01 -4.803287199177e-01 0.000000000000e+00 0.000000000000e+00 -2.417456602462e-27 -2.149391287942e-27 1.000000000000e+00 0.000000000000e+00 0.000000000000e+00 0.000000000000e+00
3.548133892336e+07 3.741158397292e-01 -4.686023044647e-01 0.000000000000e+00 0.000000000000e+00 -2.101960505518e-27 -1.678132420834e-27 1.000000000000e+00 0.000000000000e+00 0.000000000000e+00 0.000000000000e+00
3.981071705535e+07 3.243074682604e-01 -4.517691285668e-01 0.000000000000e+00 0.000000000000e+00 -1.806078746277e-27 -1.296513614249e-27 1.000000000000e+00 0.000000000000e+00 0.000000000000e+00 0.000000000000e+00
4.466835921510e+07 2.784925803953e-01 -4.307650097793e-01 0.000000000000e+00 0.000000000000e+00 -1.534830959142e-27 -9.922789097959e-28 1.000000000000e+00 0.000000000000e+00 0.000000000000e+00 0.000000000000e+00
5.011872336273e+07 2.372074153860e-01 -4.066334491970e-01 0.000000000000e+00 0.000000000000e+00 -1.291288347427e-27 -7.532660483688e-28 1.000000000000e+00 0.000000000000e+00 0.000000000000e+00 0.000000000000e+00
5.623413251903e+07 2.006858723673e-01 -3.804194399403e-01 0.000000000000e+00 0.000000000000e+00 -1.076670548697e-27 -5.679850860178e-28 1.000000000000e+00 0.000000000000e+00 0.000000000000e+00 0.000000000000e+00
6.309573444802e+07 1.689043946900e-01 -3.530872319307e-01 0.000000000000e+00 0.000000000000e+00 -8.906398950107e-28 -4.260505018292e-28 1.000000000000e+00 0.000000000000e+00 0.000000000000e+00 0.000000000000e+00
7.079457843841e+07 1.416430900482e-01 -3.254678086974e-01 0.000000000000e+00 0.000000000000e+00 -7.316917723656e-28 -3.184311346043e-28 1.000000000000e+00 0.000000000000e+00 0.000000000000e+00 0.000000000000e+00
7.943282347243e+07 1.185495006276e-01 -2.982342790136e-01 0.000000000000e+00 0.000000000000e+00 -5.975547340444e-28 -2.375307612288e-28 1.000000000000e+00 0.000000000000e+00 0.000000000000e+00 0.000000000000e+00
8.912509381337e+07 9.919592496376e-02 -2.718992162990e-01 0.000000000000e+00 0.000000000000e+00 -4.855434361440e-28 -1.771389079894e-28 1.000000000000e+00 0.000000000000e+00 0.000000000000e+00 0.000000000000e+00
1.000000000000e+08 8.312567866668e-02 -2.468267953590e-01 0.000000000000e+00 0.000000000000e+00 -3.928370456892e-28 -1.322986265767e-28 1.000000000000e+00 0.000000000000e+00 0.000000000000e+00 0.000000000000e+00
1.122018454302e+08 6.988707274219e-02 -2.232532449022e-01 0.000000000000e+00 0.000000000000e+00 -3.166780131936e-28 -9.913271071876e-29 1.000000000000e+00 0.000000000000e+00 0.000000000000e+00 0.000000000000e+00
1.258925411794e+08 5.905598221368e-02 -2.013105977407e-01 0.000000000000e+00 0.000000000000e+00 -2.544994042305e-28 -7.465931976907e-29 1.000000000000e+00 0.000000000000e+00 0.000000000000e+00 0.000000000000e+00
1.412537544623e+08 5.024891068006e-02 -1.810502976759e-01 0.000000000000e+00 0.000000000000e+00 -2.039949304928e-28 -5.661699082023e-29 1.000000000000e+00 0.000000000000e+00 0.000000000000e+00 0.000000000000e+00
1.584893192461e+08 4.312877366013e-02 -1.624645812321e-01 0.000000000000e+00 0.000000000000e+00 -1.631469003933e-28 -4.330990599337e-29 1.000000000000e+00 0.000000000000e+00 0.000000000000e+00 0.000000000000e+00
1.778279410039e+08 3.740552455755e-02 -1.455045876411e-01 0.000000000000e+00 0.000000000000e+00 -1.302257352523e-28 -3.347772064767e-29 1.000000000000e+00 0.000000000000e+00 0.000000000000e+00 0.000000000000e+00
1.995262314969e+08 3.283344376967e-02 -1.300948703303e-01 0.000000000000e+00 0.000000000000e+00 -1.037720280117e-28 -2.619006451166e-29 1.000000000000e+00 0.000000000000e+00 0.000000000000e+00 0.000000000000e+00
2.238721138568e+08 2.920653743782e-02 -1.161444413457e-01 0.000000000000e+00 0.000000000000e+00 -8.256929205860e-29 -2.076348288202e-29 1.000000000000e+00 0.000000000000e+00 0.000000000000e+00 0.000000000000e+00
2.511886431510e+08 2.635312371697e-02 -1.035547398529e-01 0.000000000000e+00 0.000000000000e+00 -6.561303298369e-29 -1.669753000317e-29 1.000000000000e+00 0.000000000000e+00 0.000000000000e+00 0.000000000000e+00
2.818382931264e+08 2.413036189516e-02 -9.222503564777e-02 0.000000000000e+00 0.000000000000e+00 -5.207975870612e-29 -1.362648890471e-29 1.000000000000e+00 0.000000000000e+00 0.000000000000e+00 0.000000000000e+00
3.162277660168e+08 2.241921900582e-02 -8.205581055788e-02 0.000000000000e+00 0.000000000000e+00 -4.129804293973e-29 -1.128341628561e-29 1.000000000000e+00 0.000000000000e+00 0.000000000000e+00 0.000000000000e+00
3.548133892336e+08 2.112016581394e-02 -7.295064622833e-02 0.000000000000e+00 0.000000000000e+00 -3.272271087082e-29 -9.473652602204e-30 1.000000000000e+00 0.000000000000e+00 0.000000000000e+00 0.000000000000e+00
3.981071705535e+08 2.014973160551e-02 -6.481711028729e-02 0.000000000000e+00 0.000000000000e+00 -2.591252874148e-29 -8.055442413994e-30 1.000000000000e+00 0.000000000000e+00 0.000000000000e+00 0.000000000000e+00
4.466835921510e+08 1.943790761785e-02 -5.756707715192e-02 0.000000000000e+00 0.000000000000e+00 -2.051135311230e-29 -6.925795205163e-30 1.000000000000e+00 0.000000000000e+00 0.000000000000e+00 0.000000000000e+00
5.011872336273e+08 1.892626983881e-02 -5.111683471075e-02 0.000000000000e+00 0.000000000000e+00 -1.623245041688e-29 -6.010147898894e-30 1.000000000000e+00 0.000000000000e+00 0.000000000000e+00 0.000000000000e+00
5.623413251903e+08 1.856660982251e-02 -4.538720937333e-02 0.000000000000e+00 0.000000000000e+00 -1.284557687890e-29 -5.254758271075e-30 1.000000000000e+00 0.000000000000e+00 0.000000000000e+00 0.000000000000e+00
6.309573444802e+08 1.831983877835e-02 -4.030380586584e-02 0.000000000000e+00 0.000000000000e+00 -1.016637651512e-29 -4.621061825697e-30 1.000000000000e+00 0.000000000000e+00 0.000000000000e+00 0.000000000000e+00
7.079457843841e+08 1.815497090661e-02 -3.579733895761e-02 0.000000000000e+00 0.000000000000e+00 -8.047683269413e-30 -4.081461356522e-30 1.000000000000e+00 0.000000000000e+00 0.000000000000e+00 0.000000000000e+00
7.943282347243e+08 1.804807589905e-02 -3.180396437080e-02 0.000000000000e+00 0.000000000000e+00 -6.372375950211e-30 -3.616188330040e-30 1.000000000000e+00 0.000000000000e+00 0.000000000000e+00 0.000000000000e+00
8.912509381337e+08 1.798118044826e-02 -2.826550601491e-02 0.000000000000e+00 0.000000000000e+00 -5.047506609851e-30 -3.210985400991e-30 1.000000000000e+00 0.000000000000e+00 0.000000000000e+00 0.000000000000e+00
1.000000000000e+09 1.794116214450e-02 -2.512951123606e-02 0.000000000000e+00 0.000000000000e+00 -3.999485930703e-30 -2.855424640111e-30 1.000000000000e+00 0.000000000000e+00 0.000000000000e+00 0.000000000000e+00
