# freq_hz rev(vout) imv(vout) rev(vinp) imv(vinp) rev(vinn) imv(vinn) rev(vdd) imv(vdd) rev(vss) imv(vss)
1.000000000000e-01 -4.523146078062e-01 1.814942446276e-04 0.000000000000e+00 0.000000000000e+00 2.888570617510e-22 7.198810566388e-19 0.000000000000e+00 0.000000000000e+00 1.000000000000e+00 0.000000000000e+00
1.122018454302e-01 -4.523145891285e-01 2.036398834666e-04 0.000000000000e+00 0.000000000000e+00 2.888570498998e-22 6.415946405963e-19 0.000000000000e+00 0.000000000000e+00 1.000000000000e+00 0.000000000000e+00
1.258925411794e-01 -4.523145655768e-01 2.284876954543e-04 0.000000000000e+00 0.000000000000e+00 2.888570349488e-22 5.718217955546e-19 0.000000000000e+00 0.000000000000e+00 1.000000000000e+00 0.000000000000e+00
1.412537544623e-01 -4.523145356931e-01 2.563673940336e-04 0.000000000000e+00 0.000000000000e+00 2.888570159692e-22 5.096366780616e-19 0.000000000000e+00 0.000000000000e+00 1.000000000000e+00 0.000000000000e+00
1.584893192461e-01 -4.523144983272e-01 2.876489235506e-04 0.000000000000e+00 0.000000000000e+00 2.888569922287e-22 4.542141299068e-19 0.000000000000e+00 0.000000000000e+00 1.000000000000e+00 0.000000000000e+00
1.778279410039e-01 -4.523144512239e-01 3.227473671508e-04 0.000000000000e+00 0.000000000000e+00 2.888569623079e-22 4.048187272383e-19 0.000000000000e+00 0.000000000000e+00 1.000000000000e+00 0.000000000000e+00
1.995262314969e-01 -4.523143917149e-01 3.621284546274e-04 0.000000000000e+00 0.000000000000e+00 2.888569245064e-22 3.607950229586e-19 0.000000000000e+00 0.000000000000e+00 1.000000000000e+00 0.000000000000e+00
2.238721138568e-01 -4.523143172988e-01 4.063147424115e-04 0.000000000000e+00 0.000000000000e+00 2.888568772286e-22 3.215588497784e-19 0.000000000000e+00 0.000000000000e+00 1.000000000000e+00 0.000000000000e+00
2.511886431510e-01 -4.523142231250e-01 4.558925448142e-04 0.000000000000e+00 0.000000000000e+00 2.888568173918e-22 2.865895668648e-19 0.000000000000e+00 0.000000000000e+00 1.000000000000e+00 0.000000000000e+00
2.818382931264e-01 -4.523141047133e-01 5.115197152431e-04 0.000000000000e+00 0.000000000000e+00 2.888567421617e-22 2.554231534579e-19 0.000000000000e+00 0.000000000000e+00 1.000000000000e+00 0.000000000000e+00
3.162277660168e-01 -4.523139558890e-01 5.739343723557e-04 0.000000000000e+00 0.000000000000e+00 2.888566476047e-22 2.276460502361e-19 0.000000000000e+00 0.000000000000e+00 1.000000000000e+00 0.000000000000e+00
3.548133892336e-01 -4.523137680155e-01 6.439646912147e-04 0.000000000000e+00 0.000000000000e+00 2.888565282324e-22 2.028896715632e-19 0.000000000000e+00 0.000000000000e+00 1.000000000000e+00 0.000000000000e+00
3.981071705535e-01 -4.523135321036e-01 7.225398925511e-04 0.000000000000e+00 0.000000000000e+00 2.888563783493e-22 1.808255158091e-19 0.000000000000e+00 0.000000000000e+00 1.000000000000e+00 0.000000000000e+00
4.466835921510e-01 -4.523132345535e-01 8.107025628069e-04 0.000000000000e+00 0.000000000000e+00 2.888561892956e-22 1.611608045848e-19 0.000000000000e+00 0.000000000000e+00 1.000000000000e+00 0.000000000000e+00
5.011872336273e-01 -4.523128602419e-01 9.096224874731e-04 0.000000000000e+00 0.000000000000e+00 2.888559514620e-22 1.436345994093e-19 0.000000000000e+00 0.000000000000e+00 1.000000000000e+00 0.000000000000e+00
5.623413251903e-01 -4.523123889439e-01 1.020612159368e-03 0.000000000000e+00 0.000000000000e+00 2.888556520197e-22 1.280143380868e-19 0.000000000000e+00 0.000000000000e+00 1.000000000000e+00 0.000000000000e+00
6.309573444802e-01 -4.523117959970e-01 1.145144183929e-03 0.000000000000e+00 0.000000000000e+00 2.888552752738e-22 1.140927493446e-19 0.000000000000e+00 0.000000000000e+00 1.000000000000e+00 0.000000000000e+00
7.079457843841e-01 -4.523110488973e-01 1.284870795746e-03 0.000000000000e+00 0.000000000000e+00 2.888548005900e-22 1.016851019324e-19 0.000000000000e+00 0.000000000000e+00 1.000000000000e+00 0.000000000000e+00
7.943282347243e-01 -4.523101088472e-01 1.441645763260e-03 0.000000000000e+00 0.000000000000e+00 2.888542033136e-22 9.062675413855e-20 0.000000000000e+00 0.000000000000e+00 1.000000000000e+00 0.000000000000e+00
8.912509381337e-01 -4.523089250743e-01 1.617548939070e-03 0.000000000000e+00 0.000000000000e+00 2.888534511786e-22 8.077096825332e-20 0.000000000000e+00 0.000000000000e+00 1.000000000000e+00 0.000000000000e+00
1.000000000000e+00 -4.523074348895e-01 1.814913811345e-03 0.000000000000e+00 0.000000000000e+00 2.888525043594e-22 7.198696406017e-20 0.000000000000e+00 0.000000000000e+00 1.000000000000e+00 0.000000000000e+00
1.122018454302e+00 -4.523055590498e-01 2.036358386911e-03 0.000000000000e+00 0.000000000000e+00 2.888513125077e-22 6.415818316909e-20 0.000000000000e+00 0.000000000000e+00 1.000000000000e+00 0.000000000000e+00
1.258925411794e+00 -4.523031972901e-01 2.284819819923e-03 0.000000000000e+00 0.000000000000e+00 2.888498119165e-22 5.718074236293e-20 0.000000000000e+00 0.000000000000e+00 1.000000000000e+00 0.000000000000e+00
1.412537544623e+00 -4.523002240504e-01 2.563593236413e-03 0.000000000000e+00 0.000000000000e+00 2.888479228052e-22 5.096205526915e-20 0.000000000000e+00 0.000000000000e+00 1.000000000000e+00 0.000000000000e+00
1.584893192461e+00 -4.522964809851e-01 2.876375237753e-03 0.000000000000e+00 0.000000000000e+00 2.888455445797e-22 4.541960368970e-20 0.000000000000e+00 0.000000000000e+00 1.000000000000e+00 0.000000000000e+00
1.778279410039e+00 -4.522917691277e-01 3.227312647967e-03 0.000000000000e+00 0.000000000000e+00 2.888425507955e-22 4.047984268920e-20 0.000000000000e+00 0.000000000000e+00 1.000000000000e+00 0.000000000000e+00
1.995262314969e+00 -4.522858370515e-01 3.621057097583e-03 0.000000000000e+00 0.000000000000e+00 2.888387817377e-22 3.607722459183e-20 0.000000000000e+00 0.000000000000e+00 1.000000000000e+00 0.000000000000e+00
2.238721138568e+00 -4.522783697623e-01 4.062826150154e-03 0.000000000000e+00 0.000000000000e+00 2.888340372456e-22 3.215332939890e-20 0.000000000000e+00 0.000000000000e+00 1.000000000000e+00 0.000000000000e+00
2.511886431510e+00 -4.522689687955e-01 4.558471645825e-03 0.000000000000e+00 0.000000000000e+00 2.888280641532e-22 2.865608933882e-20 0.000000000000e+00 0.000000000000e+00 1.000000000000e+00 0.000000000000e+00
2.818382931264e+00 -4.522571342251e-01 5.114556154529e-03 0.000000000000e+00 0.000000000000e+00 2.888205448168e-22 2.553909820453e-20 0.000000000000e+00 0.000000000000e+00 1.000000000000e+00 0.000000000000e+00
3.162277660168e+00 -4.522422367763e-01 5.738438321290e-03 0.000000000000e+00 0.000000000000e+00 2.888110794193e-22 2.276099545751e-20 0.000000000000e+00 0.000000000000e+00 1.000000000000e+00 0.000000000000e+00
3.548133892336e+00 -4.522234830694e-01 6.438368055215e-03 0.000000000000e+00 0.000000000000e+00 2.887991638759e-22 2.028491733868e-20 0.000000000000e+00 0.000000000000e+00 1.000000000000e+00 0.000000000000e+00
3.981071705535e+00 -4.521998757290e-01 7.223592581362e-03 0.000000000000e+00 0.000000000000e+00 2.887841644775e-22 1.807800783579e-20 0.000000000000e+00 0.000000000000e+00 1.000000000000e+00 0.000000000000e+00
4.466835921510e+00 -4.521701593102e-01 8.104474271362e-03 0.000000000000e+00 0.000000000000e+00 2.887652835488e-22 1.611098263654e-20 0.000000000000e+00 0.000000000000e+00 1.000000000000e+00 0.000000000000e+00
5.011872336273e+00 -4.521327539696e-01 9.092621283564e-03 0.000000000000e+00 0.000000000000e+00 2.887415173102e-22 1.435774056078e-20 0.000000000000e+00 0.000000000000e+00 1.000000000000e+00 0.000000000000e+00
5.623413251903e+00 -4.520856725127e-01 1.020103192292e-02 0.000000000000e+00 0.000000000000e+00 2.887116031575e-22 1.279501723577e-20 0.000000000000e+00 0.000000000000e+00 1.000000000000e+00 0.000000000000e+00
6.309573444802e+00 -4.520264141125e-01 1.144425342506e-02 0.000000000000e+00 0.000000000000e+00 2.886739521337e-22 1.140207635971e-20 0.000000000000e+00 0.000000000000e+00 1.000000000000e+00 0.000000000000e+00
7.079457843841e+00 -4.519518341409e-01 1.283855574116e-02 0.000000000000e+00 0.000000000000e+00 2.886265662479e-22 1.016043460251e-20 0.000000000000e+00 0.000000000000e+00 1.000000000000e+00 0.000000000000e+00
7.943282347243e+00 -4.518579782184e-01 1.440212022511e-02 0.000000000000e+00 0.000000000000e+00 2.885669329924e-22 9.053616334661e-21 0.000000000000e+00 0.000000000000e+00 1.000000000000e+00 0.000000000000e+00
8.912509381337e+00 -4.517398760582e-01 1.615524259138e-02 0.000000000000e+00 0.000000000000e+00 2.884918943990e-22 8.066935044895e-21 0.000000000000e+00 0.000000000000e+00 1.000000000000e+00 0.000000000000e+00
1.000000000000e+01 -4.515912817087e-01 1.812054821414e-02 0.000000000000e+00 0.000000000000e+00 2.883974819789e-22 7.187298474121e-21 0.000000000000e+00 0.000000000000e+00 1.000000000000e+00 0.000000000000e+00
1.122018454302e+01 -4.514043502919e-01 2.032321634616e-02 0.000000000000e+00 0.000000000000e+00 2.882787113374e-22 6.403034941899e-21 0.000000000000e+00 0.000000000000e+00 1.000000000000e+00 0.000000000000e+00
1.258925411794e+01 -4.511692366949e-01 2.279120741068e-02 0.000000000000e+00 0.000000000000e+00 2.881293271594e-22 5.703738562930e-21 0.000000000000e+00 0.000000000000e+00 1.000000000000e+00 0.000000000000e+00
1.412537544623e+01 -4.508735920815e-01 2.555548373448e-02 0.000000000000e+00 0.000000000000e+00 2.879414833869e-22 5.080131226448e-21 0.000000000000e+00 0.000000000000e+00 1.000000000000e+00 0.000000000000e+00
1.584893192461e+01 -4.505019456059e-01 2.865020980594e-02 0.000000000000e+00 0.000000000000e+00 2.877053503006e-22 4.523939648258e-21 0.000000000000e+00 0.000000000000e+00 1.000000000000e+00 0.000000000000e+00
1.778279410039e+01 -4.500349362665e-01 3.211291040186e-02 0.000000000000e+00 0.000000000000e+00 2.874086264874e-22 4.027785749887e-21 0.000000000000e+00 0.000000000000e+00 1.000000000000e+00 0.000000000000e+00
1.995262314969e+01 -4.494483742470e-01 3.598455617660e-02 0.000000000000e+00 0.000000000000e+00 2.870359424684e-22 3.585089032632e-21 0.000000000000e+00 0.000000000000e+00 1.000000000000e+00 0.000000000000e+00
2.238721138568e+01 -4.487120954798e-01 4.030953260255e-02 0.000000000000e+00 0.000000000000e+00 2.865681328917e-22 3.189979617804e-21 0.000000000000e+00 0.000000000000e+00 1.000000000000e+00 0.000000000000e+00
2.511886431510e+01 -4.477885813900e-01 4.513543109733e-02 0.000000000000e+00 0.000000000000e+00 2.859813595715e-22 2.837220874907e-21 0.000000000000e+00 0.000000000000e+00 1.000000000000e+00 0.000000000000e+00
2.818382931264e+01 -4.466313097194e-01 5.051257732862e-02 0.000000000000e+00 0.000000000000e+00 2.852460636531e-22 2.522140618021e-21 0.000000000000e+00 0.000000000000e+00 1.000000000000e+00 0.000000000000e+00
3.162277660168e+01 -4.451828256749e-01 5.649318322055e-02 0.000000000000e+00 0.000000000000e+00 2.843257400756e-22 2.240570085852e-21 0.000000000000e+00 0.000000000000e+00 1.000000000000e+00 0.000000000000e+00
3.548133892336e+01 -4.433725288798e-01 6.312997140695e-02 0.000000000000e+00 0.000000000000e+00 2.831755314630e-22 1.988789931390e-21 0.000000000000e+00 0.000000000000e+00 1.000000000000e+00 0.000000000000e+00
3.981071705535e+01 -4.411142208155e-01 7.047407936266e-02 0.000000000000e+00 0.000000000000e+00 2.817406698510e-22 1.763482647509e-21 0.000000000000e+00 0.000000000000e+00 1.000000000000e+00 0.000000000000e+00
4.466835921510e+01 -4.383035147640e-01 7.857200482196e-02 0.000000000000e+00 0.000000000000e+00 2.799548310196e-22 1.561690918936e-21 0.000000000000e+00 0.000000000000e+00 1.000000000000e+00 0.000000000000e+00
5.011872336273e+01 -4.348153096798e-01 8.746131446988e-02 0.000000000000e+00 0.000000000000e+00 2.777385295021e-22 1.380781496905e-21 0.000000000000e+00 0.000000000000e+00 1.000000000000e+00 0.000000000000e+00
5.623413251903e+01 -4.305016765065e-01 9.716481973344e-02 0.000000000000e+00 0.000000000000e+00 2.749977755954e-22 1.218414275381e-21 0.000000000000e+00 0.000000000000e+00 1.000000000000e+00 0.000000000000e+00
6.309573444802e+01 -4.251907025572e-01 1.076829526379e-01 0.000000000000e+00 0.000000000000e+00 2.716233410813e-22 1.072516274833e-21 0.000000000000e+00 0.000000000000e+00 1.000000000000e+00 0.000000000000e+00
7.079457843841e+01 -4.186870942681e-01 1.189841941787e-01 0.000000000000e+00 0.000000000000e+00 2.674911422723e-22 9.412602226215e-22 0.000000000000e+00 0.000000000000e+00 1.000000000000e+00 0.000000000000e+00
7.943282347243e+01 -4.107756144076e-01 1.309936709572e-01 0.000000000000e+00 0.000000000000e+00 2.624644238363e-22 8.230472829241e-22 0.000000000000e+00 0.000000000000e+00 1.000000000000e+00 0.000000000000e+00
8.912509381337e+01 -4.012286801630e-01 1.435805110845e-01 0.000000000000e+00 0.000000000000e+00 2.563985864483e-22 7.164932459027e-22 0.000000000000e+00 0.000000000000e+00 1.000000000000e+00 0.000000000000e+00
1.000000000000e+02 -3.898195226557e-01 1.565452778772e-01 0.000000000000e+00 0.000000000000e+00 2.491495479199e-22 6.204170394399e-22 0.000000000000e+00 0.000000000000e+00 1.000000000000e+00 0.000000000000e+00
1.122018454302e+02 -3.763420354935e-01 1.696097678342e-01 0.000000000000e+00 0.000000000000e+00 2.405863543873e-22 5.338298582564e-22 0.000000000000e+00 0.000000000000e+00 1.000000000000e+00 0.000000000000e+00
1.258925411794e+02 -3.606375561680e-01 1.824125050809e-01 0.000000000000e+00 0.000000000000e+00 2.306081964321e-22 4.559225605510e-22 0.000000000000e+00 0.000000000000e+00 1.000000000000e+00 0.000000000000e+00
1.412537544623e+02 -3.426271481454e-01 1.945140201922e-01 0.000000000000e+00 0.000000000000e+00 2.191649201262e-22 3.860485299808e-22 0.000000000000e+00 0.000000000000e+00 1.000000000000e+00 0.000000000000e+00
1.584893192461e+02 -3.223455160251e-01 2.054158696581e-01 0.000000000000e+00 0.000000000000e+00 2.062785757492e-22 3.236993035423e-22 0.000000000000e+00 0.000000000000e+00 1.000000000000e+00 0.000000000000e+00
1.778279410039e+02 -2.999700076419e-01 2.145956747916e-01 0.000000000000e+00 0.000000000000e+00 1.920618448140e-22 2.684713618470e-22 0.000000000000e+00 0.000000000000e+00 1.000000000000e+00 0.000000000000e+00
1.995262314969e+02 -2.758362972585e-01 2.215568810087e-01 0.000000000000e+00 0.000000000000e+00 1.767280047518e-22 2.200247549585e-22 0.000000000000e+00 0.000000000000e+00 1.000000000000e+00 0.000000000000e+00
2.238721138568e+02 -2.504327560395e-01 2.258869832106e-01 0.000000000000e+00 0.000000000000e+00 1.605873520325e-22 1.780374087203e-22 0.000000000000e+00 0.000000000000e+00 1.000000000000e+00 0.000000000000e+00
2.511886431510e+02 -2.243691959138e-01 2.273132845044e-01 0.000000000000e+00 0.000000000000e+00 1.440273429802e-22 1.421619471294e-22 0.000000000000e+00 0.000000000000e+00 1.000000000000e+00 0.000000000000e+00
2.818382931264e+02 -1.983222321789e-01 2.257432101529e-01 0.000000000000e+00 0.000000000000e+00 1.274778787752e-22 1.119931689395e-22 0.000000000000e+00 0.000000000000e+00 1.000000000000e+00 0.000000000000e+00
3.162277660168e+02 -1.729667693202e-01 2.212785953869e-01 0.000000000000e+00 0.000000000000e+00 1.113677736133e-22 8.705281220218e-23 0.000000000000e+00 0.000000000000e+00 1.000000000000e+00 0.000000000000e+00
3.548133892336e+02 -1.489078514899e-01 2.141999855894e-01 0.000000000000e+00 0.000000000000e+00 9.608145450917e-23 6.679404258329e-23 0.000000000000e+00 0.000000000000e+00 1.000000000000e+00 0.000000000000e+00
3.981071705535e+02 -1.266269885791e-01 2.049252946653e-01 0.000000000000e+00 0.000000000000e+00 8.192485848757e-23 5.062282885533e-23 0.000000000000e+00 0.000000000000e+00 1.000000000000e+00 0.000000000000e+00
4.466835921510e+02 -1.064521449494e-01 1.939536307263e-01 0.000000000000e+00 0.000000000000e+00 6.910636433393e-23 3.792927559715e-23 0.000000000000e+00 0.000000000000e+00 1.000000000000e+00 0.000000000000e+00
5.011872336273e+02 -8.855328206559e-02 1.818072588958e-01 0.000000000000e+00 0.000000000000e+00 5.773396048844e-23 2.812061365936e-23 0.000000000000e+00 0.000000000000e+00 1.000000000000e+00 0.000000000000e+00
5.623413251903e+02 -7.295888298492e-02 1.689824511359e-01 0.000000000000e+00 0.000000000000e+00 4.782574423955e-23 2.064896593793e-23 0.000000000000e+00 0.000000000000e+00 1.000000000000e+00 0.000000000000e+00
6.309573444802e+02 -5.958537488889e-02 1.559152268556e-01 0.000000000000e+00 0.000000000000e+00 3.932861591103e-23 1.503002862642e-23 0.000000000000e+00 0.000000000000e+00 1.000000000000e+00 0.000000000000e+00
7.079457843841e+02 -4.827109723792e-02 1.429630699220e-01 0.000000000000e+00 0.000000000000e+00 3.213986121498e-23 1.085193796374e-23 0.000000000000e+00 0.000000000000e+00 1.000000000000e+00 0.000000000000e+00
7.943282347243e+02 -3.880838460957e-02 1.304002183879e-01 0.000000000000e+00 0.000000000000e+00 2.612753573326e-23 7.775811023738e-24 0.000000000000e+00 0.000000000000e+00 1.000000000000e+00 0.000000000000e+00
8.912509381337e+02 -3.097002977390e-02 1.184225363881e-01 0.000000000000e+00 0.000000000000e+00 2.114727876663e-23 5.530466353886e-24 0.000000000000e+00 0.000000000000e+00 1.000000000000e+00 0.000000000000e+00
1.000000000000e+03 -2.452879324396e-02 1.071578977583e-01 0.000000000000e+00 0.000000000000e+00 1.705470911930e-23 3.903878692823e-24 0.000000000000e+00 0.000000000000e+00 1.000000000000e+00 0.000000000000e+00
1.122018454302e+03 -1.927026505420e-02 9.667880063517e-02 0.000000000000e+00 0.000000000000e+00 1.371359709305e-23 2.733429139505e-24 0.000000000000e+00 0.000000000000e+00 1.000000000000e+00 0.000000000000e+00
1.258925411794e+03 -1.500022859850e-02 8.701497526520e-02 0.000000000000e+00 0.000000000000e+00 1.100054324628e-23 1.896347874599e-24 0.000000000000e+00 0.000000000000e+00 1.000000000000e+00 0.000000000000e+00
1.412537544623e+03 -1.154793309105e-02 7.816470733884e-02 0.000000000000e+00 0.000000000000e+00 8.807057621640e-24 1.301141085348e-24 0.000000000000e+00 0.000000000000e+00 1.000000000000e+00 0.000000000000e+00
1.584893192461e+03 -8.766588149861e-03 7.010431558944e-02 0.000000000000e+00 0.000000000000e+00 7.039873987185e-24 8.803406088958e-25 0.000000000000e+00 0.000000000000e+00 1.000000000000e+00 0.000000000000e+00
1.778279410039e+03 -6.532146174856e-03 6.279568462408e-02 0.000000000000e+00 0.000000000000e+00 5.620176197477e-24 5.846231738752e-25 0.000000000000e+00 0.000000000000e+00 1.000000000000e+00 0.000000000000e+00
1.995262314969e+03 -4.741157848689e-03 5.619200816526e-02 0.000000000000e+00 0.000000000000e+00 4.482235641246e-24 3.781852150120e-25 0.000000000000e+00 0.000000000000e+00 1.000000000000e+00 0.000000000000e+00
2.238721138568e+03 -3.308236714814e-03 5.024201388508e-02 0.000000000000e+00 0.000000000000e+00 3.571800311768e-24 2.351888392958e-25 0.000000000000e+00 0.000000000000e+00 1.000000000000e+00 0.000000000000e+00
2.511886431510e+03 -2.163471746984e-03 4.489296596114e-02 0.000000000000e+00 0.000000000000e+00 2.844450829115e-24 1.370791364027e-25 0.000000000000e+00 0.000000000000e+00 1.000000000000e+00 0.000000000000e+00
2.818382931264e+03 -1.249984237397e-03 4.009272076706e-02 0.000000000000e+00 0.000000000000e+00 2.264048160844e-24 7.058699084674e-26 0.000000000000e+00 0.000000000000e+00 1.000000000000e+00 0.000000000000e+00
3.162277660168e+03 -5.217289130255e-04 3.579107323586e-02 0.000000000000e+00 0.000000000000e+00 1.801336516347e-24 2.625820512548e-26 0.000000000000e+00 0.000000000000e+00 1.000000000000e+00 0.000000000000e+00
3.548133892336e+03 5.842289213473e-05 3.194058341515e-02 0.000000000000e+00 0.000000000000e+00 1.432725452303e-24 -2.620614765181e-27 0.000000000000e+00 0.000000000000e+00 1.000000000000e+00 0.000000000000e+00
3.981071705535e+03 5.203168133070e-04 2.849703316575e-02 0.000000000000e+00 0.000000000000e+00 1.139251947032e-24 -2.080118092248e-26 0.000000000000e+00 0.000000000000e+00 1.000000000000e+00 0.000000000000e+00
4.466835921510e+03 8.878850155081e-04 2.541962492189e-02 0.000000000000e+00 0.000000000000e+00 9.057102228522e-25 -3.163565700562e-26 0.000000000000e+00 0.000000000000e+00 1.000000000000e+00 0.000000000000e+00
5.011872336273e+03 1.180280445969e-03 2.267100584437e-02 0.000000000000e+00 0.000000000000e+00 7.199310762371e-25 -3.748049722957e-26 0.000000000000e+00 0.000000000000e+00 1.000000000000e+00 0.000000000000e+00
5.623413251903e+03 1.412807546011e-03 2.021717803254e-02 0.000000000000e+00 0.000000000000e+00 5.721905318228e-25 -3.998555583813e-26 0.000000000000e+00 0.000000000000e+00 1.000000000000e+00 0.000000000000e+00
6.309573444802e+03 1.597680565315e-03 1.802733777331e-02 0.000000000000e+00 0.000000000000e+00 4.547280323299e-25 -4.030046748402e-26 0.000000000000e+00 0.000000000000e+00 1.000000000000e+00 0.000000000000e+00
7.079457843841e+03 1.744638044938e-03 1.607367404432e-02 0.000000000000e+00 0.000000000000e+00 3.613560154219e-25 -3.922161483018e-26 0.000000000000e+00 0.000000000000e+00 1.000000000000e+00 0.000000000000e+00
7.943282347243e+03 1.861438631410e-03 1.433114726091e-02 0.000000000000e+00 0.000000000000e+00 2.871448888618e-25 -3.729656664615e-26 0.000000000000e+00 0.000000000000e+00 1.000000000000e+00 0.000000000000e+00
8.912509381337e+03 1.954259819575e-03 1.277726216914e-02 0.000000000000e+00 0.000000000000e+00 2.281696822290e-25 -3.489815236804e-26 0.000000000000e+00 0.000000000000e+00 1.000000000000e+00 0.000000000000e+00
1.000000000000e+04 2.028017797731e-03 1.139184402255e-02 0.000000000000e+00 0.000000000000e+00 1.813068287126e-25 -3.227690571888e-26 0.000000000000e+00 0.000000000000e+00 1.000000000000e+00 0.000000000000e+00
1.122018454302e+04 2.086623473337e-03 1.015682409602e-02 0.000000000000e+00 0.000000000000e+00 1.440714949720e-25 -2.959812638373e-26 0.000000000000e+00 0.000000000000e+00 1.000000000000e+00 0.000000000000e+00
1.258925411794e+04 2.133187097042e-03 9.056037520148e-03 0.000000000000e+00 0.000000000000e+00 1.144875719122e-25 -2.696802112765e-26 0.000000000000e+00 0.000000000000e+00 1.000000000000e+00 0.000000000000e+00
1.412537544623e+04 2.170181587352e-03 8.075035563351e-03 0.000000000000e+00 0.000000000000e+00 9.098390555615e-26 -2.445210241305e-26 0.000000000000e+00 0.000000000000e+00 1.000000000000e+00 0.000000000000e+00
1.584893192461e+04 2.199572766531e-03 7.200912850907e-03 0.000000000000e+00 0.000000000000e+00 7.231155262932e-26 -2.208810537821e-26 0.000000000000e+00 0.000000000000e+00 1.000000000000e+00 0.000000000000e+00
1.778279410039e+04 2.222923126948e-03 6.422149587453e-03 0.000000000000e+00 0.000000000000e+00 5.747785451255e-26 -1.989502896857e-26 0.000000000000e+00 0.000000000000e+00 1.000000000000e+00 0.000000000000e+00
1.995262314969e+04 2.241474459669e-03 5.728468199665e-03 0.000000000000e+00 0.000000000000e+00 4.569394327141e-26 -1.787944058249e-26 0.000000000000e+00 0.000000000000e+00 1.000000000000e+00 0.000000000000e+00
2.238721138568e+04 2.256213617745e-03 5.110703701676e-03 0.000000000000e+00 0.000000000000e+00 3.633296451215e-26 -1.603985167027e-26 0.000000000000e+00 0.000000000000e+00 1.000000000000e+00 0.000000000000e+00
2.511886431510e+04 2.267924838089e-03 4.560686873540e-03 0.000000000000e+00 0.000000000000e+00 2.889684225803e-26 -1.436973598863e-26 0.000000000000e+00 0.000000000000e+00 1.000000000000e+00 0.000000000000e+00
2.818382931264e+04 2.277231358011e-03 4.071139267249e-03 0.000000000000e+00 0.000000000000e+00 2.298984751908e-26 -1.285959488230e-26 0.000000000000e+00 0.000000000000e+00 1.000000000000e+00 0.000000000000e+00
3.162277660168e+04 2.284628514295e-03 3.635578984011e-03 0.000000000000e+00 0.000000000000e+00 1.829758258055e-26 -1.149835530753e-26 0.000000000000e+00 0.000000000000e+00 1.000000000000e+00 0.000000000000e+00
3.548133892336e+04 2.290510062070e-03 3.248236396677e-03 0.000000000000e+00 0.000000000000e+00 1.457027537727e-26 -1.027430220065e-26 0.000000000000e+00 0.000000000000e+00 1.000000000000e+00 0.000000000000e+00
3.981071705535e+04 2.295189107932e-03 2.903978771587e-03 0.000000000000e+00 0.000000000000e+00 1.160950141873e-26 -9.175687324324e-27 0.000000000000e+00 0.000000000000e+00 1.000000000000e+00 0.000000000000e+00
4.466835921510e+04 2.298914760313e-03 2.598243023022e-03 0.000000000000e+00 0.000000000000e+00 9.257631749536e-27 -8.191114567001e-27 0.000000000000e+00 0.000000000000e+00 1.000000000000e+00 0.000000000000e+00
5.011872336273e+04 2.301885381083e-03 2.326975759813e-03 0.000000000000e+00 0.000000000000e+00 7.389447890524e-27 -7.309771922539e-27 0.000000000000e+00 0.000000000000e+00 1.000000000000e+00 0.000000000000e+00
5.623413251903e+04 2.304259139603e-03 2.086579930463e-03 0.000000000000e+00 0.000000000000e+00 5.905479380845e-27 -6.521559341364e-27 0.000000000000e+00 0.000000000000e+00 1.000000000000e+00 0.000000000000e+00
6.309573444802e+04 2.306162429874e-03 1.873867393663e-03 0.000000000000e+00 0.000000000000e+00 4.726710307906e-27 -5.817146808711e-27 0.000000000000e+00 0.000000000000e+00 1.000000000000e+00 0.000000000000e+00
7.079457843841e+04 2.307696598603e-03 1.686016815540e-03 0.000000000000e+00 0.000000000000e+00 3.790373729808e-27 -5.187986551011e-27 0.000000000000e+00 0.000000000000e+00 1.000000000000e+00 0.000000000000e+00
7.943282347243e+04 2.308943338753e-03 1.520536396719e-03 0.000000000000e+00 0.000000000000e+00 3.046610621515e-27 -4.626295901587e-27 0.000000000000e+00 0.000000000000e+00 1.000000000000e+00 0.000000000000e+00
8.912509381337e+04 2.309969038954e-03 1.375230905417e-03 0.000000000000e+00 0.000000000000e+00 2.455815608423e-27 -4.125022204277e-27 0.000000000000e+00 0.000000000000e+00 1.000000000000e+00 0.000000000000e+00
1.000000000000e+05 2.310828318675e-03 1.248172610735e-03 0.000000000000e+00 0.000000000000e+00 1.986528408322e-27 -3.677797495526e-27 0.000000000000e+00 0.000000000000e+00 1.000000000000e+00 0.000000000000e+00
1.122018454302e+05 2.311566935280e-03 1.137675762748e-03 0.000000000000e+00 0.000000000000e+00 1.613758852026e-27 -3.278888173602e-27 0.000000000000e+00 0.000000000000e+00 1.000000000000e+00 0.000000000000e+00
1.258925411794e+05 2.312224220788e-03 1.042274238496e-03 0.000000000000e+00 0.000000000000e+00 1.317656277007e-27 -2.923143109414e-27 0.000000000000e+00 0.000000000000e+00 1.000000000000e+00 0.000000000000e+00
1.412537544623e+05 2.312835175599e-03 9.607021154648e-04 0.000000000000e+00 0.000000000000e+00 1.082452576903e-27 -2.605942420115e-27 0.000000000000e+00 0.000000000000e+00 1.000000000000e+00 0.000000000000e+00
1.584893192461e+05 2.313432332218e-03 8.918768619714e-04 0.000000000000e+00 0.000000000000e+00 8.956225686891e-28 -2.323148291206e-27 0.000000000000e+00 0.000000000000e+00 1.000000000000e+00 0.000000000000e+00
1.778279410039e+05 2.314047487384e-03 8.348849577456e-04 0.000000000000e+00 0.000000000000e+00 7.472170413028e-28 -2.071058654154e-27 0.000000000000e+00 0.000000000000e+00 1.000000000000e+00 0.000000000000e+00
1.995262314969e+05 2.314713393083e-03 7.889697565598e-04 0.000000000000e+00 0.000000000000e+00 6.293329742381e-28 -1.846364137619e-27 0.000000000000e+00 0.000000000000e+00 1.000000000000e+00 0.000000000000e+00
2.238721138568e+05 2.315465501115e-03 7.535213733911e-04 0.000000000000e+00 0.000000000000e+00 5.356926739730e-28 -1.646108457693e-27 0.000000000000e+00 0.000000000000e+00 1.000000000000e+00 0.000000000000e+00
2.511886431510e+05 2.316343847426e-03 7.280685383544e-04 0.000000000000e+00 0.000000000000e+00 4.613094976541e-28 -1.467652233771e-27 0.000000000000e+00 0.000000000000e+00 1.000000000000e+00 0.000000000000e+00
2.818382931264e+05 2.317395181145e-03 7.122722266699e-04 0.000000000000e+00 0.000000000000e+00 4.022222972045e-28 -1.308640121557e-27 0.000000000000e+00 0.000000000000e+00 1.000000000000e+00 0.000000000000e+00
3.162277660168e+05 2.318675433001e-03 7.059210093515e-04 0.000000000000e+00 0.000000000000e+00 3.552844820847e-28 -1.166971076690e-27 0.000000000000e+00 0.000000000000e+00 1.000000000000e+00 0.000000000000e+00
3.548133892336e+05 2.320252762132e-03 7.089280216743e-04 0.000000000000e+00 0.000000000000e+00 3.179964521347e-28 -1.040771592959e-27 0.000000000000e+00 0.000000000000e+00 1.000000000000e+00 0.000000000000e+00
3.981071705535e+05 2.322211017434e-03 7.213295081812e-04 0.000000000000e+00 0.000000000000e+00 2.883724919229e-28 -9.283715282328e-28 0.000000000000e+00 0.000000000000e+00 1.000000000000e+00 0.000000000000e+00
4.466835921510e+05 2.324654334502e-03 7.432848576725e-04 0.000000000000e+00 0.000000000000e+00 2.648350226037e-28 -8.282825579833e-28 0.000000000000e+00 0.000000000000e+00 1.000000000000e+00 0.000000000000e+00
5.011872336273e+05 2.327712568473e-03 7.750781009967e-04 0.000000000000e+00 0.000000000000e+00 2.461305930775e-28 -7.391787669620e-28 0.000000000000e+00 0.000000000000e+00 1.000000000000e+00 0.000000000000e+00
5.623413251903e+05 2.331548185178e-03 8.171207960460e-04 0.000000000000e+00 0.000000000000e+00 2.312631278702e-28 -6.598793332545e-28 0.000000000000e+00 0.000000000000e+00 1.000000000000e+00 0.000000000000e+00
6.309573444802e+05 2.336364761348e-03 8.699562602446e-04 0.000000000000e+00 0.000000000000e+00 2.194408866190e-28 -5.893330252628e-28 0.000000000000e+00 0.000000000000e+00 1.000000000000e+00 0.000000000000e+00
7.079457843841e+05 2.342417749816e-03 9.342650194863e-04 0.000000000000e+00 0.000000000000e+00 2.100342982313e-28 -5.266043980949e-28 0.000000000000e+00 0.000000000000e+00 1.000000000000e+00 0.000000000000e+00
7.943282347243e+05 2.350027934352e-03 1.010871381977e-03 0.000000000000e+00 0.000000000000e+00 2.025424380486e-28 -4.708614723811e-28 0.000000000000e+00 0.000000000000e+00 1.000000000000e+00 0.000000000000e+00
8.912509381337e+05 2.359597946925e-03 1.100750906196e-03 0.000000000000e+00 0.000000000000e+00 1.965663544780e-28 -4.213646919115e-28 0.000000000000e+00 0.000000000000e+00 1.000000000000e+00 0.000000000000e+00
1.000000000000e+06 2.371633304610e-03 1.205038452876e-03 0.000000000000e+00 0.000000000000e+00 1.917878263909e-28 -3.774571636301e-28 0.000000000000e+00 0.000000000000e+00 1.000000000000e+00 0.000000000000e+00
1.122018454302e+06 2.386768453568e-03 1.325036346326e-03 0.000000000000e+00 0.000000000000e+00 1.879524204669e-28 -3.385559265488e-28 0.000000000000e+00 0.000000000000e+00 1.000000000000e+00 0.000000000000e+00
1.258925411794e+06 2.405799143261e-03 1.462221984405e-03 0.000000000000e+00 0.000000000000e+00 1.848559529703e-28 -3.041441710122e-28 0.000000000000e+00 0.000000000000e+00 1.000000000000e+00 0.000000000000e+00
1.412537544623e+06 2.429722502226e-03 1.618253842619e-03 0.000000000000e+00 0.000000000000e+00 1.823336301471e-28 -2.737642960663e-28 0.000000000000e+00 0.000000000000e+00 1.000000000000e+00 0.000000000000e+00
1.584893192461e+06 2.459786864489e-03 1.794974392362e-03 0.000000000000e+00 0.000000000000e+00 1.802512930377e-28 -2.470117483614e-28 0.000000000000e+00 0.000000000000e+00 1.000000000000e+00 0.000000000000e+00
1.778279410039e+06 2.497552633206e-03 1.994407845005e-03 0.000000000000e+00 0.000000000000e+00 1.784983086920e-28 -2.235294661587e-28 0.000000000000e+00 0.000000000000e+00 1.000000000000e+00 0.000000000000e+00
1.995262314969e+06 2.544966796182e-03 2.218749717065e-03 0.000000000000e+00 0.000000000000e+00 1.769817343341e-28 -2.030029047201e-28 0.000000000000e+00 0.000000000000e+00 1.000000000000e+00 0.000000000000e+00
2.238721138568e+06 2.604453124093e-03 2.470344003721e-03 0.000000000000e+00 0.000000000000e+00 1.756214530502e-28 -1.851555254513e-28 0.000000000000e+00 0.000000000000e+00 1.000000000000e+00 0.000000000000e+00
2.511886431510e+06 2.679020050196e-03 2.751642212709e-03 0.000000000000e+00 0.000000000000e+00 1.743460429896e-28 -1.697446501890e-28 0.000000000000e+00 0.000000000000e+00 1.000000000000e+00 0.000000000000e+00
2.818382931264e+06 2.772387730853e-03 3.065136386855e-03 0.000000000000e+00 0.000000000000e+00 1.730891859326e-28 -1.565575801066e-28 0.000000000000e+00 0.000000000000e+00 1.000000000000e+00 0.000000000000e+00
3.162277660168e+06 2.889134470912e-03 3.413255626571e-03 0.000000000000e+00 0.000000000000e+00 1.717864663965e-28 -1.454078615849e-28 0.000000000000e+00 0.000000000000e+00 1.000000000000e+00 0.000000000000e+00
3.548133892336e+06 3.034860775921e-03 3.798212332928e-03 0.000000000000e+00 0.000000000000e+00 1.703724509957e-28 -1.361315859943e-28 0.000000000000e+00 0.000000000000e+00 1.000000000000e+00 0.000000000000e+00
3.981071705535e+06 3.216364012589e-03 4.221780940004e-03 0.000000000000e+00 0.000000000000e+00 1.687779962161e-28 -1.285835245506e-28 0.000000000000e+00 0.000000000000e+00 1.000000000000e+00 0.000000000000e+00
4.466835921510e+06 3.441811582566e-03 4.684987951441e-03 0.000000000000e+00 0.000000000000e+00 1.669277770440e-28 -1.226329635075e-28 0.000000000000e+00 0.000000000000e+00 1.000000000000e+00 0.000000000000e+00
5.011872336273e+06 3.720889704918e-03 5.187689254590e-03 0.000000000000e+00 0.000000000000e+00 1.647381123652e-28 -1.181590330926e-28 0.000000000000e+00 0.000000000000e+00 1.000000000000e+00 0.000000000000e+00
5.623413251903e+06 4.064889834844e-03 5.728010358157e-03 0.000000000000e+00 0.000000000000e+00 1.621152708764e-28 -1.150453081357e-28 0.000000000000e+00 0.000000000000e+00 1.000000000000e+00 0.000000000000e+00
6.309573444802e+06 4.486675419787e-03 6.301629857493e-03 0.000000000000e+00 0.000000000000e+00 1.589545711972e-28 -1.131735096445e-28 0.000000000000e+00 0.000000000000e+00 1.000000000000e+00 0.000000000000e+00
7.079457843841e+06 5.000447095202e-03 6.900900569326e-03 0.000000000000e+00 0.000000000000e+00 1.551407553545e-28 -1.124162175163e-28 0.000000000000e+00 0.000000000000e+00 1.000000000000e+00 0.000000000000e+00
7.943282347243e+06 5.621195819709e-03 7.513832977230e-03 0.000000000000e+00 0.000000000000e+00 1.505503150481e-28 -1.126286416225e-28 0.000000000000e+00 0.000000000000e+00 1.000000000000e+00 0.000000000000e+00
8.912509381337e+06 6.363712068473e-03 8.123017203740e-03 0.000000000000e+00 0.000000000000e+00 1.450566036433e-28 -1.136398503245e-28 0.000000000000e+00 0.000000000000e+00 1.000000000000e+00 0.000000000000e+00
1.000000000000e+07 7.241013264448e-03 8.704639864747e-03 0.000000000000e+00 0.000000000000e+00 1.385386462309e-28 -1.152443054031e-28 0.000000000000e+00 0.000000000000e+00 1.000000000000e+00 0.000000000000e+00
1.122018454302e+07 8.262087939039e-03 9.227857567257e-03 0.000000000000e+00 0.000000000000e+00 1.308943841651e-28 -1.171952324595e-28 0.000000000000e+00 0.000000000000e+00 1.000000000000e+00 0.000000000000e+00
1.258925411794e+07 9.428956963055e-03 9.654905499677e-03 0.000000000000e+00 0.000000000000e+00 1.220585366665e-28 -1.192020666842e-28 0.000000000000e+00 0.000000000000e+00 1.000000000000e+00 0.000000000000e+00
1.412537544623e+07 1.073324907208e-02 9.942404755480e-03 0.000000000000e+00 0.000000000000e+00 1.120241277182e-28 -1.209348135036e-28 0.000000000000e+00 0.000000000000e+00 1.000000000000e+00 0.000000000000e+00
1.584893192461e+07 1.215277837766e-02 1.004431788122e-02 0.000000000000e+00 0.000000000000e+00 1.008650203299e-28 -1.220381764718e-28 0.000000000000e+00 0.000000000000e+00 1.000000000000e+00 0.000000000000e+00
1.778279410039e+07 1.364894602605e-02 9.916803570673e-03 0.000000000000e+00 0.000000000000e+00 8.875479854481e-29 -1.221572501924e-28 0.000000000000e+00 0.000000000000e+00 1.000000000000e+00 0.000000000000e+00
1.995262314969e+07 1.516604327434e-02 9.524777009069e-03 0.000000000000e+00 0.000000000000e+00 7.597574170918e-29 -1.209741063192e-28 0.000000000000e+00 0.000000000000e+00 1.000000000000e+00 0.000000000000e+00
2.238721138568e+07 1.663352078738e-02 8.849327145464e-03 0.000000000000e+00 0.000000000000e+00 6.291154954380e-29 -1.182508624556e-28 0.000000000000e+00 0.000000000000e+00 1.000000000000e+00 0.000000000000e+00
2.511886431510e+07 1.797184119167e-02 7.894458381707e-03 0.000000000000e+00 0.000000000000e+00 5.001985992363e-29 -1.138708870846e-28 0.000000000000e+00 0.000000000000e+00 1.000000000000e+00 0.000000000000e+00
2.818382931264e+07 1.910162576104e-02 6.691227432454e-03 0.000000000000e+00 0.000000000000e+00 3.778556524075e-29 -1.078674628361e-28 0.000000000000e+00 0.000000000000e+00 1.000000000000e+00 0.000000000000e+00
3.162277660168e+07 1.995466581420e-02 5.297557562292e-03 0.000000000000e+00 0.000000000000e+00 2.666218981883e-29 -1.004302608237e-28 0.000000000000e+00 0.000000000000e+00 1.000000000000e+00 0.000000000000e+00
3.548133892336e+07 2.048444324362e-02 3.792943048077e-03 0.000000000000e+00 0.000000000000e+00 1.701360921783e-29 -9.188493156217e-29 0.000000000000e+00 0.000000000000e+00 1.000000000000e+00 0.000000000000e+00
3.981071705535e+07 2.067355853155e-02 2.268675361352e-03 0.000000000000e+00 0.000000000000e+00 9.069690895745e-30 -8.264857493074e-29 0.000000000000e+00 0.000000000000e+00 1.000000000000e+00 0.000000000000e+00
4.466835921510e+07 2.053611889907e-02 8.156040174556e-04 0.000000000000e+00 0.000000000000e+00 2.906025949120e-30 -7.317091767287e-29 0.000000000000e+00 0.000000000000e+00 1.000000000000e+00 0.000000000000e+00
5.011872336273e+07 2.011450981192e-02 -4.877810401030e-04 0.000000000000e+00 0.000000000000e+00 -1.548977277754e-30 -6.387480465671e-29 0.000000000000e+00 0.000000000000e+00 1.000000000000e+00 0.000000000000e+00
5.623413251903e+07 1.947154083400e-02 -1.584314422246e-03 0.000000000000e+00 0.000000000000e+00 -4.483957703570e-30 -5.510873618078e-29 0.000000000000e+00 0.000000000000e+00 1.000000000000e+00 0.000000000000e+00
6.309573444802e+07 1.868011802088e-02 -2.442537947896e-03 0.000000000000e+00 0.000000000000e+00 -6.161145305590e-30 -4.711939953741e-29 0.000000000000e+00 0.000000000000e+00 1.000000000000e+00 0.000000000000e+00
7.079457843841e+07 1.781295105748e-02 -3.056277328293e-03 0.000000000000e+00 0.000000000000e+00 -6.870888350309e-30 -4.004571076467e-29 0.000000000000e+00 0.000000000000e+00 1.000000000000e+00 0.000000000000e+00
7.943282347243e+07 1.693433392484e-02 -3.440434025724e-03 0.000000000000e+00 0.000000000000e+00 -6.893398190304e-30 -3.393034307843e-29 0.000000000000e+00 0.000000000000e+00 1.000000000000e+00 0.000000000000e+00
8.912509381337e+07 1.609506470656e-02 -3.624687823730e-03 0.000000000000e+00 0.000000000000e+00 -6.472778424442e-30 -2.874172691248e-29 0.000000000000e+00 0.000000000000e+00 1.000000000000e+00 0.000000000000e+00
1.000000000000e+08 1.533055327814e-02 -3.646814032636e-03 0.000000000000e+00 0.000000000000e+00 -5.804084798309e-30 -2.439933334550e-29 0.000000000000e+00 0.000000000000e+00 1.000000000000e+00 0.000000000000e+00
1.122018454302e+08 1.466145710182e-02 -3.546859252747e-03 0.000000000000e+00 0.000000000000e+00 -5.031113172528e-30 -2.079683593205e-29 0.000000000000e+00 0.000000000000e+00 1.000000000000e+00 0.000000000000e+00
1.258925411794e+08 1.409590591166e-02 -3.362802583754e-03 0.000000000000e+00 0.000000000000e+00 -4.251297565627e-30 -1.782022256586e-29 0.000000000000e+00 0.000000000000e+00 1.000000000000e+00 0.000000000000e+00
1.412537544623e+08 1.363243987180e-02 -3.127809123703e-03 0.000000000000e+00 0.000000000000e+00 -3.524198595501e-30 -1.536008865930e-29 0.000000000000e+00 0.000000000000e+00 1.000000000000e+00 0.000000000000e+00
1.584893192461e+08 1.326301962196e-02 -2.868869307158e-03 0.000000000000e+00 0.000000000000e+00 -2.880917991765e-30 -1.331872168548e-29 0.000000000000e+00 0.000000000000e+00 1.000000000000e+00 0.000000000000e+00
1.778279410039e+08 1.297572017808e-02 -2.606495384082e-03 0.000000000000e+00 0.000000000000e+00 -2.332797771716e-30 -1.161319191383e-29 0.000000000000e+00 0.000000000000e+00 1.000000000000e+00 0.000000000000e+00
1.995262314969e+08 1.275691685627e-02 -2.355141491760e-03 0.000000000000e+00 0.000000000000e+00 -1.878612186891e-30 -1.017573659892e-29 0.000000000000e+00 0.000000000000e+00 1.000000000000e+00 0.000000000000e+00
2.238721138568e+08 1.259289978449e-02 -2.124056229302e-03 0.000000000000e+00 0.000000000000e+00 -1.510031966352e-30 -8.952531934570e-30 0.000000000000e+00 0.000000000000e+00 1.000000000000e+00 0.000000000000e+00
2.511886431510e+08 1.247093484241e-02 -1.918328840234e-03 0.000000000000e+00 0.000000000000e+00 -1.215467043291e-30 -7.901674614939e-30 0.000000000000e+00 0.000000000000e+00 1.000000000000e+00 0.000000000000e+00
2.818382931264e+08 1.237984401523e-02 -1.739943208985e-03 0.000000000000e+00 0.000000000000e+00 -9.825512329687e-31 -6.990935645663e-30 0.000000000000e+00 0.000000000000e+00 1.000000000000e+00 0.000000000000e+00
3.162277660168e+08 1.231021424789e-02 -1.588710442184e-03 0.000000000000e+00 0.000000000000e+00 -7.995854481731e-31 -6.195633839337e-30 0.000000000000e+00 0.000000000000e+00 1.000000000000e+00 0.000000000000e+00
3.548133892336e+08 1.225435955729e-02 -1.463009988686e-03 0.000000000000e+00 0.000000000000e+00 -6.562471387992e-31 -5.496810315363e-30 0.000000000000e+00 0.000000000000e+00 1.000000000000e+00 0.000000000000e+00
3.981071705535e+08 1.220615469187e-02 -1.360324169182e-03 0.000000000000e+00 0.000000000000e+00 -5.438292292793e-31 -4.879766050569e-30 0.000000000000e+00 0.000000000000e+00 1.000000000000e+00 0.000000000000e+00
4.466835921510e+08 1.216083420674e-02 -1.277593021554e-03 0.000000000000e+00 0.000000000000e+00 -4.552109103915e-31 -4.332948221364e-30 0.000000000000e+00 0.000000000000e+00 1.000000000000e+00 0.000000000000e+00
5.011872336273e+08 1.211481668285e-02 -1.211440490194e-03 0.000000000000e+00 0.000000000000e+00 -3.847000269354e-31 -3.847131032795e-30 0.000000000000e+00 0.000000000000e+00 1.000000000000e+00 0.000000000000e+00
5.623413251903e+08 1.206557900489e-02 -1.158329299312e-03 0.000000000000e+00 0.000000000000e+00 -3.278326266549e-31 -3.414823798064e-30 0.000000000000e+00 0.000000000000e+00 1.000000000000e+00 0.000000000000e+00
6.309573444802e+08 1.201157660678e-02 -1.114694124632e-03 0.000000000000e+00 0.000000000000e+00 -2.811744431264e-31 -3.029843155040e-30 0.000000000000e+00 0.000000000000e+00 1.000000000000e+00 0.000000000000e+00
7.079457843841e+08 1.195218584148e-02 -1.077085810934e-03 0.000000000000e+00 0.000000000000e+00 -2.421421734906e-31 -2.686998777850e-30 0.000000000000e+00 0.000000000000e+00 1.000000000000e+00 0.000000000000e+00
7.943282347243e+08 1.188763552781e-02 -1.042337819134e-03 0.000000000000e+00 0.000000000000e+00 -2.088471856278e-31 -2.381856609418e-30 0.000000000000e+00 0.000000000000e+00 1.000000000000e+00 0.000000000000e+00
8.912509381337e+08 1.181889694228e-02 -1.007744013503e-03 0.000000000000e+00 0.000000000000e+00 -1.799576687753e-31 -2.110556959633e-30 0.000000000000e+00 0.000000000000e+00 1.000000000000e+00 0.000000000000e+00
1.000000000000e+09 1.174751478434e-02 -9.712192825939e-04 0.000000000000e+00 0.000000000000e+00 -1.545743496510e-31 -1.869675046973e-30 0.000000000000e+00 0.000000000000e+00 1.000000000000e+00 0.000000000000e+00
