# freq_hz rev(vout) imv(vout) rev(vinp) imv(vinp) rev(vinn) imv(vinn) rev(vdd) imv(vdd) rev(vss) imv(vss)
1.000000000000e-01 6.508016309310e+04 -2.995745768153e+01 5.000000000000e-01 0.000000000000e+00 -5.000000000000e-01 -1.035782965349e-13 0.000000000000e+00 0.000000000000e+00 0.000000000000e+00 0.000000000000e+00
1.122018454302e-01 6.508015952258e+04 -3.361281852010e+01 5.000000000000e-01 0.000000000000e+00 -5.000000000000e-01 -9.231424889238e-14 0.000000000000e+00 0.000000000000e+00 0.000000000000e+00 0.000000000000e+00
1.258925411794e-01 6.508015502756e+04 -3.771420007719e+01 5.000000000000e-01 0.000000000000e+00 -5.000000000000e-01 -8.227515524579e-14 0.000000000000e+00 0.000000000000e+00 0.000000000000e+00 0.000000000000e+00
1.412537544623e-01 6.508014936867e+04 -4.231602479762e+01 5.000000000000e-01 0.000000000000e+00 -5.000000000000e-01 -7.332780292186e-14 0.000000000000e+00 0.000000000000e+00 0.000000000000e+00 0.000000000000e+00
1.584893192461e-01 6.508014224455e+04 -4.747935553936e+01 5.000000000000e-01 0.000000000000e+00 -5.000000000000e-01 -6.535346599135e-14 0.000000000000e+00 0.000000000000e+00 0.000000000000e+00 0.000000000000e+00
1.778279410039e-01 6.508013327581e+04 -5.327270577304e+01 5.000000000000e-01 0.000000000000e+00 -5.000000000000e-01 -5.824632984812e-14 0.000000000000e+00 0.000000000000e+00 0.000000000000e+00 0.000000000000e+00
1.995262314969e-01 6.508012198484e+04 -5.977294861871e+01 5.000000000000e-01 0.000000000000e+00 -5.000000000000e-01 -5.191208711358e-14 0.000000000000e+00 0.000000000000e+00 0.000000000000e+00 0.000000000000e+00
2.238721138568e-01 6.508010777036e+04 -6.706633677086e+01 5.000000000000e-01 0.000000000000e+00 -5.000000000000e-01 -4.626668623512e-14 0.000000000000e+00 0.000000000000e+00 0.000000000000e+00 0.000000000000e+00
2.511886431510e-01 6.508008987540e+04 -7.524964682896e+01 5.000000000000e-01 0.000000000000e+00 -5.000000000000e-01 -4.123521617301e-14 0.000000000000e+00 0.000000000000e+00 0.000000000000e+00 0.000000000000e+00
2.818382931264e-01 6.508006734699e+04 -8.443146319553e+01 5.000000000000e-01 0.000000000000e+00 -5.000000000000e-01 -3.675091237648e-14 0.000000000000e+00 0.000000000000e+00 0.000000000000e+00 0.000000000000e+00
3.162277660168e-01 6.508003898543e+04 -9.473361854561e+01 5.000000000000e-01 0.000000000000e+00 -5.000000000000e-01 -3.275427085866e-14 0.000000000000e+00 0.000000000000e+00 0.000000000000e+00 0.000000000000e+00
3.548133892336e-01 6.508000328037e+04 -1.062928099363e+02 5.000000000000e-01 0.000000000000e+00 -5.000000000000e-01 -2.919225861482e-14 0.000000000000e+00 0.000000000000e+00 0.000000000000e+00 0.000000000000e+00
3.981071705535e-01 6.507995833042e+04 -1.192624119362e+02 5.000000000000e-01 0.000000000000e+00 -5.000000000000e-01 -2.601760990665e-14 0.000000000000e+00 0.000000000000e+00 0.000000000000e+00 0.000000000000e+00
4.466835921510e-01 6.507990174188e+04 -1.338145107436e+02 5.000000000000e-01 0.000000000000e+00 -5.000000000000e-01 -2.318819907460e-14 0.000000000000e+00 0.000000000000e+00 0.000000000000e+00 0.000000000000e+00
5.011872336273e-01 6.507983050126e+04 -1.501421861542e+02 5.000000000000e-01 0.000000000000e+00 -5.000000000000e-01 -2.066648155600e-14 0.000000000000e+00 0.000000000000e+00 0.000000000000e+00 0.000000000000e+00
5.623413251903e-01 6.507974081487e+04 -1.684620714793e+02 5.000000000000e-01 0.000000000000e+00 -5.000000000000e-01 -1.841899569149e-14 0.000000000000e+00 0.000000000000e+00 0.000000000000e+00 0.000000000000e+00
6.309573444802e-01 6.507962790673e+04 -1.890172251228e+02 5.000000000000e-01 0.000000000000e+00 -5.000000000000e-01 -1.641591870916e-14 0.000000000000e+00 0.000000000000e+00 0.000000000000e+00 0.000000000000e+00
7.079457843841e-01 6.507948576436e+04 -2.120803515615e+02 5.000000000000e-01 0.000000000000e+00 -5.000000000000e-01 -1.463067099451e-14 0.000000000000e+00 0.000000000000e+00 0.000000000000e+00 0.000000000000e+00
7.943282347243e-01 6.507930681861e+04 -2.379574139522e+02 5.000000000000e-01 0.000000000000e+00 -5.000000000000e-01 -1.303956339506e-14 0.000000000000e+00 0.000000000000e+00 0.000000000000e+00 0.000000000000e+00
8.912509381337e-01 6.507908154066e+04 -2.669916855823e+02 5.000000000000e-01 0.000000000000e+00 -5.000000000000e-01 -1.162148287974e-14 0.000000000000e+00 0.000000000000e+00 0.000000000000e+00 0.000000000000e+00
1.000000000000e+00 6.507879793473e+04 -2.995682928972e+02 5.000000000000e-01 0.000000000000e+00 -5.000000000000e-01 -1.035761238179e-14 0.000000000000e+00 0.000000000000e+00 0.000000000000e+00 0.000000000000e+00
1.122018454302e+00 6.507844089954e+04 -3.361193089453e+02 5.000000000000e-01 0.000000000000e+00 -5.000000000000e-01 -9.231181107729e-15 0.000000000000e+00 0.000000000000e+00 0.000000000000e+00 0.000000000000e+00
1.258925411794e+00 6.507799142444e+04 -3.771294627838e+02 5.000000000000e-01 0.000000000000e+00 -5.000000000000e-01 -8.227241999135e-15 0.000000000000e+00 0.000000000000e+00 0.000000000000e+00 0.000000000000e+00
1.412537544623e+00 6.507742557763e+04 -4.231425377252e+02 5.000000000000e-01 0.000000000000e+00 -5.000000000000e-01 -7.332473394285e-15 0.000000000000e+00 0.000000000000e+00 0.000000000000e+00 0.000000000000e+00
1.584893192461e+00 6.507671323271e+04 -4.747685392511e+02 5.000000000000e-01 0.000000000000e+00 -5.000000000000e-01 -6.535002257834e-15 0.000000000000e+00 0.000000000000e+00 0.000000000000e+00 0.000000000000e+00
1.778279410039e+00 6.507581646575e+04 -5.326917219597e+02 5.000000000000e-01 0.000000000000e+00 -5.000000000000e-01 -5.824246632894e-15 0.000000000000e+00 0.000000000000e+00 0.000000000000e+00 0.000000000000e+00
1.995262314969e+00 6.507468753818e+04 -5.976795739393e+02 5.000000000000e-01 0.000000000000e+00 -5.000000000000e-01 -5.190775224972e-15 0.000000000000e+00 0.000000000000e+00 0.000000000000e+00 0.000000000000e+00
2.238721138568e+00 6.507326635826e+04 -6.705928663224e+02 5.000000000000e-01 0.000000000000e+00 -5.000000000000e-01 -4.626182254515e-15 0.000000000000e+00 0.000000000000e+00 0.000000000000e+00 0.000000000000e+00
2.511886431510e+00 6.507147728701e+04 -7.523968851843e+02 5.000000000000e-01 0.000000000000e+00 -5.000000000000e-01 -4.122975917465e-15 0.000000000000e+00 0.000000000000e+00 0.000000000000e+00 0.000000000000e+00
2.818382931264e+00 6.506922511963e+04 -8.441739719836e+02 5.000000000000e-01 0.000000000000e+00 -5.000000000000e-01 -3.674478973765e-15 0.000000000000e+00 0.000000000000e+00 0.000000000000e+00 0.000000000000e+00
3.162277660168e+00 6.506639003054e+04 -9.471375066959e+02 5.000000000000e-01 0.000000000000e+00 -5.000000000000e-01 -3.274740144720e-15 0.000000000000e+00 0.000000000000e+00 0.000000000000e+00 0.000000000000e+00
3.548133892336e+00 6.506282121611e+04 -1.062647473690e+03 5.000000000000e-01 0.000000000000e+00 -5.000000000000e-01 -2.918455143538e-15 0.000000000000e+00 0.000000000000e+00 0.000000000000e+00 0.000000000000e+00
3.981071705535e+00 6.505832890154e+04 -1.192227752697e+03 5.000000000000e-01 0.000000000000e+00 -5.000000000000e-01 -2.600896291213e-15 0.000000000000e+00 0.000000000000e+00 0.000000000000e+00 0.000000000000e+00
4.466835921510e+00 6.505267429457e+04 -1.337585273780e+03 5.000000000000e-01 0.000000000000e+00 -5.000000000000e-01 -2.317849783887e-15 0.000000000000e+00 0.000000000000e+00 0.000000000000e+00 0.000000000000e+00
5.011872336273e+00 6.504555696367e+04 -1.500631162860e+03 5.000000000000e-01 0.000000000000e+00 -5.000000000000e-01 -2.065559779328e-15 0.000000000000e+00 0.000000000000e+00 0.000000000000e+00 0.000000000000e+00
5.623413251903e+00 6.503659898908e+04 -1.683503978565e+03 5.000000000000e-01 0.000000000000e+00 -5.000000000000e-01 -1.840678560747e-15 0.000000000000e+00 0.000000000000e+00 0.000000000000e+00 0.000000000000e+00
6.309573444802e+00 6.502532507495e+04 -1.888595095550e+03 5.000000000000e-01 0.000000000000e+00 -5.000000000000e-01 -1.640222116815e-15 0.000000000000e+00 0.000000000000e+00 0.000000000000e+00 0.000000000000e+00
7.079457843841e+00 6.501113761438e+04 -2.118576214928e+03 5.000000000000e-01 0.000000000000e+00 -5.000000000000e-01 -1.461530548749e-15 0.000000000000e+00 0.000000000000e+00 0.000000000000e+00 0.000000000000e+00
7.943282347243e+00 6.499328546018e+04 -2.376428866251e+03 5.000000000000e-01 0.000000000000e+00 -5.000000000000e-01 -1.302232779420e-15 0.000000000000e+00 0.000000000000e+00 0.000000000000e+00 0.000000000000e+00
8.912509381337e+00 6.497082486570e+04 -2.665475589956e+03 5.000000000000e-01 0.000000000000e+00 -5.000000000000e-01 -1.160215096748e-15 0.000000000000e+00 0.000000000000e+00 0.000000000000e+00 0.000000000000e+00
1.000000000000e+01 6.494257071648e+04 -2.989412229650e+03 5.000000000000e-01 0.000000000000e+00 -5.000000000000e-01 -1.033593114662e-15 0.000000000000e+00 0.000000000000e+00 0.000000000000e+00 0.000000000000e+00
1.122018454302e+01 6.490703577259e+04 -3.352340386402e+03 5.000000000000e-01 0.000000000000e+00 -5.000000000000e-01 -9.206867806000e-16 0.000000000000e+00 0.000000000000e+00 0.000000000000e+00 0.000000000000e+00
1.258925411794e+01 6.486235518484e+04 -3.758798546641e+03 5.000000000000e-01 0.000000000000e+00 -5.000000000000e-01 -8.199980992946e-16 0.000000000000e+00 0.000000000000e+00 0.000000000000e+00 0.000000000000e+00
1.412537544623e+01 6.480619304865e+04 -4.213789630156e+03 5.000000000000e-01 0.000000000000e+00 -5.000000000000e-01 -7.301912792282e-16 0.000000000000e+00 0.000000000000e+00 0.000000000000e+00 0.000000000000e+00
1.584893192461e+01 6.473562724808e+04 -4.722801634841e+03 5.000000000000e-01 0.000000000000e+00 -5.000000000000e-01 -6.500750409993e-16 0.000000000000e+00 0.000000000000e+00 0.000000000000e+00 0.000000000000e+00
1.778279410039e+01 6.464700837859e+04 -5.291816577886e+03 5.000000000000e-01 0.000000000000e+00 -5.000000000000e-01 -5.785868565689e-16 0.000000000000e+00 0.000000000000e+00 0.000000000000e+00 0.000000000000e+00
1.995262314969e+01 6.453578822846e+04 -5.927300923145e+03 5.000000000000e-01 0.000000000000e+00 -5.000000000000e-01 -5.147789153253e-16 0.000000000000e+00 0.000000000000e+00 0.000000000000e+00 0.000000000000e+00
2.238721138568e+01 6.439631332603e+04 -6.636167995822e+03 5.000000000000e-01 0.000000000000e+00 -5.000000000000e-01 -4.578056376100e-16 0.000000000000e+00 0.000000000000e+00 0.000000000000e+00 0.000000000000e+00
2.511886431510e+01 6.422157971488e+04 -7.425699367403e+03 5.000000000000e-01 0.000000000000e+00 -5.000000000000e-01 -4.069125791906e-16 0.000000000000e+00 0.000000000000e+00 0.000000000000e+00 0.000000000000e+00
2.818382931264e+01 6.400294685067e+04 -8.303407722629e+03 5.000000000000e-01 0.000000000000e+00 -5.000000000000e-01 -3.614265914945e-16 0.000000000000e+00 0.000000000000e+00 0.000000000000e+00 0.000000000000e+00
3.162277660168e+01 6.372981199179e+04 -9.276818269013e+03 5.000000000000e-01 0.000000000000e+00 -5.000000000000e-01 -3.207471225114e-16 0.000000000000e+00 0.000000000000e+00 0.000000000000e+00 0.000000000000e+00
3.548133892336e+01 6.338925262225e+04 -1.035313951002e+04 5.000000000000e-01 0.000000000000e+00 -5.000000000000e-01 -2.843385621812e-16 0.000000000000e+00 0.000000000000e+00 0.000000000000e+00 0.000000000000e+00
3.981071705535e+01 6.296565455414e+04 -1.153878779543e+04 5.000000000000e-01 0.000000000000e+00 -5.000000000000e-01 -2.517235535691e-16 0.000000000000e+00 0.000000000000e+00 0.000000000000e+00 0.000000000000e+00
4.466835921510e+01 6.244035891402e+04 -1.283872485646e+04 5.000000000000e-01 0.000000000000e+00 -5.000000000000e-01 -2.224772063318e-16 0.000000000000e+00 0.000000000000e+00 0.000000000000e+00 0.000000000000e+00
5.011872336273e+01 6.179138374853e+04 -1.425556609855e+04 5.000000000000e-01 0.000000000000e+00 -5.000000000000e-01 -1.962221601874e-16 0.000000000000e+00 0.000000000000e+00 0.000000000000e+00 0.000000000000e+00
5.623413251903e+01 6.099330642918e+04 -1.578842406049e+04 5.000000000000e-01 0.000000000000e+00 -5.000000000000e-01 -1.726244502916e-16 0.000000000000e+00 0.000000000000e+00 0.000000000000e+00 0.000000000000e+00
6.309573444802e+01 6.001743056195e+04 -1.743147260515e+04 5.000000000000e-01 0.000000000000e+00 -5.000000000000e-01 -1.513901189862e-16 0.000000000000e+00 0.000000000000e+00 0.000000000000e+00 0.000000000000e+00
7.079457843841e+01 5.883240111917e+04 -1.917226154994e+04 5.000000000000e-01 0.000000000000e+00 -5.000000000000e-01 -1.322624932392e-16 0.000000000000e+00 0.000000000000e+00 0.000000000000e+00 0.000000000000e+00
7.943282347243e+01 5.740546288716e+04 -2.098988751033e+04 5.000000000000e-01 0.000000000000e+00 -5.000000000000e-01 -1.150199977739e-16 0.000000000000e+00 0.000000000000e+00 0.000000000000e+00 0.000000000000e+00
8.912509381337e+01 5.570455964508e+04 -2.285323996285e+04 5.000000000000e-01 0.000000000000e+00 -5.000000000000e-01 -9.947429664238e-17 0.000000000000e+00 0.000000000000e+00 0.000000000000e+00 0.000000000000e+00
1.000000000000e+02 5.370141439706e+04 -2.471968562471e+04 5.000000000000e-01 0.000000000000e+00 -5.000000000000e-01 -8.546845552319e-17 0.000000000000e+00 0.000000000000e+00 0.000000000000e+00 0.000000000000e+00
1.122018454302e+02 5.137557968644e+04 -2.653470027104e+04 5.000000000000e-01 0.000000000000e+00 -5.000000000000e-01 -7.287471458208e-17 0.000000000000e+00 0.000000000000e+00 0.000000000000e+00 0.000000000000e+00
1.258925411794e+02 4.871917885409e+04 -2.823304389097e+04 5.000000000000e-01 0.000000000000e+00 -5.000000000000e-01 -6.159140220195e-17 0.000000000000e+00 0.000000000000e+00 0.000000000000e+00 0.000000000000e+00
1.412537544623e+02 4.574169260856e+04 -2.974201186927e+04 5.000000000000e-01 0.000000000000e+00 -5.000000000000e-01 -5.153856980125e-17 0.000000000000e+00 0.000000000000e+00 0.000000000000e+00 0.000000000000e+00
1.584893192461e+02 4.247377221065e+04 -3.098699117866e+04 5.000000000000e-01 0.000000000000e+00 -5.000000000000e-01 -4.265215366714e-17 0.000000000000e+00 0.000000000000e+00 0.000000000000e+00 0.000000000000e+00
1.778279410039e+02 3.896885376925e+04 -3.189897953137e+04 5.000000000000e-01 0.000000000000e+00 -5.000000000000e-01 -3.487689093732e-17 0.000000000000e+00 0.000000000000e+00 0.000000000000e+00 0.000000000000e+00
1.995262314969e+02 3.530150953027e+04 -3.242299798959e+04 5.000000000000e-01 0.000000000000e+00 -5.000000000000e-01 -2.815875235150e-17 0.000000000000e+00 0.000000000000e+00 0.000000000000e+00 0.000000000000e+00
2.238721138568e+02 3.156211104195e+04 -3.252571563017e+04 5.000000000000e-01 0.000000000000e+00 -5.000000000000e-01 -2.243810495288e-17 0.000000000000e+00 0.000000000000e+00 0.000000000000e+00 0.000000000000e+00
2.511886431510e+02 2.784837963357e+04 -3.220044784184e+04 5.000000000000e-01 0.000000000000e+00 -5.000000000000e-01 -1.764493497868e-17 0.000000000000e+00 0.000000000000e+00 0.000000000000e+00 0.000000000000e+00
2.818382931264e+02 2.425539450842e+04 -3.146819184989e+04 5.000000000000e-01 0.000000000000e+00 -5.000000000000e-01 -1.369709520249e-17 0.000000000000e+00 0.000000000000e+00 0.000000000000e+00 0.000000000000e+00
3.162277660168e+02 2.086616193215e+04 -3.037441096693e+04 5.000000000000e-01 0.000000000000e+00 -5.000000000000e-01 -1.050177489690e-17 0.000000000000e+00 0.000000000000e+00 0.000000000000e+00 0.000000000000e+00
3.548133892336e+02 1.774465223234e+04 -2.898245071004e+04 5.000000000000e-01 0.000000000000e+00 -5.000000000000e-01 -7.959533664512e-18 0.000000000000e+00 0.000000000000e+00 0.000000000000e+00 0.000000000000e+00
3.981071705535e+02 1.493238525208e+04 -2.736526912087e+04 5.000000000000e-01 0.000000000000e+00 -5.000000000000e-01 -5.969656164991e-18 0.000000000000e+00 0.000000000000e+00 0.000000000000e+00 0.000000000000e+00
4.466835921510e+02 1.244858985231e+04 -2.559731285962e+04 5.000000000000e-01 0.000000000000e+00 -5.000000000000e-01 -4.435476575217e-18 0.000000000000e+00 0.000000000000e+00 0.000000000000e+00 0.000000000000e+00
5.011872336273e+02 1.029311987646e+04 -2.374793671296e+04 5.000000000000e-01 0.000000000000e+00 -5.000000000000e-01 -3.268640536432e-18 0.000000000000e+00 0.000000000000e+00 0.000000000000e+00 0.000000000000e+00
5.623413251903e+02 8.450921640362e+03 -2.187705007152e+04 5.000000000000e-01 0.000000000000e+00 -5.000000000000e-01 -2.391796392148e-18 0.000000000000e+00 0.000000000000e+00 0.000000000000e+00 0.000000000000e+00
6.309573444802e+02 6.896901820260e+03 -2.003300383526e+04 5.000000000000e-01 0.000000000000e+00 -5.000000000000e-01 -1.739699246418e-18 0.000000000000e+00 0.000000000000e+00 0.000000000000e+00 0.000000000000e+00
7.079457843841e+02 5.600363672419e+03 -1.825229614446e+04 5.000000000000e-01 0.000000000000e+00 -5.000000000000e-01 -1.259030820211e-18 0.000000000000e+00 0.000000000000e+00 0.000000000000e+00 0.000000000000e+00
7.943282347243e+02 4.528565930174e+03 -1.656050638242e+04 5.000000000000e-01 0.000000000000e+00 -5.000000000000e-01 -9.073625000311e-19 0.000000000000e+00 0.000000000000e+00 0.000000000000e+00 0.000000000000e+00
8.912509381337e+02 3.649280053435e+03 -1.497389439925e+04 5.000000000000e-01 0.000000000000e+00 -5.000000000000e-01 -6.516693945332e-19 0.000000000000e+00 0.000000000000e+00 0.000000000000e+00 0.000000000000e+00
1.000000000000e+03 2.932427558761e+03 -1.350122937234e+04 5.000000000000e-01 0.000000000000e+00 -5.000000000000e-01 -4.667103412358e-19 0.000000000000e+00 0.000000000000e+00 0.000000000000e+00 0.000000000000e+00
1.122018454302e+03 2.350977133499e+03 -1.214556317230e+04 5.000000000000e-01 0.000000000000e+00 -5.000000000000e-01 -3.334790354453e-19 0.000000000000e+00 0.000000000000e+00 0.000000000000e+00 0.000000000000e+00
1.258925411794e+03 1.881303017244e+03 -1.090579298234e+04 5.000000000000e-01 0.000000000000e+00 -5.000000000000e-01 -2.378367072767e-19 0.000000000000e+00 0.000000000000e+00 0.000000000000e+00 0.000000000000e+00
1.412537544623e+03 1.503185452461e+03 -9.777951572887e+03 5.000000000000e-01 0.000000000000e+00 -5.000000000000e-01 -1.693685212500e-19 0.000000000000e+00 0.000000000000e+00 0.000000000000e+00 0.000000000000e+00
1.584893192461e+03 1.199596217555e+03 -8.756222007647e+03 5.000000000000e-01 0.000000000000e+00 -5.000000000000e-01 -1.204634284799e-19 0.000000000000e+00 0.000000000000e+00 0.000000000000e+00 0.000000000000e+00
1.778279410039e+03 9.563726385432e+02 -7.833704554465e+03 5.000000000000e-01 0.000000000000e+00 -5.000000000000e-01 -8.559477886473e-20 0.000000000000e+00 0.000000000000e+00 0.000000000000e+00 0.000000000000e+00
1.995262314969e+03 7.618493681582e+02 -7.002976207059e+03 5.000000000000e-01 0.000000000000e+00 -5.000000000000e-01 -6.077000097890e-20 0.000000000000e+00 0.000000000000e+00 0.000000000000e+00 0.000000000000e+00
2.238721138568e+03 6.064909530453e+02 -6.256484983742e+03 5.000000000000e-01 0.000000000000e+00 -5.000000000000e-01 -4.311659520908e-20 0.000000000000e+00 0.000000000000e+00 0.000000000000e+00 0.000000000000e+00
2.511886431510e+03 4.825494934320e+02 -5.586817351441e+03 5.000000000000e-01 0.000000000000e+00 -5.000000000000e-01 -3.057468530536e-20 0.000000000000e+00 0.000000000000e+00 0.000000000000e+00 0.000000000000e+00
2.818382931264e+03 3.837591850600e+02 -4.986871057240e+03 5.000000000000e-01 0.000000000000e+00 -5.000000000000e-01 -2.167099813928e-20 0.000000000000e+00 0.000000000000e+00 0.000000000000e+00 0.000000000000e+00
3.162277660168e+03 3.050716572079e+02 -4.449959215509e+03 5.000000000000e-01 0.000000000000e+00 -5.000000000000e-01 -1.535401614268e-20 0.000000000000e+00 0.000000000000e+00 0.000000000000e+00 0.000000000000e+00
3.548133892336e+03 2.424313942093e+02 -3.969865626552e+03 5.000000000000e-01 0.000000000000e+00 -5.000000000000e-01 -1.087449231621e-20 0.000000000000e+00 0.000000000000e+00 0.000000000000e+00 0.000000000000e+00
3.981071705535e+03 1.925880605226e+02 -3.540866356772e+03 5.000000000000e-01 0.000000000000e+00 -5.000000000000e-01 -7.699268960678e-21 0.000000000000e+00 0.000000000000e+00 0.000000000000e+00 0.000000000000e+00
4.466835921510e+03 1.529414478872e+02 -3.157728648329e+03 5.000000000000e-01 0.000000000000e+00 -5.000000000000e-01 -5.449357859256e-21 0.000000000000e+00 0.000000000000e+00 0.000000000000e+00 0.000000000000e+00
5.011872336273e+03 1.214144808064e+02 -2.815695159381e+03 5.000000000000e-01 0.000000000000e+00 -5.000000000000e-01 -3.855587989227e-21 0.000000000000e+00 0.000000000000e+00 0.000000000000e+00 0.000000000000e+00
5.623413251903e+03 9.634989305473e+01 -2.510459220759e+03 5.000000000000e-01 0.000000000000e+00 -5.000000000000e-01 -2.726913541495e-21 0.000000000000e+00 0.000000000000e+00 0.000000000000e+00 0.000000000000e+00
6.309573444802e+03 7.642659477066e+01 -2.238135080258e+03 5.000000000000e-01 0.000000000000e+00 -5.000000000000e-01 -1.927811831948e-21 0.000000000000e+00 0.000000000000e+00 0.000000000000e+00 0.000000000000e+00
7.079457843841e+03 6.059224828922e+01 -1.995225855622e+03 5.000000000000e-01 0.000000000000e+00 -5.000000000000e-01 -1.362188467111e-21 0.000000000000e+00 0.000000000000e+00 0.000000000000e+00 0.000000000000e+00
7.943282347243e+03 4.800908125979e+01 -1.778591017798e+03 5.000000000000e-01 0.000000000000e+00 -5.000000000000e-01 -9.619301268384e-22 0.000000000000e+00 0.000000000000e+00 0.000000000000e+00 0.000000000000e+00
8.912509381337e+03 3.801044501382e+01 -1.585414586927e+03 5.000000000000e-01 0.000000000000e+00 -5.000000000000e-01 -6.787706979293e-22 0.000000000000e+00 0.000000000000e+00 0.000000000000e+00 0.000000000000e+00
1.000000000000e+04 3.006605460967e+01 -1.413174774776e+03 5.000000000000e-01 0.000000000000e+00 -5.000000000000e-01 -4.785161210401e-22 0.000000000000e+00 0.000000000000e+00 0.000000000000e+00 0.000000000000e+00
1.122018454302e+04 2.375421786000e+01 -1.259615496445e+03 5.000000000000e-01 0.000000000000e+00 -5.000000000000e-01 -3.369464358813e-22 0.000000000000e+00 0.000000000000e+00 0.000000000000e+00 0.000000000000e+00
1.258925411794e+04 1.873967475893e+01 -1.122719962056e+03 5.000000000000e-01 0.000000000000e+00 -5.000000000000e-01 -2.369093388597e-22 0.000000000000e+00 0.000000000000e+00 0.000000000000e+00 0.000000000000e+00
1.412537544623e+04 1.475593066776e+01 -1.000686417166e+03 5.000000000000e-01 0.000000000000e+00 -5.000000000000e-01 -1.662596024180e-22 0.000000000000e+00 0.000000000000e+00 0.000000000000e+00 0.000000000000e+00
1.584893192461e+04 1.159118259197e+01 -8.919060080818e+02 5.000000000000e-01 0.000000000000e+00 -5.000000000000e-01 -1.163986327008e-22 0.000000000000e+00 0.000000000000e+00 0.000000000000e+00 0.000000000000e+00
1.778279410039e+04 9.077114456838e+00 -7.949426901456e+02 5.000000000000e-01 0.000000000000e+00 -5.000000000000e-01 -8.123963122224e-23 0.000000000000e+00 0.000000000000e+00 0.000000000000e+00 0.000000000000e+00
1.995262314969e+04 7.079980729648e+00 -7.085150627427e+02 5.000000000000e-01 0.000000000000e+00 -5.000000000000e-01 -5.647447564489e-23 0.000000000000e+00 0.000000000000e+00 0.000000000000e+00 0.000000000000e+00
2.238721138568e+04 5.493513691831e+00 -6.314799966814e+02 5.000000000000e-01 0.000000000000e+00 -5.000000000000e-01 -3.905443353061e-23 0.000000000000e+00 0.000000000000e+00 0.000000000000e+00 0.000000000000e+00
2.511886431510e+04 4.233283047020e+00 -5.628179123498e+02 5.000000000000e-01 0.000000000000e+00 -5.000000000000e-01 -2.682238790690e-23 0.000000000000e+00 0.000000000000e+00 0.000000000000e+00 0.000000000000e+00
2.818382931264e+04 3.232211534391e+00 -5.016195669394e+02 5.000000000000e-01 0.000000000000e+00 -5.000000000000e-01 -1.825239704337e-23 0.000000000000e+00 0.000000000000e+00 0.000000000000e+00 0.000000000000e+00
3.162277660168e+04 2.437010288542e+00 -4.470742134289e+02 5.000000000000e-01 0.000000000000e+00 -5.000000000000e-01 -1.226528077129e-23 0.000000000000e+00 0.000000000000e+00 0.000000000000e+00 0.000000000000e+00
3.548133892336e+04 1.805345726245e+00 -3.984590011420e+02 5.000000000000e-01 0.000000000000e+00 -5.000000000000e-01 -8.098051117585e-24 0.000000000000e+00 0.000000000000e+00 0.000000000000e+00 0.000000000000e+00
3.981071705535e+04 1.303588102948e+00 -3.551294963169e+02 5.000000000000e-01 0.000000000000e+00 -5.000000000000e-01 -5.211473333966e-24 0.000000000000e+00 0.000000000000e+00 0.000000000000e+00 0.000000000000e+00
4.466835921510e+04 9.050224830289e-01 -3.165112104173e+02 5.000000000000e-01 0.000000000000e+00 -5.000000000000e-01 -3.224627103265e-24 0.000000000000e+00 0.000000000000e+00 0.000000000000e+00 0.000000000000e+00
5.011872336273e+04 5.884272563171e-01 -2.820920333472e+02 5.000000000000e-01 0.000000000000e+00 -5.000000000000e-01 -1.868585235404e-24 0.000000000000e+00 0.000000000000e+00 0.000000000000e+00 0.000000000000e+00
5.623413251903e+04 3.369447572382e-01 -2.514154779425e+02 5.000000000000e-01 0.000000000000e+00 -5.000000000000e-01 -9.536276503457e-25 0.000000000000e+00 0.000000000000e+00 0.000000000000e+00 0.000000000000e+00
6.309573444802e+04 1.371840041690e-01 -2.240746509000e+02 5.000000000000e-01 0.000000000000e+00 -5.000000000000e-01 -3.460378513324e-25 0.000000000000e+00 0.000000000000e+00 0.000000000000e+00 0.000000000000e+00
7.079457843841e+04 -2.149212164368e-02 -1.997068735413e+02 5.000000000000e-01 0.000000000000e+00 -5.000000000000e-01 4.831693997723e-26 0.000000000000e+00 0.000000000000e+00 0.000000000000e+00 0.000000000000e+00
7.943282347243e+04 -1.475331537164e-01 -1.779888834402e+02 5.000000000000e-01 0.000000000000e+00 -5.000000000000e-01 2.956036265293e-25 0.000000000000e+00 0.000000000000e+00 0.000000000000e+00 0.000000000000e+00
8.912509381337e+04 -2.476508903486e-01 -1.586325549470e+02 5.000000000000e-01 0.000000000000e+00 -5.000000000000e-01 4.422420406381e-25 0.000000000000e+00 0.000000000000e+00 0.000000000000e+00 0.000000000000e+00
1.000000000000e+05 -3.271767476172e-01 -1.413810830304e+02 5.000000000000e-01 0.000000000000e+00 -5.000000000000e-01 5.207179664801e-25 0.000000000000e+00 0.000000000000e+00 0.000000000000e+00 0.000000000000e+00
1.122018454302e+05 -3.903456295670e-01 -1.260055806525e+02 5.000000000000e-01 0.000000000000e+00 -5.000000000000e-01 5.536935352686e-25 0.000000000000e+00 0.000000000000e+00 0.000000000000e+00 0.000000000000e+00
1.258925411794e+05 -4.405214225399e-01 -1.123020451330e+02 5.000000000000e-01 0.000000000000e+00 -5.000000000000e-01 5.569127549438e-25 0.000000000000e+00 0.000000000000e+00 0.000000000000e+00 0.000000000000e+00
1.412537544623e+05 -4.803761156175e-01 -1.000886536747e+02 5.000000000000e-01 0.000000000000e+00 -5.000000000000e-01 5.412545219407e-25 0.000000000000e+00 0.000000000000e+00 0.000000000000e+00 0.000000000000e+00
1.584893192461e+05 -5.120320819413e-01 -8.920335246807e+01 5.000000000000e-01 0.000000000000e+00 -5.000000000000e-01 5.141825155804e-25 0.000000000000e+00 0.000000000000e+00 0.000000000000e+00 0.000000000000e+00
1.778279410039e+05 -5.371750953545e-01 -7.950170759718e+01 5.000000000000e-01 0.000000000000e+00 -5.000000000000e-01 4.807684959343e-25 0.000000000000e+00 0.000000000000e+00 0.000000000000e+00 0.000000000000e+00
1.995262314969e+05 -5.571440992942e-01 -7.085498938258e+01 5.000000000000e-01 0.000000000000e+00 -5.000000000000e-01 4.444139337064e-25 0.000000000000e+00 0.000000000000e+00 0.000000000000e+00 0.000000000000e+00
2.238721138568e+05 -5.730025074829e-01 -6.314846485298e+01 5.000000000000e-01 0.000000000000e+00 -5.000000000000e-01 4.073583792945e-25 0.000000000000e+00 0.000000000000e+00 0.000000000000e+00 0.000000000000e+00
2.511886431510e+05 -5.855948326900e-01 -5.627987575165e+01 5.000000000000e-01 0.000000000000e+00 -5.000000000000e-01 3.710371261318e-25 0.000000000000e+00 0.000000000000e+00 0.000000000000e+00 0.000000000000e+00
2.818382931264e+05 -5.955916590200e-01 -5.015808195475e+01 5.000000000000e-01 0.000000000000e+00 -5.000000000000e-01 3.363324250435e-25 0.000000000000e+00 0.000000000000e+00 0.000000000000e+00 0.000000000000e+00
3.162277660168e+05 -6.035253520046e-01 -4.470185231984e+01 5.000000000000e-01 0.000000000000e+00 -5.000000000000e-01 3.037495545148e-25 0.000000000000e+00 0.000000000000e+00 0.000000000000e+00 0.000000000000e+00
3.548133892336e+05 -6.098184097128e-01 -3.983878696491e+01 5.000000000000e-01 0.000000000000e+00 -5.000000000000e-01 2.735398867103e-25 0.000000000000e+00 0.000000000000e+00 0.000000000000e+00 0.000000000000e+00
3.981071705535e+05 -6.148059605277e-01 -3.550435667666e+01 5.000000000000e-01 0.000000000000e+00 -5.000000000000e-01 2.457865994333e-25 0.000000000000e+00 0.000000000000e+00 0.000000000000e+00 0.000000000000e+00
4.466835921510e+05 -6.187536110844e-01 -3.164104673622e+01 5.000000000000e-01 0.000000000000e+00 -5.000000000000e-01 2.204640991755e-25 0.000000000000e+00 0.000000000000e+00 0.000000000000e+00 0.000000000000e+00
5.011872336273e+05 -6.218715913537e-01 -2.819759379906e+01 5.000000000000e-01 0.000000000000e+00 -5.000000000000e-01 1.974789681215e-25 0.000000000000e+00 0.000000000000e+00 0.000000000000e+00 0.000000000000e+00
5.623413251903e+05 -6.243259498233e-01 -2.512830571037e+01 5.000000000000e-01 0.000000000000e+00 -5.000000000000e-01 1.766979529404e-25 0.000000000000e+00 0.000000000000e+00 0.000000000000e+00 0.000000000000e+00
6.309573444802e+05 -6.262473981821e-01 -2.239245524504e+01 5.000000000000e-01 0.000000000000e+00 -5.000000000000e-01 1.579668893485e-25 0.000000000000e+00 0.000000000000e+00 0.000000000000e+00 0.000000000000e+00
7.079457843841e+05 -6.277382732064e-01 -1.995373972603e+01 5.000000000000e-01 0.000000000000e+00 -5.000000000000e-01 1.411233054176e-25 0.000000000000e+00 0.000000000000e+00 0.000000000000e+00 0.000000000000e+00
7.943282347243e+05 -6.288779897841e-01 -1.777979935642e+01 5.000000000000e-01 0.000000000000e+00 -5.000000000000e-01 1.260046367489e-25 0.000000000000e+00 0.000000000000e+00 0.000000000000e+00 0.000000000000e+00
8.912509381337e+05 -6.297272743488e-01 -1.584178788290e+01 5.000000000000e-01 0.000000000000e+00 -5.000000000000e-01 1.124534115187e-25 0.000000000000e+00 0.000000000000e+00 0.000000000000e+00 0.000000000000e+00
1.000000000000e+06 -6.303314053840e-01 -1.411398989467e+01 5.000000000000e-01 0.000000000000e+00 -5.000000000000e-01 1.003203589529e-25 0.000000000000e+00 0.000000000000e+00 0.000000000000e+00 0.000000000000e+00
1.122018454302e+06 -6.307226360950e-01 -1.257347969758e+01 5.000000000000e-01 0.000000000000e+00 -5.000000000000e-01 8.946610893037e-26 0.000000000000e+00 0.000000000000e+00 0.000000000000e+00 0.000000000000e+00
1.258925411794e+06 -6.309219289987e-01 -1.119981723553e+01 5.000000000000e-01 0.000000000000e+00 -5.000000000000e-01 7.976194837637e-26 0.000000000000e+00 0.000000000000e+00 0.000000000000e+00 0.000000000000e+00
1.412537544623e+06 -6.309400998267e-01 -9.974777052423e+00 5.000000000000e-01 0.000000000000e+00 -5.000000000000e-01 7.108995868080e-26 0.000000000000e+00 0.000000000000e+00 0.000000000000e+00 0.000000000000e+00
1.584893192461e+06 -6.307784368067e-01 -8.882106713482e+00 5.000000000000e-01 0.000000000000e+00 -5.000000000000e-01 6.334275816888e-26 0.000000000000e+00 0.000000000000e+00 0.000000000000e+00 0.000000000000e+00
1.778279410039e+06 -6.304288374054e-01 -7.907311508916e+00 5.000000000000e-01 0.000000000000e+00 -5.000000000000e-01 5.642300370478e-26 0.000000000000e+00 0.000000000000e+00 0.000000000000e+00 0.000000000000e+00
1.995262314969e+06 -6.298734842974e-01 -7.037462627912e+00 5.000000000000e-01 0.000000000000e+00 -5.000000000000e-01 5.024275645180e-26 0.000000000000e+00 0.000000000000e+00 0.000000000000e+00 0.000000000000e+00
2.238721138568e+06 -6.290840654151e-01 -6.261026311017e+00 5.000000000000e-01 0.000000000000e+00 -5.000000000000e-01 4.472278253252e-26 0.000000000000e+00 0.000000000000e+00 0.000000000000e+00 0.000000000000e+00
2.511886431510e+06 -6.280205313936e-01 -5.567711792688e+00 5.000000000000e-01 0.000000000000e+00 -5.000000000000e-01 3.979183560238e-26 0.000000000000e+00 0.000000000000e+00 0.000000000000e+00 0.000000000000e+00
2.818382931264e+06 -6.266293772451e-01 -4.948336114330e+00 5.000000000000e-01 0.000000000000e+00 -5.000000000000e-01 3.538595191194e-26 0.000000000000e+00 0.000000000000e+00 0.000000000000e+00 0.000000000000e+00
3.162277660168e+06 -6.248414399781e-01 -4.394704156069e+00 5.000000000000e-01 0.000000000000e+00 -5.000000000000e-01 3.144777736433e-26 0.000000000000e+00 0.000000000000e+00 0.000000000000e+00 0.000000000000e+00
3.548133892336e+06 -6.225692199534e-01 -3.899502468796e+00 5.000000000000e-01 0.000000000000e+00 -5.000000000000e-01 2.792593847331e-26 0.000000000000e+00 0.000000000000e+00 0.000000000000e+00 0.000000000000e+00
3.981071705535e+06 -6.197037730667e-01 -3.456205724449e+00 5.000000000000e-01 0.000000000000e+00 -5.000000000000e-01 2.477446427281e-26 0.000000000000e+00 0.000000000000e+00 0.000000000000e+00 0.000000000000e+00
4.466835921510e+06 -6.161112915610e-01 -3.058994821411e+00 5.000000000000e-01 0.000000000000e+00 -5.000000000000e-01 2.195226313876e-26 0.000000000000e+00 0.000000000000e+00 0.000000000000e+00 0.000000000000e+00
5.011872336273e+06 -6.116296041796e-01 -2.702685876316e+00 5.000000000000e-01 0.000000000000e+00 -5.000000000000e-01 1.942265650743e-26 0.000000000000e+00 0.000000000000e+00 0.000000000000e+00 0.000000000000e+00
5.623413251903e+06 -6.060650024896e-01 -2.382669503974e+00 5.000000000000e-01 0.000000000000e+00 -5.000000000000e-01 1.715297038655e-26 0.000000000000e+00 0.000000000000e+00 0.000000000000e+00 0.000000000000e+00
6.309573444802e+06 -5.991900461339e-01 -2.094859883380e+00 5.000000000000e-01 0.000000000000e+00 -5.000000000000e-01 1.511418458442e-26 0.000000000000e+00 0.000000000000e+00 0.000000000000e+00 0.000000000000e+00
7.079457843841e+06 -5.907433232584e-01 -1.835653095470e+00 5.000000000000e-01 0.000000000000e+00 -5.000000000000e-01 1.328063844280e-26 0.000000000000e+00 0.000000000000e+00 0.000000000000e+00 0.000000000000e+00
7.943282347243e+06 -5.804325281451e-01 -1.601894032441e+00 5.000000000000e-01 0.000000000000e+00 -5.000000000000e-01 1.162979004740e-26 0.000000000000e+00 0.000000000000e+00 0.000000000000e+00 0.000000000000e+00
8.912509381337e+06 -5.679425873050e-01 -1.390850707426e+00 5.000000000000e-01 0.000000000000e+00 -5.000000000000e-01 1.014202244222e-26 0.000000000000e+00 0.000000000000e+00 0.000000000000e+00 0.000000000000e+00
1.000000000000e+07 -5.529507956898e-01 -1.200193997080e+00 5.000000000000e-01 0.000000000000e+00 -5.000000000000e-01 8.800485242063e-27 0.000000000000e+00 0.000000000000e+00 0.000000000000e+00 0.000000000000e+00
1.122018454302e+07 -5.351507632691e-01 -1.027979674359e+00 5.000000000000e-01 0.000000000000e+00 -5.000000000000e-01 7.590952621779e-27 0.000000000000e+00 0.000000000000e+00 0.000000000000e+00 0.000000000000e+00
1.258925411794e+07 -5.142861083316e-01 -8.726281939942e-01 5.000000000000e-01 0.000000000000e+00 -5.000000000000e-01 6.501670038403e-27 0.000000000000e+00 0.000000000000e+00 0.000000000000e+00 0.000000000000e+00
1.412537544623e+07 -4.901929431677e-01 -7.328964568623e-01 5.000000000000e-01 0.000000000000e+00 -5.000000000000e-01 5.523154430189e-27 0.000000000000e+00 0.000000000000e+00 0.000000000000e+00 0.000000000000e+00
1.584893192461e+07 -4.628471876654e-01 -6.078354328922e-01 5.000000000000e-01 0.000000000000e+00 -5.000000000000e-01 4.647910544605e-27 0.000000000000e+00 0.000000000000e+00 0.000000000000e+00 0.000000000000e+00
1.778279410039e+07 -4.324090322511e-01 -4.967289791117e-01 5.000000000000e-01 0.000000000000e+00 -5.000000000000e-01 3.870034963675e-27 0.000000000000e+00 0.000000000000e+00 0.000000000000e+00 0.000000000000e+00
1.995262314969e+07 -3.992536700285e-01 -3.990131770075e-01 5.000000000000e-01 0.000000000000e+00 -5.000000000000e-01 3.184703818435e-27 0.000000000000e+00 0.000000000000e+00 0.000000000000e+00 0.000000000000e+00
2.238721138568e+07 -3.639765947162e-01 -3.141818321059e-01 5.000000000000e-01 0.000000000000e+00 -5.000000000000e-01 2.587578828861e-27 0.000000000000e+00 0.000000000000e+00 0.000000000000e+00 0.000000000000e+00
2.511886431510e+07 -3.273650693148e-01 -2.416907254400e-01 5.000000000000e-01 0.000000000000e+00 -5.000000000000e-01 2.074208782830e-27 0.000000000000e+00 0.000000000000e+00 0.000000000000e+00 0.000000000000e+00
2.818382931264e+07 -2.903351140117e-01 -1.808777369509e-01 5.000000000000e-01 0.000000000000e+00 -5.000000000000e-01 1.639531237417e-27 0.000000000000e+00 0.000000000000e+00 0.000000000000e+00 0.000000000000e+00
3.162277660168e+07 -2.538433941660e-01 -1.309150902842e-01 5.000000000000e-01 0.000000000000e+00 -5.000000000000e-01 1.277573802630e-27 0.000000000000e+00 0.000000000000e+00 0.000000000000e+00 0.000000000000e+00
3.548133892336e+07 -2.187915784456e-01 -9.080284077848e-02 5.000000000000e-01 0.000000000000e+00 -5.000000000000e-01 9.814105744914e-28 0.000000000000e+00 0.000000000000e+00 0.000000000000e+00 0.000000000000e+00
3.981071705535e+07 -1.859431482344e-01 -5.940177668323e-02 5.000000000000e-01 0.000000000000e+00 -5.000000000000e-01 7.433619227312e-28 0.000000000000e+00 0.000000000000e+00 0.000000000000e+00 0.000000000000e+00
4.466835921510e+07 -1.558680877405e-01 -3.549379185266e-02 5.000000000000e-01 0.000000000000e+00 -5.000000000000e-01 5.553635071916e-28 0.000000000000e+00 0.000000000000e+00 0.000000000000e+00 0.000000000000e+00
5.011872336273e+07 -1.289217377881e-01 -1.785264525594e-02 5.000000000000e-01 0.000000000000e+00 -5.000000000000e-01 4.093985334078e-28 0.000000000000e+00 0.000000000000e+00 0.000000000000e+00 0.000000000000e+00
5.623413251903e+07 -1.052546465025e-01 -5.309096572104e-03 5.000000000000e-01 0.000000000000e+00 -5.000000000000e-01 2.978937617397e-28 0.000000000000e+00 0.000000000000e+00 0.000000000000e+00 0.000000000000e+00
6.309573444802e+07 -8.484404675882e-02 3.200123681591e-03 5.000000000000e-01 0.000000000000e+00 -5.000000000000e-01 2.140136659271e-28 0.000000000000e+00 0.000000000000e+00 0.000000000000e+00 0.000000000000e+00
7.079457843841e+07 -6.753581000230e-02 8.603360186575e-03 5.000000000000e-01 0.000000000000e+00 -5.000000000000e-01 1.518288297589e-28 0.000000000000e+00 0.000000000000e+00 0.000000000000e+00 0.000000000000e+00
7.943282347243e+07 -5.308739549042e-02 1.168359601108e-02 5.000000000000e-01 0.000000000000e+00 -5.000000000000e-01 1.063681364809e-28 0.000000000000e+00 0.000000000000e+00 0.000000000000e+00 0.000000000000e+00
8.912509381337e+07 -4.120558791441e-02 1.308207389840e-02 5.000000000000e-01 0.000000000000e+00 -5.000000000000e-01 7.358278930196e-29 0.000000000000e+00 0.000000000000e+00 0.000000000000e+00 0.000000000000e+00
1.000000000000e+08 -3.157613332634e-02 1.331073173496e-02 5.000000000000e-01 0.000000000000e+00 -5.000000000000e-01 5.025497702616e-29 0.000000000000e+00 0.000000000000e+00 0.000000000000e+00 0.000000000000e+00
1.122018454302e+08 -2.388491264198e-02 1.276883107386e-02 5.000000000000e-01 0.000000000000e+00 -5.000000000000e-01 3.388003020552e-29 0.000000000000e+00 0.000000000000e+00 0.000000000000e+00 0.000000000000e+00
1.258925411794e+08 -1.783182117128e-02 1.176042789559e-02 5.000000000000e-01 0.000000000000e+00 -5.000000000000e-01 2.254321389617e-29 0.000000000000e+00 0.000000000000e+00 0.000000000000e+00 0.000000000000e+00
1.412537544623e+08 -1.313916531891e-02 1.051071591628e-02 5.000000000000e-01 0.000000000000e+00 -5.000000000000e-01 1.480430107197e-29 0.000000000000e+00 0.000000000000e+00 0.000000000000e+00 0.000000000000e+00
1.584893192461e+08 -9.556371648939e-03 9.180443519200e-03 5.000000000000e-01 0.000000000000e+00 -5.000000000000e-01 9.596506522879e-30 0.000000000000e+00 0.000000000000e+00 0.000000000000e+00 0.000000000000e+00
1.778279410039e+08 -6.862384776658e-03 7.878394803863e-03 5.000000000000e-01 0.000000000000e+00 -5.000000000000e-01 6.141793311209e-30 0.000000000000e+00 0.000000000000e+00 0.000000000000e+00 0.000000000000e+00
1.995262314969e+08 -4.866568818666e-03 6.672283388981e-03 5.000000000000e-01 0.000000000000e+00 -5.000000000000e-01 3.881887998269e-30 0.000000000000e+00 0.000000000000e+00 0.000000000000e+00 0.000000000000e+00
2.238721138568e+08 -3.408451390516e-03 5.598403644990e-03 5.000000000000e-01 0.000000000000e+00 -5.000000000000e-01 2.423132911659e-30 0.000000000000e+00 0.000000000000e+00 0.000000000000e+00 0.000000000000e+00
2.511886431510e+08 -2.356398874184e-03 4.670183201690e-03 5.000000000000e-01 0.000000000000e+00 -5.000000000000e-01 1.493031388753e-30 0.000000000000e+00 0.000000000000e+00 0.000000000000e+00 0.000000000000e+00
2.818382931264e+08 -1.605296336470e-03 3.885572573640e-03 5.000000000000e-01 0.000000000000e+00 -5.000000000000e-01 9.065157336937e-31 0.000000000000e+00 0.000000000000e+00 0.000000000000e+00 0.000000000000e+00
3.162277660168e+08 -1.073426790290e-03 3.233119819456e-03 5.000000000000e-01 0.000000000000e+00 -5.000000000000e-01 5.402472460717e-31 0.000000000000e+00 0.000000000000e+00 0.000000000000e+00 0.000000000000e+00
3.548133892336e+08 -6.988725292933e-04 2.696632019759e-03 5.000000000000e-01 0.000000000000e+00 -5.000000000000e-01 3.134859647445e-31 0.000000000000e+00 0.000000000000e+00 0.000000000000e+00 0.000000000000e+00
3.981071705535e+08 -4.358096308790e-04 2.258461080132e-03 5.000000000000e-01 0.000000000000e+00 -5.000000000000e-01 1.742276003344e-31 0.000000000000e+00 0.000000000000e+00 0.000000000000e+00 0.000000000000e+00
4.466835921510e+08 -2.510201595942e-04 1.901587756843e-03 5.000000000000e-01 0.000000000000e+00 -5.000000000000e-01 8.943937032197e-32 0.000000000000e+00 0.000000000000e+00 0.000000000000e+00 0.000000000000e+00
5.011872336273e+08 -1.208403682733e-04 1.610761189941e-03 5.000000000000e-01 0.000000000000e+00 -5.000000000000e-01 3.837356709299e-32 0.000000000000e+00 0.000000000000e+00 0.000000000000e+00 0.000000000000e+00
5.623413251903e+08 -2.864520004632e-05 1.372969276112e-03 5.000000000000e-01 0.000000000000e+00 -5.000000000000e-01 8.107220613183e-33 0.000000000000e+00 0.000000000000e+00 0.000000000000e+00 0.000000000000e+00
6.309573444802e+08 3.712633243855e-05 1.177484137167e-03 5.000000000000e-01 0.000000000000e+00 -5.000000000000e-01 -9.364879223866e-33 0.000000000000e+00 0.000000000000e+00 0.000000000000e+00 0.000000000000e+00
7.079457843841e+08 8.446077679340e-05 1.015671877197e-03 5.000000000000e-01 0.000000000000e+00 -5.000000000000e-01 -1.898782423819e-32 0.000000000000e+00 0.000000000000e+00 0.000000000000e+00 0.000000000000e+00
7.943282347243e+08 1.188585035391e-04 8.806975170033e-04 5.000000000000e-01 0.000000000000e+00 -5.000000000000e-01 -2.381498924474e-32 0.000000000000e+00 0.000000000000e+00 0.000000000000e+00 0.000000000000e+00
8.912509381337e+08 1.441086942000e-04 7.672063395311e-04 5.000000000000e-01 0.000000000000e+00 -5.000000000000e-01 -2.573417883012e-32 0.000000000000e+00 0.000000000000e+00 0.000000000000e+00 0.000000000000e+00
1.000000000000e+09 1.628303957662e-04 6.710260711121e-04 5.000000000000e-01 0.000000000000e+00 -5.000000000000e-01 -2.591526237181e-32 0.000000000000e+00 0.000000000000e+00 0.000000000000e+00 0.000000000000e+00
