# freq_hz rev(vout) imv(vout) rev(vinp) imv(vinp) rev(vinn) imv(vinn) rev(vdd) imv(vdd) rev(vss) imv(vss)
1.000000000000e-01 5.937697292988e+04 -2.900463614147e+01 5.000000000000e-01 0.000000000000e+00 -5.000000000000e-01 -9.450138747624e-14 0.000000000000e+00 0.000000000000e+00 0.000000000000e+00 0.000000000000e+00
1.122018454302e-01 5.937696926140e+04 -3.254373500172e+01 5.000000000000e-01 0.000000000000e+00 -5.000000000000e-01 -8.422444503951e-14 0.000000000000e+00 0.000000000000e+00 0.000000000000e+00 0.000000000000e+00
1.258925411794e-01 5.937696464305e+04 -3.651466840491e+01 5.000000000000e-01 0.000000000000e+00 -5.000000000000e-01 -7.506510981668e-14 0.000000000000e+00 0.000000000000e+00 0.000000000000e+00 0.000000000000e+00
1.412537544623e-01 5.937695882890e+04 -4.097012779233e+01 5.000000000000e-01 0.000000000000e+00 -5.000000000000e-01 -6.690184299425e-14 0.000000000000e+00 0.000000000000e+00 0.000000000000e+00 0.000000000000e+00
1.584893192461e-01 5.937695150932e+04 -4.596923379231e+01 5.000000000000e-01 0.000000000000e+00 -5.000000000000e-01 -5.962632298118e-14 0.000000000000e+00 0.000000000000e+00 0.000000000000e+00 0.000000000000e+00
1.778279410039e-01 5.937694229451e+04 -5.157832064147e+01 5.000000000000e-01 0.000000000000e+00 -5.000000000000e-01 -5.314200804724e-14 0.000000000000e+00 0.000000000000e+00 0.000000000000e+00 0.000000000000e+00
1.995262314969e-01 5.937693069376e+04 -5.787181629580e+01 5.000000000000e-01 0.000000000000e+00 -5.000000000000e-01 -4.736285527291e-14 0.000000000000e+00 0.000000000000e+00 0.000000000000e+00 0.000000000000e+00
2.238721138568e-01 5.937691608929e+04 -6.493322989757e+01 5.000000000000e-01 0.000000000000e+00 -5.000000000000e-01 -4.221217881208e-14 0.000000000000e+00 0.000000000000e+00 0.000000000000e+00 0.000000000000e+00
2.511886431510e-01 5.937689770335e+04 -7.285625968354e+01 5.000000000000e-01 0.000000000000e+00 -5.000000000000e-01 -3.762163231747e-14 0.000000000000e+00 0.000000000000e+00 0.000000000000e+00 0.000000000000e+00
2.818382931264e-01 5.937687455685e+04 -8.174603601069e+01 5.000000000000e-01 0.000000000000e+00 -5.000000000000e-01 -3.353030202617e-14 0.000000000000e+00 0.000000000000e+00 0.000000000000e+00 0.000000000000e+00
3.162277660168e-01 5.937684541716e+04 -9.172051595835e+01 5.000000000000e-01 0.000000000000e+00 -5.000000000000e-01 -2.988389847096e-14 0.000000000000e+00 0.000000000000e+00 0.000000000000e+00 0.000000000000e+00
3.548133892336e-01 5.937680873250e+04 -1.029120479625e+02 5.000000000000e-01 0.000000000000e+00 -5.000000000000e-01 -2.663403609208e-14 0.000000000000e+00 0.000000000000e+00 0.000000000000e+00 0.000000000000e+00
3.981071705535e-01 5.937676254932e+04 -1.154691271735e+02 5.000000000000e-01 0.000000000000e+00 -5.000000000000e-01 -2.373759119028e-14 0.000000000000e+00 0.000000000000e+00 0.000000000000e+00 0.000000000000e+00
4.466835921510e-01 5.937670440824e+04 -1.295583647303e+02 5.000000000000e-01 0.000000000000e+00 -5.000000000000e-01 -2.115612970150e-14 0.000000000000e+00 0.000000000000e+00 0.000000000000e+00 0.000000000000e+00
5.011872336273e-01 5.937663121311e+04 -1.453666969415e+02 5.000000000000e-01 0.000000000000e+00 -5.000000000000e-01 -1.885539720020e-14 0.000000000000e+00 0.000000000000e+00 0.000000000000e+00 0.000000000000e+00
5.623413251903e-01 5.937653906617e+04 -1.631038634901e+02 5.000000000000e-01 0.000000000000e+00 -5.000000000000e-01 -1.680486436395e-14 0.000000000000e+00 0.000000000000e+00 0.000000000000e+00 0.000000000000e+00
6.309573444802e-01 5.937642306044e+04 -1.830051872645e+02 5.000000000000e-01 0.000000000000e+00 -5.000000000000e-01 -1.497732186788e-14 0.000000000000e+00 0.000000000000e+00 0.000000000000e+00 0.000000000000e+00
7.079457843841e-01 5.937627701853e+04 -2.053346923082e+02 5.000000000000e-01 0.000000000000e+00 -5.000000000000e-01 -1.334851933346e-14 0.000000000000e+00 0.000000000000e+00 0.000000000000e+00 0.000000000000e+00
7.943282347243e-01 5.937609316369e+04 -2.303886007005e+02 5.000000000000e-01 0.000000000000e+00 -5.000000000000e-01 -1.189684354071e-14 0.000000000000e+00 0.000000000000e+00 0.000000000000e+00 0.000000000000e+00
8.912509381337e-01 5.937586170576e+04 -2.584992539807e+02 5.000000000000e-01 0.000000000000e+00 -5.000000000000e-01 -1.060303163394e-14 0.000000000000e+00 0.000000000000e+00 0.000000000000e+00 0.000000000000e+00
1.000000000000e+00 5.937557032007e+04 -2.900395100361e+02 5.000000000000e-01 0.000000000000e+00 -5.000000000000e-01 -9.449915515339e-15 0.000000000000e+00 0.000000000000e+00 0.000000000000e+00 0.000000000000e+00
1.122018454302e+00 5.937520349128e+04 -3.254276722190e+02 5.000000000000e-01 0.000000000000e+00 -5.000000000000e-01 -8.422194034771e-15 0.000000000000e+00 0.000000000000e+00 0.000000000000e+00 0.000000000000e+00
1.258925411794e+00 5.937474168764e+04 -3.651330138774e+02 5.000000000000e-01 0.000000000000e+00 -5.000000000000e-01 -7.506229952833e-15 0.000000000000e+00 0.000000000000e+00 0.000000000000e+00 0.000000000000e+00
1.412537544623e+00 5.937416032151e+04 -4.096819684605e+02 5.000000000000e-01 0.000000000000e+00 -5.000000000000e-01 -6.689868983004e-15 0.000000000000e+00 0.000000000000e+00 0.000000000000e+00 0.000000000000e+00
1.584893192461e+00 5.937342844112e+04 -4.596650629010e+02 5.000000000000e-01 0.000000000000e+00 -5.000000000000e-01 -5.962278511679e-15 0.000000000000e+00 0.000000000000e+00 0.000000000000e+00 0.000000000000e+00
1.778279410039e+00 5.937250708394e+04 -5.157446800075e+02 5.000000000000e-01 0.000000000000e+00 -5.000000000000e-01 -5.313803856032e-15 0.000000000000e+00 0.000000000000e+00 0.000000000000e+00 0.000000000000e+00
1.995262314969e+00 5.937134720464e+04 -5.786637440188e+02 5.000000000000e-01 0.000000000000e+00 -5.000000000000e-01 -4.735840152321e-15 0.000000000000e+00 0.000000000000e+00 0.000000000000e+00 0.000000000000e+00
2.238721138568e+00 5.936988706755e+04 -6.492554320758e+02 5.000000000000e-01 0.000000000000e+00 -5.000000000000e-01 -4.220718174685e-15 0.000000000000e+00 0.000000000000e+00 0.000000000000e+00 0.000000000000e+00
2.511886431510e+00 5.936804896597e+04 -7.284540228356e+02 5.000000000000e-01 0.000000000000e+00 -5.000000000000e-01 -3.761602569339e-15 0.000000000000e+00 0.000000000000e+00 0.000000000000e+00 0.000000000000e+00
2.818382931264e+00 5.936573509501e+04 -8.173070012814e+02 5.000000000000e-01 0.000000000000e+00 -5.000000000000e-01 -3.352401153812e-15 0.000000000000e+00 0.000000000000e+00 0.000000000000e+00 0.000000000000e+00
3.162277660168e+00 5.936282236051e+04 -9.169885452091e+02 5.000000000000e-01 0.000000000000e+00 -5.000000000000e-01 -2.987684077703e-15 0.000000000000e+00 0.000000000000e+00 0.000000000000e+00 0.000000000000e+00
3.548133892336e+00 5.935915585142e+04 -1.028814522767e+03 5.000000000000e-01 0.000000000000e+00 -5.000000000000e-01 -2.662611772324e-15 0.000000000000e+00 0.000000000000e+00 0.000000000000e+00 0.000000000000e+00
3.981071705535e+00 5.935454063390e+04 -1.154259130115e+03 5.000000000000e-01 0.000000000000e+00 -5.000000000000e-01 -2.372870733200e-15 0.000000000000e+00 0.000000000000e+00 0.000000000000e+00 0.000000000000e+00
4.466835921510e+00 5.934873143964e+04 -1.294973291373e+03 5.000000000000e-01 0.000000000000e+00 -5.000000000000e-01 -2.114616283389e-15 0.000000000000e+00 0.000000000000e+00 0.000000000000e+00 0.000000000000e+00
5.011872336273e+00 5.934141971404e+04 -1.452804926020e+03 5.000000000000e-01 0.000000000000e+00 -5.000000000000e-01 -1.884421558232e-15 0.000000000000e+00 0.000000000000e+00 0.000000000000e+00 0.000000000000e+00
5.623413251903e+00 5.933221735815e+04 -1.629821156951e+03 5.000000000000e-01 0.000000000000e+00 -5.000000000000e-01 -1.679232034736e-15 0.000000000000e+00 0.000000000000e+00 0.000000000000e+00 0.000000000000e+00
6.309573444802e+00 5.932063633593e+04 -1.828332478356e+03 5.000000000000e-01 0.000000000000e+00 -5.000000000000e-01 -1.496325002445e-15 0.000000000000e+00 0.000000000000e+00 0.000000000000e+00 0.000000000000e+00
7.079457843841e+00 5.930606311954e+04 -2.050918816713e+03 5.000000000000e-01 0.000000000000e+00 -5.000000000000e-01 -1.333273438305e-15 0.000000000000e+00 0.000000000000e+00 0.000000000000e+00 0.000000000000e+00
7.943282347243e+00 5.928772670523e+04 -2.300457286629e+03 5.000000000000e-01 0.000000000000e+00 -5.000000000000e-01 -1.187913806576e-15 0.000000000000e+00 0.000000000000e+00 0.000000000000e+00 0.000000000000e+00
8.912509381337e+00 5.926465864330e+04 -2.580151246817e+03 5.000000000000e-01 0.000000000000e+00 -5.000000000000e-01 -1.058317357117e-15 0.000000000000e+00 0.000000000000e+00 0.000000000000e+00 0.000000000000e+00
1.000000000000e+01 5.923564318580e+04 -2.893559973824e+03 5.000000000000e-01 0.000000000000e+00 -5.000000000000e-01 -9.427645420248e-16 0.000000000000e+00 0.000000000000e+00 0.000000000000e+00 0.000000000000e+00
1.122018454302e+01 5.919915526216e+04 -3.244627856079e+03 5.000000000000e-01 0.000000000000e+00 -5.000000000000e-01 -8.397222122963e-16 0.000000000000e+00 0.000000000000e+00 0.000000000000e+00 0.000000000000e+00
1.258925411794e+01 5.915328355473e+04 -3.637711419949e+03 5.000000000000e-01 0.000000000000e+00 -5.000000000000e-01 -7.478232935528e-16 0.000000000000e+00 0.000000000000e+00 0.000000000000e+00 0.000000000000e+00
1.412537544623e+01 5.909563547951e+04 -4.077601668369e+03 5.000000000000e-01 0.000000000000e+00 -5.000000000000e-01 -6.658486733698e-16 0.000000000000e+00 0.000000000000e+00 0.000000000000e+00 0.000000000000e+00
1.584893192461e+01 5.902322042419e+04 -4.569538057960e+03 5.000000000000e-01 0.000000000000e+00 -5.000000000000e-01 -5.927110629534e-16 0.000000000000e+00 0.000000000000e+00 0.000000000000e+00 0.000000000000e+00
1.778279410039e+01 5.893230722992e+04 -5.119208857765e+03 5.000000000000e-01 0.000000000000e+00 -5.000000000000e-01 -5.274406232509e-16 0.000000000000e+00 0.000000000000e+00 0.000000000000e+00 0.000000000000e+00
1.995262314969e+01 5.881825175325e+04 -5.732730496922e+03 5.000000000000e-01 0.000000000000e+00 -5.000000000000e-01 -4.691721705123e-16 0.000000000000e+00 0.000000000000e+00 0.000000000000e+00 0.000000000000e+00
2.238721138568e+01 5.867529062403e+04 -6.416595681729e+03 5.000000000000e-01 0.000000000000e+00 -5.000000000000e-01 -4.171337992609e-16 0.000000000000e+00 0.000000000000e+00 0.000000000000e+00 0.000000000000e+00
2.511886431510e+01 5.849629835674e+04 -7.177576414628e+03 5.000000000000e-01 0.000000000000e+00 -5.000000000000e-01 -3.706367819527e-16 0.000000000000e+00 0.000000000000e+00 0.000000000000e+00 0.000000000000e+00
2.818382931264e+01 5.827250728408e+04 -8.022563500911e+03 5.000000000000e-01 0.000000000000e+00 -5.000000000000e-01 -3.290666246144e-16 0.000000000000e+00 0.000000000000e+00 0.000000000000e+00 0.000000000000e+00
3.162277660168e+01 5.799319409464e+04 -8.958318743475e+03 5.000000000000e-01 0.000000000000e+00 -5.000000000000e-01 -2.918751766206e-16 0.000000000000e+00 0.000000000000e+00 0.000000000000e+00 0.000000000000e+00
3.548133892336e+01 5.764534407870e+04 -9.991110148668e+03 5.000000000000e-01 0.000000000000e+00 -5.000000000000e-01 -2.585737104278e-16 0.000000000000e+00 0.000000000000e+00 0.000000000000e+00 0.000000000000e+00
3.981071705535e+01 5.721331579202e+04 -1.112619497147e+04 5.000000000000e-01 0.000000000000e+00 -5.000000000000e-01 -2.287269030175e-16 0.000000000000e+00 0.000000000000e+00 0.000000000000e+00 0.000000000000e+00
4.466835921510e+01 5.667854616580e+04 -1.236711207255e+04 5.000000000000e-01 0.000000000000e+00 -5.000000000000e-01 -2.019476638063e-16 0.000000000000e+00 0.000000000000e+00 0.000000000000e+00 0.000000000000e+00
5.011872336273e+01 5.601936033322e+04 -1.371474694134e+04 5.000000000000e-01 0.000000000000e+00 -5.000000000000e-01 -1.778927615804e-16 0.000000000000e+00 0.000000000000e+00 0.000000000000e+00 0.000000000000e+00
5.623413251903e+01 5.521098181250e+04 -1.516614476334e+04 5.000000000000e-01 0.000000000000e+00 -5.000000000000e-01 -1.562592019258e-16 0.000000000000e+00 0.000000000000e+00 0.000000000000e+00 0.000000000000e+00
6.309573444802e+01 5.422587492728e+04 -1.671307598431e+04 5.000000000000e-01 0.000000000000e+00 -5.000000000000e-01 -1.367812913767e-16 0.000000000000e+00 0.000000000000e+00 0.000000000000e+00 0.000000000000e+00
7.079457843841e+01 5.303458553934e+04 -1.834041319132e+04 5.000000000000e-01 0.000000000000e+00 -5.000000000000e-01 -1.192282887984e-16 0.000000000000e+00 0.000000000000e+00 0.000000000000e+00 0.000000000000e+00
7.943282347243e+01 5.160726404967e+04 -2.002446488001e+04 5.000000000000e-01 0.000000000000e+00 -5.000000000000e-01 -1.034024829270e-16 0.000000000000e+00 0.000000000000e+00 0.000000000000e+00 0.000000000000e+00
8.912509381337e+01 4.991603270873e+04 -2.173153127666e+04 5.000000000000e-01 0.000000000000e+00 -5.000000000000e-01 -8.913744721286e-17 0.000000000000e+00 0.000000000000e+00 0.000000000000e+00 0.000000000000e+00
1.000000000000e+02 4.793826661516e+04 -2.341708477285e+04 5.000000000000e-01 0.000000000000e+00 -5.000000000000e-01 -7.629612095060e-17 0.000000000000e+00 0.000000000000e+00 0.000000000000e+00 0.000000000000e+00
1.122018454302e+02 4.566066568365e+04 -2.502609183120e+04 5.000000000000e-01 0.000000000000e+00 -5.000000000000e-01 -6.476828095434e-17 0.000000000000e+00 0.000000000000e+00 0.000000000000e+00 0.000000000000e+00
1.258925411794e+02 4.308369817496e+04 -2.649501313953e+04 5.000000000000e-01 0.000000000000e+00 -5.000000000000e-01 -5.446695623890e-17 0.000000000000e+00 0.000000000000e+00 0.000000000000e+00 0.000000000000e+00
1.412537544623e+02 4.022564346184e+04 -2.775585624059e+04 5.000000000000e-01 0.000000000000e+00 -5.000000000000e-01 -4.532346782835e-17 0.000000000000e+00 0.000000000000e+00 0.000000000000e+00 0.000000000000e+00
1.584893192461e+02 3.712517628080e+04 -2.874224846762e+04 5.000000000000e-01 0.000000000000e+00 -5.000000000000e-01 -3.728109469050e-17 0.000000000000e+00 0.000000000000e+00 0.000000000000e+00 0.000000000000e+00
1.778279410039e+02 3.384139847788e+04 -2.939688095351e+04 5.000000000000e-01 0.000000000000e+00 -5.000000000000e-01 -3.028784913378e-17 0.000000000000e+00 0.000000000000e+00 0.000000000000e+00 0.000000000000e+00
1.995262314969e+02 3.045059453333e+04 -2.967902681759e+04 5.000000000000e-01 0.000000000000e+00 -5.000000000000e-01 -2.428935084729e-17 0.000000000000e+00 0.000000000000e+00 0.000000000000e+00 0.000000000000e+00
2.238721138568e+02 2.703976937931e+04 -2.957045663543e+04 5.000000000000e-01 0.000000000000e+00 -5.000000000000e-01 -1.922308626403e-17 0.000000000000e+00 0.000000000000e+00 0.000000000000e+00 0.000000000000e+00
2.511886431510e+02 2.369798961976e+04 -2.907823374630e+04 5.000000000000e-01 0.000000000000e+00 -5.000000000000e-01 -1.501521781404e-17 0.000000000000e+00 0.000000000000e+00 0.000000000000e+00 0.000000000000e+00
2.818382931264e+02 2.050728672381e+04 -2.823362052671e+04 5.000000000000e-01 0.000000000000e+00 -5.000000000000e-01 -1.158052731334e-17 0.000000000000e+00 0.000000000000e+00 0.000000000000e+00 0.000000000000e+00
3.162277660168e+02 1.753503445525e+04 -2.708740018377e+04 5.000000000000e-01 0.000000000000e+00 -5.000000000000e-01 -8.825244683578e-18 0.000000000000e+00 0.000000000000e+00 0.000000000000e+00 0.000000000000e+00
3.548133892336e+02 1.482920406575e+04 -2.570286150556e+04 5.000000000000e-01 0.000000000000e+00 -5.000000000000e-01 -6.651781473865e-18 0.000000000000e+00 0.000000000000e+00 0.000000000000e+00 0.000000000000e+00
3.981071705535e+02 1.241698506791e+04 -2.414812900685e+04 5.000000000000e-01 0.000000000000e+00 -5.000000000000e-01 -4.964051637424e-18 0.000000000000e+00 0.000000000000e+00 0.000000000000e+00 0.000000000000e+00
4.466835921510e+02 1.030635414040e+04 -2.248935708497e+04 5.000000000000e-01 0.000000000000e+00 -5.000000000000e-01 -3.672190417385e-18 0.000000000000e+00 0.000000000000e+00 0.000000000000e+00 0.000000000000e+00
5.011872336273e+02 8.489607878632e+03 -2.078573876664e+04 5.000000000000e-01 0.000000000000e+00 -5.000000000000e-01 -2.695924732594e-18 0.000000000000e+00 0.000000000000e+00 0.000000000000e+00 0.000000000000e+00
5.623413251903e+02 6.947743381833e+03 -1.908661763351e+04 5.000000000000e-01 0.000000000000e+00 -5.000000000000e-01 -1.966363937735e-18 0.000000000000e+00 0.000000000000e+00 0.000000000000e+00 0.000000000000e+00
6.309573444802e+02 5.654768574943e+03 -1.743047888720e+04 5.000000000000e-01 0.000000000000e+00 -5.000000000000e-01 -1.426379102512e-18 0.000000000000e+00 0.000000000000e+00 0.000000000000e+00 0.000000000000e+00
7.079457843841e+02 4.581366779100e+03 -1.584532778683e+04 5.000000000000e-01 0.000000000000e+00 -5.000000000000e-01 -1.029947751783e-18 0.000000000000e+00 0.000000000000e+00 0.000000000000e+00 0.000000000000e+00
7.943282347243e+02 3.697672054285e+03 -1.434991286083e+04 5.000000000000e-01 0.000000000000e+00 -5.000000000000e-01 -7.408811114167e-19 0.000000000000e+00 0.000000000000e+00 0.000000000000e+00 0.000000000000e+00
8.912509381337e+02 2.975152432564e+03 -1.295533390551e+04 5.000000000000e-01 0.000000000000e+00 -5.000000000000e-01 -5.312872007584e-19 0.000000000000e+00 0.000000000000e+00 0.000000000000e+00 0.000000000000e+00
1.000000000000e+03 2.387732418910e+03 -1.166670876162e+04 5.000000000000e-01 0.000000000000e+00 -5.000000000000e-01 -3.800194172502e-19 0.000000000000e+00 0.000000000000e+00 0.000000000000e+00 0.000000000000e+00
1.122018454302e+03 1.912335584816e+03 -1.048470357371e+04 5.000000000000e-01 0.000000000000e+00 -5.000000000000e-01 -2.712590510496e-19 0.000000000000e+00 0.000000000000e+00 0.000000000000e+00 0.000000000000e+00
1.258925411794e+03 1.529024502545e+03 -9.406833270589e+03 5.000000000000e-01 0.000000000000e+00 -5.000000000000e-01 -1.933012118183e-19 0.000000000000e+00 0.000000000000e+00 0.000000000000e+00 0.000000000000e+00
1.412537544623e+03 1.220886061658e+03 -8.428507173629e+03 5.000000000000e-01 0.000000000000e+00 -5.000000000000e-01 -1.375609819396e-19 0.000000000000e+00 0.000000000000e+00 0.000000000000e+00 0.000000000000e+00
1.584893192461e+03 9.737736515130e+02 -7.543833964574e+03 5.000000000000e-01 0.000000000000e+00 -5.000000000000e-01 -9.778633085696e-20 0.000000000000e+00 0.000000000000e+00 0.000000000000e+00 0.000000000000e+00
1.778279410039e+03 7.759836531992e+02 -6.746218913133e+03 5.000000000000e-01 0.000000000000e+00 -5.000000000000e-01 -6.945007261961e-20 0.000000000000e+00 0.000000000000e+00 0.000000000000e+00 0.000000000000e+00
1.995262314969e+03 6.179161826699e+02 -6.028791945162e+03 5.000000000000e-01 0.000000000000e+00 -5.000000000000e-01 -4.928896524061e-20 0.000000000000e+00 0.000000000000e+00 0.000000000000e+00 0.000000000000e+00
2.238721138568e+03 4.917497333587e+02 -5.384703632685e+03 5.000000000000e-01 0.000000000000e+00 -5.000000000000e-01 -3.495942369947e-20 0.000000000000e+00 0.000000000000e+00 0.000000000000e+00 0.000000000000e+00
2.511886431510e+03 3.911453874547e+02 -4.807321361243e+03 5.000000000000e-01 0.000000000000e+00 -5.000000000000e-01 -2.478325496730e-20 0.000000000000e+00 0.000000000000e+00 0.000000000000e+00 0.000000000000e+00
2.818382931264e+03 3.109872030072e+02 -4.290352072475e+03 5.000000000000e-01 0.000000000000e+00 -5.000000000000e-01 -1.756154213392e-20 0.000000000000e+00 0.000000000000e+00 0.000000000000e+00 0.000000000000e+00
3.162277660168e+03 2.471598695631e+02 -3.827912307357e+03 5.000000000000e-01 0.000000000000e+00 -5.000000000000e-01 -1.243936149896e-20 0.000000000000e+00 0.000000000000e+00 0.000000000000e+00 0.000000000000e+00
3.548133892336e+03 1.963616265275e+02 -3.414561334446e+03 5.000000000000e-01 0.000000000000e+00 -5.000000000000e-01 -8.807988774868e-21 0.000000000000e+00 0.000000000000e+00 0.000000000000e+00 0.000000000000e+00
3.981071705535e+03 1.559489050103e+02 -3.045309102405e+03 5.000000000000e-01 0.000000000000e+00 -5.000000000000e-01 -6.234511945025e-21 0.000000000000e+00 0.000000000000e+00 0.000000000000e+00 0.000000000000e+00
4.466835921510e+03 1.238085847896e+02 -2.715607577213e+03 5.000000000000e-01 0.000000000000e+00 -5.000000000000e-01 -4.411343647434e-21 0.000000000000e+00 0.000000000000e+00 0.000000000000e+00 0.000000000000e+00
5.011872336273e+03 9.825374880581e+01 -2.421331597585e+03 5.000000000000e-01 0.000000000000e+00 -5.000000000000e-01 -3.120105371914e-21 0.000000000000e+00 0.000000000000e+00 0.000000000000e+00 0.000000000000e+00
5.623413251903e+03 7.793910710779e+01 -2.158753569015e+03 5.000000000000e-01 0.000000000000e+00 -5.000000000000e-01 -2.205847872228e-21 0.000000000000e+00 0.000000000000e+00 0.000000000000e+00 0.000000000000e+00
6.309573444802e+03 6.179268842624e+01 -1.924514985422e+03 5.000000000000e-01 0.000000000000e+00 -5.000000000000e-01 -1.558680930812e-21 0.000000000000e+00 0.000000000000e+00 0.000000000000e+00 0.000000000000e+00
7.079457843841e+03 4.896086459340e+01 -1.715596803383e+03 5.000000000000e-01 0.000000000000e+00 -5.000000000000e-01 -1.100700617191e-21 0.000000000000e+00 0.000000000000e+00 0.000000000000e+00 0.000000000000e+00
7.943282347243e+03 3.876422743212e+01 -1.529290004903e+03 5.000000000000e-01 0.000000000000e+00 -5.000000000000e-01 -7.766963506090e-22 0.000000000000e+00 0.000000000000e+00 0.000000000000e+00 0.000000000000e+00
8.912509381337e+03 3.066225251242e+01 -1.363167197990e+03 5.000000000000e-01 0.000000000000e+00 -5.000000000000e-01 -5.475505096132e-22 0.000000000000e+00 0.000000000000e+00 0.000000000000e+00 0.000000000000e+00
1.000000000000e+04 2.422504821517e+01 -1.215055764957e+03 5.000000000000e-01 0.000000000000e+00 -5.000000000000e-01 -3.855536170084e-22 0.000000000000e+00 0.000000000000e+00 0.000000000000e+00 0.000000000000e+00
1.122018454302e+04 1.911079983346e+01 -1.083012834965e+03 5.000000000000e-01 0.000000000000e+00 -5.000000000000e-01 -2.710809477575e-22 0.000000000000e+00 0.000000000000e+00 0.000000000000e+00 0.000000000000e+00
1.258925411794e+04 1.504777982310e+01 -9.653021995853e+02 5.000000000000e-01 0.000000000000e+00 -5.000000000000e-01 -1.902359360585e-22 0.000000000000e+00 0.000000000000e+00 0.000000000000e+00 0.000000000000e+00
1.412537544623e+04 1.182001191976e+01 -8.603731858721e+02 5.000000000000e-01 0.000000000000e+00 -5.000000000000e-01 -1.331797042561e-22 0.000000000000e+00 0.000000000000e+00 0.000000000000e+00 0.000000000000e+00
1.584893192461e+04 9.255854604032e+00 -7.668414346280e+02 5.000000000000e-01 0.000000000000e+00 -5.000000000000e-01 -9.294727365723e-23 0.000000000000e+00 0.000000000000e+00 0.000000000000e+00 0.000000000000e+00
1.778279410039e+04 7.218914220040e+00 -6.834714907392e+02 5.000000000000e-01 0.000000000000e+00 -5.000000000000e-01 -6.460885029595e-23 0.000000000000e+00 0.000000000000e+00 0.000000000000e+00 0.000000000000e+00
1.995262314969e+04 5.600815385737e+00 -6.091610895018e+02 5.000000000000e-01 0.000000000000e+00 -5.000000000000e-01 -4.467570240253e-23 0.000000000000e+00 0.000000000000e+00 0.000000000000e+00 0.000000000000e+00
2.238721138568e+04 4.315450986887e+00 -5.429270119572e+02 5.000000000000e-01 0.000000000000e+00 -5.000000000000e-01 -3.067936173029e-23 0.000000000000e+00 0.000000000000e+00 0.000000000000e+00 0.000000000000e+00
2.511886431510e+04 3.294410151934e+00 -4.838923793561e+02 5.000000000000e-01 0.000000000000e+00 -5.000000000000e-01 -2.087362126230e-23 0.000000000000e+00 0.000000000000e+00 0.000000000000e+00 0.000000000000e+00
2.818382931264e+04 2.483343638913e+00 -4.312752591338e+02 5.000000000000e-01 0.000000000000e+00 -5.000000000000e-01 -1.402351721423e-23 0.000000000000e+00 0.000000000000e+00 0.000000000000e+00 0.000000000000e+00
3.162277660168e+04 1.839074913892e+00 -3.843784602441e+02 5.000000000000e-01 0.000000000000e+00 -5.000000000000e-01 -9.255919141731e-24 0.000000000000e+00 0.000000000000e+00 0.000000000000e+00 0.000000000000e+00
3.548133892336e+04 1.327304234205e+00 -3.425804030177e+02 5.000000000000e-01 0.000000000000e+00 -5.000000000000e-01 -5.953750232393e-24 0.000000000000e+00 0.000000000000e+00 0.000000000000e+00 0.000000000000e+00
3.981071705535e+04 9.207842019787e-01 -3.053269569669e+02 5.000000000000e-01 0.000000000000e+00 -5.000000000000e-01 -3.681103182897e-24 0.000000000000e+00 0.000000000000e+00 0.000000000000e+00 0.000000000000e+00
4.466835921510e+04 5.978700911387e-01 -2.721241485537e+02 5.000000000000e-01 0.000000000000e+00 -5.000000000000e-01 -2.130232271871e-24 0.000000000000e+00 0.000000000000e+00 0.000000000000e+00 0.000000000000e+00
5.011872336273e+04 3.413680388688e-01 -2.425316494683e+02 5.000000000000e-01 0.000000000000e+00 -5.000000000000e-01 -1.084034212251e-24 0.000000000000e+00 0.000000000000e+00 0.000000000000e+00 0.000000000000e+00
5.623413251903e+04 1.376199473538e-01 -2.161569641900e+02 5.000000000000e-01 0.000000000000e+00 -5.000000000000e-01 -3.894946700209e-25 0.000000000000e+00 0.000000000000e+00 0.000000000000e+00 0.000000000000e+00
6.309573444802e+04 -2.422352049250e-02 -1.926502433680e+02 5.000000000000e-01 0.000000000000e+00 -5.000000000000e-01 6.110227671005e-26 0.000000000000e+00 0.000000000000e+00 0.000000000000e+00 0.000000000000e+00
7.079457843841e+04 -1.527804937344e-01 -1.716996567961e+02 5.000000000000e-01 0.000000000000e+00 -5.000000000000e-01 3.434693916145e-25 0.000000000000e+00 0.000000000000e+00 0.000000000000e+00 0.000000000000e+00
7.943282347243e+04 -2.548967051504e-01 -1.530272664215e+02 5.000000000000e-01 0.000000000000e+00 -5.000000000000e-01 5.107217498897e-25 0.000000000000e+00 0.000000000000e+00 0.000000000000e+00 0.000000000000e+00
8.912509381337e+04 -3.360099662467e-01 -1.363853459253e+02 5.000000000000e-01 0.000000000000e+00 -5.000000000000e-01 6.000290688983e-25 0.000000000000e+00 0.000000000000e+00 0.000000000000e+00 0.000000000000e+00
1.000000000000e+05 -4.004396967783e-01 -1.215530989614e+02 5.000000000000e-01 0.000000000000e+00 -5.000000000000e-01 6.373195715248e-25 0.000000000000e+00 0.000000000000e+00 0.000000000000e+00 0.000000000000e+00
1.122018454302e+05 -4.516169156751e-01 -1.083337331577e+02 5.000000000000e-01 0.000000000000e+00 -5.000000000000e-01 6.406050117805e-25 0.000000000000e+00 0.000000000000e+00 0.000000000000e+00 0.000000000000e+00
1.258925411794e+05 -4.922669339074e-01 -9.655185151540e+01 5.000000000000e-01 0.000000000000e+00 -5.000000000000e-01 6.223300849921e-25 0.000000000000e+00 0.000000000000e+00 0.000000000000e+00 0.000000000000e+00
1.412537544623e+05 -5.245544737309e-01 -8.605112691957e+01 5.000000000000e-01 0.000000000000e+00 -5.000000000000e-01 5.910316347559e-25 0.000000000000e+00 0.000000000000e+00 0.000000000000e+00 0.000000000000e+00
1.584893192461e+05 -5.501989395257e-01 -7.669222913437e+01 5.000000000000e-01 0.000000000000e+00 -5.000000000000e-01 5.525096664303e-25 0.000000000000e+00 0.000000000000e+00 0.000000000000e+00 0.000000000000e+00
1.778279410039e+05 -5.705659766671e-01 -6.835097693864e+01 5.000000000000e-01 0.000000000000e+00 -5.000000000000e-01 5.106531349010e-25 0.000000000000e+00 0.000000000000e+00 0.000000000000e+00 0.000000000000e+00
1.995262314969e+05 -5.867401950932e-01 -6.091669100100e+01 5.000000000000e-01 0.000000000000e+00 -5.000000000000e-01 4.680216814562e-25 0.000000000000e+00 0.000000000000e+00 0.000000000000e+00 0.000000000000e+00
2.238721138568e+05 -5.995829245183e-01 -5.429072571569e+01 5.000000000000e-01 0.000000000000e+00 -5.000000000000e-01 4.262549032418e-25 0.000000000000e+00 0.000000000000e+00 0.000000000000e+00 0.000000000000e+00
2.511886431510e+05 -6.097780835408e-01 -4.838516057645e+01 5.000000000000e-01 0.000000000000e+00 -5.000000000000e-01 3.863598089755e-25 0.000000000000e+00 0.000000000000e+00 0.000000000000e+00 0.000000000000e+00
2.818382931264e+05 -6.178685996649e-01 -4.312163377168e+01 5.000000000000e-01 0.000000000000e+00 -5.000000000000e-01 3.489122813195e-25 0.000000000000e+00 0.000000000000e+00 0.000000000000e+00 0.000000000000e+00
3.162277660168e+05 -6.242853216667e-01 -3.843030254541e+01 5.000000000000e-01 0.000000000000e+00 -5.000000000000e-01 3.141978836788e-25 0.000000000000e+00 0.000000000000e+00 0.000000000000e+00 0.000000000000e+00
3.548133892336e+05 -6.293699641570e-01 -3.424891655210e+01 5.000000000000e-01 0.000000000000e+00 -5.000000000000e-01 2.823099236631e-25 0.000000000000e+00 0.000000000000e+00 0.000000000000e+00 0.000000000000e+00
3.981071705535e+05 -6.333933044602e-01 -3.052199192340e+01 5.000000000000e-01 0.000000000000e+00 -5.000000000000e-01 2.532174318438e-25 0.000000000000e+00 0.000000000000e+00 0.000000000000e+00 0.000000000000e+00
4.466835921510e+05 -6.365696036539e-01 -2.720007510465e+01 5.000000000000e-01 0.000000000000e+00 -5.000000000000e-01 2.268120003148e-25 0.000000000000e+00 0.000000000000e+00 0.000000000000e+00 0.000000000000e+00
5.011872336273e+05 -6.390680170452e-01 -2.423908668995e+01 5.000000000000e-01 0.000000000000e+00 -5.000000000000e-01 2.029397938742e-25 0.000000000000e+00 0.000000000000e+00 0.000000000000e+00 0.000000000000e+00
5.623413251903e+05 -6.410216036944e-01 -2.159973656637e+01 5.000000000000e-01 0.000000000000e+00 -5.000000000000e-01 1.814231895942e-25 0.000000000000e+00 0.000000000000e+00 0.000000000000e+00 0.000000000000e+00
6.309573444802e+05 -6.425344142705e-01 -1.924700260493e+01 5.000000000000e-01 0.000000000000e+00 -5.000000000000e-01 1.620751846895e-25 0.000000000000e+00 0.000000000000e+00 0.000000000000e+00 0.000000000000e+00
7.079457843841e+05 -6.436870354515e-01 -1.714966599433e+01 5.000000000000e-01 0.000000000000e+00 -5.000000000000e-01 1.447087838589e-25 0.000000000000e+00 0.000000000000e+00 0.000000000000e+00 0.000000000000e+00
7.943282347243e+05 -6.445408865761e-01 -1.527989704796e+01 5.000000000000e-01 0.000000000000e+00 -5.000000000000e-01 1.291429205699e-25 0.000000000000e+00 0.000000000000e+00 0.000000000000e+00 0.000000000000e+00
8.912509381337e+05 -6.451414986401e-01 -1.361288600577e+01 5.000000000000e-01 0.000000000000e+00 -5.000000000000e-01 1.152060032804e-25 0.000000000000e+00 0.000000000000e+00 0.000000000000e+00 0.000000000000e+00
1.000000000000e+06 -6.455209519089e-01 -1.212651393490e+01 5.000000000000e-01 0.000000000000e+00 -5.000000000000e-01 1.027378503657e-25 0.000000000000e+00 0.000000000000e+00 0.000000000000e+00 0.000000000000e+00
1.122018454302e+06 -6.456996048143e-01 -1.080105937984e+01 5.000000000000e-01 0.000000000000e+00 -5.000000000000e-01 9.159054689757e-26 0.000000000000e+00 0.000000000000e+00 0.000000000000e+00 0.000000000000e+00
1.258925411794e+06 -6.456872102587e-01 -9.618936881284e+00 5.000000000000e-01 0.000000000000e+00 -5.000000000000e-01 8.162859391124e-26 0.000000000000e+00 0.000000000000e+00 0.000000000000e+00 0.000000000000e+00
1.412537544623e+06 -6.454834862184e-01 -8.564463927223e+00 5.000000000000e-01 0.000000000000e+00 -5.000000000000e-01 7.272860668867e-26 0.000000000000e+00 0.000000000000e+00 0.000000000000e+00 0.000000000000e+00
1.584893192461e+06 -6.450781809457e-01 -7.623653269894e+00 5.000000000000e-01 0.000000000000e+00 -5.000000000000e-01 6.477873819295e-26 0.000000000000e+00 0.000000000000e+00 0.000000000000e+00 0.000000000000e+00
1.778279410039e+06 -6.444506536134e-01 -6.784027902047e+00 5.000000000000e-01 0.000000000000e+00 -5.000000000000e-01 5.767794786485e-26 0.000000000000e+00 0.000000000000e+00 0.000000000000e+00 0.000000000000e+00
1.995262314969e+06 -6.435689738879e-01 -6.034456301506e+00 5.000000000000e-01 0.000000000000e+00 -5.000000000000e-01 5.133519670392e-26 0.000000000000e+00 0.000000000000e+00 0.000000000000e+00 0.000000000000e+00
2.238721138568e+06 -6.423885332652e-01 -5.365005842540e+00 5.000000000000e-01 0.000000000000e+00 -5.000000000000e-01 4.566862245295e-26 0.000000000000e+00 0.000000000000e+00 0.000000000000e+00 0.000000000000e+00
2.511886431510e+06 -6.408501566300e-01 -4.766812543346e+00 5.000000000000e-01 0.000000000000e+00 -5.000000000000e-01 4.060472994696e-26 0.000000000000e+00 0.000000000000e+00 0.000000000000e+00 0.000000000000e+00
2.818382931264e+06 -6.388777101052e-01 -4.231965575190e+00 5.000000000000e-01 0.000000000000e+00 -5.000000000000e-01 3.607761900149e-26 0.000000000000e+00 0.000000000000e+00 0.000000000000e+00 0.000000000000e+00
3.162277660168e+06 -6.363752239656e-01 -3.753405196885e+00 5.000000000000e-01 0.000000000000e+00 -5.000000000000e-01 3.202826362501e-26 0.000000000000e+00 0.000000000000e+00 0.000000000000e+00 0.000000000000e+00
3.548133892336e+06 -6.332235976311e-01 -3.324833007423e+00 5.000000000000e-01 0.000000000000e+00 -5.000000000000e-01 2.840385078565e-26 0.000000000000e+00 0.000000000000e+00 0.000000000000e+00 0.000000000000e+00
3.981071705535e+06 -6.292770373057e-01 -2.940633624789e+00 5.000000000000e-01 0.000000000000e+00 -5.000000000000e-01 2.515718340923e-26 0.000000000000e+00 0.000000000000e+00 0.000000000000e+00 0.000000000000e+00
4.466835921510e+06 -6.243595124639e-01 -2.595807094668e+00 5.000000000000e-01 0.000000000000e+00 -5.000000000000e-01 2.224615016562e-26 0.000000000000e+00 0.000000000000e+00 0.000000000000e+00 0.000000000000e+00
5.011872336273e+06 -6.182617160676e-01 -2.285911476911e+00 5.000000000000e-01 0.000000000000e+00 -5.000000000000e-01 1.963326310698e-26 0.000000000000e+00 0.000000000000e+00 0.000000000000e+00 0.000000000000e+00
5.623413251903e+06 -6.107392921439e-01 -2.007015133066e+00 5.000000000000e-01 0.000000000000e+00 -5.000000000000e-01 1.728526304771e-26 0.000000000000e+00 0.000000000000e+00 0.000000000000e+00 0.000000000000e+00
6.309573444802e+06 -6.015134501582e-01 -1.755658176916e+00 5.000000000000e-01 0.000000000000e+00 -5.000000000000e-01 1.517279096066e-26 0.000000000000e+00 0.000000000000e+00 0.000000000000e+00 0.000000000000e+00
7.079457843841e+06 -5.902754851880e-01 -1.528822273908e+00 5.000000000000e-01 0.000000000000e+00 -5.000000000000e-01 1.327012086602e-26 0.000000000000e+00 0.000000000000e+00 0.000000000000e+00 0.000000000000e+00
7.943282347243e+06 -5.766970832844e-01 -1.323907403576e+00 5.000000000000e-01 0.000000000000e+00 -5.000000000000e-01 1.155494510443e-26 0.000000000000e+00 0.000000000000e+00 0.000000000000e+00 0.000000000000e+00
8.912509381337e+06 -5.604484344080e-01 -1.138713250005e+00 5.000000000000e-01 0.000000000000e+00 -5.000000000000e-01 1.000819576930e-26 0.000000000000e+00 0.000000000000e+00 0.000000000000e+00 0.000000000000e+00
1.000000000000e+07 -5.412258349639e-01 -9.714215896410e-01 5.000000000000e-01 0.000000000000e+00 -5.000000000000e-01 8.613876696355e-27 0.000000000000e+00 0.000000000000e+00 0.000000000000e+00 0.000000000000e+00
1.122018454302e+07 -5.187892857882e-01 -8.205745957415e-01 5.000000000000e-01 0.000000000000e+00 -5.000000000000e-01 7.358869984690e-27 0.000000000000e+00 0.000000000000e+00 0.000000000000e+00 0.000000000000e+00
1.258925411794e+07 -4.930082986512e-01 -6.850428886080e-01 5.000000000000e-01 0.000000000000e+00 -5.000000000000e-01 6.232673276794e-27 0.000000000000e+00 0.000000000000e+00 0.000000000000e+00 0.000000000000e+00
1.412537544623e+07 -4.639107329198e-01 -5.639772508913e-01 5.000000000000e-01 0.000000000000e+00 -5.000000000000e-01 5.227024695990e-27 0.000000000000e+00 0.000000000000e+00 0.000000000000e+00 0.000000000000e+00
1.584893192461e+07 -4.317256513110e-01 -4.567401476828e-01 5.000000000000e-01 0.000000000000e+00 -5.000000000000e-01 4.335388137987e-27 0.000000000000e+00 0.000000000000e+00 0.000000000000e+00 0.000000000000e+00
1.778279410039e+07 -3.969083984128e-01 -3.628180853451e-01 5.000000000000e-01 0.000000000000e+00 -5.000000000000e-01 3.552306415149e-27 0.000000000000e+00 0.000000000000e+00 0.000000000000e+00 0.000000000000e+00
1.995262314969e+07 -3.601363676248e-01 -2.817227904883e-01 5.000000000000e-01 0.000000000000e+00 -5.000000000000e-01 2.872679079068e-27 0.000000000000e+00 0.000000000000e+00 0.000000000000e+00 0.000000000000e+00
2.238721138568e+07 -3.222687416470e-01 -2.128959603519e-01 5.000000000000e-01 0.000000000000e+00 -5.000000000000e-01 2.291069769857e-27 0.000000000000e+00 0.000000000000e+00 0.000000000000e+00 0.000000000000e+00
2.511886431510e+07 -2.842724927480e-01 -1.556356158896e-01 5.000000000000e-01 0.000000000000e+00 -5.000000000000e-01 1.801171097481e-27 0.000000000000e+00 0.000000000000e+00 0.000000000000e+00 0.000000000000e+00
2.818382931264e+07 -2.471271692891e-01 -1.090592495184e-01 5.000000000000e-01 0.000000000000e+00 -5.000000000000e-01 1.395534656713e-27 0.000000000000e+00 0.000000000000e+00 0.000000000000e+00 0.000000000000e+00
3.162277660168e+07 -2.117280036096e-01 -7.211008327260e-02 5.000000000000e-01 0.000000000000e+00 -5.000000000000e-01 1.065610360213e-27 0.000000000000e+00 0.000000000000e+00 0.000000000000e+00 0.000000000000e+00
3.548133892336e+07 -1.788072270680e-01 -4.360122851808e-02 5.000000000000e-01 0.000000000000e+00 -5.000000000000e-01 8.020569378708e-28 0.000000000000e+00 0.000000000000e+00 0.000000000000e+00 0.000000000000e+00
3.981071705535e+07 -1.488870579386e-01 -2.228329863733e-02 5.000000000000e-01 0.000000000000e+00 -5.000000000000e-01 5.952194028656e-28 0.000000000000e+00 0.000000000000e+00 0.000000000000e+00 0.000000000000e+00
4.466835921510e+07 -1.222678914094e-01 -6.917598517133e-03 5.000000000000e-01 0.000000000000e+00 -5.000000000000e-01 4.356448197600e-28 0.000000000000e+00 0.000000000000e+00 0.000000000000e+00 0.000000000000e+00
5.011872336273e+07 -9.904619235786e-02 3.660323824453e-03 5.000000000000e-01 0.000000000000e+00 -5.000000000000e-01 3.145269881297e-28 0.000000000000e+00 0.000000000000e+00 0.000000000000e+00 0.000000000000e+00
5.623413251903e+07 -7.915147663008e-02 1.049569461506e-02 5.000000000000e-01 0.000000000000e+00 -5.000000000000e-01 2.240160591868e-28 0.000000000000e+00 0.000000000000e+00 0.000000000000e+00 0.000000000000e+00
6.309573444802e+07 -6.239105966269e-02 1.449034041454e-02 5.000000000000e-01 0.000000000000e+00 -5.000000000000e-01 1.573774461448e-28 0.000000000000e+00 0.000000000000e+00 0.000000000000e+00 0.000000000000e+00
7.079457843841e+07 -4.849358967556e-02 1.639667205185e-02 5.000000000000e-01 0.000000000000e+00 -5.000000000000e-01 1.090195700770e-28 0.000000000000e+00 0.000000000000e+00 0.000000000000e+00 0.000000000000e+00
7.943282347243e+07 -3.714589663937e-02 1.682475765653e-02 5.000000000000e-01 0.000000000000e+00 -5.000000000000e-01 7.442707947791e-29 0.000000000000e+00 0.000000000000e+00 0.000000000000e+00 0.000000000000e+00
8.912509381337e+07 -2.802097365173e-02 1.625705488354e-02 5.000000000000e-01 0.000000000000e+00 -5.000000000000e-01 5.003839296100e-29 0.000000000000e+00 0.000000000000e+00 0.000000000000e+00 0.000000000000e+00
1.000000000000e+08 -2.079728993316e-02 1.506626469242e-02 5.000000000000e-01 0.000000000000e+00 -5.000000000000e-01 3.309991495778e-29 0.000000000000e+00 0.000000000000e+00 0.000000000000e+00 0.000000000000e+00
1.122018454302e+08 -1.517098756998e-02 1.353318798089e-02 5.000000000000e-01 0.000000000000e+00 -5.000000000000e-01 2.151958957618e-29 0.000000000000e+00 0.000000000000e+00 0.000000000000e+00 0.000000000000e+00
1.258925411794e+08 -1.086298329314e-02 1.186291033216e-02 5.000000000000e-01 0.000000000000e+00 -5.000000000000e-01 1.373312089525e-29 0.000000000000e+00 0.000000000000e+00 0.000000000000e+00 0.000000000000e+00
1.412537544623e+08 -7.622824461873e-03 1.019880548706e-02 5.000000000000e-01 0.000000000000e+00 -5.000000000000e-01 8.588870420099e-30 0.000000000000e+00 0.000000000000e+00 0.000000000000e+00 0.000000000000e+00
1.584893192461e+08 -5.230608562810e-03 8.634576101898e-03 5.000000000000e-01 0.000000000000e+00 -5.000000000000e-01 5.252576085947e-30 0.000000000000e+00 0.000000000000e+00 0.000000000000e+00 0.000000000000e+00
1.778279410039e+08 -3.497646585666e-03 7.224811683777e-03 5.000000000000e-01 0.000000000000e+00 -5.000000000000e-01 3.130372764565e-30 0.000000000000e+00 0.000000000000e+00 0.000000000000e+00 0.000000000000e+00
1.995262314969e+08 -2.266068952027e-03 5.994439803966e-03 5.000000000000e-01 0.000000000000e+00 -5.000000000000e-01 1.807562205713e-30 0.000000000000e+00 0.000000000000e+00 0.000000000000e+00 0.000000000000e+00
2.238721138568e+08 -1.407364075221e-03 4.947175084985e-03 5.000000000000e-01 0.000000000000e+00 -5.000000000000e-01 1.000521884761e-30 0.000000000000e+00 0.000000000000e+00 0.000000000000e+00 0.000000000000e+00
2.511886431510e+08 -8.198839826078e-04 4.072836423655e-03 5.000000000000e-01 0.000000000000e+00 -5.000000000000e-01 5.194844279464e-31 0.000000000000e+00 0.000000000000e+00 0.000000000000e+00 0.000000000000e+00
2.818382931264e+08 -4.255212312362e-04 3.353327084916e-03 5.000000000000e-01 0.000000000000e+00 -5.000000000000e-01 2.402931361474e-31 0.000000000000e+00 0.000000000000e+00 0.000000000000e+00 0.000000000000e+00
3.162277660168e+08 -1.659120832120e-04 2.767155961097e-03 5.000000000000e-01 0.000000000000e+00 -5.000000000000e-01 8.350224426676e-32 0.000000000000e+00 0.000000000000e+00 0.000000000000e+00 0.000000000000e+00
3.548133892336e+08 1.431622211069e-06 2.292541765652e-03 5.000000000000e-01 0.000000000000e+00 -5.000000000000e-01 -6.421678506101e-34 0.000000000000e+00 0.000000000000e+00 0.000000000000e+00 0.000000000000e+00
3.981071705535e+08 1.067194594415e-04 1.909294041897e-03 5.000000000000e-01 0.000000000000e+00 -5.000000000000e-01 -4.266421393664e-32 0.000000000000e+00 0.000000000000e+00 0.000000000000e+00 0.000000000000e+00
4.466835921510e+08 1.709873514341e-04 1.599751605872e-03 5.000000000000e-01 0.000000000000e+00 -5.000000000000e-01 -6.092339782592e-32 0.000000000000e+00 0.000000000000e+00 0.000000000000e+00 0.000000000000e+00
5.011872336273e+08 2.086187403950e-04 1.349072500550e-03 5.000000000000e-01 0.000000000000e+00 -5.000000000000e-01 -6.624810355836e-32 0.000000000000e+00 0.000000000000e+00 0.000000000000e+00 0.000000000000e+00
5.623413251903e+08 2.292916570666e-04 1.145130668027e-03 5.000000000000e-01 0.000000000000e+00 -5.000000000000e-01 -6.489457380629e-32 0.000000000000e+00 0.000000000000e+00 0.000000000000e+00 0.000000000000e+00
6.309573444802e+08 2.394226951012e-04 9.782117099118e-04 5.000000000000e-01 0.000000000000e+00 -5.000000000000e-01 -6.039283914689e-32 0.000000000000e+00 0.000000000000e+00 0.000000000000e+00 0.000000000000e+00
7.079457843841e+08 2.432042675280e-04 8.406357829648e-04 5.000000000000e-01 0.000000000000e+00 -5.000000000000e-01 -5.467531866412e-32 0.000000000000e+00 0.000000000000e+00 0.000000000000e+00 0.000000000000e+00
7.943282347243e+08 2.433319511977e-04 7.263824819024e-04 5.000000000000e-01 0.000000000000e+00 -5.000000000000e-01 -4.875501228879e-32 0.000000000000e+00 0.000000000000e+00 0.000000000000e+00 0.000000000000e+00
8.912509381337e+08 2.415056869932e-04 6.307546788148e-04 5.000000000000e-01 0.000000000000e+00 -5.000000000000e-01 -4.312682570663e-32 0.000000000000e+00 0.000000000000e+00 0.000000000000e+00 0.000000000000e+00
1.000000000000e+09 2.387708770808e-04 5.500946285208e-04 5.000000000000e-01 0.000000000000e+00 -5.000000000000e-01 -3.800156535380e-32 0.000000000000e+00 0.000000000000e+00 0.000000000000e+00 0.000000000000e+00
