# freq_hz rev(vout) imv(vout) rev(vinp) imv(vinp) rev(vinn) imv(vinn) rev(vdd) imv(vdd) rev(vss) imv(vss)
1.000000000000e-01 -3.667161963504e-01 1.358707391200e-04 0.000000000000e+00 0.000000000000e+00 2.162449975249e-22 5.836469536065e-19 0.000000000000e+00 0.000000000000e+00 1.000000000000e+00 0.000000000000e+00
1.122018454302e-01 -3.667161834937e-01 1.524494713916e-04 0.000000000000e+00 0.000000000000e+00 2.162449900091e-22 5.201758767065e-19 0.000000000000e+00 0.000000000000e+00 1.000000000000e+00 0.000000000000e+00
1.258925411794e-01 -3.667161672600e-01 1.710511127342e-04 0.000000000000e+00 0.000000000000e+00 2.162449805059e-22 4.636072175844e-19 0.000000000000e+00 0.000000000000e+00 1.000000000000e+00 0.000000000000e+00
1.412537544623e-01 -3.667161465764e-01 1.919224943735e-04 0.000000000000e+00 0.000000000000e+00 2.162449683995e-22 4.131903442926e-19 0.000000000000e+00 0.000000000000e+00 1.000000000000e+00 0.000000000000e+00
1.584893192461e-01 -3.667161207522e-01 2.153405654201e-04 0.000000000000e+00 0.000000000000e+00 2.162449532754e-22 3.682562560468e-19 0.000000000000e+00 0.000000000000e+00 1.000000000000e+00 0.000000000000e+00
1.778279410039e-01 -3.667160884303e-01 2.416160672099e-04 0.000000000000e+00 0.000000000000e+00 2.162449343428e-22 3.282087047490e-19 0.000000000000e+00 0.000000000000e+00 1.000000000000e+00 0.000000000000e+00
1.995262314969e-01 -3.667160473043e-01 2.710976560688e-04 0.000000000000e+00 0.000000000000e+00 2.162449102595e-22 2.925162832081e-19 0.000000000000e+00 0.000000000000e+00 1.000000000000e+00 0.000000000000e+00
2.238721138568e-01 -3.667159958091e-01 3.041765305930e-04 0.000000000000e+00 0.000000000000e+00 2.162448800889e-22 2.607053752158e-19 0.000000000000e+00 0.000000000000e+00 1.000000000000e+00 0.000000000000e+00
2.511886431510e-01 -3.667159308481e-01 3.412916206392e-04 0.000000000000e+00 0.000000000000e+00 2.162448420370e-22 2.323538690774e-19 0.000000000000e+00 0.000000000000e+00 1.000000000000e+00 0.000000000000e+00
2.818382931264e-01 -3.667158491207e-01 3.829354118723e-04 0.000000000000e+00 0.000000000000e+00 2.162447941624e-22 2.070855576446e-19 0.000000000000e+00 0.000000000000e+00 1.000000000000e+00 0.000000000000e+00
3.162277660168e-01 -3.667157464674e-01 4.296604794476e-04 0.000000000000e+00 0.000000000000e+00 2.162447340300e-22 1.845651458572e-19 0.000000000000e+00 0.000000000000e+00 1.000000000000e+00 0.000000000000e+00
3.548133892336e-01 -3.667156168942e-01 4.820868178000e-04 0.000000000000e+00 0.000000000000e+00 2.162446581235e-22 1.644938012766e-19 0.000000000000e+00 0.000000000000e+00 1.000000000000e+00 0.000000000000e+00
3.981071705535e-01 -3.667154539642e-01 5.409100674049e-04 0.000000000000e+00 0.000000000000e+00 2.162445626788e-22 1.466051895651e-19 0.000000000000e+00 0.000000000000e+00 1.000000000000e+00 0.000000000000e+00
4.466835921510e-01 -3.667152485172e-01 6.069107399456e-04 0.000000000000e+00 0.000000000000e+00 2.162444423188e-22 1.306619395356e-19 0.000000000000e+00 0.000000000000e+00 1.000000000000e+00 0.000000000000e+00
5.011872336273e-01 -3.667149901945e-01 6.809645737942e-04 0.000000000000e+00 0.000000000000e+00 2.162442909921e-22 1.164524941567e-19 0.000000000000e+00 0.000000000000e+00 1.000000000000e+00 0.000000000000e+00
5.623413251903e-01 -3.667146649175e-01 7.640541452355e-04 0.000000000000e+00 0.000000000000e+00 2.162441004395e-22 1.037883026073e-19 0.000000000000e+00 0.000000000000e+00 1.000000000000e+00 0.000000000000e+00
6.309573444802e-01 -3.667142553757e-01 8.572818999032e-04 0.000000000000e+00 0.000000000000e+00 2.162438605166e-22 9.250131876097e-20 0.000000000000e+00 0.000000000000e+00 1.000000000000e+00 0.000000000000e+00
7.079457843841e-01 -3.667137398537e-01 9.618847688662e-04 0.000000000000e+00 0.000000000000e+00 2.162435585155e-22 8.244177122942e-20 0.000000000000e+00 0.000000000000e+00 1.000000000000e+00 0.000000000000e+00
7.943282347243e-01 -3.667130909058e-01 1.079250564182e-03 0.000000000000e+00 0.000000000000e+00 2.162431783397e-22 7.347617592250e-20 0.000000000000e+00 0.000000000000e+00 1.000000000000e+00 0.000000000000e+00
8.912509381337e-01 -3.667122740026e-01 1.210936369914e-03 0.000000000000e+00 0.000000000000e+00 2.162426997776e-22 6.548556484158e-20 0.000000000000e+00 0.000000000000e+00 1.000000000000e+00 0.000000000000e+00
1.000000000000e+00 -3.667112455189e-01 1.358689168354e-03 0.000000000000e+00 0.000000000000e+00 2.162420972691e-22 5.836390741178e-20 0.000000000000e+00 0.000000000000e+00 1.000000000000e+00 0.000000000000e+00
1.122018454302e+00 -3.667099505444e-01 1.524468972333e-03 0.000000000000e+00 0.000000000000e+00 2.162413386380e-22 5.201670354575e-20 0.000000000000e+00 0.000000000000e+00 1.000000000000e+00 0.000000000000e+00
1.258925411794e+00 -3.667083204643e-01 1.710474766341e-03 0.000000000000e+00 0.000000000000e+00 2.162403837019e-22 4.635972975760e-20 0.000000000000e+00 0.000000000000e+00 1.000000000000e+00 0.000000000000e+00
1.412537544623e+00 -3.667062682083e-01 1.919173583090e-03 0.000000000000e+00 0.000000000000e+00 2.162391814384e-22 4.131792140354e-20 0.000000000000e+00 0.000000000000e+00 1.000000000000e+00 0.000000000000e+00
1.584893192461e+00 -3.667036843888e-01 2.153333103908e-03 0.000000000000e+00 0.000000000000e+00 2.162376677755e-22 3.682437674543e-20 0.000000000000e+00 0.000000000000e+00 1.000000000000e+00 0.000000000000e+00
1.778279410039e+00 -3.667004319069e-01 2.416058191473e-03 0.000000000000e+00 0.000000000000e+00 2.162357623879e-22 3.281946922529e-20 0.000000000000e+00 0.000000000000e+00 1.000000000000e+00 0.000000000000e+00
1.995262314969e+00 -3.666963374949e-01 2.710831807129e-03 0.000000000000e+00 0.000000000000e+00 2.162333637842e-22 2.925005613942e-20 0.000000000000e+00 0.000000000000e+00 1.000000000000e+00 0.000000000000e+00
2.238721138568e+00 -3.666911828456e-01 3.041560837870e-03 0.000000000000e+00 0.000000000000e+00 2.162303440660e-22 2.606877352121e-20 0.000000000000e+00 0.000000000000e+00 1.000000000000e+00 0.000000000000e+00
2.511886431510e+00 -3.666846937705e-01 3.412627392849e-03 0.000000000000e+00 0.000000000000e+00 2.162265426083e-22 2.323340770447e-20 0.000000000000e+00 0.000000000000e+00 1.000000000000e+00 0.000000000000e+00
2.818382931264e+00 -3.666765249676e-01 3.828946169014e-03 0.000000000000e+00 0.000000000000e+00 2.162217571175e-22 2.070633511753e-20 0.000000000000e+00 0.000000000000e+00 1.000000000000e+00 0.000000000000e+00
3.162277660168e+00 -3.666662413935e-01 4.296028562964e-03 0.000000000000e+00 0.000000000000e+00 2.162157327551e-22 1.845402303495e-20 0.000000000000e+00 0.000000000000e+00 1.000000000000e+00 0.000000000000e+00
3.548133892336e+00 -3.666532961393e-01 4.820054261165e-03 0.000000000000e+00 0.000000000000e+00 2.162081491051e-22 1.644658467025e-20 0.000000000000e+00 0.000000000000e+00 1.000000000000e+00 0.000000000000e+00
3.981071705535e+00 -3.666370000554e-01 5.407951033730e-03 0.000000000000e+00 0.000000000000e+00 2.161986024555e-22 1.465738253278e-20 0.000000000000e+00 0.000000000000e+00 1.000000000000e+00 0.000000000000e+00
4.466835921510e+00 -3.666164867939e-01 6.067483586461e-03 0.000000000000e+00 0.000000000000e+00 2.161865852895e-22 1.306267503845e-20 0.000000000000e+00 0.000000000000e+00 1.000000000000e+00 0.000000000000e+00
5.011872336273e+00 -3.665906651760e-01 6.807352200068e-03 0.000000000000e+00 0.000000000000e+00 2.161714583500e-22 1.164130140167e-20 0.000000000000e+00 0.000000000000e+00 1.000000000000e+00 0.000000000000e+00
5.623413251903e+00 -3.665581628197e-01 7.637302030142e-03 0.000000000000e+00 0.000000000000e+00 2.161524176744e-22 1.037440090722e-20 0.000000000000e+00 0.000000000000e+00 1.000000000000e+00 0.000000000000e+00
6.309573444802e+00 -3.665172529793e-01 8.568243706079e-03 0.000000000000e+00 0.000000000000e+00 2.161284516877e-22 9.245162616979e-21 0.000000000000e+00 0.000000000000e+00 1.000000000000e+00 0.000000000000e+00
7.079457843841e+00 -3.664657634736e-01 9.612385826068e-03 0.000000000000e+00 0.000000000000e+00 2.160982878761e-22 8.238602307951e-21 0.000000000000e+00 0.000000000000e+00 1.000000000000e+00 0.000000000000e+00
7.943282347243e+00 -3.664009623838e-01 1.078337963345e-02 0.000000000000e+00 0.000000000000e+00 2.160603258047e-22 7.341363653797e-21 0.000000000000e+00 0.000000000000e+00 1.000000000000e+00 0.000000000000e+00
8.912509381337e+00 -3.663194150320e-01 1.209647574259e-02 0.000000000000e+00 0.000000000000e+00 2.160125533721e-22 6.541541013660e-21 0.000000000000e+00 0.000000000000e+00 1.000000000000e+00 0.000000000000e+00
1.000000000000e+01 -3.662168045204e-01 1.356869208255e-02 0.000000000000e+00 0.000000000000e+00 2.159524416243e-22 5.828521468315e-21 0.000000000000e+00 0.000000000000e+00 1.000000000000e+00 0.000000000000e+00
1.122018454302e+01 -3.660877063133e-01 1.521899119393e-02 0.000000000000e+00 0.000000000000e+00 2.158768127292e-22 5.192844007341e-21 0.000000000000e+00 0.000000000000e+00 1.000000000000e+00 0.000000000000e+00
1.258925411794e+01 -3.659253101778e-01 1.706846368803e-02 0.000000000000e+00 0.000000000000e+00 2.157816770938e-22 4.626074060606e-21 0.000000000000e+00 0.000000000000e+00 1.000000000000e+00 0.000000000000e+00
1.412537544623e+01 -3.657210686011e-01 1.914051205039e-02 0.000000000000e+00 0.000000000000e+00 2.156620273717e-22 4.120691593907e-21 0.000000000000e+00 0.000000000000e+00 1.000000000000e+00 0.000000000000e+00
1.584893192461e+01 -3.654642658003e-01 2.146102652638e-02 0.000000000000e+00 0.000000000000e+00 2.155115860003e-22 3.669991435466e-21 0.000000000000e+00 0.000000000000e+00 1.000000000000e+00 0.000000000000e+00
1.778279410039e+01 -3.651414792471e-01 2.405853959482e-02 0.000000000000e+00 0.000000000000e+00 2.153224897335e-22 3.267994389501e-21 0.000000000000e+00 0.000000000000e+00 1.000000000000e+00 0.000000000000e+00
1.995262314969e+01 -3.647359193462e-01 2.696434007960e-02 0.000000000000e+00 0.000000000000e+00 2.150849028021e-22 2.909368059102e-21 0.000000000000e+00 0.000000000000e+00 1.000000000000e+00 0.000000000000e+00
2.238721138568e+01 -3.642266206724e-01 3.021251901631e-02 0.000000000000e+00 0.000000000000e+00 2.147865431661e-22 2.589356310939e-21 0.000000000000e+00 0.000000000000e+00 1.000000000000e+00 0.000000000000e+00
2.511886431510e+01 -3.635874572908e-01 3.383990772428e-02 0.000000000000e+00 0.000000000000e+00 2.144121055998e-22 2.303716455799e-21 0.000000000000e+00 0.000000000000e+00 1.000000000000e+00 0.000000000000e+00
2.818382931264e+01 -3.627859599600e-01 3.788585340508e-02 0.000000000000e+00 0.000000000000e+00 2.139425688290e-22 2.048663372602e-21 0.000000000000e+00 0.000000000000e+00 1.000000000000e+00 0.000000000000e+00
3.162277660168e+01 -3.617819121186e-01 4.239175701090e-02 0.000000000000e+00 0.000000000000e+00 2.133543730069e-22 1.820819859076e-21 0.000000000000e+00 0.000000000000e+00 1.000000000000e+00 0.000000000000e+00
3.548133892336e+01 -3.605257141652e-01 4.740027262903e-02 0.000000000000e+00 0.000000000000e+00 2.126184614666e-22 1.617172611340e-21 0.000000000000e+00 0.000000000000e+00 1.000000000000e+00 0.000000000000e+00
3.981071705535e+01 -3.589565236498e-01 5.295403610401e-02 0.000000000000e+00 0.000000000000e+00 2.116991912217e-22 1.435033310604e-21 0.000000000000e+00 0.000000000000e+00 1.000000000000e+00 0.000000000000e+00
4.466835921510e+01 -3.570002188682e-01 5.909375547408e-02 0.000000000000e+00 0.000000000000e+00 2.105531399609e-22 1.272004401245e-21 0.000000000000e+00 0.000000000000e+00 1.000000000000e+00 0.000000000000e+00
5.011872336273e+01 -3.545672914809e-01 6.585545968798e-02 0.000000000000e+00 0.000000000000e+00 2.091278714971e-22 1.125949212441e-21 0.000000000000e+00 0.000000000000e+00 1.000000000000e+00 0.000000000000e+00
5.623413251903e+01 -3.515508558313e-01 7.326667190000e-02 0.000000000000e+00 0.000000000000e+00 2.073607695974e-22 9.949661166395e-22 0.000000000000e+00 0.000000000000e+00 1.000000000000e+00 0.000000000000e+00
6.309573444802e+01 -3.478251098577e-01 8.134127004245e-02 0.000000000000e+00 0.000000000000e+00 2.051781363330e-22 8.773665296246e-22 0.000000000000e+00 0.000000000000e+00 1.000000000000e+00 0.000000000000e+00
7.079457843841e+01 -3.432447398215e-01 9.007283589624e-02 0.000000000000e+00 0.000000000000e+00 2.024948433544e-22 7.716565058814e-22 0.000000000000e+00 0.000000000000e+00 1.000000000000e+00 0.000000000000e+00
7.943282347243e+01 -3.376459851989e-01 9.942642122727e-02 0.000000000000e+00 0.000000000000e+00 1.992149557388e-22 6.765216847465e-22 0.000000000000e+00 0.000000000000e+00 1.000000000000e+00 0.000000000000e+00
8.912509381337e+01 -3.308503093710e-01 1.093289202497e-01 0.000000000000e+00 0.000000000000e+00 1.952338823588e-22 5.908152228172e-22 0.000000000000e+00 0.000000000000e+00 1.000000000000e+00 0.000000000000e+00
1.000000000000e+02 -3.226717835934e-01 1.196586784569e-01 0.000000000000e+00 0.000000000000e+00 1.904427016029e-22 5.135480935384e-22 0.000000000000e+00 0.000000000000e+00 1.000000000000e+00 0.000000000000e+00
1.122018454302e+02 -3.129292984344e-01 1.302356236704e-01 0.000000000000e+00 0.000000000000e+00 1.847353151313e-22 4.438807979725e-22 0.000000000000e+00 0.000000000000e+00 1.000000000000e+00 0.000000000000e+00
1.258925411794e+02 -3.014643670899e-01 1.408140295815e-01 0.000000000000e+00 0.000000000000e+00 1.780188774828e-22 3.811150663837e-22 0.000000000000e+00 0.000000000000e+00 1.000000000000e+00 0.000000000000e+00
1.412537544623e+02 -2.881643858411e-01 1.510808404344e-01 0.000000000000e+00 0.000000000000e+00 1.702274226472e-22 3.246836631327e-22 0.000000000000e+00 0.000000000000e+00 1.000000000000e+00 0.000000000000e+00
1.584893192461e+02 -2.729896620401e-01 1.606629450537e-01 0.000000000000e+00 0.000000000000e+00 1.613376976978e-22 2.741361647184e-22 0.000000000000e+00 0.000000000000e+00 1.000000000000e+00 0.000000000000e+00
1.778279410039e+02 -2.560004190261e-01 1.691463632416e-01 0.000000000000e+00 0.000000000000e+00 1.513849829432e-22 2.291188431453e-22 0.000000000000e+00 0.000000000000e+00 1.000000000000e+00 0.000000000000e+00
1.995262314969e+02 -2.373778942435e-01 1.761084949939e-01 0.000000000000e+00 0.000000000000e+00 1.404754517154e-22 1.893478615110e-22 0.000000000000e+00 0.000000000000e+00 1.000000000000e+00 0.000000000000e+00
2.238721138568e+02 -2.174325661656e-01 1.811612671089e-01 0.000000000000e+00 0.000000000000e+00 1.287909899134e-22 1.545769461782e-22 0.000000000000e+00 0.000000000000e+00 1.000000000000e+00 0.000000000000e+00
2.511886431510e+02 -1.965936096446e-01 1.839988737171e-01 0.000000000000e+00 0.000000000000e+00 1.165830186743e-22 1.245631345546e-22 0.000000000000e+00 0.000000000000e+00 1.000000000000e+00 0.000000000000e+00
2.818382931264e+02 -1.753774557228e-01 1.844404353423e-01 0.000000000000e+00 0.000000000000e+00 1.041540759606e-22 9.903618374921e-23 0.000000000000e+00 0.000000000000e+00 1.000000000000e+00 0.000000000000e+00
3.162277660168e+02 -1.543390710578e-01 1.824572072362e-01 0.000000000000e+00 0.000000000000e+00 9.182927482850e-23 7.767763843227e-23 0.000000000000e+00 0.000000000000e+00 1.000000000000e+00 0.000000000000e+00
3.548133892336e+02 -1.340151346765e-01 1.781770347857e-01 0.000000000000e+00 0.000000000000e+00 7.992301500614e-23 6.011377185808e-23 0.000000000000e+00 0.000000000000e+00 1.000000000000e+00 0.000000000000e+00
3.981071705535e+02 -1.148710952409e-01 1.718648135696e-01 0.000000000000e+00 0.000000000000e+00 6.870796771900e-23 4.592306790267e-23 0.000000000000e+00 0.000000000000e+00 1.000000000000e+00 0.000000000000e+00
4.466835921510e+02 -9.726273260117e-02 1.638843057073e-01 0.000000000000e+00 0.000000000000e+00 5.839255752061e-23 3.465505548876e-23 0.000000000000e+00 0.000000000000e+00 1.000000000000e+00 0.000000000000e+00
5.011872336273e+02 -8.141801675313e-02 1.546510109688e-01 0.000000000000e+00 0.000000000000e+00 4.911033481824e-23 2.585476834519e-23 0.000000000000e+00 0.000000000000e+00 1.000000000000e+00 0.000000000000e+00
5.623413251903e+02 -6.743907828597e-02 1.445864146291e-01 0.000000000000e+00 0.000000000000e+00 4.092113021213e-23 1.908674000281e-23 0.000000000000e+00 0.000000000000e+00 1.000000000000e+00 0.000000000000e+00
6.309573444802e+02 -5.531945137004e-02 1.340813315380e-01 0.000000000000e+00 0.000000000000e+00 3.382115586249e-23 1.395397678084e-23 0.000000000000e+00 0.000000000000e+00 1.000000000000e+00 0.000000000000e+00
7.079457843841e+02 -4.496970881893e-02 1.234719769187e-01 0.000000000000e+00 0.000000000000e+00 2.775802313296e-23 1.010974513283e-23 0.000000000000e+00 0.000000000000e+00 1.000000000000e+00 0.000000000000e+00
7.943282347243e+02 -3.624503823085e-02 1.130286603747e-01 0.000000000000e+00 0.000000000000e+00 2.264689736987e-23 7.262208171345e-24 0.000000000000e+00 0.000000000000e+00 1.000000000000e+00 0.000000000000e+00
8.912509381337e+02 -2.897016424365e-02 1.029546145260e-01 0.000000000000e+00 0.000000000000e+00 1.838509797270e-23 5.173340800281e-24 0.000000000000e+00 0.000000000000e+00 1.000000000000e+00 0.000000000000e+00
1.000000000000e+03 -2.295920966749e-02 9.339159213664e-02 0.000000000000e+00 0.000000000000e+00 1.486373353164e-23 3.654071708098e-24 0.000000000000e+00 0.000000000000e+00 1.000000000000e+00 0.000000000000e+00
1.122018454302e+03 -1.802987738829e-02 8.442907200459e-02 0.000000000000e+00 0.000000000000e+00 1.197600992996e-23 2.557483879765e-24 0.000000000000e+00 0.000000000000e+00 1.000000000000e+00 0.000000000000e+00
1.258925411794e+03 -1.401246311070e-02 7.611464918552e-02 0.000000000000e+00 0.000000000000e+00 9.622510234543e-24 1.771473312103e-24 0.000000000000e+00 0.000000000000e+00 1.000000000000e+00 0.000000000000e+00
1.412537544623e+03 -1.075473611730e-02 6.846404285007e-02 0.000000000000e+00 0.000000000000e+00 7.714053962829e-24 1.211769146419e-24 0.000000000000e+00 0.000000000000e+00 1.000000000000e+00 0.000000000000e+00
1.584893192461e+03 -8.123828035606e-03 6.146987433715e-02 0.000000000000e+00 0.000000000000e+00 6.172803567115e-24 8.157946509202e-25 0.000000000000e+00 0.000000000000e+00 1.000000000000e+00 0.000000000000e+00
1.778279410039e+03 -6.006145095581e-03 5.510889398496e-02 0.000000000000e+00 0.000000000000e+00 4.932213035057e-24 5.375463920338e-25 0.000000000000e+00 0.000000000000e+00 1.000000000000e+00 0.000000000000e+00
1.995262314969e+03 -4.306100993678e-03 4.934764892409e-02 0.000000000000e+00 0.000000000000e+00 3.936285568747e-24 3.434822847348e-25 0.000000000000e+00 0.000000000000e+00 1.000000000000e+00 0.000000000000e+00
2.238721138568e+03 -2.944245103951e-03 4.414675893559e-02 0.000000000000e+00 0.000000000000e+00 3.138477046145e-24 2.093119834886e-25 0.000000000000e+00 0.000000000000e+00 1.000000000000e+00 0.000000000000e+00
2.511886431510e+03 -1.855168693861e-03 3.946402865384e-02 0.000000000000e+00 0.000000000000e+00 2.500469430380e-24 1.175448317181e-25 0.000000000000e+00 0.000000000000e+00 1.000000000000e+00 0.000000000000e+00
2.818382931264e+03 -9.854262781918e-04 3.525663720537e-02 0.000000000000e+00 0.000000000000e+00 1.990953048198e-24 5.564732226160e-26 0.000000000000e+00 0.000000000000e+00 1.000000000000e+00 0.000000000000e+00
3.162277660168e+03 -2.916047032041e-04 3.148261906290e-02 0.000000000000e+00 0.000000000000e+00 1.584495412419e-24 1.467623495731e-26 0.000000000000e+00 0.000000000000e+00 1.000000000000e+00 0.000000000000e+00
3.548133892336e+03 2.613962396312e-04 2.810181820123e-02 0.000000000000e+00 0.000000000000e+00 1.260533963005e-24 -1.172517861512e-26 0.000000000000e+00 0.000000000000e+00 1.000000000000e+00 0.000000000000e+00
3.981071705535e+03 7.018514848047e-04 2.507645967624e-02 0.000000000000e+00 0.000000000000e+00 1.002504553542e-24 -2.805855844533e-26 0.000000000000e+00 0.000000000000e+00 1.000000000000e+00 0.000000000000e+00
4.466835921510e+03 1.052471759188e-03 2.237145040204e-02 0.000000000000e+00 0.000000000000e+00 7.971026870435e-25 -3.749994087150e-26 0.000000000000e+00 0.000000000000e+00 1.000000000000e+00 0.000000000000e+00
5.011872336273e+03 1.331456652908e-03 1.995449246545e-02 0.000000000000e+00 0.000000000000e+00 6.336666019678e-25 -4.228118627227e-26 0.000000000000e+00 0.000000000000e+00 1.000000000000e+00 0.000000000000e+00
5.623413251903e+03 1.553364132518e-03 1.779607113791e-02 0.000000000000e+00 0.000000000000e+00 5.036678903587e-25 -4.396361587457e-26 0.000000000000e+00 0.000000000000e+00 1.000000000000e+00 0.000000000000e+00
6.309573444802e+03 1.729822397064e-03 1.586936189935e-02 0.000000000000e+00 0.000000000000e+00 4.002944750698e-25 -4.363366043215e-26 0.000000000000e+00 0.000000000000e+00 1.000000000000e+00 0.000000000000e+00
7.079457843841e+03 1.870108858386e-03 1.415008801777e-02 0.000000000000e+00 0.000000000000e+00 3.181114292752e-25 -4.204235345371e-26 0.000000000000e+00 0.000000000000e+00 1.000000000000e+00 0.000000000000e+00
7.943282347243e+03 1.981618668368e-03 1.261635061691e-02 0.000000000000e+00 0.000000000000e+00 2.527865026915e-25 -3.970454436960e-26 0.000000000000e+00 0.000000000000e+00 1.000000000000e+00 0.000000000000e+00
8.912509381337e+03 2.070242351915e-03 1.124844679181e-02 0.000000000000e+00 0.000000000000e+00 2.008688947637e-25 -3.696930792524e-26 0.000000000000e+00 0.000000000000e+00 1.000000000000e+00 0.000000000000e+00
1.000000000000e+04 2.140669265368e-03 1.002868522761e-02 0.000000000000e+00 0.000000000000e+00 1.596114826668e-25 -3.406980951085e-26 0.000000000000e+00 0.000000000000e+00 1.000000000000e+00 0.000000000000e+00
1.122018454302e+04 2.196630838959e-03 8.941206451731e-03 0.000000000000e+00 0.000000000000e+00 1.268283243067e-25 -3.115854777844e-26 0.000000000000e+00 0.000000000000e+00 1.000000000000e+00 0.000000000000e+00
1.258925411794e+04 2.241095197754e-03 7.971811240968e-03 0.000000000000e+00 0.000000000000e+00 1.007806461381e-25 -2.833220898720e-26 0.000000000000e+00 0.000000000000e+00 1.000000000000e+00 0.000000000000e+00
1.412537544623e+04 2.276422633786e-03 7.107799957403e-03 0.000000000000e+00 0.000000000000e+00 8.008576494275e-26 -2.564915291006e-26 0.000000000000e+00 0.000000000000e+00 1.000000000000e+00 0.000000000000e+00
1.584893192461e+04 2.304489666057e-03 6.337823615370e-03 0.000000000000e+00 0.000000000000e+00 6.364441223059e-26 -2.314168067616e-26 0.000000000000e+00 0.000000000000e+00 1.000000000000e+00 0.000000000000e+00
1.778279410039e+04 2.326787940193e-03 5.651747173240e-03 0.000000000000e+00 0.000000000000e+00 5.058279900502e-26 -2.082461283177e-26 0.000000000000e+00 0.000000000000e+00 1.000000000000e+00 0.000000000000e+00
1.995262314969e+04 2.344503009774e-03 5.040524966662e-03 0.000000000000e+00 0.000000000000e+00 4.020646599726e-26 -1.870126250065e-26 0.000000000000e+00 0.000000000000e+00 1.000000000000e+00 0.000000000000e+00
2.238721138568e+04 2.358577061334e-03 4.496087617271e-03 0.000000000000e+00 0.000000000000e+00 3.196354188683e-26 -1.676757285702e-26 0.000000000000e+00 0.000000000000e+00 1.000000000000e+00 0.000000000000e+00
2.511886431510e+04 2.369758828802e-03 4.011239918286e-03 0.000000000000e+00 0.000000000000e+00 2.541550656559e-26 -1.501496352732e-26 0.000000000000e+00 0.000000000000e+00 1.000000000000e+00 0.000000000000e+00
2.818382931264e+04 2.378643301844e-03 3.579568880488e-03 0.000000000000e+00 0.000000000000e+00 2.021393456331e-26 -1.343227121987e-26 0.000000000000e+00 0.000000000000e+00 1.000000000000e+00 0.000000000000e+00
3.162277660168e+04 2.385703308001e-03 3.195361109013e-03 0.000000000000e+00 0.000000000000e+00 1.608200070081e-26 -1.200705678068e-26 0.000000000000e+00 0.000000000000e+00 1.000000000000e+00 0.000000000000e+00
3.548133892336e+04 2.391314627284e-03 2.853528743657e-03 0.000000000000e+00 0.000000000000e+00 1.279977640593e-26 -1.072647072996e-26 0.000000000000e+00 0.000000000000e+00 1.000000000000e+00 0.000000000000e+00
3.981071705535e+04 2.395775962315e-03 2.549543200890e-03 0.000000000000e+00 0.000000000000e+00 1.019254193507e-26 -9.577812587848e-27 0.000000000000e+00 0.000000000000e+00 1.000000000000e+00 0.000000000000e+00
4.466835921510e+04 2.399324819210e-03 2.279375965321e-03 0.000000000000e+00 0.000000000000e+00 8.121497149650e-27 -8.548879156746e-27 0.000000000000e+00 0.000000000000e+00 1.000000000000e+00 0.000000000000e+00
5.011872336273e+04 2.402150139505e-03 2.039445750054e-03 0.000000000000e+00 0.000000000000e+00 6.476379494811e-27 -7.628168538637e-27 0.000000000000e+00 0.000000000000e+00 1.000000000000e+00 0.000000000000e+00
5.623413251903e+04 2.404402351576e-03 1.826571420963e-03 0.000000000000e+00 0.000000000000e+00 5.169598205487e-27 -6.804986621003e-27 0.000000000000e+00 0.000000000000e+00 1.000000000000e+00 0.000000000000e+00
6.309573444802e+04 2.406201374771e-03 1.637930099594e-03 0.000000000000e+00 0.000000000000e+00 4.131573616945e-27 -6.069488630557e-27 0.000000000000e+00 0.000000000000e+00 1.000000000000e+00 0.000000000000e+00
7.079457843841e+04 2.407643001395e-03 1.471019925984e-03 0.000000000000e+00 0.000000000000e+00 3.307034207579e-27 -5.412678390412e-27 0.000000000000e+00 0.000000000000e+00 1.000000000000e+00 0.000000000000e+00
7.943282347243e+04 2.408803995874e-03 1.323627009424e-03 0.000000000000e+00 0.000000000000e+00 2.652074698438e-27 -4.826380910611e-27 0.000000000000e+00 0.000000000000e+00 1.000000000000e+00 0.000000000000e+00
8.912509381337e+04 2.409746180225e-03 1.193796174235e-03 0.000000000000e+00 0.000000000000e+00 2.131818930467e-27 -4.303199018035e-27 0.000000000000e+00 0.000000000000e+00 1.000000000000e+00 0.000000000000e+00
1.000000000000e+05 2.410519726264e-03 1.079805076715e-03 0.000000000000e+00 0.000000000000e+00 1.718563155342e-27 -3.836461298552e-27 0.000000000000e+00 0.000000000000e+00 1.000000000000e+00 0.000000000000e+00
1.122018454302e+05 2.411165825676e-03 9.801414206630e-04 0.000000000000e+00 0.000000000000e+00 1.390301125878e-27 -3.420166204038e-27 0.000000000000e+00 0.000000000000e+00 1.000000000000e+00 0.000000000000e+00
1.258925411794e+05 2.411718884370e-03 8.934829001461e-04 0.000000000000e+00 0.000000000000e+00 1.129552384866e-27 -3.048925521715e-27 0.000000000000e+00 0.000000000000e+00 1.000000000000e+00 0.000000000000e+00
1.412537544623e+05 2.412208353419e-03 8.186797022467e-04 0.000000000000e+00 0.000000000000e+00 9.224315623901e-28 -2.717909231339e-27 0.000000000000e+00 0.000000000000e+00 1.000000000000e+00 0.000000000000e+00
1.584893192461e+05 2.412660297194e-03 7.547392473401e-04 0.000000000000e+00 0.000000000000e+00 7.579090031439e-28 -2.422792994039e-27 0.000000000000e+00 0.000000000000e+00 1.000000000000e+00 0.000000000000e+00
1.778279410039e+05 2.413098781769e-03 7.008130173202e-04 0.000000000000e+00 0.000000000000e+00 6.272234569029e-28 -2.159708969915e-27 0.000000000000e+00 0.000000000000e+00 1.000000000000e+00 0.000000000000e+00
1.995262314969e+05 2.413547155320e-03 6.561852945023e-04 0.000000000000e+00 0.000000000000e+00 5.234155550355e-28 -1.925200297090e-27 0.000000000000e+00 0.000000000000e+00 1.000000000000e+00 0.000000000000e+00
2.238721138568e+05 2.414029291468e-03 6.202636425023e-04 0.000000000000e+00 0.000000000000e+00 4.409572189405e-28 -1.716179330632e-27 0.000000000000e+00 0.000000000000e+00 1.000000000000e+00 0.000000000000e+00
2.511886431510e+05 2.414570859728e-03 5.925710158565e-04 0.000000000000e+00 0.000000000000e+00 3.754572862932e-28 -1.529889580002e-27 0.000000000000e+00 0.000000000000e+00 1.000000000000e+00 0.000000000000e+00
2.818382931264e+05 2.415200691247e-03 5.727393797398e-04 0.000000000000e+00 0.000000000000e+00 3.234276732834e-28 -1.363871191196e-27 0.000000000000e+00 0.000000000000e+00 1.000000000000e+00 0.000000000000e+00
3.162277660168e+05 2.415952324577e-03 5.605047666244e-04 0.000000000000e+00 0.000000000000e+00 2.820976328497e-28 -1.215929769779e-27 0.000000000000e+00 0.000000000000e+00 1.000000000000e+00 0.000000000000e+00
3.548133892336e+05 2.416865737060e-03 5.557036682970e-04 0.000000000000e+00 0.000000000000e+00 2.492662012966e-28 -1.084108267936e-27 0.000000000000e+00 0.000000000000e+00 1.000000000000e+00 0.000000000000e+00
3.981071705535e+05 2.417989546723e-03 5.582707245130e-04 0.000000000000e+00 0.000000000000e+00 2.231849912849e-28 -9.666617864992e-28 0.000000000000e+00 0.000000000000e+00 1.000000000000e+00 0.000000000000e+00
4.466835921510e+05 2.419383528904e-03 5.682376604999e-04 0.000000000000e+00 0.000000000000e+00 2.024650873876e-28 -8.620349048552e-28 0.000000000000e+00 0.000000000000e+00 1.000000000000e+00 0.000000000000e+00
5.011872336273e+05 2.421121849458e-03 5.857334333468e-04 0.000000000000e+00 0.000000000000e+00 1.860030842699e-28 -7.688414315348e-28 0.000000000000e+00 0.000000000000e+00 1.000000000000e+00 0.000000000000e+00
5.623413251903e+05 2.423296931632e-03 6.109855317219e-04 0.000000000000e+00 0.000000000000e+00 1.729223216851e-28 -6.858462431477e-28 0.000000000000e+00 0.000000000000e+00 1.000000000000e+00 0.000000000000e+00
6.309573444802e+05 2.426024344963e-03 6.443224441271e-04 0.000000000000e+00 0.000000000000e+00 1.625262037520e-28 -6.119490801399e-28 0.000000000000e+00 0.000000000000e+00 1.000000000000e+00 0.000000000000e+00
7.079457843841e+05 2.429448985039e-03 6.861772233925e-04 0.000000000000e+00 0.000000000000e+00 1.542611021195e-28 -5.461700930884e-28 0.000000000000e+00 0.000000000000e+00 1.000000000000e+00 0.000000000000e+00
7.943282347243e+05 2.433752596410e-03 7.370921135199e-04 0.000000000000e+00 0.000000000000e+00 1.476868733260e-28 -4.876368975047e-28 0.000000000000e+00 0.000000000000e+00 1.000000000000e+00 0.000000000000e+00
8.912509381337e+05 2.439163473946e-03 7.977241699088e-04 0.000000000000e+00 0.000000000000e+00 1.424534207288e-28 -4.355730886529e-28 0.000000000000e+00 0.000000000000e+00 1.000000000000e+00 0.000000000000e+00
1.000000000000e+06 2.445968242373e-03 8.688517564984e-04 0.000000000000e+00 0.000000000000e+00 1.382820518608e-28 -3.892879364195e-28 0.000000000000e+00 0.000000000000e+00 1.000000000000e+00 0.000000000000e+00
1.122018454302e+06 2.454526952203e-03 9.513817366765e-04 0.000000000000e+00 0.000000000000e+00 1.349506379142e-28 -3.481672657857e-28 0.000000000000e+00 0.000000000000e+00 1.000000000000e+00 0.000000000000e+00
1.258925411794e+06 2.465291645581e-03 1.046357099903e-03 0.000000000000e+00 0.000000000000e+00 1.322817882050e-28 -3.116652884131e-28 0.000000000000e+00 0.000000000000e+00 1.000000000000e+00 0.000000000000e+00
1.412537544623e+06 2.478829669850e-03 1.154964586719e-03 0.000000000000e+00 0.000000000000e+00 1.301334069118e-28 -2.792973514519e-28 0.000000000000e+00 0.000000000000e+00 1.000000000000e+00 0.000000000000e+00
1.584893192461e+06 2.495852663640e-03 1.278541700375e-03 0.000000000000e+00 0.000000000000e+00 1.283911323057e-28 -2.506334752000e-28 0.000000000000e+00 0.000000000000e+00 1.000000000000e+00 0.000000000000e+00
1.778279410039e+06 2.517252394818e-03 1.418582190412e-03 0.000000000000e+00 0.000000000000e+00 1.269622571749e-28 -2.252925830348e-28 0.000000000000e+00 0.000000000000e+00 1.000000000000e+00 0.000000000000e+00
1.995262314969e+06 2.544145127737e-03 1.576738668128e-03 0.000000000000e+00 0.000000000000e+00 1.257708077350e-28 -2.029373631651e-28 0.000000000000e+00 0.000000000000e+00 1.000000000000e+00 0.000000000000e+00
2.238721138568e+06 2.577926077848e-03 1.754820453002e-03 0.000000000000e+00 0.000000000000e+00 1.247535231264e-28 -1.832696672875e-28 0.000000000000e+00 0.000000000000e+00 1.000000000000e+00 0.000000000000e+00
2.511886431510e+06 2.620335977598e-03 1.954783941974e-03 0.000000000000e+00 0.000000000000e+00 1.238565259715e-28 -1.660263848575e-28 0.000000000000e+00 0.000000000000e+00 1.000000000000e+00 0.000000000000e+00
2.818382931264e+06 2.673541413843e-03 2.178711747287e-03 0.000000000000e+00 0.000000000000e+00 1.230325163790e-28 -1.509756984595e-28 0.000000000000e+00 0.000000000000e+00 1.000000000000e+00 0.000000000000e+00
3.162277660168e+06 2.740231060732e-03 2.428775363755e-03 0.000000000000e+00 0.000000000000e+00 1.222383504366e-28 -1.379136702709e-28 0.000000000000e+00 0.000000000000e+00 1.000000000000e+00 0.000000000000e+00
3.548133892336e+06 2.823728640990e-03 2.707174346190e-03 0.000000000000e+00 0.000000000000e+00 1.214328974277e-28 -1.266610519221e-28 0.000000000000e+00 0.000000000000e+00 1.000000000000e+00 0.000000000000e+00
3.981071705535e+06 2.928123343282e-03 3.016042459654e-03 0.000000000000e+00 0.000000000000e+00 1.205750866937e-28 -1.170602638024e-28 0.000000000000e+00 0.000000000000e+00 1.000000000000e+00 0.000000000000e+00
4.466835921510e+06 3.058414767585e-03 3.357308622046e-03 0.000000000000e+00 0.000000000000e+00 1.196220931489e-28 -1.089723994433e-28 0.000000000000e+00 0.000000000000e+00 1.000000000000e+00 0.000000000000e+00
5.011872336273e+06 3.220667411282e-03 3.732496953816e-03 0.000000000000e+00 0.000000000000e+00 1.185276280834e-28 -1.022741810183e-28 0.000000000000e+00 0.000000000000e+00 1.000000000000e+00 0.000000000000e+00
5.623413251903e+06 3.422162489725e-03 4.142447145138e-03 0.000000000000e+00 0.000000000000e+00 1.172403503197e-28 -9.685471294841e-29 0.000000000000e+00 0.000000000000e+00 1.000000000000e+00 0.000000000000e+00
6.309573444802e+06 3.671526095244e-03 4.586933817961e-03 0.000000000000e+00 0.000000000000e+00 1.157024634312e-28 -9.261189078168e-29 0.000000000000e+00 0.000000000000e+00 1.000000000000e+00 0.000000000000e+00
7.079457843841e+06 3.978799649394e-03 5.064163292446e-03 0.000000000000e+00 0.000000000000e+00 1.138486362086e-28 -8.944832298482e-29 0.000000000000e+00 0.000000000000e+00 1.000000000000e+00 0.000000000000e+00
7.943282347243e+06 4.355400594400e-03 5.570130719659e-03 0.000000000000e+00 0.000000000000e+00 1.116054798190e-28 -8.726663656678e-29 0.000000000000e+00 0.000000000000e+00 1.000000000000e+00 0.000000000000e+00
8.912509381337e+06 4.813898121601e-03 6.097834186843e-03 0.000000000000e+00 0.000000000000e+00 1.088919418164e-28 -8.596408136163e-29 0.000000000000e+00 0.000000000000e+00 1.000000000000e+00 0.000000000000e+00
1.000000000000e+07 5.367505973646e-03 6.636369294926e-03 0.000000000000e+00 0.000000000000e+00 1.056210977471e-28 -8.542651077810e-29 0.000000000000e+00 0.000000000000e+00 1.000000000000e+00 0.000000000000e+00
1.122018454302e+07 6.029172495862e-03 7.169976129263e-03 0.000000000000e+00 0.000000000000e+00 1.017039549080e-28 -8.552199848327e-29 0.000000000000e+00 0.000000000000e+00 1.000000000000e+00 0.000000000000e+00
1.258925411794e+07 6.810147111038e-03 7.677182368650e-03 0.000000000000e+00 0.000000000000e+00 9.705591066330e-29 -8.609474125715e-29 0.000000000000e+00 0.000000000000e+00 1.000000000000e+00 0.000000000000e+00
1.412537544623e+07 7.717935295366e-03 8.130282463514e-03 0.000000000000e+00 0.000000000000e+00 9.160638934714e-29 -8.696034717074e-29 0.000000000000e+00 0.000000000000e+00 1.000000000000e+00 0.000000000000e+00
1.584893192461e+07 8.753650505492e-03 8.495496628099e-03 0.000000000000e+00 0.000000000000e+00 8.531176036430e-29 -8.790414109134e-29 0.000000000000e+00 0.000000000000e+00 1.000000000000e+00 0.000000000000e+00
1.778279410039e+07 9.908952638230e-03 8.734227116976e-03 0.000000000000e+00 0.000000000000e+00 7.817081004855e-29 -8.868453316924e-29 0.000000000000e+00 0.000000000000e+00 1.000000000000e+00 0.000000000000e+00
1.995262314969e+07 1.116302788705e-02 8.805809666744e-03 0.000000000000e+00 0.000000000000e+00 7.024079620381e-29 -8.904348339406e-29 0.000000000000e+00 0.000000000000e+00 1.000000000000e+00 0.000000000000e+00
2.238721138568e+07 1.248036606870e-02 8.671968197388e-03 0.000000000000e+00 0.000000000000e+00 6.165067105377e-29 -8.872529575970e-29 0.000000000000e+00 0.000000000000e+00 1.000000000000e+00 0.000000000000e+00
2.511886431510e+07 1.381031433627e-02 8.302765962714e-03 0.000000000000e+00 0.000000000000e+00 5.260692632138e-29 -8.750315160345e-29 0.000000000000e+00 0.000000000000e+00 1.000000000000e+00 0.000000000000e+00
2.818382931264e+07 1.508935517333e-02 7.683245788178e-03 0.000000000000e+00 0.000000000000e+00 4.338752312944e-29 -8.521004854464e-29 0.000000000000e+00 0.000000000000e+00 1.000000000000e+00 0.000000000000e+00
3.162277660168e+07 1.624662414425e-02 6.819334945595e-03 0.000000000000e+00 0.000000000000e+00 3.432117548884e-29 -8.176797925379e-29 0.000000000000e+00 0.000000000000e+00 1.000000000000e+00 0.000000000000e+00
3.548133892336e+07 1.721233233061e-02 5.741255928167e-03 0.000000000000e+00 0.000000000000e+00 2.575295319315e-29 -7.720756475609e-29 0.000000000000e+00 0.000000000000e+00 1.000000000000e+00 0.000000000000e+00
3.981071705535e+07 1.792771191075e-02 4.502923332178e-03 0.000000000000e+00 0.000000000000e+00 1.800174826501e-29 -7.167125286781e-29 0.000000000000e+00 0.000000000000e+00 1.000000000000e+00 0.000000000000e+00
4.466835921510e+07 1.835428493775e-02 3.176709213187e-03 0.000000000000e+00 0.000000000000e+00 1.131872723620e-29 -6.539696613197e-29 0.000000000000e+00 0.000000000000e+00 1.000000000000e+00 0.000000000000e+00
5.011872336273e+07 1.848009636059e-02 1.844288856206e-03 0.000000000000e+00 0.000000000000e+00 5.856647341755e-30 -5.868462896224e-29 0.000000000000e+00 0.000000000000e+00 1.000000000000e+00 0.000000000000e+00
5.623413251903e+07 1.832123811493e-02 5.855257628033e-04 0.000000000000e+00 0.000000000000e+00 1.657166480273e-30 -5.185312689883e-29 0.000000000000e+00 0.000000000000e+00 1.000000000000e+00 0.000000000000e+00
6.309573444802e+07 1.791831364377e-02 -5.320155252666e-04 0.000000000000e+00 0.000000000000e+00 -1.341975038226e-30 -4.519779685941e-29 0.000000000000e+00 0.000000000000e+00 1.000000000000e+00 0.000000000000e+00
7.079457843841e+07 1.732893170201e-02 -1.460599518026e-03 0.000000000000e+00 0.000000000000e+00 -3.283607845389e-30 -3.895757556175e-29 0.000000000000e+00 0.000000000000e+00 1.000000000000e+00 0.000000000000e+00
7.943282347243e+07 1.661830510542e-02 -2.175580548803e-03 0.000000000000e+00 0.000000000000e+00 -4.359084611373e-30 -3.329713445544e-29 0.000000000000e+00 0.000000000000e+00 1.000000000000e+00 0.000000000000e+00
8.912509381337e+07 1.585022967970e-02 -2.674398130289e-03 0.000000000000e+00 0.000000000000e+00 -4.775800664205e-30 -2.830451329396e-29 0.000000000000e+00 0.000000000000e+00 1.000000000000e+00 0.000000000000e+00
1.000000000000e+08 1.508017547721e-02 -2.972393068795e-03 0.000000000000e+00 0.000000000000e+00 -4.730710497109e-30 -2.400084469892e-29 0.000000000000e+00 0.000000000000e+00 1.000000000000e+00 0.000000000000e+00
1.122018454302e+08 1.435128382439e-02 -3.097039182001e-03 0.000000000000e+00 0.000000000000e+00 -4.393056931237e-30 -2.035686446696e-29 0.000000000000e+00 0.000000000000e+00 1.000000000000e+00 0.000000000000e+00
1.258925411794e+08 1.369316012071e-02 -3.082091686230e-03 0.000000000000e+00 0.000000000000e+00 -3.896419298001e-30 -1.731106624223e-29 0.000000000000e+00 0.000000000000e+00 1.000000000000e+00 0.000000000000e+00
1.412537544623e+08 1.312277354285e-02 -2.962678461509e-03 0.000000000000e+00 0.000000000000e+00 -3.338140807202e-30 -1.478583195449e-29 0.000000000000e+00 0.000000000000e+00 1.000000000000e+00 0.000000000000e+00
1.584893192461e+08 1.264658902645e-02 -2.771792868576e-03 0.000000000000e+00 0.000000000000e+00 -2.783433851310e-30 -1.269970220319e-29 0.000000000000e+00 0.000000000000e+00 1.000000000000e+00 0.000000000000e+00
1.778279410039e+08 1.226316001663e-02 -2.538197064804e-03 0.000000000000e+00 0.000000000000e+00 -2.271671184654e-30 -1.097545483322e-29 0.000000000000e+00 0.000000000000e+00 1.000000000000e+00 0.000000000000e+00
1.995262314969e+08 1.196564448950e-02 -2.285487983357e-03 0.000000000000e+00 0.000000000000e+00 -1.823052072900e-30 -9.544566914822e-30 0.000000000000e+00 0.000000000000e+00 1.000000000000e+00 0.000000000000e+00
2.238721138568e+08 1.174394602782e-02 -2.031989492831e-03 0.000000000000e+00 0.000000000000e+00 -1.444579972572e-30 -8.348994564492e-30 0.000000000000e+00 0.000000000000e+00 1.000000000000e+00 0.000000000000e+00
2.511886431510e+08 1.158636730810e-02 -1.791148954154e-03 0.000000000000e+00 0.000000000000e+00 -1.134884946594e-30 -7.341206220276e-30 0.000000000000e+00 0.000000000000e+00 1.000000000000e+00 0.000000000000e+00
2.818382931264e+08 1.148078495244e-02 -1.572178609479e-03 0.000000000000e+00 0.000000000000e+00 -8.878140523284e-31 -6.483234252828e-30 0.000000000000e+00 0.000000000000e+00 1.000000000000e+00 0.000000000000e+00
3.162277660168e+08 1.141542387889e-02 -1.380759230127e-03 0.000000000000e+00 0.000000000000e+00 -6.949252415830e-31 -5.745292896633e-30 0.000000000000e+00 0.000000000000e+00 1.000000000000e+00 0.000000000000e+00
3.548133892336e+08 1.137933758146e-02 -1.219699649644e-03 0.000000000000e+00 0.000000000000e+00 -5.471079565165e-31 -5.104310829738e-30 0.000000000000e+00 0.000000000000e+00 1.000000000000e+00 0.000000000000e+00
3.981071705535e+08 1.136269690088e-02 -1.089510591332e-03 0.000000000000e+00 0.000000000000e+00 -4.355636094684e-31 -4.542569218524e-30 0.000000000000e+00 0.000000000000e+00 1.000000000000e+00 0.000000000000e+00
4.466835921510e+08 1.135696399242e-02 -9.888951250310e-04 0.000000000000e+00 0.000000000000e+00 -3.523468291958e-31 -4.046526421995e-30 0.000000000000e+00 0.000000000000e+00 1.000000000000e+00 0.000000000000e+00
5.011872336273e+08 1.135499509533e-02 -9.151767019902e-04 0.000000000000e+00 0.000000000000e+00 -2.906197248284e-31 -3.605845234977e-30 0.000000000000e+00 0.000000000000e+00 1.000000000000e+00 0.000000000000e+00
5.623413251903e+08 1.135108969805e-02 -8.646839127714e-04 0.000000000000e+00 0.000000000000e+00 -2.447245343085e-31 -3.212607635252e-30 0.000000000000e+00 0.000000000000e+00 1.000000000000e+00 0.000000000000e+00
6.309573444802e+08 1.134099188745e-02 -8.331008998681e-04 0.000000000000e+00 0.000000000000e+00 -2.101443583600e-31 -2.860692460819e-30 0.000000000000e+00 0.000000000000e+00 1.000000000000e+00 0.000000000000e+00
7.079457843841e+08 1.132184892340e-02 -8.157851731749e-04 0.000000000000e+00 0.000000000000e+00 -1.833985676245e-31 -2.545291265016e-30 0.000000000000e+00 0.000000000000e+00 1.000000000000e+00 0.000000000000e+00
7.943282347243e+08 1.129213371236e-02 -8.080544731732e-04 0.000000000000e+00 0.000000000000e+00 -1.619051899089e-31 -2.262539363215e-30 0.000000000000e+00 0.000000000000e+00 1.000000000000e+00 0.000000000000e+00
8.912509381337e+08 1.125153501231e-02 -8.054472925765e-04 0.000000000000e+00 0.000000000000e+00 -1.438325756851e-31 -2.009240425968e-30 0.000000000000e+00 0.000000000000e+00 1.000000000000e+00 0.000000000000e+00
1.000000000000e+09 1.120081195820e-02 -8.039607158607e-04 0.000000000000e+00 0.000000000000e+00 -1.279543219809e-31 -1.782664589791e-30 0.000000000000e+00 0.000000000000e+00 1.000000000000e+00 0.000000000000e+00
