# freq_hz Ad_dB Avdd_dB Avss_dB PSRRplus_dB PSRRminus_dB (Asupply clamped at the floor)
1.00000000e-01 9.67930930e+01 -4.15477808e+00 -1.12494210e+01 1.00947871e+02 1.08042514e+02
1.12201845e-01 9.67930928e+01 -4.15477780e+00 -1.12494211e+01 1.00947871e+02 1.08042514e+02
1.25892541e-01 9.67930926e+01 -4.15477745e+00 -1.12494214e+01 1.00947870e+02 1.08042514e+02
1.41253754e-01 9.67930923e+01 -4.15477701e+00 -1.12494216e+01 1.00947869e+02 1.08042514e+02
1.58489319e-01 9.67930919e+01 -4.15477646e+00 -1.12494220e+01 1.00947868e+02 1.08042514e+02
1.77827941e-01 9.67930915e+01 -4.15477576e+00 -1.12494224e+01 1.00947867e+02 1.08042514e+02
1.99526231e-01 9.67930909e+01 -4.15477488e+00 -1.12494230e+01 1.00947866e+02 1.08042514e+02
2.23872114e-01 9.67930902e+01 -4.15477377e+00 -1.12494237e+01 1.00947864e+02 1.08042514e+02
2.51188643e-01 9.67930894e+01 -4.15477238e+00 -1.12494246e+01 1.00947862e+02 1.08042514e+02
2.81838293e-01 9.67930882e+01 -4.15477062e+00 -1.12494257e+01 1.00947859e+02 1.08042514e+02
3.16227766e-01 9.67930868e+01 -4.15476841e+00 -1.12494271e+01 1.00947855e+02 1.08042514e+02
3.54813389e-01 9.67930851e+01 -4.15476563e+00 -1.12494288e+01 1.00947851e+02 1.08042514e+02
3.98107171e-01 9.67930829e+01 -4.15476213e+00 -1.12494310e+01 1.00947845e+02 1.08042514e+02
4.46683592e-01 9.67930801e+01 -4.15475772e+00 -1.12494338e+01 1.00947838e+02 1.08042514e+02
5.01187234e-01 9.67930766e+01 -4.15475217e+00 -1.12494373e+01 1.00947829e+02 1.08042514e+02
5.62341325e-01 9.67930722e+01 -4.15474519e+00 -1.12494417e+01 1.00947817e+02 1.08042514e+02
6.30957344e-01 9.67930666e+01 -4.15473639e+00 -1.12494473e+01 1.00947803e+02 1.08042514e+02
7.07945784e-01 9.67930596e+01 -4.15472532e+00 -1.12494543e+01 1.00947785e+02 1.08042514e+02
7.94328235e-01 9.67930508e+01 -4.15471139e+00 -1.12494631e+01 1.00947762e+02 1.08042514e+02
8.91250938e-01 9.67930397e+01 -4.15469384e+00 -1.12494742e+01 1.00947734e+02 1.08042514e+02
1.00000000e+00 9.67930257e+01 -4.15467175e+00 -1.12494882e+01 1.00947697e+02 1.08042514e+02
1.12201845e+00 9.67930082e+01 -4.15464394e+00 -1.12495058e+01 1.00947652e+02 1.08042514e+02
1.25892541e+00 9.67929860e+01 -4.15460893e+00 -1.12495279e+01 1.00947595e+02 1.08042514e+02
1.41253754e+00 9.67929582e+01 -4.15456486e+00 -1.12495557e+01 1.00947523e+02 1.08042514e+02
1.58489319e+00 9.67929231e+01 -4.15450938e+00 -1.12495908e+01 1.00947432e+02 1.08042514e+02
1.77827941e+00 9.67928789e+01 -4.15443953e+00 -1.12496350e+01 1.00947318e+02 1.08042514e+02
1.99526231e+00 9.67928233e+01 -4.15435161e+00 -1.12496906e+01 1.00947175e+02 1.08042514e+02
2.23872114e+00 9.67927533e+01 -4.15424092e+00 -1.12497605e+01 1.00946994e+02 1.08042514e+02
2.51188643e+00 9.67926652e+01 -4.15410158e+00 -1.12498486e+01 1.00946767e+02 1.08042514e+02
2.81838293e+00 9.67925543e+01 -4.15392618e+00 -1.12499596e+01 1.00946481e+02 1.08042514e+02
3.16227766e+00 9.67924147e+01 -4.15370538e+00 -1.12500992e+01 1.00946120e+02 1.08042514e+02
3.54813389e+00 9.67922389e+01 -4.15342746e+00 -1.12502749e+01 1.00945666e+02 1.08042514e+02
3.98107171e+00 9.67920176e+01 -4.15307762e+00 -1.12504962e+01 1.00945095e+02 1.08042514e+02
4.46683592e+00 9.67917391e+01 -4.15263730e+00 -1.12507747e+01 1.00944376e+02 1.08042514e+02
5.01187234e+00 9.67913884e+01 -4.15208311e+00 -1.12511254e+01 1.00943472e+02 1.08042514e+02
5.62341325e+00 9.67909470e+01 -4.15138565e+00 -1.12515668e+01 1.00942333e+02 1.08042514e+02
6.30957344e+00 9.67903913e+01 -4.15050797e+00 -1.12521224e+01 1.00940899e+02 1.08042514e+02
7.07945784e+00 9.67896919e+01 -4.14940360e+00 -1.12528217e+01 1.00939096e+02 1.08042514e+02
7.94328235e+00 9.67888116e+01 -4.14801418e+00 -1.12537020e+01 1.00936826e+02 1.08042514e+02
8.91250938e+00 9.67877035e+01 -4.14626645e+00 -1.12548100e+01 1.00933970e+02 1.08042513e+02
1.00000000e+01 9.67863090e+01 -4.14406844e+00 -1.12562044e+01 1.00930377e+02 1.08042513e+02
1.12201845e+01 9.67845540e+01 -4.14130490e+00 -1.12579593e+01 1.00925859e+02 1.08042513e+02
1.25892541e+01 9.67823455e+01 -4.13783148e+00 -1.12601675e+01 1.00920177e+02 1.08042513e+02
1.41253754e+01 9.67795669e+01 -4.13346767e+00 -1.12629459e+01 1.00913035e+02 1.08042513e+02
1.58489319e+01 9.67760714e+01 -4.12798809e+00 -1.12664412e+01 1.00904059e+02 1.08042513e+02
1.77827941e+01 9.67716747e+01 -4.12111202e+00 -1.12708375e+01 1.00892787e+02 1.08042512e+02
1.99526231e+01 9.67661460e+01 -4.11249072e+00 -1.12763658e+01 1.00878637e+02 1.08042512e+02
2.23872114e+01 9.67591957e+01 -4.10169247e+00 -1.12833155e+01 1.00860888e+02 1.08042511e+02
2.51188643e+01 9.67504616e+01 -4.08818512e+00 -1.12920489e+01 1.00838647e+02 1.08042511e+02
2.81838293e+01 9.67394910e+01 -4.07131646e+00 -1.13030187e+01 1.00810807e+02 1.08042510e+02
3.16227766e+01 9.67257191e+01 -4.05029265e+00 -1.13167895e+01 1.00776012e+02 1.08042509e+02
3.54813389e+01 9.67084431e+01 -4.02415608e+00 -1.13340641e+01 1.00732599e+02 1.08042507e+02
3.98107171e+01 9.66867912e+01 -3.99176474e+00 -1.13557143e+01 1.00678556e+02 1.08042506e+02
4.46683592e+01 9.66596857e+01 -3.95177637e+00 -1.13828176e+01 1.00611462e+02 1.08042503e+02
5.01187234e+01 9.66258007e+01 -3.90264286e+00 -1.14166999e+01 1.00528444e+02 1.08042501e+02
5.62341325e+01 9.65835145e+01 -3.84262206e+00 -1.14589826e+01 1.00426137e+02 1.08042497e+02
6.30957344e+01 9.65308582e+01 -3.76981649e+00 -1.15116346e+01 1.00300675e+02 1.08042493e+02
7.07945784e+01 9.64654630e+01 -3.68224987e+00 -1.15770244e+01 1.00147713e+02 1.08042487e+02
7.94328235e+01 9.63845111e+01 -3.57799183e+00 -1.16579694e+01 9.99625030e+01 1.08042480e+02
8.91250938e+01 9.62846986e+01 -3.45533733e+00 -1.17577733e+01 9.97400359e+01 1.08042472e+02
1.00000000e+02 9.61622184e+01 -3.31303843e+00 -1.18802426e+01 9.94752568e+01 1.08042461e+02
1.12201845e+02 9.60127798e+01 -3.15057131e+00 -1.20296675e+01 9.91633511e+01 1.08042447e+02
1.25892541e+02 9.58316767e+01 -2.96840293e+00 -1.22107532e+01 9.88000797e+01 1.08042430e+02
1.41253754e+02 9.56139214e+01 -2.76820380e+00 -1.24284868e+01 9.83821252e+01 1.08042408e+02
1.58489319e+02 9.53544507e+01 -2.55294511e+00 -1.26879302e+01 9.79073958e+01 1.08042381e+02
1.77827941e+02 9.50484043e+01 -2.32682690e+00 -1.29939421e+01 9.73752312e+01 1.08042346e+02
1.99526231e+02 9.46914561e+01 -2.09501430e+00 -1.33508469e+01 9.67864704e+01 1.08042303e+02
2.23872114e+02 9.42801616e+01 -1.86320457e+00 -1.37620869e+01 9.61433662e+01 1.08042248e+02
2.51188643e+02 9.38122693e+01 -1.63709472e+00 -1.42299104e+01 9.54493640e+01 1.08042180e+02
2.81838293e+02 9.32869417e+01 -1.42184909e+00 -1.47551514e+01 9.47087908e+01 1.08042093e+02
3.16227766e+02 9.27048406e+01 -1.22166661e+00 -1.53371436e+01 9.39265072e+01 1.08041984e+02
3.54813389e+02 9.20680592e+01 -1.03951717e+00 -1.59737879e+01 9.31075764e+01 1.08041847e+02
3.98107171e+02 9.13799159e+01 -8.77070043e-01 -1.66617585e+01 9.22569859e+01 1.08041674e+02
4.46683592e+02 9.06446505e+01 -7.34791057e-01 -1.73968066e+01 9.13794415e+01 1.08041457e+02
5.01187234e+02 8.98670780e+01 -6.12155546e-01 -1.81741054e+01 9.04792336e+01 1.08041183e+02
5.62341325e+02 8.90522534e+01 -5.07914984e-01 -1.89885856e+01 8.95601684e+01 1.08040839e+02
6.30957344e+02 8.82051857e+01 -4.20364006e-01 -1.98352198e+01 8.86255497e+01 1.08040406e+02
7.07945784e+02 8.73306225e+01 -3.47572110e-01 -2.07092373e+01 8.76781946e+01 1.08039860e+02
7.94328235e+02 8.64329085e+01 -2.87563041e-01 -2.16062643e+01 8.67204715e+01 1.08039173e+02
8.91250938e+02 8.55159096e+01 -2.38439450e-01 -2.25223985e+01 8.57543491e+01 1.08038308e+02
1.00000000e+03 8.45829892e+01 -1.98459360e-01 -2.34542307e+01 8.47814485e+01 1.08037220e+02
1.12201845e+03 8.36370207e+01 -1.66074862e-01 -2.43988294e+01 8.38030956e+01 1.08035850e+02
1.25892541e+03 8.26804237e+01 -1.39943912e-01 -2.53537026e+01 8.28203676e+01 1.08034126e+02
1.41253754e+03 8.17152118e+01 -1.18924671e-01 -2.63167454e+01 8.18341365e+01 1.08031957e+02
1.58489319e+03 8.07430449e+01 -1.02059721e-01 -2.72861831e+01 8.08451046e+01 1.08029228e+02
1.77827941e+03 7.97652814e+01 -8.85553734e-02 -2.82605132e+01 7.98538367e+01 1.08025795e+02
1.99526231e+03 7.87830259e+01 -7.77595265e-02 -2.92384501e+01 7.88607854e+01 1.08021476e+02
2.23872114e+03 7.77971727e+01 -6.91401657e-02 -3.02188726e+01 7.78663129e+01 1.08016045e+02
2.51188643e+03 7.68084429e+01 -6.22656521e-02 -3.12007752e+01 7.68707085e+01 1.08009218e+02
2.81838293e+03 7.58174160e+01 -5.67873184e-02 -3.21832224e+01 7.58742033e+01 1.08000638e+02
3.16227766e+03 7.48245568e+01 -5.24244960e-02 -3.31653044e+01 7.48769813e+01 1.07989861e+02
3.54813389e+03 7.38302373e+01 -4.89518747e-02 -3.41460942e+01 7.38791892e+01 1.07976332e+02
3.98107171e+03 7.28347548e+01 -4.61889776e-02 -3.51246035e+01 7.28809438e+01 1.07959358e+02
4.46683592e+03 7.18383465e+01 -4.39914899e-02 -3.60997376e+01 7.18823380e+01 1.07938084e+02
5.01187234e+03 7.08412016e+01 -4.22441717e-02 -3.70702472e+01 7.08834458e+01 1.07911449e+02
5.62341325e+03 6.98434709e+01 -4.08551001e-02 -3.80346768e+01 6.98843260e+01 1.07878148e+02
6.30957344e+03 6.88452742e+01 -3.97510150e-02 -3.89913094e+01 6.88850252e+01 1.07836584e+02
7.07945784e+03 6.78467072e+01 -3.88735705e-02 -3.99381097e+01 6.78855808e+01 1.07784817e+02
7.94328235e+03 6.68478458e+01 -3.81763242e-02 -4.08726658e+01 6.68860221e+01 1.07720512e+02
8.91250938e+03 6.58487503e+01 -3.76223248e-02 -4.17921362e+01 6.58863727e+01 1.07640887e+02
1.00000000e+04 6.48494690e+01 -3.71821834e-02 -4.26932073e+01 6.48866512e+01 1.07542676e+02
1.12201845e+04 6.38500399e+01 -3.68325325e-02 -4.35720729e+01 6.38868724e+01 1.07422113e+02
1.25892541e+04 6.28504933e+01 -3.65547972e-02 -4.44244473e+01 6.28870481e+01 1.07274941e+02
1.41253754e+04 6.18508535e+01 -3.63342156e-02 -4.52456283e+01 6.18871877e+01 1.07096482e+02
1.58489319e+04 6.08511396e+01 -3.61590589e-02 -4.60306233e+01 6.08872986e+01 1.06881763e+02
1.77827941e+04 5.98513667e+01 -3.60200107e-02 -4.67743492e+01 5.98873867e+01 1.06625716e+02
1.99526231e+04 5.88515470e+01 -3.59096735e-02 -4.74719045e+01 5.88874567e+01 1.06323451e+02
2.23872114e+04 5.78516901e+01 -3.58221759e-02 -4.81188964e+01 5.78875122e+01 1.05970586e+02
2.51188643e+04 5.68518035e+01 -3.57528611e-02 -4.87117885e+01 5.68875564e+01 1.05563592e+02
2.81838293e+04 5.58518934e+01 -3.56980397e-02 -4.92482165e+01 5.58875914e+01 1.05100110e+02
3.16227766e+04 5.48519645e+01 -3.56547935e-02 -4.97272174e+01 5.48876193e+01 1.04579182e+02
3.54813389e+04 5.38520206e+01 -3.56208201e-02 -5.01493258e+01 5.38876414e+01 1.04001346e+02
3.98107171e+04 5.28520647e+01 -3.55943107e-02 -5.05165182e+01 5.28876590e+01 1.03368583e+02
4.46683592e+04 5.18520991e+01 -3.55738540e-02 -5.08320153e+01 5.18876729e+01 1.02684114e+02
5.01187234e+04 5.08521256e+01 -3.55583606e-02 -5.10999834e+01 5.08876840e+01 1.01952109e+02
5.62341325e+04 4.98521458e+01 -3.55470057e-02 -5.13251889e+01 4.98876928e+01 1.01177335e+02
6.30957344e+04 4.88521606e+01 -3.55391846e-02 -5.15126597e+01 4.88876997e+01 1.00364820e+02
7.07945784e+04 4.78521708e+01 -3.55344809e-02 -5.16673934e+01 4.78877053e+01 9.95195642e+01
7.94328235e+04 4.68521770e+01 -3.55326441e-02 -5.17941347e+01 4.68877096e+01 9.86463116e+01
8.91250938e+04 4.58521795e+01 -3.55335764e-02 -5.18972265e+01 4.58877131e+01 9.77494060e+01
1.00000000e+05 4.48521785e+01 -3.55373274e-02 -5.19805279e+01 4.48877158e+01 9.68327064e+01
1.12201845e+05 4.38521738e+01 -3.55440970e-02 -5.20473840e+01 4.38877179e+01 9.58995578e+01
1.25892541e+05 4.28521653e+01 -3.55542455e-02 -5.21006332e+01 4.28877195e+01 9.49527985e+01
1.41253754e+05 4.18521525e+01 -3.55683135e-02 -5.21426384e+01 4.18877208e+01 9.39947909e+01
1.58489319e+05 4.08521346e+01 -3.55870500e-02 -5.21753292e+01 4.08877217e+01 9.30274638e+01
1.77827941e+05 3.98521109e+01 -3.56114527e-02 -5.22002482e+01 3.98877223e+01 9.20523591e+01
1.99526231e+05 3.88520799e+01 -3.56428211e-02 -5.22185963e+01 3.88877227e+01 9.10706761e+01
2.23872114e+05 3.78520401e+01 -3.56828255e-02 -5.22312711e+01 3.78877229e+01 9.00833112e+01
2.51188643e+05 3.68519892e+01 -3.57335960e-02 -5.22389001e+01 3.68877228e+01 8.90908893e+01
2.81838293e+05 3.58519247e+01 -3.57978360e-02 -5.22418635e+01 3.58877226e+01 8.80937883e+01
3.16227766e+05 3.48518431e+01 -3.58789655e-02 -5.22403098e+01 3.48877221e+01 8.70921529e+01
3.54813389e+05 3.38517400e+01 -3.59813040e-02 -5.22341617e+01 3.38877213e+01 8.60859017e+01
3.98107171e+05 3.28516099e+01 -3.61102996e-02 -5.22231128e+01 3.28877202e+01 8.50747228e+01
4.46683592e+05 3.18514460e+01 -3.62728191e-02 -5.22066160e+01 3.18877188e+01 8.40580620e+01
5.01187234e+05 3.08512395e+01 -3.64775127e-02 -5.21838622e+01 3.08877170e+01 8.30351017e+01
5.62341325e+05 2.98509793e+01 -3.67352741e-02 -5.21537515e+01 2.98877146e+01 8.20047309e+01
6.30957344e+05 2.88506517e+01 -3.70598189e-02 -5.21148564e+01 2.88877116e+01 8.09655082e+01
7.07945784e+05 2.78502393e+01 -3.74684125e-02 -5.20653791e+01 2.78877077e+01 7.99156184e+01
7.94328235e+05 2.68497200e+01 -3.79827862e-02 -5.20031066e+01 2.68877028e+01 7.88528266e+01
8.91250938e+05 2.58490664e+01 -3.86302879e-02 -5.19253677e+01 2.58876967e+01 7.77744341e+01
1.00000000e+06 2.48482436e+01 -3.94453291e-02 -5.18290006e+01 2.48876889e+01 7.66772442e+01
1.12201845e+06 2.38472079e+01 -4.04712024e-02 -5.17103400e+01 2.38876791e+01 7.55575479e+01
1.25892541e+06 2.28459044e+01 -4.17623634e-02 -5.15652387e+01 2.28876668e+01 7.44111431e+01
1.41253754e+06 2.18442639e+01 -4.33872916e-02 -5.13891380e+01 2.18876512e+01 7.32334019e+01
1.58489319e+06 2.08421996e+01 -4.54320785e-02 -5.11772030e+01 2.08876316e+01 7.20194026e+01
1.77827941e+06 1.98396021e+01 -4.80049173e-02 -5.09245307e+01 1.98876070e+01 7.07641327e+01
1.99526231e+06 1.88363342e+01 -5.12417132e-02 -5.06264323e+01 1.88875760e+01 6.94627665e+01
2.23872114e+06 1.78322238e+01 -5.53130864e-02 -5.02787720e+01 1.78875369e+01 6.81109958e+01
2.51188643e+06 1.68270546e+01 -6.04330830e-02 -4.98783268e+01 1.68874877e+01 6.67053814e+01
2.81838293e+06 1.58205558e+01 -6.68699858e-02 -4.94231179e+01 1.58874258e+01 6.52436737e+01
3.16227766e+06 1.48123882e+01 -7.49596742e-02 -4.89126573e+01 1.48873478e+01 6.37250455e+01
3.54813389e+06 1.38021277e+01 -8.51220548e-02 -4.83480670e+01 1.38872497e+01 6.21501947e+01
3.98107171e+06 1.27892451e+01 -9.78811398e-02 -4.77320483e+01 1.28871262e+01 6.05212934e+01
4.46683592e+06 1.17730814e+01 -1.13889384e-01 -4.70687187e+01 1.18869708e+01 5.88418001e+01
5.01187234e+06 1.07528184e+01 -1.33956870e-01 -4.63633524e+01 1.08867752e+01 5.71161708e+01
5.62341325e+06 9.72744329e+00 -1.59085821e-01 -4.56220845e+01 9.88652911e+00 5.53495277e+01
6.30957344e+06 8.69570874e+00 -1.90510671e-01 -4.48516292e+01 8.88621941e+00 5.35473379e+01
7.07945784e+06 7.65608636e+00 -2.29743421e-01 -4.40590558e+01 7.88582978e+00 5.17151422e+01
7.94328235e+06 6.60671649e+00 -2.78623197e-01 -4.32516412e+01 6.88533968e+00 4.98583577e+01
8.91250938e+06 5.54535567e+00 -3.39367670e-01 -4.24368035e+01 5.88472333e+00 4.79821592e+01
1.00000000e+07 4.46932627e+00 -4.14622163e-01 -4.16221039e+01 4.88394843e+00 4.60914301e+01
1.12201845e+07 3.37547462e+00 -5.07499897e-01 -4.08152972e+01 3.88297452e+00 4.41907718e+01
1.25892541e+07 2.26014706e+00 -6.21603963e-01 -4.00244058e+01 2.88175102e+00 4.22845528e+01
1.41253754e+07 1.11919607e+00 -7.61018752e-01 -3.92577869e+01 1.88021482e+00 4.03769829e+01
1.58489319e+07 -5.19692763e-02 -9.30256599e-01 -3.85241667e+01 8.78287322e-01 3.84721974e+01
1.77827941e+07 -1.25827469e+00 -1.13414566e+00 -3.78326113e+01 -1.24129036e-01 3.65743366e+01
1.99526231e+07 -2.50480421e+00 -1.37764929e+00 -3.71924113e+01 -1.12715492e+00 3.46876071e+01
2.23872114e+07 -3.79655574e+00 -1.66561688e+00 -3.66128648e+01 -2.13093886e+00 3.28163091e+01
2.51188643e+07 -5.13814365e+00 -2.00248113e+00 -3.61029563e+01 -3.13566252e+00 3.09648126e+01
2.81838293e+07 -6.53348108e+00 -2.39193475e+00 -3.56709473e+01 -4.14154634e+00 2.91374663e+01
3.16227766e+07 -7.98548959e+00 -2.83663464e+00 -3.53239118e+01 -5.14885495e+00 2.73384222e+01
3.54813389e+07 -9.49588882e+00 -3.33798712e+00 -3.50672597e+01 -6.15790170e+00 2.55713709e+01
3.98107171e+07 -1.10651084e+01 -3.89605775e+00 -3.49042974e+01 -7.16905062e+00 2.38391891e+01
4.46683592e+07 -1.26923389e+01 -4.50962507e+00 -3.48358651e+01 -8.18271381e+00 2.21435262e+01
5.01187234e+07 -1.43757068e+01 -5.17636611e+00 -3.48600783e+01 -9.19934070e+00 2.04843715e+01
5.62341325e+07 -1.61125290e+01 -5.89313459e+00 -3.49721931e+01 -1.02193944e+01 1.88596641e+01
6.30957344e+07 -1.78995888e+01 -6.65628033e+00 -3.51646016e+01 -1.12433085e+01 1.72650127e+01
7.07945784e+07 -1.97333779e+01 -7.46196130e+00 -3.54269659e+01 -1.22714166e+01 1.56935880e+01
7.94328235e+07 -2.16102597e+01 -8.30641473e+00 -3.57464952e+01 -1.33038450e+01 1.41362355e+01
8.91250938e+07 -2.35265312e+01 -9.18617030e+00 -3.61083729e+01 -1.43403609e+01 1.25818416e+01
1.00000000e+08 -2.54783742e+01 -1.00982014e+01 -3.64963492e+01 -1.53801728e+01 1.10179750e+01
1.12201845e+08 -2.74617021e+01 -1.10400154e+01 -3.68935145e+01 -1.64216867e+01 9.43181242e+00
1.25892541e+08 -2.94719254e+01 -1.20096849e+01 -3.72832596e+01 -1.74622405e+01 7.81133426e+00
1.41253754e+08 -3.15036708e+01 -1.30058172e+01 -3.76503860e+01 -1.84978536e+01 6.14671519e+00
1.58489319e+08 -3.35505105e+01 -1.40274576e+01 -3.79822511e+01 -1.95230529e+01 4.43174055e+00
1.77827941e+08 -3.56047630e+01 -1.50739176e+01 -3.82697514e+01 -2.05308454e+01 2.66498843e+00
1.99526231e+08 -3.76574300e+01 -1.61445248e+01 -3.85079179e+01 -2.15129052e+01 8.50487973e-01
2.23872114e+08 -3.96983116e+01 -1.72382945e+01 -3.86959625e+01 -2.24600170e+01 -1.00234904e+00
2.51188643e+08 -4.17163112e+01 -1.83535381e+01 -3.88367701e+01 -2.33627731e+01 -2.87954109e+00
2.81838293e+08 -4.36999048e+01 -1.94874426e+01 -3.89359895e+01 -2.42124622e+01 -4.76391532e+00
3.16227766e+08 -4.56377218e+01 -2.06356767e+01 -3.90009626e+01 -2.50020451e+01 -6.63675923e+00
3.54813389e+08 -4.75191694e+01 -2.17920950e+01 -3.90397123e+01 -2.57270744e+01 -8.47945714e+00
3.98107171e+08 -4.93350307e+01 -2.29486174e+01 -3.90601275e+01 -2.63864133e+01 -1.02749032e+01
4.46683592e+08 -5.10779686e+01 -2.40953447e+01 -3.90693939e+01 -2.69826240e+01 -1.20085747e+01
5.01187234e+08 -5.27428709e+01 -2.52209344e+01 -3.90736554e+01 -2.75219365e+01 -1.36692156e+01
5.62341325e+08 -5.43269851e+01 -2.63132130e+01 -3.90778613e+01 -2.80137720e+01 -1.52491238e+01
6.30957344e+08 -5.58298166e+01 -2.73599513e+01 -3.90857468e+01 -2.84698653e+01 -1.67440698e+01
7.07945784e+08 -5.72528029e+01 -2.83496984e+01 -3.90998926e+01 -2.89031045e+01 -1.81529103e+01
7.94328235e+08 -5.85988158e+01 -2.92725627e+01 -3.91218230e+01 -2.93262531e+01 -1.94769928e+01
8.91250938e+08 -5.98715724e+01 -3.01208405e+01 -3.91521157e+01 -2.97507319e+01 -2.07194567e+01
1.00000000e+09 -6.10750416e+01 -3.08894278e+01 -3.91905161e+01 -3.01856138e+01 -2.18845254e+01
