# freq_hz rev(vout) imv(vout) rev(vinp) imv(vinp) rev(vinn) imv(vinn) rev(vdd) imv(vdd) rev(vss) imv(vss)
1.000000000000e-01 -2.592559521280e-01 1.039759215532e-04 0.000000000000e+00 0.000000000000e+00 1.654828187772e-22 4.126186630717e-19 0.000000000000e+00 0.000000000000e+00 1.000000000000e+00 0.000000000000e+00
1.122018454302e-01 -2.592559414258e-01 1.166628980181e-04 0.000000000000e+00 0.000000000000e+00 1.654828120146e-22 3.677467553733e-19 0.000000000000e+00 0.000000000000e+00 1.000000000000e+00 0.000000000000e+00
1.258925411794e-01 -2.592559279555e-01 1.308979177730e-04 0.000000000000e+00 0.000000000000e+00 1.654828034992e-22 3.277546236928e-19 0.000000000000e+00 0.000000000000e+00 1.000000000000e+00 0.000000000000e+00
1.412537544623e-01 -2.592559109935e-01 1.468698698518e-04 0.000000000000e+00 0.000000000000e+00 1.654827927736e-22 2.921115967323e-19 0.000000000000e+00 0.000000000000e+00 1.000000000000e+00 0.000000000000e+00
1.584893192461e-01 -2.592558896433e-01 1.647906909083e-04 0.000000000000e+00 0.000000000000e+00 1.654827792709e-22 2.603447131875e-19 0.000000000000e+00 0.000000000000e+00 1.000000000000e+00 0.000000000000e+00
1.778279410039e-01 -2.592558627600e-01 1.848981772974e-04 0.000000000000e+00 0.000000000000e+00 1.654827622669e-22 2.320324458062e-19 0.000000000000e+00 0.000000000000e+00 1.000000000000e+00 0.000000000000e+00
1.995262314969e-01 -2.592558289201e-01 2.074591402593e-04 0.000000000000e+00 0.000000000000e+00 1.654827408615e-22 2.067991080093e-19 0.000000000000e+00 0.000000000000e+00 1.000000000000e+00 0.000000000000e+00
2.238721138568e-01 -2.592557863178e-01 2.327729459770e-04 0.000000000000e+00 0.000000000000e+00 1.654827139122e-22 1.843098687318e-19 0.000000000000e+00 0.000000000000e+00 1.000000000000e+00 0.000000000000e+00
2.511886431510e-01 -2.592557326859e-01 2.611754875021e-04 0.000000000000e+00 0.000000000000e+00 1.654826799849e-22 1.642663094329e-19 0.000000000000e+00 0.000000000000e+00 1.000000000000e+00 0.000000000000e+00
2.818382931264e-01 -2.592556651669e-01 2.930436411509e-04 0.000000000000e+00 0.000000000000e+00 1.654826372720e-22 1.464024642577e-19 0.000000000000e+00 0.000000000000e+00 1.000000000000e+00 0.000000000000e+00
3.162277660168e-01 -2.592555801652e-01 3.288002664444e-04 0.000000000000e+00 0.000000000000e+00 1.654825834989e-22 1.304812908341e-19 0.000000000000e+00 0.000000000000e+00 1.000000000000e+00 0.000000000000e+00
3.548133892336e-01 -2.592554731532e-01 3.689198158078e-04 0.000000000000e+00 0.000000000000e+00 1.654825158013e-22 1.162915248635e-19 0.000000000000e+00 0.000000000000e+00 1.000000000000e+00 0.000000000000e+00
3.981071705535e-01 -2.592553384337e-01 4.139346283108e-04 0.000000000000e+00 0.000000000000e+00 1.654824305751e-22 1.036448767735e-19 0.000000000000e+00 0.000000000000e+00 1.000000000000e+00 0.000000000000e+00
4.466835921510e-01 -2.592551688283e-01 4.644419907028e-04 0.000000000000e+00 0.000000000000e+00 1.654823232791e-22 9.237353322616e-20 0.000000000000e+00 0.000000000000e+00 1.000000000000e+00 0.000000000000e+00
5.011872336273e-01 -2.592549553172e-01 5.211120591729e-04 0.000000000000e+00 0.000000000000e+00 1.654821882072e-22 8.232793034486e-20 0.000000000000e+00 0.000000000000e+00 1.000000000000e+00 0.000000000000e+00
5.623413251903e-01 -2.592546865134e-01 5.846967463094e-04 0.000000000000e+00 0.000000000000e+00 1.654820181557e-22 7.337476907709e-20 0.000000000000e+00 0.000000000000e+00 1.000000000000e+00 0.000000000000e+00
6.309573444802e-01 -2.592543481176e-01 6.560396908376e-04 0.000000000000e+00 0.000000000000e+00 1.654818040787e-22 6.539524641714e-20 0.000000000000e+00 0.000000000000e+00 1.000000000000e+00 0.000000000000e+00
7.079457843841e-01 -2.592539221006e-01 7.360874410590e-04 0.000000000000e+00 0.000000000000e+00 1.654815345702e-22 5.828347894489e-20 0.000000000000e+00 0.000000000000e+00 1.000000000000e+00 0.000000000000e+00
7.943282347243e-01 -2.592533857795e-01 8.259019994839e-04 0.000000000000e+00 0.000000000000e+00 1.654811952806e-22 5.194509782777e-20 0.000000000000e+00 0.000000000000e+00 1.000000000000e+00 0.000000000000e+00
8.912509381337e-01 -2.592527105950e-01 9.266748929388e-04 0.000000000000e+00 0.000000000000e+00 1.654807681428e-22 4.629599659954e-20 0.000000000000e+00 0.000000000000e+00 1.000000000000e+00 0.000000000000e+00
1.000000000000e+00 -2.592518605893e-01 1.039742952333e-03 0.000000000000e+00 0.000000000000e+00 1.654802304087e-22 4.126121511856e-20 0.000000000000e+00 0.000000000000e+00 1.000000000000e+00 0.000000000000e+00
1.122018454302e+00 -2.592507905066e-01 1.166606007781e-03 0.000000000000e+00 0.000000000000e+00 1.654795534486e-22 3.677394489495e-20 0.000000000000e+00 0.000000000000e+00 1.000000000000e+00 0.000000000000e+00
1.258925411794e+00 -2.592494433690e-01 1.308946728424e-03 0.000000000000e+00 0.000000000000e+00 1.654787012169e-22 3.277464257965e-20 0.000000000000e+00 0.000000000000e+00 1.000000000000e+00 0.000000000000e+00
1.412537544623e+00 -2.592477474376e-01 1.468652862864e-03 0.000000000000e+00 0.000000000000e+00 1.654776283298e-22 2.921023986032e-20 0.000000000000e+00 0.000000000000e+00 1.000000000000e+00 0.000000000000e+00
1.584893192461e+00 -2.592456124205e-01 1.647842164951e-03 0.000000000000e+00 0.000000000000e+00 1.654762776663e-22 2.603343928024e-20 0.000000000000e+00 0.000000000000e+00 1.000000000000e+00 0.000000000000e+00
1.778279410039e+00 -2.592429246391e-01 1.848890320340e-03 0.000000000000e+00 0.000000000000e+00 1.654745773109e-22 2.320208662654e-20 0.000000000000e+00 0.000000000000e+00 1.000000000000e+00 0.000000000000e+00
1.995262314969e+00 -2.592395409992e-01 2.074462223896e-03 0.000000000000e+00 0.000000000000e+00 1.654724367386e-22 2.067861157170e-20 0.000000000000e+00 0.000000000000e+00 1.000000000000e+00 0.000000000000e+00
2.238721138568e+00 -2.592352813809e-01 2.327546992979e-03 0.000000000000e+00 0.000000000000e+00 1.654697420011e-22 1.842952913822e-20 0.000000000000e+00 0.000000000000e+00 1.000000000000e+00 0.000000000000e+00
2.511886431510e+00 -2.592299190323e-01 2.611497139090e-03 0.000000000000e+00 0.000000000000e+00 1.654663496497e-22 1.642499537151e-20 0.000000000000e+00 0.000000000000e+00 1.000000000000e+00 0.000000000000e+00
2.818382931264e+00 -2.592231685459e-01 2.930072359231e-03 0.000000000000e+00 0.000000000000e+00 1.654620791290e-22 1.463841133168e-20 0.000000000000e+00 0.000000000000e+00 1.000000000000e+00 0.000000000000e+00
3.162277660168e+00 -2.592146706826e-01 3.287488443724e-03 0.000000000000e+00 0.000000000000e+00 1.654567031752e-22 1.304607014138e-20 0.000000000000e+00 0.000000000000e+00 1.000000000000e+00 0.000000000000e+00
3.548133892336e+00 -2.592039732855e-01 3.688471831859e-03 0.000000000000e+00 0.000000000000e+00 1.654499357433e-22 1.162684241047e-20 0.000000000000e+00 0.000000000000e+00 1.000000000000e+00 0.000000000000e+00
3.981071705535e+00 -2.591905073187e-01 4.138320373460e-03 0.000000000000e+00 0.000000000000e+00 1.654414168472e-22 1.036189586460e-20 0.000000000000e+00 0.000000000000e+00 1.000000000000e+00 0.000000000000e+00
4.466835921510e+00 -2.591735566355e-01 4.642970866011e-03 0.000000000000e+00 0.000000000000e+00 1.654306934354e-22 9.234445451336e-21 0.000000000000e+00 0.000000000000e+00 1.000000000000e+00 0.000000000000e+00
5.011872336273e+00 -2.591522201216e-01 5.209073935553e-03 0.000000000000e+00 0.000000000000e+00 1.654171954410e-22 8.229530618143e-21 0.000000000000e+00 0.000000000000e+00 1.000000000000e+00 0.000000000000e+00
5.623413251903e+00 -2.591253639852e-01 5.844076784356e-03 0.000000000000e+00 0.000000000000e+00 1.654002056000e-22 7.333816796192e-21 0.000000000000e+00 0.000000000000e+00 1.000000000000e+00 0.000000000000e+00
6.309573444802e+00 -2.590915619508e-01 6.556314249057e-03 0.000000000000e+00 0.000000000000e+00 1.653788216160e-22 6.535418465069e-21 0.000000000000e+00 0.000000000000e+00 1.000000000000e+00 0.000000000000e+00
7.079457843841e+00 -2.590490201460e-01 7.355108448974e-03 0.000000000000e+00 0.000000000000e+00 1.653519086422e-22 5.823741445854e-21 0.000000000000e+00 0.000000000000e+00 1.000000000000e+00 0.000000000000e+00
7.943282347243e+00 -2.589954828651e-01 8.250877042432e-03 0.000000000000e+00 0.000000000000e+00 1.653180396643e-22 5.189342331607e-21 0.000000000000e+00 0.000000000000e+00 1.000000000000e+00 0.000000000000e+00
8.912509381337e+00 -2.589281146064e-01 9.255249698454e-03 0.000000000000e+00 0.000000000000e+00 1.652754208756e-22 4.623803194122e-21 0.000000000000e+00 0.000000000000e+00 1.000000000000e+00 0.000000000000e+00
1.000000000000e+01 -2.588433523578e-01 1.038119175055e-02 0.000000000000e+00 0.000000000000e+00 1.652217982285e-22 4.119619901422e-21 0.000000000000e+00 0.000000000000e+00 1.000000000000e+00 0.000000000000e+00
1.122018454302e+01 -2.587367211858e-01 1.164313307236e-02 0.000000000000e+00 0.000000000000e+00 1.651543407720e-22 3.670102570793e-21 0.000000000000e+00 0.000000000000e+00 1.000000000000e+00 0.000000000000e+00
1.258925411794e+01 -2.586026042437e-01 1.305709883230e-02 0.000000000000e+00 0.000000000000e+00 1.650694951529e-22 3.269286835919e-21 0.000000000000e+00 0.000000000000e+00 1.000000000000e+00 0.000000000000e+00
1.412537544623e+01 -2.584339568232e-01 1.464083682257e-02 0.000000000000e+00 0.000000000000e+00 1.649628047186e-22 2.911854757262e-21 0.000000000000e+00 0.000000000000e+00 1.000000000000e+00 0.000000000000e+00
1.584893192461e+01 -2.582219520419e-01 1.641393325838e-02 0.000000000000e+00 0.000000000000e+00 1.648286853700e-22 2.593064332524e-21 0.000000000000e+00 0.000000000000e+00 1.000000000000e+00 0.000000000000e+00
1.778279410039e+01 -2.579555435045e-01 1.839790500610e-02 0.000000000000e+00 0.000000000000e+00 1.646601488903e-22 2.308686678535e-21 0.000000000000e+00 0.000000000000e+00 1.000000000000e+00 0.000000000000e+00
1.995262314969e+01 -2.576209286931e-01 2.061625077729e-02 0.000000000000e+00 0.000000000000e+00 1.644484634733e-22 2.054950065354e-21 0.000000000000e+00 0.000000000000e+00 1.000000000000e+00 0.000000000000e+00
2.238721138568e+01 -2.572008949731e-01 2.309443636896e-02 0.000000000000e+00 0.000000000000e+00 1.641827399902e-22 1.828490073972e-21 0.000000000000e+00 0.000000000000e+00 1.000000000000e+00 0.000000000000e+00
2.511886431510e+01 -2.566740300678e-01 2.585977905272e-02 0.000000000000e+00 0.000000000000e+00 1.638494325172e-22 1.626305239607e-21 0.000000000000e+00 0.000000000000e+00 1.000000000000e+00 0.000000000000e+00
2.818382931264e+01 -2.560137804127e-01 2.894118303211e-02 0.000000000000e+00 0.000000000000e+00 1.634317426277e-22 1.445717620567e-21 0.000000000000e+00 0.000000000000e+00 1.000000000000e+00 0.000000000000e+00
3.162277660168e+01 -2.551873465450e-01 3.236866101750e-02 0.000000000000e+00 0.000000000000e+00 1.629089205888e-22 1.284337809065e-21 0.000000000000e+00 0.000000000000e+00 1.000000000000e+00 0.000000000000e+00
3.548133892336e+01 -2.541544162345e-01 3.617255609717e-02 0.000000000000e+00 0.000000000000e+00 1.622554639093e-22 1.140033969398e-21 0.000000000000e+00 0.000000000000e+00 1.000000000000e+00 0.000000000000e+00
3.981071705535e+01 -2.528657575228e-01 4.038235372425e-02 0.000000000000e+00 0.000000000000e+00 1.614402272625e-22 1.010904555989e-21 0.000000000000e+00 0.000000000000e+00 1.000000000000e+00 0.000000000000e+00
4.466835921510e+01 -2.512617295983e-01 4.502494768849e-02 0.000000000000e+00 0.000000000000e+00 1.604254804295e-22 8.952544256846e-22 0.000000000000e+00 0.000000000000e+00 1.000000000000e+00 0.000000000000e+00
5.011872336273e+01 -2.492708251050e-01 5.012220087267e-02 0.000000000000e+00 0.000000000000e+00 1.591659861285e-22 7.915741128705e-22 0.000000000000e+00 0.000000000000e+00 1.000000000000e+00 0.000000000000e+00
5.623413251903e+01 -2.468084402040e-01 5.568763034134e-02 0.000000000000e+00 0.000000000000e+00 1.576082219264e-22 6.985220807303e-22 0.000000000000e+00 0.000000000000e+00 1.000000000000e+00 0.000000000000e+00
6.309573444802e+01 -2.437761817022e-01 6.172206178589e-02 0.000000000000e+00 0.000000000000e+00 1.556899419111e-22 6.149097821809e-22 0.000000000000e+00 0.000000000000e+00 1.000000000000e+00 0.000000000000e+00
7.079457843841e+01 -2.400621651388e-01 6.820816435781e-02 0.000000000000e+00 0.000000000000e+00 1.533403652684e-22 5.396893529697e-22 0.000000000000e+00 0.000000000000e+00 1.000000000000e+00 0.000000000000e+00
7.943282347243e+01 -2.355429186140e-01 7.510392524454e-02 0.000000000000e+00 0.000000000000e+00 1.504813806905e-22 4.719436898869e-22 0.000000000000e+00 0.000000000000e+00 1.000000000000e+00 0.000000000000e+00
8.912509381337e+01 -2.300876491899e-01 8.233539066031e-02 0.000000000000e+00 0.000000000000e+00 1.470302454035e-22 4.108785208086e-22 0.000000000000e+00 0.000000000000e+00 1.000000000000e+00 0.000000000000e+00
1.000000000000e+02 -2.235656808935e-01 8.978941392114e-02 0.000000000000e+00 0.000000000000e+00 1.429042906288e-22 3.558158321991e-22 0.000000000000e+00 0.000000000000e+00 1.000000000000e+00 0.000000000000e+00
1.122018454302e+02 -2.158577231126e-01 9.730770315637e-02 0.000000000000e+00 0.000000000000e+00 1.380280502417e-22 3.061876879673e-22 0.000000000000e+00 0.000000000000e+00 1.000000000000e+00 0.000000000000e+00
1.258925411794e+02 -2.068711371521e-01 1.046840646401e-01 0.000000000000e+00 0.000000000000e+00 1.323429187650e-22 2.615291084948e-22 0.000000000000e+00 0.000000000000e+00 1.000000000000e+00 0.000000000000e+00
1.412537544623e+02 -1.965584217551e-01 1.116671841903e-01 0.000000000000e+00 0.000000000000e+00 1.258188457552e-22 2.214684101513e-22 0.000000000000e+00 0.000000000000e+00 1.000000000000e+00 0.000000000000e+00
1.584893192461e+02 -1.849367515690e-01 1.179712403944e-01 0.000000000000e+00 0.000000000000e+00 1.184666963096e-22 1.857134494083e-22 0.000000000000e+00 0.000000000000e+00 1.000000000000e+00 0.000000000000e+00
1.778279410039e+02 -1.721048536077e-01 1.232957154345e-01 0.000000000000e+00 0.000000000000e+00 1.103489275233e-22 1.540328141188e-22 0.000000000000e+00 0.000000000000e+00 1.000000000000e+00 0.000000000000e+00
1.995262314969e+02 -1.582524093417e-01 1.273537527296e-01 0.000000000000e+00 0.000000000000e+00 1.015855364789e-22 1.262322904311e-22 0.000000000000e+00 0.000000000000e+00 1.000000000000e+00 0.000000000000e+00
2.238721138568e+02 -1.436573418227e-01 1.299055754905e-01 0.000000000000e+00 0.000000000000e+00 9.235234401608e-23 1.021287362174e-22 0.000000000000e+00 0.000000000000e+00 1.000000000000e+00 0.000000000000e+00
2.511886431510e+02 -1.286683895608e-01 1.307907568236e-01 0.000000000000e+00 0.000000000000e+00 8.286997054517e-23 8.152522327996e-23 0.000000000000e+00 0.000000000000e+00 1.000000000000e+00 0.000000000000e+00
2.818382931264e+02 -1.136741008381e-01 1.299518771803e-01 0.000000000000e+00 0.000000000000e+00 7.338422110028e-23 6.419211118979e-23 0.000000000000e+00 0.000000000000e+00 1.000000000000e+00 0.000000000000e+00
3.162277660168e+02 -9.906357398756e-02 1.274433793198e-01 0.000000000000e+00 0.000000000000e+00 6.414124869101e-23 4.985791627048e-23 0.000000000000e+00 0.000000000000e+00 1.000000000000e+00 0.000000000000e+00
3.548133892336e+02 -8.518708061273e-02 1.234231675806e-01 0.000000000000e+00 0.000000000000e+00 5.536264359962e-23 3.821148067825e-23 0.000000000000e+00 0.000000000000e+00 1.000000000000e+00 0.000000000000e+00
3.981071705535e+02 -7.232475005508e-02 1.181292805189e-01 0.000000000000e+00 0.000000000000e+00 4.722562241803e-23 2.891392652673e-23 0.000000000000e+00 0.000000000000e+00 1.000000000000e+00 0.000000000000e+00
4.466835921510e+02 -6.066874269205e-02 1.118477547517e-01 0.000000000000e+00 0.000000000000e+00 3.985175044544e-23 2.161648750990e-23 0.000000000000e+00 0.000000000000e+00 1.000000000000e+00 0.000000000000e+00
5.011872336273e+02 -5.032016065278e-02 1.048791457105e-01 0.000000000000e+00 0.000000000000e+00 3.330498733231e-23 1.597946190111e-23 0.000000000000e+00 0.000000000000e+00 1.000000000000e+00 0.000000000000e+00
5.623413251903e+02 -4.129817919455e-02 9.750997405006e-02 0.000000000000e+00 0.000000000000e+00 2.759746381004e-23 1.168829155012e-23 0.000000000000e+00 0.000000000000e+00 1.000000000000e+00 0.000000000000e+00
6.309573444802e+02 -3.355678773672e-02 8.999266481436e-02 0.000000000000e+00 0.000000000000e+00 2.270007247323e-23 8.464484468416e-24 0.000000000000e+00 0.000000000000e+00 1.000000000000e+00 0.000000000000e+00
7.079457843841e+02 -2.700431152573e-02 8.253469659999e-02 0.000000000000e+00 0.000000000000e+00 1.855481765727e-23 6.070902262455e-24 0.000000000000e+00 0.000000000000e+00 1.000000000000e+00 0.000000000000e+00
7.943282347243e+02 -2.152196126302e-02 7.529563769378e-02 0.000000000000e+00 0.000000000000e+00 1.508655038100e-23 4.312230599773e-24 0.000000000000e+00 0.000000000000e+00 1.000000000000e+00 0.000000000000e+00
8.912509381337e+02 -1.697920197626e-02 6.838978518951e-02 0.000000000000e+00 0.000000000000e+00 1.221269106622e-23 3.032057312540e-24 0.000000000000e+00 0.000000000000e+00 1.000000000000e+00 0.000000000000e+00
1.000000000000e+03 -1.324513024957e-02 6.189205850071e-02 0.000000000000e+00 0.000000000000e+00 9.850427048521e-24 2.108027951116e-24 0.000000000000e+00 0.000000000000e+00 1.000000000000e+00 0.000000000000e+00
1.122018454302e+03 -1.019600827494e-02 5.584523626103e-02 0.000000000000e+00 0.000000000000e+00 7.921478800104e-24 1.446273107666e-24 0.000000000000e+00 0.000000000000e+00 1.000000000000e+00 0.000000000000e+00
1.258925411794e+03 -7.719605173571e-03 5.026722644656e-02 0.000000000000e+00 0.000000000000e+00 6.354846355105e-24 9.759222512956e-25 0.000000000000e+00 0.000000000000e+00 1.000000000000e+00 0.000000000000e+00
1.412537544623e+03 -5.717154269445e-03 4.515761824151e-02 0.000000000000e+00 0.000000000000e+00 5.088047527482e-24 6.441693290666e-25 0.000000000000e+00 0.000000000000e+00 1.000000000000e+00 0.000000000000e+00
1.584893192461e+03 -4.103685517725e-03 4.050317679422e-02 0.000000000000e+00 0.000000000000e+00 4.067328213906e-24 4.120920186593e-25 0.000000000000e+00 0.000000000000e+00 1.000000000000e+00 0.000000000000e+00
1.778279410039e+03 -2.807352850201e-03 3.628221862479e-02 0.000000000000e+00 0.000000000000e+00 3.247236855961e-24 2.512564001980e-25 0.000000000000e+00 0.000000000000e+00 1.000000000000e+00 0.000000000000e+00
1.995262314969e+03 -1.768213977774e-03 3.246795243516e-02 0.000000000000e+00 0.000000000000e+00 2.589852513808e-24 1.410441087849e-25 0.000000000000e+00 0.000000000000e+00 1.000000000000e+00 0.000000000000e+00
2.238721138568e+03 -9.367758867588e-04 2.903093971422e-02 0.000000000000e+00 0.000000000000e+00 2.063864712099e-24 6.659717924595e-26 0.000000000000e+00 0.000000000000e+00 1.000000000000e+00 0.000000000000e+00
2.511886431510e+03 -2.725047392528e-04 2.594084570486e-02 0.000000000000e+00 0.000000000000e+00 1.643630766950e-24 1.726609759264e-26 0.000000000000e+00 0.000000000000e+00 1.000000000000e+00 0.000000000000e+00
2.818382931264e+03 2.575842402754e-04 2.316764039524e-02 0.000000000000e+00 0.000000000000e+00 1.308283713961e-24 -1.454586055274e-26 0.000000000000e+00 0.000000000000e+00 1.000000000000e+00 0.000000000000e+00
3.162277660168e+03 6.801978586813e-04 2.068238585092e-02 0.000000000000e+00 0.000000000000e+00 1.040928184318e-24 -3.423382230259e-26 0.000000000000e+00 0.000000000000e+00 1.000000000000e+00 0.000000000000e+00
3.548133892336e+03 1.016874014042e-03 1.845772183756e-02 0.000000000000e+00 0.000000000000e+00 8.279387863600e-25 -4.561285756046e-26 0.000000000000e+00 0.000000000000e+00 1.000000000000e+00 0.000000000000e+00
3.981071705535e+03 1.284927607504e-03 1.646813526796e-02 0.000000000000e+00 0.000000000000e+00 6.583616988756e-25 -5.136872565375e-26 0.000000000000e+00 0.000000000000e+00 1.000000000000e+00 0.000000000000e+00
4.466835921510e+03 1.498244010602e-03 1.469007891866e-02 0.000000000000e+00 0.000000000000e+00 5.234127054133e-25 -5.338296378805e-26 0.000000000000e+00 0.000000000000e+00 1.000000000000e+00 0.000000000000e+00
5.011872336273e+03 1.667936430393e-03 1.310198869260e-02 0.000000000000e+00 0.000000000000e+00 4.160613289507e-25 -5.296629878994e-26 0.000000000000e+00 0.000000000000e+00 1.000000000000e+00 0.000000000000e+00
5.623413251903e+03 1.802885497269e-03 1.168423389885e-02 0.000000000000e+00 0.000000000000e+00 3.306894759360e-25 -5.102561840391e-26 0.000000000000e+00 0.000000000000e+00 1.000000000000e+00 0.000000000000e+00
6.309573444802e+03 1.910179009758e-03 1.041902584142e-02 0.000000000000e+00 0.000000000000e+00 2.628132439334e-25 -4.818304030424e-26 0.000000000000e+00 0.000000000000e+00 1.000000000000e+00 0.000000000000e+00
7.079457843841e+03 1.995468320011e-03 9.290302761736e-03 0.000000000000e+00 0.000000000000e+00 2.088574633772e-25 -4.486058875105e-26 0.000000000000e+00 0.000000000000e+00 1.000000000000e+00 0.000000000000e+00
7.943282347243e+03 2.063255955313e-03 8.283602602789e-03 0.000000000000e+00 0.000000000000e+00 1.659737427438e-25 -4.134026335673e-26 0.000000000000e+00 0.000000000000e+00 1.000000000000e+00 0.000000000000e+00
8.912509381337e+03 2.117126937542e-03 7.385932549709e-03 0.000000000000e+00 0.000000000000e+00 1.318941304108e-25 -3.780654839685e-26 0.000000000000e+00 0.000000000000e+00 1.000000000000e+00 0.000000000000e+00
1.000000000000e+04 2.159934358687e-03 6.585640057790e-03 0.000000000000e+00 0.000000000000e+00 1.048137168621e-25 -3.437642299391e-26 0.000000000000e+00 0.000000000000e+00 1.000000000000e+00 0.000000000000e+00
1.122018454302e+04 2.193947932571e-03 5.872289318409e-03 0.000000000000e+00 0.000000000000e+00 8.329665779624e-26 -3.112049155842e-26 0.000000000000e+00 0.000000000000e+00 1.000000000000e+00 0.000000000000e+00
1.258925411794e+04 2.220972733109e-03 5.236544640051e-03 0.000000000000e+00 0.000000000000e+00 6.620105975918e-26 -2.807781824365e-26 0.000000000000e+00 0.000000000000e+00 1.000000000000e+00 0.000000000000e+00
1.412537544623e+04 2.242443970065e-03 4.670062180100e-03 0.000000000000e+00 0.000000000000e+00 5.261902477134e-26 -2.526630487105e-26 0.000000000000e+00 0.000000000000e+00 1.000000000000e+00 0.000000000000e+00
1.584893192461e+04 2.259502565042e-03 4.165390321813e-03 0.000000000000e+00 0.000000000000e+00 4.182884138673e-26 -2.268992029657e-26 0.000000000000e+00 0.000000000000e+00 1.000000000000e+00 0.000000000000e+00
1.778279410039e+04 2.273055373316e-03 3.715878570762e-03 0.000000000000e+00 0.000000000000e+00 3.325689085345e-26 -2.034370957356e-26 0.000000000000e+00 0.000000000000e+00 1.000000000000e+00 0.000000000000e+00
1.995262314969e+04 2.283823135406e-03 3.315594910755e-03 0.000000000000e+00 0.000000000000e+00 2.644731549221e-26 -1.821724083197e-26 0.000000000000e+00 0.000000000000e+00 1.000000000000e+00 0.000000000000e+00
2.238721138568e+04 2.292378645858e-03 2.959250983819e-03 0.000000000000e+00 0.000000000000e+00 2.103787800144e-26 -1.629695573250e-26 0.000000000000e+00 0.000000000000e+00 1.000000000000e+00 0.000000000000e+00
2.511886431510e+04 2.299177119891e-03 2.642134740510e-03 0.000000000000e+00 0.000000000000e+00 1.674075702595e-26 -1.456775270905e-26 0.000000000000e+00 0.000000000000e+00 1.000000000000e+00 0.000000000000e+00
2.818382931264e+04 2.304580351272e-03 2.360049844572e-03 0.000000000000e+00 0.000000000000e+00 1.332727339994e-26 -1.301403548072e-26 0.000000000000e+00 0.000000000000e+00 1.000000000000e+00 0.000000000000e+00
3.162277660168e+04 2.308875923884e-03 2.109261425761e-03 0.000000000000e+00 0.000000000000e+00 1.061574656809e-26 -1.162039060961e-26 0.000000000000e+00 0.000000000000e+00 1.000000000000e+00 0.000000000000e+00
3.548133892336e+04 2.312292492668e-03 1.886447503576e-03 0.000000000000e+00 0.000000000000e+00 8.461840905326e-27 -1.037200937872e-26 0.000000000000e+00 0.000000000000e+00 1.000000000000e+00 0.000000000000e+00
3.981071705535e+04 2.315011939772e-03 1.688655586583e-03 0.000000000000e+00 0.000000000000e+00 6.750892816394e-27 -9.254934871413e-27 0.000000000000e+00 0.000000000000e+00 1.000000000000e+00 0.000000000000e+00
4.466835921510e+04 2.317179045966e-03 1.513264012374e-03 0.000000000000e+00 0.000000000000e+00 5.391813176139e-27 -8.256190862498e-27 0.000000000000e+00 0.000000000000e+00 1.000000000000e+00 0.000000000000e+00
5.011872336273e+04 2.318909192096e-03 1.357947509626e-03 0.000000000000e+00 0.000000000000e+00 4.312241895152e-27 -7.363832032040e-27 0.000000000000e+00 0.000000000000e+00 1.000000000000e+00 0.000000000000e+00
5.623413251903e+04 2.320294499667e-03 1.220646565443e-03 0.000000000000e+00 0.000000000000e+00 3.454697813515e-27 -6.566942931430e-27 0.000000000000e+00 0.000000000000e+00 1.000000000000e+00 0.000000000000e+00
6.309573444802e+04 2.321408730753e-03 1.099540314467e-03 0.000000000000e+00 0.000000000000e+00 2.773519917110e-27 -5.855604624754e-27 0.000000000000e+00 0.000000000000e+00 1.000000000000e+00 0.000000000000e+00
7.079457843841e+04 2.322311216203e-03 9.930224631852e-04 0.000000000000e+00 0.000000000000e+00 2.232436962030e-27 -5.220842013744e-27 0.000000000000e+00 0.000000000000e+00 1.000000000000e+00 0.000000000000e+00
7.943282347243e+04 2.323050012487e-03 8.996800832417e-04 0.000000000000e+00 0.000000000000e+00 1.802636821779e-27 -4.654560625876e-27 0.000000000000e+00 0.000000000000e+00 1.000000000000e+00 0.000000000000e+00
8.912509381337e+04 2.323664460371e-03 8.182749162804e-04 0.000000000000e+00 0.000000000000e+00 1.461232658075e-27 -4.149478773389e-27 0.000000000000e+00 0.000000000000e+00 1.000000000000e+00 0.000000000000e+00
1.000000000000e+05 2.324187279695e-03 7.477269805275e-04 0.000000000000e+00 0.000000000000e+00 1.190044450341e-27 -3.699058942347e-27 0.000000000000e+00 0.000000000000e+00 1.000000000000e+00 0.000000000000e+00
1.122018454302e+05 2.324646311077e-03 6.871002703795e-04 0.000000000000e+00 0.000000000000e+00 9.746310678885e-28 -3.297440874788e-27 0.000000000000e+00 0.000000000000e+00 1.000000000000e+00 0.000000000000e+00
1.258925411794e+05 2.325065998091e-03 6.355903511696e-04 0.000000000000e+00 0.000000000000e+00 8.035213621273e-28 -2.939377846728e-27 0.000000000000e+00 0.000000000000e+00 1.000000000000e+00 0.000000000000e+00
1.412537544623e+05 2.325468689105e-03 5.925136868542e-04 0.000000000000e+00 0.000000000000e+00 6.676033672268e-28 -2.620176987759e-27 0.000000000000e+00 0.000000000000e+00 1.000000000000e+00 0.000000000000e+00
1.584893192461e+05 2.325875826936e-03 5.572985678438e-04 0.000000000000e+00 0.000000000000e+00 5.596391117854e-28 -2.335644046145e-27 0.000000000000e+00 0.000000000000e+00 1.000000000000e+00 0.000000000000e+00
1.778279410039e+05 2.326309089989e-03 5.294775119565e-04 0.000000000000e+00 0.000000000000e+00 4.738792048547e-28 -2.082032715113e-27 0.000000000000e+00 0.000000000000e+00 1.000000000000e+00 0.000000000000e+00
1.995262314969e+05 2.326791545783e-03 5.086810459201e-04 0.000000000000e+00 0.000000000000e+00 4.057566882709e-28 -1.855998448312e-27 0.000000000000e+00 0.000000000000e+00 1.000000000000e+00 0.000000000000e+00
2.238721138568e+05 2.327348880087e-03 4.946327408481e-04 0.000000000000e+00 0.000000000000e+00 3.516438218447e-28 -1.654556577789e-27 0.000000000000e+00 0.000000000000e+00 1.000000000000e+00 0.000000000000e+00
2.511886431510e+05 2.328010761081e-03 4.871455150746e-04 0.000000000000e+00 0.000000000000e+00 3.086589256449e-28 -1.475044474740e-27 0.000000000000e+00 0.000000000000e+00 1.000000000000e+00 0.000000000000e+00
2.818382931264e+05 2.328812417468e-03 4.861190583816e-04 0.000000000000e+00 0.000000000000e+00 2.745129138214e-28 -1.315087469705e-27 0.000000000000e+00 0.000000000000e+00 1.000000000000e+00 0.000000000000e+00
3.162277660168e+05 2.329796525499e-03 4.915383848603e-04 0.000000000000e+00 0.000000000000e+00 2.473873962913e-28 -1.172568234921e-27 0.000000000000e+00 0.000000000000e+00 1.000000000000e+00 0.000000000000e+00
3.548133892336e+05 2.331015416238e-03 5.034734733809e-04 0.000000000000e+00 0.000000000000e+00 2.258378472619e-28 -1.045599284511e-27 0.000000000000e+00 0.000000000000e+00 1.000000000000e+00 0.000000000000e+00
3.981071705535e+05 2.332533940242e-03 5.220799611023e-04 0.000000000000e+00 0.000000000000e+00 2.087166789363e-28 -9.324984174561e-28 0.000000000000e+00 0.000000000000e+00 1.000000000000e+00 0.000000000000e+00
4.466835921510e+05 2.334432847787e-03 5.476008794057e-04 0.000000000000e+00 0.000000000000e+00 1.951121293245e-28 -8.317666768380e-28 0.000000000000e+00 0.000000000000e+00 1.000000000000e+00 0.000000000000e+00
5.011872336273e+05 2.336813076045e-03 5.803694205558e-04 0.000000000000e+00 0.000000000000e+00 1.842997105739e-28 -7.420686864722e-28 0.000000000000e+00 0.000000000000e+00 1.000000000000e+00 0.000000000000e+00
5.623413251903e+05 2.339801100821e-03 6.208126933908e-04 0.000000000000e+00 0.000000000000e+00 1.757036242248e-28 -6.622150896014e-28 0.000000000000e+00 0.000000000000e+00 1.000000000000e+00 0.000000000000e+00
6.309573444802e+05 2.343555535862e-03 6.694564689349e-04 0.000000000000e+00 0.000000000000e+00 1.688661002965e-28 -5.911468520112e-28 0.000000000000e+00 0.000000000000e+00 1.000000000000e+00 0.000000000000e+00
7.079457843841e+05 2.348275637493e-03 7.269308536357e-04 0.000000000000e+00 0.000000000000e+00 1.634230207936e-28 -5.279213234872e-28 0.000000000000e+00 0.000000000000e+00 1.000000000000e+00 0.000000000000e+00
7.943282347243e+05 2.354211553908e-03 7.939768071433e-04 0.000000000000e+00 0.000000000000e+00 1.590845295850e-28 -4.716997199760e-28 0.000000000000e+00 0.000000000000e+00 1.000000000000e+00 0.000000000000e+00
8.912509381337e+05 2.361677540968e-03 8.714533743701e-04 0.000000000000e+00 0.000000000000e+00 1.556195974341e-28 -4.217360549671e-28 0.000000000000e+00 0.000000000000e+00 1.000000000000e+00 0.000000000000e+00
1.000000000000e+06 2.371068297646e-03 9.603454292074e-04 0.000000000000e+00 0.000000000000e+00 1.528437221341e-28 -3.773672399788e-28 0.000000000000e+00 0.000000000000e+00 1.000000000000e+00 0.000000000000e+00
1.122018454302e+06 2.382879254931e-03 1.061771587579e-03 0.000000000000e+00 0.000000000000e+00 1.506091062493e-28 -3.380042554196e-28 0.000000000000e+00 0.000000000000e+00 1.000000000000e+00 0.000000000000e+00
1.258925411794e+06 2.397731988884e-03 1.176991813540e-03 0.000000000000e+00 0.000000000000e+00 1.487967939551e-28 -3.031243111509e-28 0.000000000000e+00 0.000000000000e+00 1.000000000000e+00 0.000000000000e+00
1.412537544623e+06 2.416405853756e-03 1.307413939648e-03 0.000000000000e+00 0.000000000000e+00 1.473103436820e-28 -2.722638683874e-28 0.000000000000e+00 0.000000000000e+00 1.000000000000e+00 0.000000000000e+00
1.584893192461e+06 2.439876912993e-03 1.454598061138e-03 0.000000000000e+00 0.000000000000e+00 1.460707085772e-28 -2.450123914253e-28 0.000000000000e+00 0.000000000000e+00 1.000000000000e+00 0.000000000000e+00
1.778279410039e+06 2.469366025888e-03 1.620257211881e-03 0.000000000000e+00 0.000000000000e+00 1.450120509159e-28 -2.210067816703e-28 0.000000000000e+00 0.000000000000e+00 1.000000000000e+00 0.000000000000e+00
1.995262314969e+06 2.506397565183e-03 1.806252106623e-03 0.000000000000e+00 0.000000000000e+00 1.440782743615e-28 -1.999263750233e-28 0.000000000000e+00 0.000000000000e+00 1.000000000000e+00 0.000000000000e+00
2.238721138568e+06 2.552871139075e-03 2.014576774545e-03 0.000000000000e+00 0.000000000000e+00 1.432200940007e-28 -1.814884640435e-28 0.000000000000e+00 0.000000000000e+00 1.000000000000e+00 0.000000000000e+00
2.511886431510e+06 2.611147413325e-03 2.247330780471e-03 0.000000000000e+00 0.000000000000e+00 1.423925054842e-28 -1.654441907720e-28 0.000000000000e+00 0.000000000000e+00 1.000000000000e+00 0.000000000000e+00
2.818382931264e+06 2.684149826121e-03 2.506672069457e-03 0.000000000000e+00 0.000000000000e+00 1.415525357250e-28 -1.515747587340e-28 0.000000000000e+00 0.000000000000e+00 1.000000000000e+00 0.000000000000e+00
3.162277660168e+06 2.775483450977e-03 2.794742309207e-03 0.000000000000e+00 0.000000000000e+00 1.406571784575e-28 -1.396878952967e-28 0.000000000000e+00 0.000000000000e+00 1.000000000000e+00 0.000000000000e+00
3.548133892336e+06 2.889568916832e-03 3.113554313495e-03 0.000000000000e+00 0.000000000000e+00 1.396614599714e-28 -1.296143805373e-28 0.000000000000e+00 0.000000000000e+00 1.000000000000e+00 0.000000000000e+00
3.981071705535e+06 3.031788863761e-03 3.464827784658e-03 0.000000000000e+00 0.000000000000e+00 1.385165879137e-28 -1.212045950862e-28 0.000000000000e+00 0.000000000000e+00 1.000000000000e+00 0.000000000000e+00
4.466835921510e+06 3.208637381996e-03 3.849756758861e-03 0.000000000000e+00 0.000000000000e+00 1.371681943641e-28 -1.143248843046e-28 0.000000000000e+00 0.000000000000e+00 1.000000000000e+00 0.000000000000e+00
5.011872336273e+06 3.427857328080e-03 4.268688961780e-03 0.000000000000e+00 0.000000000000e+00 1.355547195151e-28 -1.088536182435e-28 0.000000000000e+00 0.000000000000e+00 1.000000000000e+00 0.000000000000e+00
5.623413251903e+06 3.698538510061e-03 4.720696046974e-03 0.000000000000e+00 0.000000000000e+00 1.336060639783e-28 -1.046767611989e-28 0.000000000000e+00 0.000000000000e+00 1.000000000000e+00 0.000000000000e+00
6.309573444802e+06 4.031134339651e-03 5.203015764483e-03 0.000000000000e+00 0.000000000000e+00 1.312427353682e-28 -1.016827780888e-28 0.000000000000e+00 0.000000000000e+00 1.000000000000e+00 0.000000000000e+00
7.079457843841e+06 4.437335674505e-03 5.710355473902e-03 0.000000000000e+00 0.000000000000e+00 1.283758333661e-28 -9.975677832023e-29 0.000000000000e+00 0.000000000000e+00 1.000000000000e+00 0.000000000000e+00
7.943282347243e+06 4.929716326779e-03 6.234066535698e-03 0.000000000000e+00 0.000000000000e+00 1.249083768330e-28 -9.877386792377e-29 0.000000000000e+00 0.000000000000e+00 1.000000000000e+00 0.000000000000e+00
8.912509381337e+06 5.521043531979e-03 6.761235566957e-03 0.000000000000e+00 0.000000000000e+00 1.207386175821e-28 -9.859191519956e-29 0.000000000000e+00 0.000000000000e+00 1.000000000000e+00 0.000000000000e+00
1.000000000000e+07 6.223134636639e-03 7.273797654711e-03 0.000000000000e+00 0.000000000000e+00 1.157660851798e-28 -9.904426389474e-29 0.000000000000e+00 0.000000000000e+00 1.000000000000e+00 0.000000000000e+00
1.122018454302e+07 7.045155544403e-03 7.747860064920e-03 0.000000000000e+00 0.000000000000e+00 1.099010647275e-28 -9.993341245359e-29 0.000000000000e+00 0.000000000000e+00 1.000000000000e+00 0.000000000000e+00
1.258925411794e+07 7.991320629902e-03 8.153524117855e-03 0.000000000000e+00 0.000000000000e+00 1.030778833137e-28 -1.010272863004e-28 0.000000000000e+00 0.000000000000e+00 1.000000000000e+00 0.000000000000e+00
1.412537544623e+07 9.058090204947e-03 8.455582786762e-03 0.000000000000e+00 0.000000000000e+00 9.527164798974e-29 -1.020602841020e-28 0.000000000000e+00 0.000000000000e+00 1.000000000000e+00 0.000000000000e+00
1.584893192461e+07 1.023118437023e-02 8.615500387106e-03 0.000000000000e+00 0.000000000000e+00 8.651683787529e-29 -1.027415332435e-28 0.000000000000e+00 0.000000000000e+00 1.000000000000e+00 0.000000000000e+00
1.778279410039e+07 1.148301721144e-02 8.594976917673e-03 0.000000000000e+00 0.000000000000e+00 7.692452909740e-29 -1.027723169089e-28 0.000000000000e+00 0.000000000000e+00 1.000000000000e+00 0.000000000000e+00
1.995262314969e+07 1.277141989492e-02 8.361095766058e-03 0.000000000000e+00 0.000000000000e+00 6.669347237451e-29 -1.018730515447e-28 0.000000000000e+00 0.000000000000e+00 1.000000000000e+00 0.000000000000e+00
2.238721138568e+07 1.404061712669e-02 7.892539900628e-03 0.000000000000e+00 0.000000000000e+00 5.610956706910e-29 -9.981741724220e-29 0.000000000000e+00 0.000000000000e+00 1.000000000000e+00 0.000000000000e+00
2.511886431510e+07 1.522518278795e-02 7.185743190248e-03 0.000000000000e+00 0.000000000000e+00 4.552938915433e-29 -9.646786056025e-29 0.000000000000e+00 0.000000000000e+00 1.000000000000e+00 0.000000000000e+00
2.818382931264e+07 1.625703880509e-02 6.259368154427e-03 0.000000000000e+00 0.000000000000e+00 3.534684273589e-29 -9.180399360090e-29 0.000000000000e+00 0.000000000000e+00 1.000000000000e+00 0.000000000000e+00
3.162277660168e+07 1.707459117204e-02 5.155469833565e-03 0.000000000000e+00 0.000000000000e+00 2.594707347518e-29 -8.593507206952e-29 0.000000000000e+00 0.000000000000e+00 1.000000000000e+00 0.000000000000e+00
3.548133892336e+07 1.763215694370e-02 3.936318463943e-03 0.000000000000e+00 0.000000000000e+00 1.765673337395e-29 -7.909072825646e-29 0.000000000000e+00 0.000000000000e+00 1.000000000000e+00 0.000000000000e+00
3.981071705535e+07 1.790737705906e-02 2.677013682835e-03 0.000000000000e+00 0.000000000000e+00 1.070214233407e-29 -7.158995837220e-29 0.000000000000e+00 0.000000000000e+00 1.000000000000e+00 0.000000000000e+00
4.466835921510e+07 1.790463788578e-02 1.455330186529e-03 0.000000000000e+00 0.000000000000e+00 5.185392906456e-30 -6.379485778893e-29 0.000000000000e+00 0.000000000000e+00 1.000000000000e+00 0.000000000000e+00
5.011872336273e+07 1.765360049643e-02 3.411377277280e-04 0.000000000000e+00 0.000000000000e+00 1.083302845727e-30 -5.606004291136e-29 0.000000000000e+00 0.000000000000e+00 1.000000000000e+00 0.000000000000e+00
5.623413251903e+07 1.720335249599e-02 -6.121595329137e-04 0.000000000000e+00 0.000000000000e+00 -1.732545898011e-30 -4.868926512848e-29 0.000000000000e+00 0.000000000000e+00 1.000000000000e+00 0.000000000000e+00
6.309573444802e+07 1.661387910931e-02 -1.372450981382e-03 0.000000000000e+00 0.000000000000e+00 -3.461919569511e-30 -4.190744441460e-29 0.000000000000e+00 0.000000000000e+00 1.000000000000e+00 0.000000000000e+00
7.079457843841e+07 1.594705487554e-02 -1.929519587566e-03 0.000000000000e+00 0.000000000000e+00 -4.337797991422e-30 -3.585094603547e-29 0.000000000000e+00 0.000000000000e+00 1.000000000000e+00 0.000000000000e+00
7.943282347243e+07 1.525908396979e-02 -2.292098876007e-03 0.000000000000e+00 0.000000000000e+00 -4.592545628176e-30 -3.057374186994e-29 0.000000000000e+00 0.000000000000e+00 1.000000000000e+00 0.000000000000e+00
8.912509381337e+07 1.459551389089e-02 -2.482788605926e-03 0.000000000000e+00 0.000000000000e+00 -4.433634371402e-30 -2.606390729378e-29 0.000000000000e+00 0.000000000000e+00 1.000000000000e+00 0.000000000000e+00
1.000000000000e+08 1.398903050500e-02 -2.532343875113e-03 0.000000000000e+00 0.000000000000e+00 -4.030350453328e-30 -2.226423353934e-29 0.000000000000e+00 0.000000000000e+00 1.000000000000e+00 0.000000000000e+00
1.122018454302e+08 1.345955971795e-02 -2.474505718540e-03 0.000000000000e+00 0.000000000000e+00 -3.510011937013e-30 -1.909198064202e-29 0.000000000000e+00 0.000000000000e+00 1.000000000000e+00 0.000000000000e+00
1.258925411794e+08 1.301589456704e-02 -2.342011264461e-03 0.000000000000e+00 0.000000000000e+00 -2.960800266830e-30 -1.645485856191e-29 0.000000000000e+00 0.000000000000e+00 1.000000000000e+00 0.000000000000e+00
1.412537544623e+08 1.265808075276e-02 -2.163949926255e-03 0.000000000000e+00 0.000000000000e+00 -2.438188837372e-30 -1.426224831706e-29 0.000000000000e+00 0.000000000000e+00 1.000000000000e+00 0.000000000000e+00
1.584893192461e+08 1.237997861101e-02 -1.964334864024e-03 0.000000000000e+00 0.000000000000e+00 -1.972584682579e-30 -1.243197207665e-29 0.000000000000e+00 0.000000000000e+00 1.000000000000e+00 0.000000000000e+00
1.778279410039e+08 1.217163495702e-02 -1.761633447044e-03 0.000000000000e+00 0.000000000000e+00 -1.576651393646e-30 -1.089354045255e-29 0.000000000000e+00 0.000000000000e+00 1.000000000000e+00 0.000000000000e+00
1.995262314969e+08 1.202126828635e-02 -1.568983154440e-03 0.000000000000e+00 0.000000000000e+00 -1.251521781290e-30 -9.588936029375e-30 0.000000000000e+00 0.000000000000e+00 1.000000000000e+00 0.000000000000e+00
2.238721138568e+08 1.191678271554e-02 -1.394845594649e-03 0.000000000000e+00 0.000000000000e+00 -9.916222588594e-31 -8.471867452611e-30 0.000000000000e+00 0.000000000000e+00 1.000000000000e+00 0.000000000000e+00
2.511886431510e+08 1.184679911677e-02 -1.243885825106e-03 0.000000000000e+00 0.000000000000e+00 -7.881350654397e-31 -7.506217699968e-30 0.000000000000e+00 0.000000000000e+00 1.000000000000e+00 0.000000000000e+00
2.818382931264e+08 1.180124665232e-02 -1.117900542385e-03 0.000000000000e+00 0.000000000000e+00 -6.312818433293e-31 -6.664199951425e-30 0.000000000000e+00 0.000000000000e+00 1.000000000000e+00 0.000000000000e+00
3.162277660168e+08 1.177160020126e-02 -1.016662591024e-03 0.000000000000e+00 0.000000000000e+00 -5.116782718236e-31 -5.924553633384e-30 0.000000000000e+00 0.000000000000e+00 1.000000000000e+00 0.000000000000e+00
3.548133892336e+08 1.175087415573e-02 -9.386020299126e-04 0.000000000000e+00 0.000000000000e+00 -4.210189276660e-31 -5.270967117601e-30 0.000000000000e+00 0.000000000000e+00 1.000000000000e+00 0.000000000000e+00
3.981071705535e+08 1.173348518233e-02 -8.812984614970e-04 0.000000000000e+00 0.000000000000e+00 -3.523247428363e-31 -4.690802639567e-30 0.000000000000e+00 0.000000000000e+00 1.000000000000e+00 0.000000000000e+00
4.466835921510e+08 1.171507734346e-02 -8.418043297771e-04 0.000000000000e+00 0.000000000000e+00 -2.999378588209e-31 -4.174123475046e-30 0.000000000000e+00 0.000000000000e+00 1.000000000000e+00 0.000000000000e+00
5.011872336273e+08 1.169237064706e-02 -8.168463895773e-04 0.000000000000e+00 0.000000000000e+00 -2.593943578872e-31 -3.712980818515e-30 0.000000000000e+00 0.000000000000e+00 1.000000000000e+00 0.000000000000e+00
5.623413251903e+08 1.166305926990e-02 -8.029609934317e-04 0.000000000000e+00 0.000000000000e+00 -2.272555928046e-31 -3.300901874410e-30 0.000000000000e+00 0.000000000000e+00 1.000000000000e+00 0.000000000000e+00
6.309573444802e+08 1.162575649976e-02 -7.966121659172e-04 0.000000000000e+00 0.000000000000e+00 -2.009403092650e-31 -2.932522507752e-30 0.000000000000e+00 0.000000000000e+00 1.000000000000e+00 0.000000000000e+00
7.079457843841e+08 1.157996373484e-02 -7.943255874714e-04 0.000000000000e+00 0.000000000000e+00 -1.785741881074e-31 -2.603318657838e-30 0.000000000000e+00 0.000000000000e+00 1.000000000000e+00 0.000000000000e+00
7.943282347243e+08 1.152603125955e-02 -7.928515875370e-04 0.000000000000e+00 0.000000000000e+00 -1.588590758562e-31 -2.309404058670e-30 0.000000000000e+00 0.000000000000e+00 1.000000000000e+00 0.000000000000e+00
8.912509381337e+08 1.146507872681e-02 -7.893494435576e-04 0.000000000000e+00 0.000000000000e+00 -1.409579057859e-31 -2.047373948499e-30 0.000000000000e+00 0.000000000000e+00 1.000000000000e+00 0.000000000000e+00
1.000000000000e+09 1.139885337676e-02 -7.815670762929e-04 0.000000000000e+00 0.000000000000e+00 -1.243902635499e-31 -1.814183860490e-30 0.000000000000e+00 0.000000000000e+00 1.000000000000e+00 0.000000000000e+00
