# time_s vout_v vinp_v
0.000000000e+00 1.7649741080e+00 1.7650000000e+00
1.000000000e-11 1.7649741064e+00 1.7650000000e+00
2.000000000e-11 1.7649741048e+00 1.7650000000e+00
4.000000000e-11 1.7649741017e+00 1.7650000000e+00
8.000000000e-11 1.7649740955e+00 1.7650000000e+00
1.600000000e-10 1.7649740835e+00 1.7650000000e+00
3.200000000e-10 1.7649740615e+00 1.7650000000e+00
6.400000000e-10 1.7649740241e+00 1.7650000000e+00
1.280000000e-09 1.7649739711e+00 1.7650000000e+00
2.280000000e-09 1.7649739302e+00 1.7650000000e+00
3.280000000e-09 1.7649739238e+00 1.7650000000e+00
4.280000000e-09 1.7649739380e+00 1.7650000000e+00
5.280000000e-09 1.7649739641e+00 1.7650000000e+00
6.280000000e-09 1.7649739960e+00 1.7650000000e+00
7.280000000e-09 1.7649740297e+00 1.7650000000e+00
8.280000000e-09 1.7649740625e+00 1.7650000000e+00
9.280000000e-09 1.7649740929e+00 1.7650000000e+00
1.028000000e-08 1.7649741198e+00 1.7650000000e+00
1.128000000e-08 1.7649741427e+00 1.7650000000e+00
1.228000000e-08 1.7649741615e+00 1.7650000000e+00
1.328000000e-08 1.7649741762e+00 1.7650000000e+00
1.428000000e-08 1.7649741872e+00 1.7650000000e+00
1.528000000e-08 1.7649741946e+00 1.7650000000e+00
1.628000000e-08 1.7649741989e+00 1.7650000000e+00
1.728000000e-08 1.7649742005e+00 1.7650000000e+00
1.828000000e-08 1.7649741999e+00 1.7650000000e+00
1.928000000e-08 1.7649741973e+00 1.7650000000e+00
2.028000000e-08 1.7649741933e+00 1.7650000000e+00
2.128000000e-08 1.7649741881e+00 1.7650000000e+00
2.228000000e-08 1.7649741821e+00 1.7650000000e+00
2.328000000e-08 1.7649741755e+00 1.7650000000e+00
2.428000000e-08 1.7649741686e+00 1.7650000000e+00
2.528000000e-08 1.7649741616e+00 1.7650000000e+00
2.628000000e-08 1.7649741547e+00 1.7650000000e+00
2.728000000e-08 1.7649741480e+00 1.7650000000e+00
2.828000000e-08 1.7649741417e+00 1.7650000000e+00
2.928000000e-08 1.7649741357e+00 1.7650000000e+00
3.028000000e-08 1.7649741302e+00 1.7650000000e+00
3.128000000e-08 1.7649741252e+00 1.7650000000e+00
3.228000000e-08 1.7649741208e+00 1.7650000000e+00
3.328000000e-08 1.7649741168e+00 1.7650000000e+00
3.428000000e-08 1.7649741134e+00 1.7650000000e+00
3.528000000e-08 1.7649741105e+00 1.7650000000e+00
3.628000000e-08 1.7649741081e+00 1.7650000000e+00
3.728000000e-08 1.7649741061e+00 1.7650000000e+00
3.828000000e-08 1.7649741045e+00 1.7650000000e+00
3.928000000e-08 1.7649741033e+00 1.7650000000e+00
4.028000000e-08 1.7649741025e+00 1.7650000000e+00
4.128000000e-08 1.7649741019e+00 1.7650000000e+00
4.228000000e-08 1.7649741015e+00 1.7650000000e+00
4.328000000e-08 1.7649741014e+00 1.7650000000e+00
4.428000000e-08 1.7649741014e+00 1.7650000000e+00
4.528000000e-08 1.7649741016e+00 1.7650000000e+00
4.628000000e-08 1.7649741019e+00 1.7650000000e+00
4.728000000e-08 1.7649741022e+00 1.7650000000e+00
4.828000000e-08 1.7649741027e+00 1.7650000000e+00
4.928000000e-08 1.7649741032e+00 1.7650000000e+00
5.028000000e-08 1.7649741037e+00 1.7650000000e+00
5.128000000e-08 1.7649741042e+00 1.7650000000e+00
5.228000000e-08 1.7649741047e+00 1.7650000000e+00
5.328000000e-08 1.7649741052e+00 1.7650000000e+00
5.428000000e-08 1.7649741057e+00 1.7650000000e+00
5.528000000e-08 1.7649741061e+00 1.7650000000e+00
5.628000000e-08 1.7649741065e+00 1.7650000000e+00
5.728000000e-08 1.7649741069e+00 1.7650000000e+00
5.828000000e-08 1.7649741072e+00 1.7650000000e+00
5.928000000e-08 1.7649741075e+00 1.7650000000e+00
6.028000000e-08 1.7649741077e+00 1.7650000000e+00
6.128000000e-08 1.7649741079e+00 1.7650000000e+00
6.228000000e-08 1.7649741081e+00 1.7650000000e+00
6.328000000e-08 1.7649741083e+00 1.7650000000e+00
6.428000000e-08 1.7649741084e+00 1.7650000000e+00
6.528000000e-08 1.7649741084e+00 1.7650000000e+00
6.628000000e-08 1.7649741085e+00 1.7650000000e+00
6.728000000e-08 1.7649741085e+00 1.7650000000e+00
6.828000000e-08 1.7649741086e+00 1.7650000000e+00
6.928000000e-08 1.7649741086e+00 1.7650000000e+00
7.028000000e-08 1.7649741086e+00 1.7650000000e+00
7.128000000e-08 1.7649741086e+00 1.7650000000e+00
7.228000000e-08 1.7649741085e+00 1.7650000000e+00
7.328000000e-08 1.7649741085e+00 1.7650000000e+00
7.428000000e-08 1.7649741085e+00 1.7650000000e+00
7.528000000e-08 1.7649741085e+00 1.7650000000e+00
7.628000000e-08 1.7649741084e+00 1.7650000000e+00
7.728000000e-08 1.7649741084e+00 1.7650000000e+00
7.828000000e-08 1.7649741083e+00 1.7650000000e+00
7.928000000e-08 1.7649741083e+00 1.7650000000e+00
8.028000000e-08 1.7649741083e+00 1.7650000000e+00
8.128000000e-08 1.7649741082e+00 1.7650000000e+00
8.228000000e-08 1.7649741082e+00 1.7650000000e+00
8.328000000e-08 1.7649741082e+00 1.7650000000e+00
8.428000000e-08 1.7649741082e+00 1.7650000000e+00
8.528000000e-08 1.7649741082e+00 1.7650000000e+00
8.628000000e-08 1.7649741081e+00 1.7650000000e+00
8.728000000e-08 1.7649741081e+00 1.7650000000e+00
8.828000000e-08 1.7649741081e+00 1.7650000000e+00
8.928000000e-08 1.7649741081e+00 1.7650000000e+00
9.028000000e-08 1.7649741081e+00 1.7650000000e+00
9.128000000e-08 1.7649741081e+00 1.7650000000e+00
9.228000000e-08 1.7649741081e+00 1.7650000000e+00
9.328000000e-08 1.7649741081e+00 1.7650000000e+00
9.428000000e-08 1.7649741081e+00 1.7650000000e+00
9.528000000e-08 1.7649741081e+00 1.7650000000e+00
9.628000000e-08 1.7649741081e+00 1.7650000000e+00
9.728000000e-08 1.7649741081e+00 1.7650000000e+00
9.828000000e-08 1.7649741081e+00 1.7650000000e+00
9.914000000e-08 1.7649741081e+00 1.7650000000e+00
1.000000000e-07 1.7649741081e+00 1.7650000000e+00
1.001000000e-07 1.7649831356e+00 1.7750000000e+00
1.003000000e-07 1.7649973230e+00 1.7950000000e+00
1.006500000e-07 1.7650293236e+00 1.8300000000e+00
1.010000000e-07 1.7651269987e+00 1.8650000000e+00
1.010700000e-07 1.7651574944e+00 1.8650000000e+00
1.012100000e-07 1.7652349130e+00 1.8650000000e+00
1.014900000e-07 1.7654853499e+00 1.8650000000e+00
1.020500000e-07 1.7663691465e+00 1.8650000000e+00
1.030500000e-07 1.7691943207e+00 1.8650000000e+00
1.040500000e-07 1.7734668829e+00 1.8650000000e+00
1.050500000e-07 1.7789104908e+00 1.8650000000e+00
1.060500000e-07 1.7852263381e+00 1.8650000000e+00
1.070500000e-07 1.7921303691e+00 1.8650000000e+00
1.080500000e-07 1.7993668461e+00 1.8650000000e+00
1.090500000e-07 1.8067129977e+00 1.8650000000e+00
1.100500000e-07 1.8139817674e+00 1.8650000000e+00
1.110500000e-07 1.8210210878e+00 1.8650000000e+00
1.120500000e-07 1.8277122667e+00 1.8650000000e+00
1.130500000e-07 1.8339673819e+00 1.8650000000e+00
1.140500000e-07 1.8397260483e+00 1.8650000000e+00
1.150500000e-07 1.8449517646e+00 1.8650000000e+00
1.160500000e-07 1.8496281339e+00 1.8650000000e+00
1.170500000e-07 1.8537551665e+00 1.8650000000e+00
1.180500000e-07 1.8573458418e+00 1.8650000000e+00
1.190500000e-07 1.8604230272e+00 1.8650000000e+00
1.200500000e-07 1.8630168060e+00 1.8650000000e+00
1.210500000e-07 1.8651622181e+00 1.8650000000e+00
1.220500000e-07 1.8668973931e+00 1.8650000000e+00
1.230500000e-07 1.8682620379e+00 1.8650000000e+00
1.240500000e-07 1.8692962333e+00 1.8650000000e+00
1.250500000e-07 1.8700394942e+00 1.8650000000e+00
1.260500000e-07 1.8705300496e+00 1.8650000000e+00
1.270500000e-07 1.8708043033e+00 1.8650000000e+00
1.280500000e-07 1.8708964438e+00 1.8650000000e+00
1.290500000e-07 1.8708381741e+00 1.8650000000e+00
1.300500000e-07 1.8706585395e+00 1.8650000000e+00
1.310500000e-07 1.8703838366e+00 1.8650000000e+00
1.320500000e-07 1.8700375868e+00 1.8650000000e+00
1.330500000e-07 1.8696405637e+00 1.8650000000e+00
1.340500000e-07 1.8692108649e+00 1.8650000000e+00
1.350500000e-07 1.8687640190e+00 1.8650000000e+00
1.360500000e-07 1.8683131218e+00 1.8650000000e+00
1.370500000e-07 1.8678689941e+00 1.8650000000e+00
1.380500000e-07 1.8674403564e+00 1.8650000000e+00
1.390500000e-07 1.8670340154e+00 1.8650000000e+00
1.400500000e-07 1.8666550565e+00 1.8650000000e+00
1.410500000e-07 1.8663070387e+00 1.8650000000e+00
1.420500000e-07 1.8659921879e+00 1.8650000000e+00
1.430500000e-07 1.8657115852e+00 1.8650000000e+00
1.440500000e-07 1.8654653467e+00 1.8650000000e+00
1.450500000e-07 1.8652527942e+00 1.8650000000e+00
1.460500000e-07 1.8650726117e+00 1.8650000000e+00
1.470500000e-07 1.8649229904e+00 1.8650000000e+00
1.480500000e-07 1.8648017577e+00 1.8650000000e+00
1.490500000e-07 1.8647064924e+00 1.8650000000e+00
1.500500000e-07 1.8646346244e+00 1.8650000000e+00
1.510500000e-07 1.8645835199e+00 1.8650000000e+00
1.520500000e-07 1.8645505533e+00 1.8650000000e+00
1.530500000e-07 1.8645331654e+00 1.8650000000e+00
1.540500000e-07 1.8645289096e+00 1.8650000000e+00
1.550500000e-07 1.8645354871e+00 1.8650000000e+00
1.560500000e-07 1.8645507727e+00 1.8650000000e+00
1.570500000e-07 1.8645728312e+00 1.8650000000e+00
1.580500000e-07 1.8645999271e+00 1.8650000000e+00
1.590500000e-07 1.8646305275e+00 1.8650000000e+00
1.600500000e-07 1.8646632999e+00 1.8650000000e+00
1.610500000e-07 1.8646971062e+00 1.8650000000e+00
1.620500000e-07 1.8647309925e+00 1.8650000000e+00
1.630500000e-07 1.8647641777e+00 1.8650000000e+00
1.640500000e-07 1.8647960392e+00 1.8650000000e+00
1.650500000e-07 1.8648260980e+00 1.8650000000e+00
1.660500000e-07 1.8648540036e+00 1.8650000000e+00
1.670500000e-07 1.8648795183e+00 1.8650000000e+00
1.680500000e-07 1.8649025019e+00 1.8650000000e+00
1.690500000e-07 1.8649228969e+00 1.8650000000e+00
1.700500000e-07 1.8649407151e+00 1.8650000000e+00
1.710500000e-07 1.8649560242e+00 1.8650000000e+00
1.720500000e-07 1.8649689365e+00 1.8650000000e+00
1.730500000e-07 1.8649795977e+00 1.8650000000e+00
1.740500000e-07 1.8649881779e+00 1.8650000000e+00
1.750500000e-07 1.8649948633e+00 1.8650000000e+00
1.760500000e-07 1.8649998487e+00 1.8650000000e+00
1.770500000e-07 1.8650033319e+00 1.8650000000e+00
1.780500000e-07 1.8650055084e+00 1.8650000000e+00
1.790500000e-07 1.8650065677e+00 1.8650000000e+00
1.800500000e-07 1.8650066897e+00 1.8650000000e+00
1.810500000e-07 1.8650060429e+00 1.8650000000e+00
1.820500000e-07 1.8650047822e+00 1.8650000000e+00
1.830500000e-07 1.8650030482e+00 1.8650000000e+00
1.840500000e-07 1.8650009666e+00 1.8650000000e+00
1.850500000e-07 1.8649986478e+00 1.8650000000e+00
1.860500000e-07 1.8649961876e+00 1.8650000000e+00
1.870500000e-07 1.8649936674e+00 1.8650000000e+00
1.880500000e-07 1.8649911551e+00 1.8650000000e+00
1.890500000e-07 1.8649887062e+00 1.8650000000e+00
1.900500000e-07 1.8649863642e+00 1.8650000000e+00
1.910500000e-07 1.8649841628e+00 1.8650000000e+00
1.920500000e-07 1.8649821260e+00 1.8650000000e+00
1.930500000e-07 1.8649802697e+00 1.8650000000e+00
1.940500000e-07 1.8649786030e+00 1.8650000000e+00
1.950500000e-07 1.8649771290e+00 1.8650000000e+00
1.960500000e-07 1.8649758458e+00 1.8650000000e+00
1.970500000e-07 1.8649747476e+00 1.8650000000e+00
1.980500000e-07 1.8649738254e+00 1.8650000000e+00
1.990500000e-07 1.8649730679e+00 1.8650000000e+00
2.000500000e-07 1.8649724623e+00 1.8650000000e+00
2.010500000e-07 1.8649719944e+00 1.8650000000e+00
2.020500000e-07 1.8649716497e+00 1.8650000000e+00
2.030500000e-07 1.8649714134e+00 1.8650000000e+00
2.040500000e-07 1.8649712713e+00 1.8650000000e+00
2.050500000e-07 1.8649712092e+00 1.8650000000e+00
2.060500000e-07 1.8649712139e+00 1.8650000000e+00
2.070500000e-07 1.8649712732e+00 1.8650000000e+00
2.080500000e-07 1.8649713758e+00 1.8650000000e+00
2.090500000e-07 1.8649715114e+00 1.8650000000e+00
2.100500000e-07 1.8649716709e+00 1.8650000000e+00
2.110500000e-07 1.8649718464e+00 1.8650000000e+00
2.120500000e-07 1.8649720309e+00 1.8650000000e+00
2.130500000e-07 1.8649722187e+00 1.8650000000e+00
2.140500000e-07 1.8649724049e+00 1.8650000000e+00
2.150500000e-07 1.8649725857e+00 1.8650000000e+00
2.160500000e-07 1.8649727578e+00 1.8650000000e+00
2.170500000e-07 1.8649729190e+00 1.8650000000e+00
2.180500000e-07 1.8649730677e+00 1.8650000000e+00
2.190500000e-07 1.8649732027e+00 1.8650000000e+00
2.200500000e-07 1.8649733235e+00 1.8650000000e+00
2.210500000e-07 1.8649734300e+00 1.8650000000e+00
2.220500000e-07 1.8649735223e+00 1.8650000000e+00
2.230500000e-07 1.8649736010e+00 1.8650000000e+00
2.240500000e-07 1.8649736668e+00 1.8650000000e+00
2.250500000e-07 1.8649737206e+00 1.8650000000e+00
2.260500000e-07 1.8649737633e+00 1.8650000000e+00
2.270500000e-07 1.8649737960e+00 1.8650000000e+00
2.280500000e-07 1.8649738197e+00 1.8650000000e+00
2.290500000e-07 1.8649738356e+00 1.8650000000e+00
2.300500000e-07 1.8649738448e+00 1.8650000000e+00
2.310500000e-07 1.8649738482e+00 1.8650000000e+00
2.320500000e-07 1.8649738469e+00 1.8650000000e+00
2.330500000e-07 1.8649738417e+00 1.8650000000e+00
2.340500000e-07 1.8649738334e+00 1.8650000000e+00
2.350500000e-07 1.8649738229e+00 1.8650000000e+00
2.360500000e-07 1.8649738107e+00 1.8650000000e+00
2.370500000e-07 1.8649737975e+00 1.8650000000e+00
2.380500000e-07 1.8649737836e+00 1.8650000000e+00
2.390500000e-07 1.8649737697e+00 1.8650000000e+00
2.400500000e-07 1.8649737559e+00 1.8650000000e+00
2.410500000e-07 1.8649737425e+00 1.8650000000e+00
2.420500000e-07 1.8649737299e+00 1.8650000000e+00
2.430500000e-07 1.8649737181e+00 1.8650000000e+00
2.440500000e-07 1.8649737072e+00 1.8650000000e+00
2.450500000e-07 1.8649736974e+00 1.8650000000e+00
2.460500000e-07 1.8649736887e+00 1.8650000000e+00
2.470500000e-07 1.8649736810e+00 1.8650000000e+00
2.480500000e-07 1.8649736744e+00 1.8650000000e+00
2.490500000e-07 1.8649736687e+00 1.8650000000e+00
2.500500000e-07 1.8649736640e+00 1.8650000000e+00
2.510500000e-07 1.8649736602e+00 1.8650000000e+00
2.520500000e-07 1.8649736572e+00 1.8650000000e+00
2.530500000e-07 1.8649736549e+00 1.8650000000e+00
2.540500000e-07 1.8649736533e+00 1.8650000000e+00
2.550500000e-07 1.8649736522e+00 1.8650000000e+00
2.560500000e-07 1.8649736516e+00 1.8650000000e+00
2.570500000e-07 1.8649736515e+00 1.8650000000e+00
2.580500000e-07 1.8649736517e+00 1.8650000000e+00
2.590500000e-07 1.8649736521e+00 1.8650000000e+00
2.600500000e-07 1.8649736528e+00 1.8650000000e+00
2.610500000e-07 1.8649736536e+00 1.8650000000e+00
2.620500000e-07 1.8649736545e+00 1.8650000000e+00
2.630500000e-07 1.8649736555e+00 1.8650000000e+00
2.640500000e-07 1.8649736565e+00 1.8650000000e+00
2.650500000e-07 1.8649736576e+00 1.8650000000e+00
2.660500000e-07 1.8649736586e+00 1.8650000000e+00
2.670500000e-07 1.8649736596e+00 1.8650000000e+00
2.680500000e-07 1.8649736605e+00 1.8650000000e+00
2.690500000e-07 1.8649736614e+00 1.8650000000e+00
2.700500000e-07 1.8649736622e+00 1.8650000000e+00
2.710500000e-07 1.8649736629e+00 1.8650000000e+00
2.720500000e-07 1.8649736635e+00 1.8650000000e+00
2.730500000e-07 1.8649736641e+00 1.8650000000e+00
2.740500000e-07 1.8649736646e+00 1.8650000000e+00
2.750500000e-07 1.8649736650e+00 1.8650000000e+00
2.760500000e-07 1.8649736653e+00 1.8650000000e+00
2.770500000e-07 1.8649736656e+00 1.8650000000e+00
2.780500000e-07 1.8649736658e+00 1.8650000000e+00
2.790500000e-07 1.8649736659e+00 1.8650000000e+00
2.800500000e-07 1.8649736660e+00 1.8650000000e+00
2.810500000e-07 1.8649736661e+00 1.8650000000e+00
2.820500000e-07 1.8649736661e+00 1.8650000000e+00
2.830500000e-07 1.8649736661e+00 1.8650000000e+00
2.840500000e-07 1.8649736661e+00 1.8650000000e+00
2.850500000e-07 1.8649736661e+00 1.8650000000e+00
2.860500000e-07 1.8649736660e+00 1.8650000000e+00
2.870500000e-07 1.8649736660e+00 1.8650000000e+00
2.880500000e-07 1.8649736659e+00 1.8650000000e+00
2.890500000e-07 1.8649736658e+00 1.8650000000e+00
2.900500000e-07 1.8649736657e+00 1.8650000000e+00
2.910500000e-07 1.8649736657e+00 1.8650000000e+00
2.920500000e-07 1.8649736656e+00 1.8650000000e+00
2.930500000e-07 1.8649736655e+00 1.8650000000e+00
2.940500000e-07 1.8649736654e+00 1.8650000000e+00
2.950500000e-07 1.8649736654e+00 1.8650000000e+00
2.960500000e-07 1.8649736653e+00 1.8650000000e+00
2.970500000e-07 1.8649736653e+00 1.8650000000e+00
2.980500000e-07 1.8649736652e+00 1.8650000000e+00
2.990500000e-07 1.8649736652e+00 1.8650000000e+00
3.000500000e-07 1.8649736652e+00 1.8650000000e+00
3.010500000e-07 1.8649736651e+00 1.8650000000e+00
3.020500000e-07 1.8649736651e+00 1.8650000000e+00
3.030500000e-07 1.8649736651e+00 1.8650000000e+00
3.040500000e-07 1.8649736651e+00 1.8650000000e+00
3.050500000e-07 1.8649736651e+00 1.8650000000e+00
3.060500000e-07 1.8649736651e+00 1.8650000000e+00
3.070500000e-07 1.8649736651e+00 1.8650000000e+00
3.080500000e-07 1.8649736651e+00 1.8650000000e+00
3.090500000e-07 1.8649736651e+00 1.8650000000e+00
3.100500000e-07 1.8649736651e+00 1.8650000000e+00
3.110500000e-07 1.8649736651e+00 1.8650000000e+00
3.120500000e-07 1.8649736651e+00 1.8650000000e+00
3.130500000e-07 1.8649736651e+00 1.8650000000e+00
3.140500000e-07 1.8649736651e+00 1.8650000000e+00
3.150500000e-07 1.8649736651e+00 1.8650000000e+00
3.160500000e-07 1.8649736651e+00 1.8650000000e+00
3.170500000e-07 1.8649736651e+00 1.8650000000e+00
3.180500000e-07 1.8649736651e+00 1.8650000000e+00
3.190500000e-07 1.8649736651e+00 1.8650000000e+00
3.200500000e-07 1.8649736651e+00 1.8650000000e+00
3.210500000e-07 1.8649736651e+00 1.8650000000e+00
3.220500000e-07 1.8649736651e+00 1.8650000000e+00
3.230500000e-07 1.8649736651e+00 1.8650000000e+00
3.240500000e-07 1.8649736651e+00 1.8650000000e+00
3.250500000e-07 1.8649736651e+00 1.8650000000e+00
3.260500000e-07 1.8649736651e+00 1.8650000000e+00
3.270500000e-07 1.8649736651e+00 1.8650000000e+00
3.280500000e-07 1.8649736651e+00 1.8650000000e+00
3.290500000e-07 1.8649736651e+00 1.8650000000e+00
3.300500000e-07 1.8649736651e+00 1.8650000000e+00
3.310500000e-07 1.8649736651e+00 1.8650000000e+00
3.320500000e-07 1.8649736651e+00 1.8650000000e+00
3.330500000e-07 1.8649736651e+00 1.8650000000e+00
3.340500000e-07 1.8649736651e+00 1.8650000000e+00
3.350500000e-07 1.8649736651e+00 1.8650000000e+00
3.360500000e-07 1.8649736651e+00 1.8650000000e+00
3.370500000e-07 1.8649736651e+00 1.8650000000e+00
3.380500000e-07 1.8649736651e+00 1.8650000000e+00
3.390500000e-07 1.8649736651e+00 1.8650000000e+00
3.400500000e-07 1.8649736651e+00 1.8650000000e+00
3.410500000e-07 1.8649736651e+00 1.8650000000e+00
3.420500000e-07 1.8649736651e+00 1.8650000000e+00
3.430500000e-07 1.8649736651e+00 1.8650000000e+00
3.440500000e-07 1.8649736651e+00 1.8650000000e+00
3.450500000e-07 1.8649736651e+00 1.8650000000e+00
3.460500000e-07 1.8649736651e+00 1.8650000000e+00
3.470500000e-07 1.8649736651e+00 1.8650000000e+00
3.480500000e-07 1.8649736651e+00 1.8650000000e+00
3.490500000e-07 1.8649736651e+00 1.8650000000e+00
3.500500000e-07 1.8649736651e+00 1.8650000000e+00
3.510500000e-07 1.8649736651e+00 1.8650000000e+00
3.520500000e-07 1.8649736651e+00 1.8650000000e+00
3.530500000e-07 1.8649736651e+00 1.8650000000e+00
3.540500000e-07 1.8649736651e+00 1.8650000000e+00
3.550500000e-07 1.8649736651e+00 1.8650000000e+00
3.560500000e-07 1.8649736651e+00 1.8650000000e+00
3.570500000e-07 1.8649736651e+00 1.8650000000e+00
3.580500000e-07 1.8649736651e+00 1.8650000000e+00
3.590500000e-07 1.8649736651e+00 1.8650000000e+00
3.600500000e-07 1.8649736651e+00 1.8650000000e+00
3.610500000e-07 1.8649736651e+00 1.8650000000e+00
3.620500000e-07 1.8649736651e+00 1.8650000000e+00
3.630500000e-07 1.8649736651e+00 1.8650000000e+00
3.640500000e-07 1.8649736651e+00 1.8650000000e+00
3.650500000e-07 1.8649736651e+00 1.8650000000e+00
3.660500000e-07 1.8649736651e+00 1.8650000000e+00
3.670500000e-07 1.8649736651e+00 1.8650000000e+00
3.680500000e-07 1.8649736651e+00 1.8650000000e+00
3.690500000e-07 1.8649736651e+00 1.8650000000e+00
3.700500000e-07 1.8649736651e+00 1.8650000000e+00
3.710500000e-07 1.8649736651e+00 1.8650000000e+00
3.720500000e-07 1.8649736651e+00 1.8650000000e+00
3.730500000e-07 1.8649736651e+00 1.8650000000e+00
3.740500000e-07 1.8649736651e+00 1.8650000000e+00
3.750500000e-07 1.8649736651e+00 1.8650000000e+00
3.760500000e-07 1.8649736651e+00 1.8650000000e+00
3.770500000e-07 1.8649736651e+00 1.8650000000e+00
3.780500000e-07 1.8649736651e+00 1.8650000000e+00
3.790500000e-07 1.8649736651e+00 1.8650000000e+00
3.800500000e-07 1.8649736651e+00 1.8650000000e+00
3.810500000e-07 1.8649736651e+00 1.8650000000e+00
3.820500000e-07 1.8649736651e+00 1.8650000000e+00
3.830500000e-07 1.8649736651e+00 1.8650000000e+00
3.840500000e-07 1.8649736651e+00 1.8650000000e+00
3.850500000e-07 1.8649736651e+00 1.8650000000e+00
3.860500000e-07 1.8649736651e+00 1.8650000000e+00
3.870500000e-07 1.8649736651e+00 1.8650000000e+00
3.880500000e-07 1.8649736651e+00 1.8650000000e+00
3.890500000e-07 1.8649736651e+00 1.8650000000e+00
3.900500000e-07 1.8649736651e+00 1.8650000000e+00
3.910500000e-07 1.8649736651e+00 1.8650000000e+00
3.920500000e-07 1.8649736651e+00 1.8650000000e+00
3.930500000e-07 1.8649736651e+00 1.8650000000e+00
3.940500000e-07 1.8649736651e+00 1.8650000000e+00
3.950500000e-07 1.8649736651e+00 1.8650000000e+00
3.960500000e-07 1.8649736651e+00 1.8650000000e+00
3.970500000e-07 1.8649736651e+00 1.8650000000e+00
3.980500000e-07 1.8649736651e+00 1.8650000000e+00
3.990500000e-07 1.8649736651e+00 1.8650000000e+00
4.000500000e-07 1.8649736651e+00 1.8650000000e+00
4.010500000e-07 1.8649736651e+00 1.8650000000e+00
4.020500000e-07 1.8649736651e+00 1.8650000000e+00
4.030500000e-07 1.8649736651e+00 1.8650000000e+00
4.040500000e-07 1.8649736651e+00 1.8650000000e+00
4.050500000e-07 1.8649736651e+00 1.8650000000e+00
4.060500000e-07 1.8649736651e+00 1.8650000000e+00
4.070500000e-07 1.8649736651e+00 1.8650000000e+00
4.080500000e-07 1.8649736651e+00 1.8650000000e+00
4.090500000e-07 1.8649736651e+00 1.8650000000e+00
4.100500000e-07 1.8649736651e+00 1.8650000000e+00
4.110500000e-07 1.8649736651e+00 1.8650000000e+00
4.120500000e-07 1.8649736651e+00 1.8650000000e+00
4.130500000e-07 1.8649736651e+00 1.8650000000e+00
4.140500000e-07 1.8649736651e+00 1.8650000000e+00
4.150500000e-07 1.8649736651e+00 1.8650000000e+00
4.160500000e-07 1.8649736651e+00 1.8650000000e+00
4.170500000e-07 1.8649736651e+00 1.8650000000e+00
4.180500000e-07 1.8649736651e+00 1.8650000000e+00
4.190500000e-07 1.8649736651e+00 1.8650000000e+00
4.200500000e-07 1.8649736651e+00 1.8650000000e+00
4.210500000e-07 1.8649736651e+00 1.8650000000e+00
4.220500000e-07 1.8649736651e+00 1.8650000000e+00
4.230500000e-07 1.8649736651e+00 1.8650000000e+00
4.240500000e-07 1.8649736651e+00 1.8650000000e+00
4.250500000e-07 1.8649736651e+00 1.8650000000e+00
4.260500000e-07 1.8649736651e+00 1.8650000000e+00
4.270500000e-07 1.8649736651e+00 1.8650000000e+00
4.280500000e-07 1.8649736651e+00 1.8650000000e+00
4.290500000e-07 1.8649736651e+00 1.8650000000e+00
4.300500000e-07 1.8649736651e+00 1.8650000000e+00
4.310500000e-07 1.8649736651e+00 1.8650000000e+00
4.320500000e-07 1.8649736651e+00 1.8650000000e+00
4.330500000e-07 1.8649736651e+00 1.8650000000e+00
4.340500000e-07 1.8649736651e+00 1.8650000000e+00
4.350500000e-07 1.8649736651e+00 1.8650000000e+00
4.360500000e-07 1.8649736651e+00 1.8650000000e+00
4.370500000e-07 1.8649736651e+00 1.8650000000e+00
4.380500000e-07 1.8649736651e+00 1.8650000000e+00
4.390500000e-07 1.8649736651e+00 1.8650000000e+00
4.400500000e-07 1.8649736651e+00 1.8650000000e+00
4.410500000e-07 1.8649736651e+00 1.8650000000e+00
4.420500000e-07 1.8649736651e+00 1.8650000000e+00
4.430500000e-07 1.8649736651e+00 1.8650000000e+00
4.440500000e-07 1.8649736651e+00 1.8650000000e+00
4.450500000e-07 1.8649736651e+00 1.8650000000e+00
4.460500000e-07 1.8649736651e+00 1.8650000000e+00
4.470500000e-07 1.8649736651e+00 1.8650000000e+00
4.480500000e-07 1.8649736651e+00 1.8650000000e+00
4.490500000e-07 1.8649736651e+00 1.8650000000e+00
4.500500000e-07 1.8649736651e+00 1.8650000000e+00
4.510500000e-07 1.8649736651e+00 1.8650000000e+00
4.520500000e-07 1.8649736651e+00 1.8650000000e+00
4.530500000e-07 1.8649736651e+00 1.8650000000e+00
4.540500000e-07 1.8649736651e+00 1.8650000000e+00
4.550500000e-07 1.8649736651e+00 1.8650000000e+00
4.560500000e-07 1.8649736651e+00 1.8650000000e+00
4.570500000e-07 1.8649736651e+00 1.8650000000e+00
4.580500000e-07 1.8649736651e+00 1.8650000000e+00
4.590500000e-07 1.8649736651e+00 1.8650000000e+00
4.600500000e-07 1.8649736651e+00 1.8650000000e+00
4.610500000e-07 1.8649736651e+00 1.8650000000e+00
4.620500000e-07 1.8649736651e+00 1.8650000000e+00
4.630500000e-07 1.8649736651e+00 1.8650000000e+00
4.640500000e-07 1.8649736651e+00 1.8650000000e+00
4.650500000e-07 1.8649736651e+00 1.8650000000e+00
4.660500000e-07 1.8649736651e+00 1.8650000000e+00
4.670500000e-07 1.8649736651e+00 1.8650000000e+00
4.680500000e-07 1.8649736651e+00 1.8650000000e+00
4.690500000e-07 1.8649736651e+00 1.8650000000e+00
4.700500000e-07 1.8649736651e+00 1.8650000000e+00
4.710500000e-07 1.8649736651e+00 1.8650000000e+00
4.720500000e-07 1.8649736651e+00 1.8650000000e+00
4.730500000e-07 1.8649736651e+00 1.8650000000e+00
4.740500000e-07 1.8649736651e+00 1.8650000000e+00
4.750500000e-07 1.8649736651e+00 1.8650000000e+00
4.760500000e-07 1.8649736651e+00 1.8650000000e+00
4.770500000e-07 1.8649736651e+00 1.8650000000e+00
4.780500000e-07 1.8649736651e+00 1.8650000000e+00
4.790500000e-07 1.8649736651e+00 1.8650000000e+00
4.800500000e-07 1.8649736651e+00 1.8650000000e+00
4.810500000e-07 1.8649736651e+00 1.8650000000e+00
4.820500000e-07 1.8649736651e+00 1.8650000000e+00
4.830500000e-07 1.8649736651e+00 1.8650000000e+00
4.840500000e-07 1.8649736651e+00 1.8650000000e+00
4.850500000e-07 1.8649736651e+00 1.8650000000e+00
4.860500000e-07 1.8649736651e+00 1.8650000000e+00
4.870500000e-07 1.8649736651e+00 1.8650000000e+00
4.880500000e-07 1.8649736651e+00 1.8650000000e+00
4.890500000e-07 1.8649736651e+00 1.8650000000e+00
4.900500000e-07 1.8649736651e+00 1.8650000000e+00
4.910500000e-07 1.8649736651e+00 1.8650000000e+00
4.920500000e-07 1.8649736651e+00 1.8650000000e+00
4.930500000e-07 1.8649736651e+00 1.8650000000e+00
4.940500000e-07 1.8649736651e+00 1.8650000000e+00
4.950500000e-07 1.8649736651e+00 1.8650000000e+00
4.960500000e-07 1.8649736651e+00 1.8650000000e+00
4.970500000e-07 1.8649736651e+00 1.8650000000e+00
4.980500000e-07 1.8649736651e+00 1.8650000000e+00
4.990500000e-07 1.8649736651e+00 1.8650000000e+00
5.000500000e-07 1.8649736651e+00 1.8650000000e+00
5.010500000e-07 1.8649736651e+00 1.8650000000e+00
5.020500000e-07 1.8649736651e+00 1.8650000000e+00
5.030500000e-07 1.8649736651e+00 1.8650000000e+00
5.040500000e-07 1.8649736651e+00 1.8650000000e+00
5.050500000e-07 1.8649736651e+00 1.8650000000e+00
5.060500000e-07 1.8649736651e+00 1.8650000000e+00
5.070500000e-07 1.8649736651e+00 1.8650000000e+00
5.080500000e-07 1.8649736651e+00 1.8650000000e+00
5.090500000e-07 1.8649736651e+00 1.8650000000e+00
5.100500000e-07 1.8649736651e+00 1.8650000000e+00
5.110500000e-07 1.8649736651e+00 1.8650000000e+00
5.120500000e-07 1.8649736651e+00 1.8650000000e+00
5.130500000e-07 1.8649736651e+00 1.8650000000e+00
5.140500000e-07 1.8649736651e+00 1.8650000000e+00
5.150500000e-07 1.8649736651e+00 1.8650000000e+00
5.160500000e-07 1.8649736651e+00 1.8650000000e+00
5.170500000e-07 1.8649736651e+00 1.8650000000e+00
5.180500000e-07 1.8649736651e+00 1.8650000000e+00
5.190500000e-07 1.8649736651e+00 1.8650000000e+00
5.200500000e-07 1.8649736651e+00 1.8650000000e+00
5.210500000e-07 1.8649736651e+00 1.8650000000e+00
5.220500000e-07 1.8649736651e+00 1.8650000000e+00
5.230500000e-07 1.8649736651e+00 1.8650000000e+00
5.240500000e-07 1.8649736651e+00 1.8650000000e+00
5.250500000e-07 1.8649736651e+00 1.8650000000e+00
5.260500000e-07 1.8649736651e+00 1.8650000000e+00
5.270500000e-07 1.8649736651e+00 1.8650000000e+00
5.280500000e-07 1.8649736651e+00 1.8650000000e+00
5.290500000e-07 1.8649736651e+00 1.8650000000e+00
5.300500000e-07 1.8649736651e+00 1.8650000000e+00
5.310500000e-07 1.8649736651e+00 1.8650000000e+00
5.320500000e-07 1.8649736651e+00 1.8650000000e+00
5.330500000e-07 1.8649736651e+00 1.8650000000e+00
5.340500000e-07 1.8649736651e+00 1.8650000000e+00
5.350500000e-07 1.8649736651e+00 1.8650000000e+00
5.360500000e-07 1.8649736651e+00 1.8650000000e+00
5.370500000e-07 1.8649736651e+00 1.8650000000e+00
5.380500000e-07 1.8649736651e+00 1.8650000000e+00
5.390500000e-07 1.8649736651e+00 1.8650000000e+00
5.400500000e-07 1.8649736651e+00 1.8650000000e+00
5.410500000e-07 1.8649736651e+00 1.8650000000e+00
5.420500000e-07 1.8649736651e+00 1.8650000000e+00
5.430500000e-07 1.8649736651e+00 1.8650000000e+00
5.440500000e-07 1.8649736651e+00 1.8650000000e+00
5.450500000e-07 1.8649736651e+00 1.8650000000e+00
5.460500000e-07 1.8649736651e+00 1.8650000000e+00
5.470500000e-07 1.8649736651e+00 1.8650000000e+00
5.480500000e-07 1.8649736651e+00 1.8650000000e+00
5.490500000e-07 1.8649736651e+00 1.8650000000e+00
5.500500000e-07 1.8649736651e+00 1.8650000000e+00
5.510500000e-07 1.8649736651e+00 1.8650000000e+00
5.520500000e-07 1.8649736651e+00 1.8650000000e+00
5.530500000e-07 1.8649736651e+00 1.8650000000e+00
5.540500000e-07 1.8649736651e+00 1.8650000000e+00
5.550500000e-07 1.8649736651e+00 1.8650000000e+00
5.560500000e-07 1.8649736651e+00 1.8650000000e+00
5.570500000e-07 1.8649736651e+00 1.8650000000e+00
5.580500000e-07 1.8649736651e+00 1.8650000000e+00
5.590500000e-07 1.8649736651e+00 1.8650000000e+00
5.600500000e-07 1.8649736651e+00 1.8650000000e+00
5.610500000e-07 1.8649736651e+00 1.8650000000e+00
5.620500000e-07 1.8649736651e+00 1.8650000000e+00
5.630500000e-07 1.8649736651e+00 1.8650000000e+00
5.640500000e-07 1.8649736651e+00 1.8650000000e+00
5.650500000e-07 1.8649736651e+00 1.8650000000e+00
5.660500000e-07 1.8649736651e+00 1.8650000000e+00
5.670500000e-07 1.8649736651e+00 1.8650000000e+00
5.680500000e-07 1.8649736651e+00 1.8650000000e+00
5.690500000e-07 1.8649736651e+00 1.8650000000e+00
5.700500000e-07 1.8649736651e+00 1.8650000000e+00
5.710500000e-07 1.8649736651e+00 1.8650000000e+00
5.720500000e-07 1.8649736651e+00 1.8650000000e+00
5.730500000e-07 1.8649736651e+00 1.8650000000e+00
5.740500000e-07 1.8649736651e+00 1.8650000000e+00
5.750500000e-07 1.8649736651e+00 1.8650000000e+00
5.760500000e-07 1.8649736651e+00 1.8650000000e+00
5.770500000e-07 1.8649736651e+00 1.8650000000e+00
5.780500000e-07 1.8649736651e+00 1.8650000000e+00
5.790500000e-07 1.8649736651e+00 1.8650000000e+00
5.800500000e-07 1.8649736651e+00 1.8650000000e+00
5.810500000e-07 1.8649736651e+00 1.8650000000e+00
5.820500000e-07 1.8649736651e+00 1.8650000000e+00
5.830500000e-07 1.8649736651e+00 1.8650000000e+00
5.840500000e-07 1.8649736651e+00 1.8650000000e+00
5.850500000e-07 1.8649736651e+00 1.8650000000e+00
5.860500000e-07 1.8649736651e+00 1.8650000000e+00
5.870500000e-07 1.8649736651e+00 1.8650000000e+00
5.880500000e-07 1.8649736651e+00 1.8650000000e+00
5.890500000e-07 1.8649736651e+00 1.8650000000e+00
5.900500000e-07 1.8649736651e+00 1.8650000000e+00
5.910500000e-07 1.8649736651e+00 1.8650000000e+00
5.920500000e-07 1.8649736651e+00 1.8650000000e+00
5.930500000e-07 1.8649736651e+00 1.8650000000e+00
5.940500000e-07 1.8649736651e+00 1.8650000000e+00
5.950500000e-07 1.8649736651e+00 1.8650000000e+00
5.960500000e-07 1.8649736651e+00 1.8650000000e+00
5.970500000e-07 1.8649736651e+00 1.8650000000e+00
5.980500000e-07 1.8649736651e+00 1.8650000000e+00
5.990500000e-07 1.8649736651e+00 1.8650000000e+00
6.000000000e-07 1.8649736651e+00 1.8650000000e+00
6.001000000e-07 1.8649645384e+00 1.8550000000e+00
6.003000000e-07 1.8649508680e+00 1.8350000000e+00
6.006500000e-07 1.8649267404e+00 1.8000000000e+00
6.010000000e-07 1.8648566458e+00 1.7650000000e+00
6.010700000e-07 1.8648354936e+00 1.7650000000e+00
6.012100000e-07 1.8647791612e+00 1.7650000000e+00
6.014900000e-07 1.8645778483e+00 1.7650000000e+00
6.020500000e-07 1.8638023843e+00 1.7650000000e+00
6.030500000e-07 1.8612308625e+00 1.7650000000e+00
6.040500000e-07 1.8573298291e+00 1.7650000000e+00
6.050500000e-07 1.8523845053e+00 1.7650000000e+00
6.060500000e-07 1.8466547797e+00 1.7650000000e+00
6.070500000e-07 1.8403620269e+00 1.7650000000e+00
6.080500000e-07 1.8336948502e+00 1.7650000000e+00
6.090500000e-07 1.8268164575e+00 1.7650000000e+00
6.100500000e-07 1.8198697775e+00 1.7650000000e+00
6.110500000e-07 1.8129804872e+00 1.7650000000e+00
6.120500000e-07 1.8062586833e+00 1.7650000000e+00
6.130500000e-07 1.7997996201e+00 1.7650000000e+00
6.140500000e-07 1.7936838729e+00 1.7650000000e+00
6.150500000e-07 1.7879772403e+00 1.7650000000e+00
6.160500000e-07 1.7827306403e+00 1.7650000000e+00
6.170500000e-07 1.7779801985e+00 1.7650000000e+00
6.180500000e-07 1.7737476570e+00 1.7650000000e+00
6.190500000e-07 1.7700411644e+00 1.7650000000e+00
6.200500000e-07 1.7668564430e+00 1.7650000000e+00
6.210500000e-07 1.7641782797e+00 1.7650000000e+00
6.220500000e-07 1.7619822495e+00 1.7650000000e+00
6.230500000e-07 1.7602365691e+00 1.7650000000e+00
6.240500000e-07 1.7589039739e+00 1.7650000000e+00
6.250500000e-07 1.7579435252e+00 1.7650000000e+00
6.260500000e-07 1.7573122734e+00 1.7650000000e+00
6.270500000e-07 1.7569667271e+00 1.7650000000e+00
6.280500000e-07 1.7568640951e+00 1.7650000000e+00
6.290500000e-07 1.7569632936e+00 1.7650000000e+00
6.300500000e-07 1.7572257207e+00 1.7650000000e+00
6.310500000e-07 1.7576158138e+00 1.7650000000e+00
6.320500000e-07 1.7581014133e+00 1.7650000000e+00
6.330500000e-07 1.7586539576e+00 1.7650000000e+00
6.340500000e-07 1.7592485380e+00 1.7650000000e+00
6.350500000e-07 1.7598638403e+00 1.7650000000e+00
6.360500000e-07 1.7604819990e+00 1.7650000000e+00
6.370500000e-07 1.7610883868e+00 1.7650000000e+00
6.380500000e-07 1.7616713591e+00 1.7650000000e+00
6.390500000e-07 1.7622219714e+00 1.7650000000e+00
6.400500000e-07 1.7627336828e+00 1.7650000000e+00
6.410500000e-07 1.7632020571e+00 1.7650000000e+00
6.420500000e-07 1.7636244701e+00 1.7650000000e+00
6.430500000e-07 1.7639998300e+00 1.7650000000e+00
6.440500000e-07 1.7643283149e+00 1.7650000000e+00
6.450500000e-07 1.7646111311e+00 1.7650000000e+00
6.460500000e-07 1.7648502935e+00 1.7650000000e+00
6.470500000e-07 1.7650484292e+00 1.7650000000e+00
6.480500000e-07 1.7652086048e+00 1.7650000000e+00
6.490500000e-07 1.7653341757e+00 1.7650000000e+00
6.500500000e-07 1.7654286577e+00 1.7650000000e+00
6.510500000e-07 1.7654956188e+00 1.7650000000e+00
6.520500000e-07 1.7655385897e+00 1.7650000000e+00
6.530500000e-07 1.7655609924e+00 1.7650000000e+00
6.540500000e-07 1.7655660832e+00 1.7650000000e+00
6.550500000e-07 1.7655569112e+00 1.7650000000e+00
6.560500000e-07 1.7655362880e+00 1.7650000000e+00
6.570500000e-07 1.7655067682e+00 1.7650000000e+00
6.580500000e-07 1.7654706398e+00 1.7650000000e+00
6.590500000e-07 1.7654299216e+00 1.7650000000e+00
6.600500000e-07 1.7653863670e+00 1.7650000000e+00
6.610500000e-07 1.7653414736e+00 1.7650000000e+00
6.620500000e-07 1.7652964958e+00 1.7650000000e+00
6.630500000e-07 1.7652524615e+00 1.7650000000e+00
6.640500000e-07 1.7652101897e+00 1.7650000000e+00
6.650500000e-07 1.7651703108e+00 1.7650000000e+00
6.660500000e-07 1.7651332865e+00 1.7650000000e+00
6.670500000e-07 1.7650994298e+00 1.7650000000e+00
6.680500000e-07 1.7650689257e+00 1.7650000000e+00
6.690500000e-07 1.7650418499e+00 1.7650000000e+00
6.700500000e-07 1.7650181869e+00 1.7650000000e+00
6.710500000e-07 1.7649978476e+00 1.7650000000e+00
6.720500000e-07 1.7649806838e+00 1.7650000000e+00
6.730500000e-07 1.7649665030e+00 1.7650000000e+00
6.740500000e-07 1.7649550807e+00 1.7650000000e+00
6.750500000e-07 1.7649461710e+00 1.7650000000e+00
6.760500000e-07 1.7649395162e+00 1.7650000000e+00
6.770500000e-07 1.7649348551e+00 1.7650000000e+00
6.780500000e-07 1.7649319287e+00 1.7650000000e+00
6.790500000e-07 1.7649304867e+00 1.7650000000e+00
6.800500000e-07 1.7649302905e+00 1.7650000000e+00
6.810500000e-07 1.7649311174e+00 1.7650000000e+00
6.820500000e-07 1.7649327620e+00 1.7650000000e+00
6.830500000e-07 1.7649350381e+00 1.7650000000e+00
6.840500000e-07 1.7649377791e+00 1.7650000000e+00
6.850500000e-07 1.7649408384e+00 1.7650000000e+00
6.860500000e-07 1.7649440891e+00 1.7650000000e+00
6.870500000e-07 1.7649474228e+00 1.7650000000e+00
6.880500000e-07 1.7649507495e+00 1.7650000000e+00
6.890500000e-07 1.7649539953e+00 1.7650000000e+00
6.900500000e-07 1.7649571020e+00 1.7650000000e+00
6.910500000e-07 1.7649600249e+00 1.7650000000e+00
6.920500000e-07 1.7649627316e+00 1.7650000000e+00
6.930500000e-07 1.7649652008e+00 1.7650000000e+00
6.940500000e-07 1.7649674200e+00 1.7650000000e+00
6.950500000e-07 1.7649693850e+00 1.7650000000e+00
6.960500000e-07 1.7649710977e+00 1.7650000000e+00
6.970500000e-07 1.7649725658e+00 1.7650000000e+00
6.980500000e-07 1.7649738007e+00 1.7650000000e+00
6.990500000e-07 1.7649748171e+00 1.7650000000e+00
7.000500000e-07 1.7649756321e+00 1.7650000000e+00
7.010500000e-07 1.7649762641e+00 1.7650000000e+00
7.020500000e-07 1.7649767321e+00 1.7650000000e+00
7.030500000e-07 1.7649770556e+00 1.7650000000e+00
7.040500000e-07 1.7649772537e+00 1.7650000000e+00
7.050500000e-07 1.7649773447e+00 1.7650000000e+00
7.060500000e-07 1.7649773463e+00 1.7650000000e+00
7.070500000e-07 1.7649772746e+00 1.7650000000e+00
7.080500000e-07 1.7649771446e+00 1.7650000000e+00
7.090500000e-07 1.7649769699e+00 1.7650000000e+00
7.100500000e-07 1.7649767627e+00 1.7650000000e+00
7.110500000e-07 1.7649765334e+00 1.7650000000e+00
7.120500000e-07 1.7649762914e+00 1.7650000000e+00
7.130500000e-07 1.7649760443e+00 1.7650000000e+00
7.140500000e-07 1.7649757987e+00 1.7650000000e+00
7.150500000e-07 1.7649755598e+00 1.7650000000e+00
7.160500000e-07 1.7649753318e+00 1.7650000000e+00
7.170500000e-07 1.7649751179e+00 1.7650000000e+00
7.180500000e-07 1.7649749202e+00 1.7650000000e+00
7.190500000e-07 1.7649747403e+00 1.7650000000e+00
7.200500000e-07 1.7649745790e+00 1.7650000000e+00
7.210500000e-07 1.7649744365e+00 1.7650000000e+00
7.220500000e-07 1.7649743127e+00 1.7650000000e+00
7.230500000e-07 1.7649742068e+00 1.7650000000e+00
7.240500000e-07 1.7649741180e+00 1.7650000000e+00
7.250500000e-07 1.7649740452e+00 1.7650000000e+00
7.260500000e-07 1.7649739871e+00 1.7650000000e+00
7.270500000e-07 1.7649739423e+00 1.7650000000e+00
7.280500000e-07 1.7649739094e+00 1.7650000000e+00
7.290500000e-07 1.7649738871e+00 1.7650000000e+00
7.300500000e-07 1.7649738737e+00 1.7650000000e+00
7.310500000e-07 1.7649738681e+00 1.7650000000e+00
7.320500000e-07 1.7649738689e+00 1.7650000000e+00
7.330500000e-07 1.7649738750e+00 1.7650000000e+00
7.340500000e-07 1.7649738852e+00 1.7650000000e+00
7.350500000e-07 1.7649738986e+00 1.7650000000e+00
7.360500000e-07 1.7649739142e+00 1.7650000000e+00
7.370500000e-07 1.7649739314e+00 1.7650000000e+00
7.380500000e-07 1.7649739494e+00 1.7650000000e+00
7.390500000e-07 1.7649739677e+00 1.7650000000e+00
7.400500000e-07 1.7649739858e+00 1.7650000000e+00
7.410500000e-07 1.7649740034e+00 1.7650000000e+00
7.420500000e-07 1.7649740201e+00 1.7650000000e+00
7.430500000e-07 1.7649740358e+00 1.7650000000e+00
7.440500000e-07 1.7649740502e+00 1.7650000000e+00
7.450500000e-07 1.7649740633e+00 1.7650000000e+00
7.460500000e-07 1.7649740750e+00 1.7650000000e+00
7.470500000e-07 1.7649740853e+00 1.7650000000e+00
7.480500000e-07 1.7649740943e+00 1.7650000000e+00
7.490500000e-07 1.7649741019e+00 1.7650000000e+00
7.500500000e-07 1.7649741083e+00 1.7650000000e+00
7.510500000e-07 1.7649741135e+00 1.7650000000e+00
7.520500000e-07 1.7649741177e+00 1.7650000000e+00
7.530500000e-07 1.7649741208e+00 1.7650000000e+00
7.540500000e-07 1.7649741231e+00 1.7650000000e+00
7.550500000e-07 1.7649741247e+00 1.7650000000e+00
7.560500000e-07 1.7649741256e+00 1.7650000000e+00
7.570500000e-07 1.7649741259e+00 1.7650000000e+00
7.580500000e-07 1.7649741258e+00 1.7650000000e+00
7.590500000e-07 1.7649741253e+00 1.7650000000e+00
7.600500000e-07 1.7649741245e+00 1.7650000000e+00
7.610500000e-07 1.7649741235e+00 1.7650000000e+00
7.620500000e-07 1.7649741223e+00 1.7650000000e+00
7.630500000e-07 1.7649741210e+00 1.7650000000e+00
7.640500000e-07 1.7649741197e+00 1.7650000000e+00
7.650500000e-07 1.7649741183e+00 1.7650000000e+00
7.660500000e-07 1.7649741170e+00 1.7650000000e+00
7.670500000e-07 1.7649741157e+00 1.7650000000e+00
7.680500000e-07 1.7649741145e+00 1.7650000000e+00
7.690500000e-07 1.7649741133e+00 1.7650000000e+00
7.700500000e-07 1.7649741123e+00 1.7650000000e+00
7.710500000e-07 1.7649741113e+00 1.7650000000e+00
7.720500000e-07 1.7649741105e+00 1.7650000000e+00
7.730500000e-07 1.7649741097e+00 1.7650000000e+00
7.740500000e-07 1.7649741091e+00 1.7650000000e+00
7.750500000e-07 1.7649741085e+00 1.7650000000e+00
7.760500000e-07 1.7649741081e+00 1.7650000000e+00
7.770500000e-07 1.7649741077e+00 1.7650000000e+00
7.780500000e-07 1.7649741074e+00 1.7650000000e+00
7.790500000e-07 1.7649741072e+00 1.7650000000e+00
7.800500000e-07 1.7649741070e+00 1.7650000000e+00
7.810500000e-07 1.7649741069e+00 1.7650000000e+00
7.820500000e-07 1.7649741068e+00 1.7650000000e+00
7.830500000e-07 1.7649741068e+00 1.7650000000e+00
7.840500000e-07 1.7649741068e+00 1.7650000000e+00
7.850500000e-07 1.7649741068e+00 1.7650000000e+00
7.860500000e-07 1.7649741069e+00 1.7650000000e+00
7.870500000e-07 1.7649741070e+00 1.7650000000e+00
7.880500000e-07 1.7649741070e+00 1.7650000000e+00
7.890500000e-07 1.7649741071e+00 1.7650000000e+00
7.900500000e-07 1.7649741073e+00 1.7650000000e+00
7.910500000e-07 1.7649741074e+00 1.7650000000e+00
7.920500000e-07 1.7649741075e+00 1.7650000000e+00
7.930500000e-07 1.7649741076e+00 1.7650000000e+00
7.940500000e-07 1.7649741077e+00 1.7650000000e+00
7.950500000e-07 1.7649741077e+00 1.7650000000e+00
7.960500000e-07 1.7649741078e+00 1.7650000000e+00
7.970500000e-07 1.7649741079e+00 1.7650000000e+00
7.980500000e-07 1.7649741079e+00 1.7650000000e+00
7.990500000e-07 1.7649741080e+00 1.7650000000e+00
8.000500000e-07 1.7649741080e+00 1.7650000000e+00
8.010500000e-07 1.7649741081e+00 1.7650000000e+00
8.020500000e-07 1.7649741081e+00 1.7650000000e+00
8.030500000e-07 1.7649741081e+00 1.7650000000e+00
8.040500000e-07 1.7649741082e+00 1.7650000000e+00
8.050500000e-07 1.7649741082e+00 1.7650000000e+00
8.060500000e-07 1.7649741082e+00 1.7650000000e+00
8.070500000e-07 1.7649741082e+00 1.7650000000e+00
8.080500000e-07 1.7649741082e+00 1.7650000000e+00
8.090500000e-07 1.7649741082e+00 1.7650000000e+00
8.100500000e-07 1.7649741082e+00 1.7650000000e+00
8.110500000e-07 1.7649741082e+00 1.7650000000e+00
8.120500000e-07 1.7649741082e+00 1.7650000000e+00
8.130500000e-07 1.7649741082e+00 1.7650000000e+00
8.140500000e-07 1.7649741082e+00 1.7650000000e+00
8.150500000e-07 1.7649741082e+00 1.7650000000e+00
8.160500000e-07 1.7649741082e+00 1.7650000000e+00
8.170500000e-07 1.7649741082e+00 1.7650000000e+00
8.180500000e-07 1.7649741082e+00 1.7650000000e+00
8.190500000e-07 1.7649741081e+00 1.7650000000e+00
8.200500000e-07 1.7649741081e+00 1.7650000000e+00
8.210500000e-07 1.7649741081e+00 1.7650000000e+00
8.220500000e-07 1.7649741081e+00 1.7650000000e+00
8.230500000e-07 1.7649741081e+00 1.7650000000e+00
8.240500000e-07 1.7649741081e+00 1.7650000000e+00
8.250500000e-07 1.7649741081e+00 1.7650000000e+00
8.260500000e-07 1.7649741081e+00 1.7650000000e+00
8.270500000e-07 1.7649741081e+00 1.7650000000e+00
8.280500000e-07 1.7649741081e+00 1.7650000000e+00
8.290500000e-07 1.7649741081e+00 1.7650000000e+00
8.300500000e-07 1.7649741081e+00 1.7650000000e+00
8.310500000e-07 1.7649741081e+00 1.7650000000e+00
8.320500000e-07 1.7649741081e+00 1.7650000000e+00
8.330500000e-07 1.7649741081e+00 1.7650000000e+00
8.340500000e-07 1.7649741081e+00 1.7650000000e+00
8.350500000e-07 1.7649741081e+00 1.7650000000e+00
8.360500000e-07 1.7649741081e+00 1.7650000000e+00
8.370500000e-07 1.7649741081e+00 1.7650000000e+00
8.380500000e-07 1.7649741081e+00 1.7650000000e+00
8.390500000e-07 1.7649741081e+00 1.7650000000e+00
8.400500000e-07 1.7649741081e+00 1.7650000000e+00
8.410500000e-07 1.7649741081e+00 1.7650000000e+00
8.420500000e-07 1.7649741081e+00 1.7650000000e+00
8.430500000e-07 1.7649741081e+00 1.7650000000e+00
8.440500000e-07 1.7649741081e+00 1.7650000000e+00
8.450500000e-07 1.7649741081e+00 1.7650000000e+00
8.460500000e-07 1.7649741081e+00 1.7650000000e+00
8.470500000e-07 1.7649741081e+00 1.7650000000e+00
8.480500000e-07 1.7649741081e+00 1.7650000000e+00
8.490500000e-07 1.7649741081e+00 1.7650000000e+00
8.500500000e-07 1.7649741081e+00 1.7650000000e+00
8.510500000e-07 1.7649741081e+00 1.7650000000e+00
8.520500000e-07 1.7649741081e+00 1.7650000000e+00
8.530500000e-07 1.7649741081e+00 1.7650000000e+00
8.540500000e-07 1.7649741081e+00 1.7650000000e+00
8.550500000e-07 1.7649741081e+00 1.7650000000e+00
8.560500000e-07 1.7649741081e+00 1.7650000000e+00
8.570500000e-07 1.7649741081e+00 1.7650000000e+00
8.580500000e-07 1.7649741081e+00 1.7650000000e+00
8.590500000e-07 1.7649741081e+00 1.7650000000e+00
8.600500000e-07 1.7649741081e+00 1.7650000000e+00
8.610500000e-07 1.7649741081e+00 1.7650000000e+00
8.620500000e-07 1.7649741081e+00 1.7650000000e+00
8.630500000e-07 1.7649741081e+00 1.7650000000e+00
8.640500000e-07 1.7649741081e+00 1.7650000000e+00
8.650500000e-07 1.7649741081e+00 1.7650000000e+00
8.660500000e-07 1.7649741081e+00 1.7650000000e+00
8.670500000e-07 1.7649741081e+00 1.7650000000e+00
8.680500000e-07 1.7649741081e+00 1.7650000000e+00
8.690500000e-07 1.7649741081e+00 1.7650000000e+00
8.700500000e-07 1.7649741081e+00 1.7650000000e+00
8.710500000e-07 1.7649741081e+00 1.7650000000e+00
8.720500000e-07 1.7649741081e+00 1.7650000000e+00
8.730500000e-07 1.7649741081e+00 1.7650000000e+00
8.740500000e-07 1.7649741081e+00 1.7650000000e+00
8.750500000e-07 1.7649741081e+00 1.7650000000e+00
8.760500000e-07 1.7649741081e+00 1.7650000000e+00
8.770500000e-07 1.7649741081e+00 1.7650000000e+00
8.780500000e-07 1.7649741081e+00 1.7650000000e+00
8.790500000e-07 1.7649741081e+00 1.7650000000e+00
8.800500000e-07 1.7649741081e+00 1.7650000000e+00
8.810500000e-07 1.7649741081e+00 1.7650000000e+00
8.820500000e-07 1.7649741081e+00 1.7650000000e+00
8.830500000e-07 1.7649741081e+00 1.7650000000e+00
8.840500000e-07 1.7649741081e+00 1.7650000000e+00
8.850500000e-07 1.7649741081e+00 1.7650000000e+00
8.860500000e-07 1.7649741081e+00 1.7650000000e+00
8.870500000e-07 1.7649741081e+00 1.7650000000e+00
8.880500000e-07 1.7649741081e+00 1.7650000000e+00
8.890500000e-07 1.7649741081e+00 1.7650000000e+00
8.900500000e-07 1.7649741081e+00 1.7650000000e+00
8.910500000e-07 1.7649741081e+00 1.7650000000e+00
8.920500000e-07 1.7649741081e+00 1.7650000000e+00
8.930500000e-07 1.7649741081e+00 1.7650000000e+00
8.940500000e-07 1.7649741081e+00 1.7650000000e+00
8.950500000e-07 1.7649741081e+00 1.7650000000e+00
8.960500000e-07 1.7649741081e+00 1.7650000000e+00
8.970500000e-07 1.7649741081e+00 1.7650000000e+00
8.980500000e-07 1.7649741081e+00 1.7650000000e+00
8.990500000e-07 1.7649741081e+00 1.7650000000e+00
9.000500000e-07 1.7649741081e+00 1.7650000000e+00
9.010500000e-07 1.7649741081e+00 1.7650000000e+00
9.020500000e-07 1.7649741081e+00 1.7650000000e+00
9.030500000e-07 1.7649741081e+00 1.7650000000e+00
9.040500000e-07 1.7649741081e+00 1.7650000000e+00
9.050500000e-07 1.7649741081e+00 1.7650000000e+00
9.060500000e-07 1.7649741081e+00 1.7650000000e+00
9.070500000e-07 1.7649741081e+00 1.7650000000e+00
9.080500000e-07 1.7649741081e+00 1.7650000000e+00
9.090500000e-07 1.7649741081e+00 1.7650000000e+00
9.100500000e-07 1.7649741081e+00 1.7650000000e+00
9.110500000e-07 1.7649741081e+00 1.7650000000e+00
9.120500000e-07 1.7649741081e+00 1.7650000000e+00
9.130500000e-07 1.7649741081e+00 1.7650000000e+00
9.140500000e-07 1.7649741081e+00 1.7650000000e+00
9.150500000e-07 1.7649741081e+00 1.7650000000e+00
9.160500000e-07 1.7649741081e+00 1.7650000000e+00
9.170500000e-07 1.7649741081e+00 1.7650000000e+00
9.180500000e-07 1.7649741081e+00 1.7650000000e+00
9.190500000e-07 1.7649741081e+00 1.7650000000e+00
9.200500000e-07 1.7649741081e+00 1.7650000000e+00
9.210500000e-07 1.7649741081e+00 1.7650000000e+00
9.220500000e-07 1.7649741081e+00 1.7650000000e+00
9.230500000e-07 1.7649741081e+00 1.7650000000e+00
9.240500000e-07 1.7649741081e+00 1.7650000000e+00
9.250500000e-07 1.7649741081e+00 1.7650000000e+00
9.260500000e-07 1.7649741081e+00 1.7650000000e+00
9.270500000e-07 1.7649741081e+00 1.7650000000e+00
9.280500000e-07 1.7649741081e+00 1.7650000000e+00
9.290500000e-07 1.7649741081e+00 1.7650000000e+00
9.300500000e-07 1.7649741081e+00 1.7650000000e+00
9.310500000e-07 1.7649741081e+00 1.7650000000e+00
9.320500000e-07 1.7649741081e+00 1.7650000000e+00
9.330500000e-07 1.7649741081e+00 1.7650000000e+00
9.340500000e-07 1.7649741081e+00 1.7650000000e+00
9.350500000e-07 1.7649741081e+00 1.7650000000e+00
9.360500000e-07 1.7649741081e+00 1.7650000000e+00
9.370500000e-07 1.7649741081e+00 1.7650000000e+00
9.380500000e-07 1.7649741081e+00 1.7650000000e+00
9.390500000e-07 1.7649741081e+00 1.7650000000e+00
9.400500000e-07 1.7649741081e+00 1.7650000000e+00
9.410500000e-07 1.7649741081e+00 1.7650000000e+00
9.420500000e-07 1.7649741081e+00 1.7650000000e+00
9.430500000e-07 1.7649741081e+00 1.7650000000e+00
9.440500000e-07 1.7649741081e+00 1.7650000000e+00
9.450500000e-07 1.7649741081e+00 1.7650000000e+00
9.460500000e-07 1.7649741081e+00 1.7650000000e+00
9.470500000e-07 1.7649741081e+00 1.7650000000e+00
9.480500000e-07 1.7649741081e+00 1.7650000000e+00
9.490500000e-07 1.7649741081e+00 1.7650000000e+00
9.500500000e-07 1.7649741081e+00 1.7650000000e+00
9.510500000e-07 1.7649741081e+00 1.7650000000e+00
9.520500000e-07 1.7649741081e+00 1.7650000000e+00
9.530500000e-07 1.7649741081e+00 1.7650000000e+00
9.540500000e-07 1.7649741081e+00 1.7650000000e+00
9.550500000e-07 1.7649741081e+00 1.7650000000e+00
9.560500000e-07 1.7649741081e+00 1.7650000000e+00
9.570500000e-07 1.7649741081e+00 1.7650000000e+00
9.580500000e-07 1.7649741081e+00 1.7650000000e+00
9.590500000e-07 1.7649741081e+00 1.7650000000e+00
9.600500000e-07 1.7649741081e+00 1.7650000000e+00
9.610500000e-07 1.7649741081e+00 1.7650000000e+00
9.620500000e-07 1.7649741081e+00 1.7650000000e+00
9.630500000e-07 1.7649741081e+00 1.7650000000e+00
9.640500000e-07 1.7649741081e+00 1.7650000000e+00
9.650500000e-07 1.7649741081e+00 1.7650000000e+00
9.660500000e-07 1.7649741081e+00 1.7650000000e+00
9.670500000e-07 1.7649741081e+00 1.7650000000e+00
9.680500000e-07 1.7649741081e+00 1.7650000000e+00
9.690500000e-07 1.7649741081e+00 1.7650000000e+00
9.700500000e-07 1.7649741081e+00 1.7650000000e+00
9.710500000e-07 1.7649741081e+00 1.7650000000e+00
9.720500000e-07 1.7649741081e+00 1.7650000000e+00
9.730500000e-07 1.7649741081e+00 1.7650000000e+00
9.740500000e-07 1.7649741081e+00 1.7650000000e+00
9.750500000e-07 1.7649741081e+00 1.7650000000e+00
9.760500000e-07 1.7649741081e+00 1.7650000000e+00
9.770500000e-07 1.7649741081e+00 1.7650000000e+00
9.780500000e-07 1.7649741081e+00 1.7650000000e+00
9.790500000e-07 1.7649741081e+00 1.7650000000e+00
9.800500000e-07 1.7649741081e+00 1.7650000000e+00
9.810500000e-07 1.7649741081e+00 1.7650000000e+00
9.820500000e-07 1.7649741081e+00 1.7650000000e+00
9.830500000e-07 1.7649741081e+00 1.7650000000e+00
9.840500000e-07 1.7649741081e+00 1.7650000000e+00
9.850500000e-07 1.7649741081e+00 1.7650000000e+00
9.860500000e-07 1.7649741081e+00 1.7650000000e+00
9.870500000e-07 1.7649741081e+00 1.7650000000e+00
9.880500000e-07 1.7649741081e+00 1.7650000000e+00
9.890500000e-07 1.7649741081e+00 1.7650000000e+00
9.900500000e-07 1.7649741081e+00 1.7650000000e+00
9.910500000e-07 1.7649741081e+00 1.7650000000e+00
9.920500000e-07 1.7649741081e+00 1.7650000000e+00
9.930500000e-07 1.7649741081e+00 1.7650000000e+00
9.940500000e-07 1.7649741081e+00 1.7650000000e+00
9.950500000e-07 1.7649741081e+00 1.7650000000e+00
9.960500000e-07 1.7649741081e+00 1.7650000000e+00
9.970500000e-07 1.7649741081e+00 1.7650000000e+00
9.980500000e-07 1.7649741081e+00 1.7650000000e+00
9.990500000e-07 1.7649741081e+00 1.7650000000e+00
1.000050000e-06 1.7649741081e+00 1.7650000000e+00
1.001050000e-06 1.7649741081e+00 1.7650000000e+00
1.002050000e-06 1.7649741081e+00 1.7650000000e+00
1.003050000e-06 1.7649741081e+00 1.7650000000e+00
1.004050000e-06 1.7649741081e+00 1.7650000000e+00
1.005050000e-06 1.7649741081e+00 1.7650000000e+00
1.006050000e-06 1.7649741081e+00 1.7650000000e+00
1.007050000e-06 1.7649741081e+00 1.7650000000e+00
1.008050000e-06 1.7649741081e+00 1.7650000000e+00
1.009050000e-06 1.7649741081e+00 1.7650000000e+00
1.010050000e-06 1.7649741081e+00 1.7650000000e+00
1.011050000e-06 1.7649741081e+00 1.7650000000e+00
1.012050000e-06 1.7649741081e+00 1.7650000000e+00
1.013050000e-06 1.7649741081e+00 1.7650000000e+00
1.014050000e-06 1.7649741081e+00 1.7650000000e+00
1.015050000e-06 1.7649741081e+00 1.7650000000e+00
1.016050000e-06 1.7649741081e+00 1.7650000000e+00
1.017050000e-06 1.7649741081e+00 1.7650000000e+00
1.018050000e-06 1.7649741081e+00 1.7650000000e+00
1.019050000e-06 1.7649741081e+00 1.7650000000e+00
1.020050000e-06 1.7649741081e+00 1.7650000000e+00
1.021050000e-06 1.7649741081e+00 1.7650000000e+00
1.022050000e-06 1.7649741081e+00 1.7650000000e+00
1.023050000e-06 1.7649741081e+00 1.7650000000e+00
1.024050000e-06 1.7649741081e+00 1.7650000000e+00
1.025050000e-06 1.7649741081e+00 1.7650000000e+00
1.026050000e-06 1.7649741081e+00 1.7650000000e+00
1.027050000e-06 1.7649741081e+00 1.7650000000e+00
1.028050000e-06 1.7649741081e+00 1.7650000000e+00
1.029050000e-06 1.7649741081e+00 1.7650000000e+00
1.030050000e-06 1.7649741081e+00 1.7650000000e+00
1.031050000e-06 1.7649741081e+00 1.7650000000e+00
1.032050000e-06 1.7649741081e+00 1.7650000000e+00
1.033050000e-06 1.7649741081e+00 1.7650000000e+00
1.034050000e-06 1.7649741081e+00 1.7650000000e+00
1.035050000e-06 1.7649741081e+00 1.7650000000e+00
1.036050000e-06 1.7649741081e+00 1.7650000000e+00
1.037050000e-06 1.7649741081e+00 1.7650000000e+00
1.038050000e-06 1.7649741081e+00 1.7650000000e+00
1.039050000e-06 1.7649741081e+00 1.7650000000e+00
1.040050000e-06 1.7649741081e+00 1.7650000000e+00
1.041050000e-06 1.7649741081e+00 1.7650000000e+00
1.042050000e-06 1.7649741081e+00 1.7650000000e+00
1.043050000e-06 1.7649741081e+00 1.7650000000e+00
1.044050000e-06 1.7649741081e+00 1.7650000000e+00
1.045050000e-06 1.7649741081e+00 1.7650000000e+00
1.046050000e-06 1.7649741081e+00 1.7650000000e+00
1.047050000e-06 1.7649741081e+00 1.7650000000e+00
1.048050000e-06 1.7649741081e+00 1.7650000000e+00
1.049050000e-06 1.7649741081e+00 1.7650000000e+00
1.050050000e-06 1.7649741081e+00 1.7650000000e+00
1.051050000e-06 1.7649741081e+00 1.7650000000e+00
1.052050000e-06 1.7649741081e+00 1.7650000000e+00
1.053050000e-06 1.7649741081e+00 1.7650000000e+00
1.054050000e-06 1.7649741081e+00 1.7650000000e+00
1.055050000e-06 1.7649741081e+00 1.7650000000e+00
1.056050000e-06 1.7649741081e+00 1.7650000000e+00
1.057050000e-06 1.7649741081e+00 1.7650000000e+00
1.058050000e-06 1.7649741081e+00 1.7650000000e+00
1.059050000e-06 1.7649741081e+00 1.7650000000e+00
1.060050000e-06 1.7649741081e+00 1.7650000000e+00
1.061050000e-06 1.7649741081e+00 1.7650000000e+00
1.062050000e-06 1.7649741081e+00 1.7650000000e+00
1.063050000e-06 1.7649741081e+00 1.7650000000e+00
1.064050000e-06 1.7649741081e+00 1.7650000000e+00
1.065050000e-06 1.7649741081e+00 1.7650000000e+00
1.066050000e-06 1.7649741081e+00 1.7650000000e+00
1.067050000e-06 1.7649741081e+00 1.7650000000e+00
1.068050000e-06 1.7649741081e+00 1.7650000000e+00
1.069050000e-06 1.7649741081e+00 1.7650000000e+00
1.070050000e-06 1.7649741081e+00 1.7650000000e+00
1.071050000e-06 1.7649741081e+00 1.7650000000e+00
1.072050000e-06 1.7649741081e+00 1.7650000000e+00
1.073050000e-06 1.7649741081e+00 1.7650000000e+00
1.074050000e-06 1.7649741081e+00 1.7650000000e+00
1.075050000e-06 1.7649741081e+00 1.7650000000e+00
1.076050000e-06 1.7649741081e+00 1.7650000000e+00
1.077050000e-06 1.7649741081e+00 1.7650000000e+00
1.078050000e-06 1.7649741081e+00 1.7650000000e+00
1.079050000e-06 1.7649741081e+00 1.7650000000e+00
1.080050000e-06 1.7649741081e+00 1.7650000000e+00
1.081050000e-06 1.7649741081e+00 1.7650000000e+00
1.082050000e-06 1.7649741081e+00 1.7650000000e+00
1.083050000e-06 1.7649741081e+00 1.7650000000e+00
1.084050000e-06 1.7649741081e+00 1.7650000000e+00
1.085050000e-06 1.7649741081e+00 1.7650000000e+00
1.086050000e-06 1.7649741081e+00 1.7650000000e+00
1.087050000e-06 1.7649741081e+00 1.7650000000e+00
1.088050000e-06 1.7649741081e+00 1.7650000000e+00
1.089050000e-06 1.7649741081e+00 1.7650000000e+00
1.090050000e-06 1.7649741081e+00 1.7650000000e+00
1.091050000e-06 1.7649741081e+00 1.7650000000e+00
1.092050000e-06 1.7649741081e+00 1.7650000000e+00
1.093050000e-06 1.7649741081e+00 1.7650000000e+00
1.094050000e-06 1.7649741081e+00 1.7650000000e+00
1.095050000e-06 1.7649741081e+00 1.7650000000e+00
1.096050000e-06 1.7649741081e+00 1.7650000000e+00
1.097050000e-06 1.7649741081e+00 1.7650000000e+00
1.098050000e-06 1.7649741081e+00 1.7650000000e+00
1.099050000e-06 1.7649741081e+00 1.7650000000e+00
1.100000000e-06 1.7649741081e+00 1.7650000000e+00
