# time_s vout_v vinp_v
0.000000000e+00 1.7649726406e+00 1.7650000000e+00
1.000000000e-11 1.7649726406e+00 1.7650000000e+00
2.000000000e-11 1.7649726407e+00 1.7650000000e+00
4.000000000e-11 1.7649726408e+00 1.7650000000e+00
8.000000000e-11 1.7649726410e+00 1.7650000000e+00
1.600000000e-10 1.7649726414e+00 1.7650000000e+00
3.200000000e-10 1.7649726420e+00 1.7650000000e+00
6.400000000e-10 1.7649726424e+00 1.7650000000e+00
1.280000000e-09 1.7649726416e+00 1.7650000000e+00
2.280000000e-09 1.7649726394e+00 1.7650000000e+00
3.280000000e-09 1.7649726382e+00 1.7650000000e+00
4.280000000e-09 1.7649726381e+00 1.7650000000e+00
5.280000000e-09 1.7649726392e+00 1.7650000000e+00
6.280000000e-09 1.7649726411e+00 1.7650000000e+00
7.280000000e-09 1.7649726438e+00 1.7650000000e+00
8.280000000e-09 1.7649726469e+00 1.7650000000e+00
9.280000000e-09 1.7649726504e+00 1.7650000000e+00
1.028000000e-08 1.7649726540e+00 1.7650000000e+00
1.128000000e-08 1.7649726578e+00 1.7650000000e+00
1.228000000e-08 1.7649726615e+00 1.7650000000e+00
1.328000000e-08 1.7649726651e+00 1.7650000000e+00
1.428000000e-08 1.7649726686e+00 1.7650000000e+00
1.528000000e-08 1.7649726720e+00 1.7650000000e+00
1.628000000e-08 1.7649726750e+00 1.7650000000e+00
1.728000000e-08 1.7649726779e+00 1.7650000000e+00
1.828000000e-08 1.7649726804e+00 1.7650000000e+00
1.928000000e-08 1.7649726827e+00 1.7650000000e+00
2.028000000e-08 1.7649726847e+00 1.7650000000e+00
2.128000000e-08 1.7649726865e+00 1.7650000000e+00
2.228000000e-08 1.7649726880e+00 1.7650000000e+00
2.328000000e-08 1.7649726893e+00 1.7650000000e+00
2.428000000e-08 1.7649726904e+00 1.7650000000e+00
2.528000000e-08 1.7649726912e+00 1.7650000000e+00
2.628000000e-08 1.7649726919e+00 1.7650000000e+00
2.728000000e-08 1.7649726924e+00 1.7650000000e+00
2.828000000e-08 1.7649726927e+00 1.7650000000e+00
2.928000000e-08 1.7649726929e+00 1.7650000000e+00
3.028000000e-08 1.7649726930e+00 1.7650000000e+00
3.128000000e-08 1.7649726930e+00 1.7650000000e+00
3.228000000e-08 1.7649726930e+00 1.7650000000e+00
3.328000000e-08 1.7649726929e+00 1.7650000000e+00
3.428000000e-08 1.7649726927e+00 1.7650000000e+00
3.528000000e-08 1.7649726925e+00 1.7650000000e+00
3.628000000e-08 1.7649726923e+00 1.7650000000e+00
3.728000000e-08 1.7649726920e+00 1.7650000000e+00
3.828000000e-08 1.7649726918e+00 1.7650000000e+00
3.928000000e-08 1.7649726915e+00 1.7650000000e+00
4.028000000e-08 1.7649726913e+00 1.7650000000e+00
4.128000000e-08 1.7649726910e+00 1.7650000000e+00
4.228000000e-08 1.7649726908e+00 1.7650000000e+00
4.328000000e-08 1.7649726906e+00 1.7650000000e+00
4.428000000e-08 1.7649726903e+00 1.7650000000e+00
4.528000000e-08 1.7649726902e+00 1.7650000000e+00
4.628000000e-08 1.7649726900e+00 1.7650000000e+00
4.728000000e-08 1.7649726899e+00 1.7650000000e+00
4.828000000e-08 1.7649726897e+00 1.7650000000e+00
4.928000000e-08 1.7649726896e+00 1.7650000000e+00
5.028000000e-08 1.7649726895e+00 1.7650000000e+00
5.128000000e-08 1.7649726894e+00 1.7650000000e+00
5.228000000e-08 1.7649726894e+00 1.7650000000e+00
5.328000000e-08 1.7649726893e+00 1.7650000000e+00
5.428000000e-08 1.7649726893e+00 1.7650000000e+00
5.528000000e-08 1.7649726893e+00 1.7650000000e+00
5.628000000e-08 1.7649726892e+00 1.7650000000e+00
5.728000000e-08 1.7649726892e+00 1.7650000000e+00
5.828000000e-08 1.7649726892e+00 1.7650000000e+00
5.928000000e-08 1.7649726892e+00 1.7650000000e+00
6.028000000e-08 1.7649726892e+00 1.7650000000e+00
6.128000000e-08 1.7649726892e+00 1.7650000000e+00
6.228000000e-08 1.7649726892e+00 1.7650000000e+00
6.328000000e-08 1.7649726893e+00 1.7650000000e+00
6.428000000e-08 1.7649726893e+00 1.7650000000e+00
6.528000000e-08 1.7649726893e+00 1.7650000000e+00
6.628000000e-08 1.7649726893e+00 1.7650000000e+00
6.728000000e-08 1.7649726893e+00 1.7650000000e+00
6.828000000e-08 1.7649726893e+00 1.7650000000e+00
6.928000000e-08 1.7649726894e+00 1.7650000000e+00
7.028000000e-08 1.7649726894e+00 1.7650000000e+00
7.128000000e-08 1.7649726894e+00 1.7650000000e+00
7.228000000e-08 1.7649726894e+00 1.7650000000e+00
7.328000000e-08 1.7649726894e+00 1.7650000000e+00
7.428000000e-08 1.7649726894e+00 1.7650000000e+00
7.528000000e-08 1.7649726895e+00 1.7650000000e+00
7.628000000e-08 1.7649726895e+00 1.7650000000e+00
7.728000000e-08 1.7649726895e+00 1.7650000000e+00
7.828000000e-08 1.7649726895e+00 1.7650000000e+00
7.928000000e-08 1.7649726895e+00 1.7650000000e+00
8.028000000e-08 1.7649726895e+00 1.7650000000e+00
8.128000000e-08 1.7649726895e+00 1.7650000000e+00
8.228000000e-08 1.7649726895e+00 1.7650000000e+00
8.328000000e-08 1.7649726895e+00 1.7650000000e+00
8.428000000e-08 1.7649726895e+00 1.7650000000e+00
8.528000000e-08 1.7649726895e+00 1.7650000000e+00
8.628000000e-08 1.7649726895e+00 1.7650000000e+00
8.728000000e-08 1.7649726895e+00 1.7650000000e+00
8.828000000e-08 1.7649726895e+00 1.7650000000e+00
8.928000000e-08 1.7649726895e+00 1.7650000000e+00
9.028000000e-08 1.7649726895e+00 1.7650000000e+00
9.128000000e-08 1.7649726895e+00 1.7650000000e+00
9.228000000e-08 1.7649726895e+00 1.7650000000e+00
9.328000000e-08 1.7649726895e+00 1.7650000000e+00
9.428000000e-08 1.7649726895e+00 1.7650000000e+00
9.528000000e-08 1.7649726895e+00 1.7650000000e+00
9.628000000e-08 1.7649726895e+00 1.7650000000e+00
9.728000000e-08 1.7649726895e+00 1.7650000000e+00
9.828000000e-08 1.7649726895e+00 1.7650000000e+00
9.914000000e-08 1.7649726895e+00 1.7650000000e+00
1.000000000e-07 1.7649726895e+00 1.7650000000e+00
1.001000000e-07 1.7649816496e+00 1.7750000000e+00
1.003000000e-07 1.7649953749e+00 1.7950000000e+00
1.006500000e-07 1.7650229233e+00 1.8300000000e+00
1.010000000e-07 1.7651066655e+00 1.8650000000e+00
1.010700000e-07 1.7651321648e+00 1.8650000000e+00
1.012100000e-07 1.7651982532e+00 1.8650000000e+00
1.014900000e-07 1.7654186455e+00 1.8650000000e+00
1.020500000e-07 1.7662145821e+00 1.8650000000e+00
1.030500000e-07 1.7688011716e+00 1.8650000000e+00
1.040500000e-07 1.7727523380e+00 1.8650000000e+00
1.050500000e-07 1.7778199946e+00 1.8650000000e+00
1.060500000e-07 1.7837313868e+00 1.8650000000e+00
1.070500000e-07 1.7902261627e+00 1.8650000000e+00
1.080500000e-07 1.7970694092e+00 1.8650000000e+00
1.090500000e-07 1.8040560990e+00 1.8650000000e+00
1.100500000e-07 1.8110132884e+00 1.8650000000e+00
1.110500000e-07 1.8177992643e+00 1.8650000000e+00
1.120500000e-07 1.8243018692e+00 1.8650000000e+00
1.130500000e-07 1.8304360982e+00 1.8650000000e+00
1.140500000e-07 1.8361412522e+00 1.8650000000e+00
1.150500000e-07 1.8413778312e+00 1.8650000000e+00
1.160500000e-07 1.8461243614e+00 1.8650000000e+00
1.170500000e-07 1.8503743064e+00 1.8650000000e+00
1.180500000e-07 1.8541331814e+00 1.8650000000e+00
1.190500000e-07 1.8574159441e+00 1.8650000000e+00
1.200500000e-07 1.8602447007e+00 1.8650000000e+00
1.210500000e-07 1.8626467363e+00 1.8650000000e+00
1.220500000e-07 1.8646528579e+00 1.8650000000e+00
1.230500000e-07 1.8662960245e+00 1.8650000000e+00
1.240500000e-07 1.8676102339e+00 1.8650000000e+00
1.250500000e-07 1.8686296323e+00 1.8650000000e+00
1.260500000e-07 1.8693878130e+00 1.8650000000e+00
1.270500000e-07 1.8699172755e+00 1.8650000000e+00
1.280500000e-07 1.8702490159e+00 1.8650000000e+00
1.290500000e-07 1.8704122275e+00 1.8650000000e+00
1.300500000e-07 1.8704340915e+00 1.8650000000e+00
1.310500000e-07 1.8703396411e+00 1.8650000000e+00
1.320500000e-07 1.8701516872e+00 1.8650000000e+00
1.330500000e-07 1.8698907939e+00 1.8650000000e+00
1.340500000e-07 1.8695752955e+00 1.8650000000e+00
1.350500000e-07 1.8692213471e+00 1.8650000000e+00
1.360500000e-07 1.8688430030e+00 1.8650000000e+00
1.370500000e-07 1.8684523173e+00 1.8650000000e+00
1.380500000e-07 1.8680594618e+00 1.8650000000e+00
1.390500000e-07 1.8676728570e+00 1.8650000000e+00
1.400500000e-07 1.8672993129e+00 1.8650000000e+00
1.410500000e-07 1.8669441746e+00 1.8650000000e+00
1.420500000e-07 1.8666114714e+00 1.8650000000e+00
1.430500000e-07 1.8663040655e+00 1.8650000000e+00
1.440500000e-07 1.8660237975e+00 1.8650000000e+00
1.450500000e-07 1.8657716275e+00 1.8650000000e+00
1.460500000e-07 1.8655477694e+00 1.8650000000e+00
1.470500000e-07 1.8653518172e+00 1.8650000000e+00
1.480500000e-07 1.8651828619e+00 1.8650000000e+00
1.490500000e-07 1.8650395985e+00 1.8650000000e+00
1.500500000e-07 1.8649204226e+00 1.8650000000e+00
1.510500000e-07 1.8648235164e+00 1.8650000000e+00
1.520500000e-07 1.8647469238e+00 1.8650000000e+00
1.530500000e-07 1.8646886157e+00 1.8650000000e+00
1.540500000e-07 1.8646465447e+00 1.8650000000e+00
1.550500000e-07 1.8646186912e+00 1.8650000000e+00
1.560500000e-07 1.8646031002e+00 1.8650000000e+00
1.570500000e-07 1.8645979106e+00 1.8650000000e+00
1.580500000e-07 1.8646013771e+00 1.8650000000e+00
1.590500000e-07 1.8646118862e+00 1.8650000000e+00
1.600500000e-07 1.8646279658e+00 1.8650000000e+00
1.610500000e-07 1.8646482908e+00 1.8650000000e+00
1.620500000e-07 1.8646716845e+00 1.8650000000e+00
1.630500000e-07 1.8646971165e+00 1.8650000000e+00
1.640500000e-07 1.8647236980e+00 1.8650000000e+00
1.650500000e-07 1.8647506748e+00 1.8650000000e+00
1.660500000e-07 1.8647774192e+00 1.8650000000e+00
1.670500000e-07 1.8648034202e+00 1.8650000000e+00
1.680500000e-07 1.8648282733e+00 1.8650000000e+00
1.690500000e-07 1.8648516700e+00 1.8650000000e+00
1.700500000e-07 1.8648733867e+00 1.8650000000e+00
1.710500000e-07 1.8648932747e+00 1.8650000000e+00
1.720500000e-07 1.8649112494e+00 1.8650000000e+00
1.730500000e-07 1.8649272808e+00 1.8650000000e+00
1.740500000e-07 1.8649413844e+00 1.8650000000e+00
1.750500000e-07 1.8649536128e+00 1.8650000000e+00
1.760500000e-07 1.8649640480e+00 1.8650000000e+00
1.770500000e-07 1.8649727941e+00 1.8650000000e+00
1.780500000e-07 1.8649799719e+00 1.8650000000e+00
1.790500000e-07 1.8649857128e+00 1.8650000000e+00
1.800500000e-07 1.8649901544e+00 1.8650000000e+00
1.810500000e-07 1.8649934366e+00 1.8650000000e+00
1.820500000e-07 1.8649956985e+00 1.8650000000e+00
1.830500000e-07 1.8649970752e+00 1.8650000000e+00
1.840500000e-07 1.8649976962e+00 1.8650000000e+00
1.850500000e-07 1.8649976832e+00 1.8650000000e+00
1.860500000e-07 1.8649971496e+00 1.8650000000e+00
1.870500000e-07 1.8649961992e+00 1.8650000000e+00
1.880500000e-07 1.8649949260e+00 1.8650000000e+00
1.890500000e-07 1.8649934137e+00 1.8650000000e+00
1.900500000e-07 1.8649917362e+00 1.8650000000e+00
1.910500000e-07 1.8649899576e+00 1.8650000000e+00
1.920500000e-07 1.8649881325e+00 1.8650000000e+00
1.930500000e-07 1.8649863070e+00 1.8650000000e+00
1.940500000e-07 1.8649845189e+00 1.8650000000e+00
1.950500000e-07 1.8649827983e+00 1.8650000000e+00
1.960500000e-07 1.8649811688e+00 1.8650000000e+00
1.970500000e-07 1.8649796478e+00 1.8650000000e+00
1.980500000e-07 1.8649782473e+00 1.8650000000e+00
1.990500000e-07 1.8649769747e+00 1.8650000000e+00
2.000500000e-07 1.8649758335e+00 1.8650000000e+00
2.010500000e-07 1.8649748240e+00 1.8650000000e+00
2.020500000e-07 1.8649739433e+00 1.8650000000e+00
2.030500000e-07 1.8649731868e+00 1.8650000000e+00
2.040500000e-07 1.8649725479e+00 1.8650000000e+00
2.050500000e-07 1.8649720189e+00 1.8650000000e+00
2.060500000e-07 1.8649715911e+00 1.8650000000e+00
2.070500000e-07 1.8649712553e+00 1.8650000000e+00
2.080500000e-07 1.8649710020e+00 1.8650000000e+00
2.090500000e-07 1.8649708217e+00 1.8650000000e+00
2.100500000e-07 1.8649707052e+00 1.8650000000e+00
2.110500000e-07 1.8649706434e+00 1.8650000000e+00
2.120500000e-07 1.8649706280e+00 1.8650000000e+00
2.130500000e-07 1.8649706509e+00 1.8650000000e+00
2.140500000e-07 1.8649707049e+00 1.8650000000e+00
2.150500000e-07 1.8649707833e+00 1.8650000000e+00
2.160500000e-07 1.8649708801e+00 1.8650000000e+00
2.170500000e-07 1.8649709900e+00 1.8650000000e+00
2.180500000e-07 1.8649711085e+00 1.8650000000e+00
2.190500000e-07 1.8649712316e+00 1.8650000000e+00
2.200500000e-07 1.8649713559e+00 1.8650000000e+00
2.210500000e-07 1.8649714786e+00 1.8650000000e+00
2.220500000e-07 1.8649715975e+00 1.8650000000e+00
2.230500000e-07 1.8649717107e+00 1.8650000000e+00
2.240500000e-07 1.8649718171e+00 1.8650000000e+00
2.250500000e-07 1.8649719155e+00 1.8650000000e+00
2.260500000e-07 1.8649720054e+00 1.8650000000e+00
2.270500000e-07 1.8649720865e+00 1.8650000000e+00
2.280500000e-07 1.8649721586e+00 1.8650000000e+00
2.290500000e-07 1.8649722219e+00 1.8650000000e+00
2.300500000e-07 1.8649722766e+00 1.8650000000e+00
2.310500000e-07 1.8649723231e+00 1.8650000000e+00
2.320500000e-07 1.8649723620e+00 1.8650000000e+00
2.330500000e-07 1.8649723937e+00 1.8650000000e+00
2.340500000e-07 1.8649724189e+00 1.8650000000e+00
2.350500000e-07 1.8649724383e+00 1.8650000000e+00
2.360500000e-07 1.8649724524e+00 1.8650000000e+00
2.370500000e-07 1.8649724620e+00 1.8650000000e+00
2.380500000e-07 1.8649724676e+00 1.8650000000e+00
2.390500000e-07 1.8649724699e+00 1.8650000000e+00
2.400500000e-07 1.8649724693e+00 1.8650000000e+00
2.410500000e-07 1.8649724665e+00 1.8650000000e+00
2.420500000e-07 1.8649724618e+00 1.8650000000e+00
2.430500000e-07 1.8649724556e+00 1.8650000000e+00
2.440500000e-07 1.8649724485e+00 1.8650000000e+00
2.450500000e-07 1.8649724407e+00 1.8650000000e+00
2.460500000e-07 1.8649724324e+00 1.8650000000e+00
2.470500000e-07 1.8649724240e+00 1.8650000000e+00
2.480500000e-07 1.8649724156e+00 1.8650000000e+00
2.490500000e-07 1.8649724074e+00 1.8650000000e+00
2.500500000e-07 1.8649723995e+00 1.8650000000e+00
2.510500000e-07 1.8649723921e+00 1.8650000000e+00
2.520500000e-07 1.8649723852e+00 1.8650000000e+00
2.530500000e-07 1.8649723789e+00 1.8650000000e+00
2.540500000e-07 1.8649723731e+00 1.8650000000e+00
2.550500000e-07 1.8649723680e+00 1.8650000000e+00
2.560500000e-07 1.8649723635e+00 1.8650000000e+00
2.570500000e-07 1.8649723595e+00 1.8650000000e+00
2.580500000e-07 1.8649723561e+00 1.8650000000e+00
2.590500000e-07 1.8649723533e+00 1.8650000000e+00
2.600500000e-07 1.8649723510e+00 1.8650000000e+00
2.610500000e-07 1.8649723491e+00 1.8650000000e+00
2.620500000e-07 1.8649723476e+00 1.8650000000e+00
2.630500000e-07 1.8649723465e+00 1.8650000000e+00
2.640500000e-07 1.8649723457e+00 1.8650000000e+00
2.650500000e-07 1.8649723452e+00 1.8650000000e+00
2.660500000e-07 1.8649723450e+00 1.8650000000e+00
2.670500000e-07 1.8649723449e+00 1.8650000000e+00
2.680500000e-07 1.8649723451e+00 1.8650000000e+00
2.690500000e-07 1.8649723453e+00 1.8650000000e+00
2.700500000e-07 1.8649723457e+00 1.8650000000e+00
2.710500000e-07 1.8649723462e+00 1.8650000000e+00
2.720500000e-07 1.8649723467e+00 1.8650000000e+00
2.730500000e-07 1.8649723473e+00 1.8650000000e+00
2.740500000e-07 1.8649723478e+00 1.8650000000e+00
2.750500000e-07 1.8649723484e+00 1.8650000000e+00
2.760500000e-07 1.8649723490e+00 1.8650000000e+00
2.770500000e-07 1.8649723495e+00 1.8650000000e+00
2.780500000e-07 1.8649723500e+00 1.8650000000e+00
2.790500000e-07 1.8649723505e+00 1.8650000000e+00
2.800500000e-07 1.8649723510e+00 1.8650000000e+00
2.810500000e-07 1.8649723514e+00 1.8650000000e+00
2.820500000e-07 1.8649723517e+00 1.8650000000e+00
2.830500000e-07 1.8649723520e+00 1.8650000000e+00
2.840500000e-07 1.8649723523e+00 1.8650000000e+00
2.850500000e-07 1.8649723526e+00 1.8650000000e+00
2.860500000e-07 1.8649723528e+00 1.8650000000e+00
2.870500000e-07 1.8649723530e+00 1.8650000000e+00
2.880500000e-07 1.8649723531e+00 1.8650000000e+00
2.890500000e-07 1.8649723532e+00 1.8650000000e+00
2.900500000e-07 1.8649723533e+00 1.8650000000e+00
2.910500000e-07 1.8649723533e+00 1.8650000000e+00
2.920500000e-07 1.8649723534e+00 1.8650000000e+00
2.930500000e-07 1.8649723534e+00 1.8650000000e+00
2.940500000e-07 1.8649723534e+00 1.8650000000e+00
2.950500000e-07 1.8649723534e+00 1.8650000000e+00
2.960500000e-07 1.8649723534e+00 1.8650000000e+00
2.970500000e-07 1.8649723534e+00 1.8650000000e+00
2.980500000e-07 1.8649723533e+00 1.8650000000e+00
2.990500000e-07 1.8649723533e+00 1.8650000000e+00
3.000500000e-07 1.8649723532e+00 1.8650000000e+00
3.010500000e-07 1.8649723532e+00 1.8650000000e+00
3.020500000e-07 1.8649723532e+00 1.8650000000e+00
3.030500000e-07 1.8649723531e+00 1.8650000000e+00
3.040500000e-07 1.8649723531e+00 1.8650000000e+00
3.050500000e-07 1.8649723531e+00 1.8650000000e+00
3.060500000e-07 1.8649723531e+00 1.8650000000e+00
3.070500000e-07 1.8649723530e+00 1.8650000000e+00
3.080500000e-07 1.8649723530e+00 1.8650000000e+00
3.090500000e-07 1.8649723530e+00 1.8650000000e+00
3.100500000e-07 1.8649723530e+00 1.8650000000e+00
3.110500000e-07 1.8649723529e+00 1.8650000000e+00
3.120500000e-07 1.8649723529e+00 1.8650000000e+00
3.130500000e-07 1.8649723529e+00 1.8650000000e+00
3.140500000e-07 1.8649723529e+00 1.8650000000e+00
3.150500000e-07 1.8649723529e+00 1.8650000000e+00
3.160500000e-07 1.8649723529e+00 1.8650000000e+00
3.170500000e-07 1.8649723529e+00 1.8650000000e+00
3.180500000e-07 1.8649723529e+00 1.8650000000e+00
3.190500000e-07 1.8649723529e+00 1.8650000000e+00
3.200500000e-07 1.8649723529e+00 1.8650000000e+00
3.210500000e-07 1.8649723529e+00 1.8650000000e+00
3.220500000e-07 1.8649723529e+00 1.8650000000e+00
3.230500000e-07 1.8649723529e+00 1.8650000000e+00
3.240500000e-07 1.8649723529e+00 1.8650000000e+00
3.250500000e-07 1.8649723529e+00 1.8650000000e+00
3.260500000e-07 1.8649723529e+00 1.8650000000e+00
3.270500000e-07 1.8649723529e+00 1.8650000000e+00
3.280500000e-07 1.8649723529e+00 1.8650000000e+00
3.290500000e-07 1.8649723529e+00 1.8650000000e+00
3.300500000e-07 1.8649723529e+00 1.8650000000e+00
3.310500000e-07 1.8649723529e+00 1.8650000000e+00
3.320500000e-07 1.8649723529e+00 1.8650000000e+00
3.330500000e-07 1.8649723529e+00 1.8650000000e+00
3.340500000e-07 1.8649723529e+00 1.8650000000e+00
3.350500000e-07 1.8649723529e+00 1.8650000000e+00
3.360500000e-07 1.8649723529e+00 1.8650000000e+00
3.370500000e-07 1.8649723529e+00 1.8650000000e+00
3.380500000e-07 1.8649723529e+00 1.8650000000e+00
3.390500000e-07 1.8649723529e+00 1.8650000000e+00
3.400500000e-07 1.8649723529e+00 1.8650000000e+00
3.410500000e-07 1.8649723529e+00 1.8650000000e+00
3.420500000e-07 1.8649723529e+00 1.8650000000e+00
3.430500000e-07 1.8649723529e+00 1.8650000000e+00
3.440500000e-07 1.8649723529e+00 1.8650000000e+00
3.450500000e-07 1.8649723529e+00 1.8650000000e+00
3.460500000e-07 1.8649723529e+00 1.8650000000e+00
3.470500000e-07 1.8649723529e+00 1.8650000000e+00
3.480500000e-07 1.8649723529e+00 1.8650000000e+00
3.490500000e-07 1.8649723529e+00 1.8650000000e+00
3.500500000e-07 1.8649723529e+00 1.8650000000e+00
3.510500000e-07 1.8649723529e+00 1.8650000000e+00
3.520500000e-07 1.8649723529e+00 1.8650000000e+00
3.530500000e-07 1.8649723529e+00 1.8650000000e+00
3.540500000e-07 1.8649723529e+00 1.8650000000e+00
3.550500000e-07 1.8649723529e+00 1.8650000000e+00
3.560500000e-07 1.8649723529e+00 1.8650000000e+00
3.570500000e-07 1.8649723529e+00 1.8650000000e+00
3.580500000e-07 1.8649723529e+00 1.8650000000e+00
3.590500000e-07 1.8649723529e+00 1.8650000000e+00
3.600500000e-07 1.8649723529e+00 1.8650000000e+00
3.610500000e-07 1.8649723529e+00 1.8650000000e+00
3.620500000e-07 1.8649723529e+00 1.8650000000e+00
3.630500000e-07 1.8649723529e+00 1.8650000000e+00
3.640500000e-07 1.8649723529e+00 1.8650000000e+00
3.650500000e-07 1.8649723529e+00 1.8650000000e+00
3.660500000e-07 1.8649723529e+00 1.8650000000e+00
3.670500000e-07 1.8649723529e+00 1.8650000000e+00
3.680500000e-07 1.8649723529e+00 1.8650000000e+00
3.690500000e-07 1.8649723529e+00 1.8650000000e+00
3.700500000e-07 1.8649723529e+00 1.8650000000e+00
3.710500000e-07 1.8649723529e+00 1.8650000000e+00
3.720500000e-07 1.8649723529e+00 1.8650000000e+00
3.730500000e-07 1.8649723529e+00 1.8650000000e+00
3.740500000e-07 1.8649723529e+00 1.8650000000e+00
3.750500000e-07 1.8649723529e+00 1.8650000000e+00
3.760500000e-07 1.8649723529e+00 1.8650000000e+00
3.770500000e-07 1.8649723529e+00 1.8650000000e+00
3.780500000e-07 1.8649723529e+00 1.8650000000e+00
3.790500000e-07 1.8649723529e+00 1.8650000000e+00
3.800500000e-07 1.8649723529e+00 1.8650000000e+00
3.810500000e-07 1.8649723529e+00 1.8650000000e+00
3.820500000e-07 1.8649723529e+00 1.8650000000e+00
3.830500000e-07 1.8649723529e+00 1.8650000000e+00
3.840500000e-07 1.8649723529e+00 1.8650000000e+00
3.850500000e-07 1.8649723529e+00 1.8650000000e+00
3.860500000e-07 1.8649723529e+00 1.8650000000e+00
3.870500000e-07 1.8649723529e+00 1.8650000000e+00
3.880500000e-07 1.8649723529e+00 1.8650000000e+00
3.890500000e-07 1.8649723529e+00 1.8650000000e+00
3.900500000e-07 1.8649723529e+00 1.8650000000e+00
3.910500000e-07 1.8649723529e+00 1.8650000000e+00
3.920500000e-07 1.8649723529e+00 1.8650000000e+00
3.930500000e-07 1.8649723529e+00 1.8650000000e+00
3.940500000e-07 1.8649723529e+00 1.8650000000e+00
3.950500000e-07 1.8649723529e+00 1.8650000000e+00
3.960500000e-07 1.8649723529e+00 1.8650000000e+00
3.970500000e-07 1.8649723529e+00 1.8650000000e+00
3.980500000e-07 1.8649723529e+00 1.8650000000e+00
3.990500000e-07 1.8649723529e+00 1.8650000000e+00
4.000500000e-07 1.8649723529e+00 1.8650000000e+00
4.010500000e-07 1.8649723529e+00 1.8650000000e+00
4.020500000e-07 1.8649723529e+00 1.8650000000e+00
4.030500000e-07 1.8649723529e+00 1.8650000000e+00
4.040500000e-07 1.8649723529e+00 1.8650000000e+00
4.050500000e-07 1.8649723529e+00 1.8650000000e+00
4.060500000e-07 1.8649723529e+00 1.8650000000e+00
4.070500000e-07 1.8649723529e+00 1.8650000000e+00
4.080500000e-07 1.8649723529e+00 1.8650000000e+00
4.090500000e-07 1.8649723529e+00 1.8650000000e+00
4.100500000e-07 1.8649723529e+00 1.8650000000e+00
4.110500000e-07 1.8649723529e+00 1.8650000000e+00
4.120500000e-07 1.8649723529e+00 1.8650000000e+00
4.130500000e-07 1.8649723529e+00 1.8650000000e+00
4.140500000e-07 1.8649723529e+00 1.8650000000e+00
4.150500000e-07 1.8649723529e+00 1.8650000000e+00
4.160500000e-07 1.8649723529e+00 1.8650000000e+00
4.170500000e-07 1.8649723529e+00 1.8650000000e+00
4.180500000e-07 1.8649723529e+00 1.8650000000e+00
4.190500000e-07 1.8649723529e+00 1.8650000000e+00
4.200500000e-07 1.8649723529e+00 1.8650000000e+00
4.210500000e-07 1.8649723529e+00 1.8650000000e+00
4.220500000e-07 1.8649723529e+00 1.8650000000e+00
4.230500000e-07 1.8649723529e+00 1.8650000000e+00
4.240500000e-07 1.8649723529e+00 1.8650000000e+00
4.250500000e-07 1.8649723529e+00 1.8650000000e+00
4.260500000e-07 1.8649723529e+00 1.8650000000e+00
4.270500000e-07 1.8649723529e+00 1.8650000000e+00
4.280500000e-07 1.8649723529e+00 1.8650000000e+00
4.290500000e-07 1.8649723529e+00 1.8650000000e+00
4.300500000e-07 1.8649723529e+00 1.8650000000e+00
4.310500000e-07 1.8649723529e+00 1.8650000000e+00
4.320500000e-07 1.8649723529e+00 1.8650000000e+00
4.330500000e-07 1.8649723529e+00 1.8650000000e+00
4.340500000e-07 1.8649723529e+00 1.8650000000e+00
4.350500000e-07 1.8649723529e+00 1.8650000000e+00
4.360500000e-07 1.8649723529e+00 1.8650000000e+00
4.370500000e-07 1.8649723529e+00 1.8650000000e+00
4.380500000e-07 1.8649723529e+00 1.8650000000e+00
4.390500000e-07 1.8649723529e+00 1.8650000000e+00
4.400500000e-07 1.8649723529e+00 1.8650000000e+00
4.410500000e-07 1.8649723529e+00 1.8650000000e+00
4.420500000e-07 1.8649723529e+00 1.8650000000e+00
4.430500000e-07 1.8649723529e+00 1.8650000000e+00
4.440500000e-07 1.8649723529e+00 1.8650000000e+00
4.450500000e-07 1.8649723529e+00 1.8650000000e+00
4.460500000e-07 1.8649723529e+00 1.8650000000e+00
4.470500000e-07 1.8649723529e+00 1.8650000000e+00
4.480500000e-07 1.8649723529e+00 1.8650000000e+00
4.490500000e-07 1.8649723529e+00 1.8650000000e+00
4.500500000e-07 1.8649723529e+00 1.8650000000e+00
4.510500000e-07 1.8649723529e+00 1.8650000000e+00
4.520500000e-07 1.8649723529e+00 1.8650000000e+00
4.530500000e-07 1.8649723529e+00 1.8650000000e+00
4.540500000e-07 1.8649723529e+00 1.8650000000e+00
4.550500000e-07 1.8649723529e+00 1.8650000000e+00
4.560500000e-07 1.8649723529e+00 1.8650000000e+00
4.570500000e-07 1.8649723529e+00 1.8650000000e+00
4.580500000e-07 1.8649723529e+00 1.8650000000e+00
4.590500000e-07 1.8649723529e+00 1.8650000000e+00
4.600500000e-07 1.8649723529e+00 1.8650000000e+00
4.610500000e-07 1.8649723529e+00 1.8650000000e+00
4.620500000e-07 1.8649723529e+00 1.8650000000e+00
4.630500000e-07 1.8649723529e+00 1.8650000000e+00
4.640500000e-07 1.8649723529e+00 1.8650000000e+00
4.650500000e-07 1.8649723529e+00 1.8650000000e+00
4.660500000e-07 1.8649723529e+00 1.8650000000e+00
4.670500000e-07 1.8649723529e+00 1.8650000000e+00
4.680500000e-07 1.8649723529e+00 1.8650000000e+00
4.690500000e-07 1.8649723529e+00 1.8650000000e+00
4.700500000e-07 1.8649723529e+00 1.8650000000e+00
4.710500000e-07 1.8649723529e+00 1.8650000000e+00
4.720500000e-07 1.8649723529e+00 1.8650000000e+00
4.730500000e-07 1.8649723529e+00 1.8650000000e+00
4.740500000e-07 1.8649723529e+00 1.8650000000e+00
4.750500000e-07 1.8649723529e+00 1.8650000000e+00
4.760500000e-07 1.8649723529e+00 1.8650000000e+00
4.770500000e-07 1.8649723529e+00 1.8650000000e+00
4.780500000e-07 1.8649723529e+00 1.8650000000e+00
4.790500000e-07 1.8649723529e+00 1.8650000000e+00
4.800500000e-07 1.8649723529e+00 1.8650000000e+00
4.810500000e-07 1.8649723529e+00 1.8650000000e+00
4.820500000e-07 1.8649723529e+00 1.8650000000e+00
4.830500000e-07 1.8649723529e+00 1.8650000000e+00
4.840500000e-07 1.8649723529e+00 1.8650000000e+00
4.850500000e-07 1.8649723529e+00 1.8650000000e+00
4.860500000e-07 1.8649723529e+00 1.8650000000e+00
4.870500000e-07 1.8649723529e+00 1.8650000000e+00
4.880500000e-07 1.8649723529e+00 1.8650000000e+00
4.890500000e-07 1.8649723529e+00 1.8650000000e+00
4.900500000e-07 1.8649723529e+00 1.8650000000e+00
4.910500000e-07 1.8649723529e+00 1.8650000000e+00
4.920500000e-07 1.8649723529e+00 1.8650000000e+00
4.930500000e-07 1.8649723529e+00 1.8650000000e+00
4.940500000e-07 1.8649723529e+00 1.8650000000e+00
4.950500000e-07 1.8649723529e+00 1.8650000000e+00
4.960500000e-07 1.8649723529e+00 1.8650000000e+00
4.970500000e-07 1.8649723529e+00 1.8650000000e+00
4.980500000e-07 1.8649723529e+00 1.8650000000e+00
4.990500000e-07 1.8649723529e+00 1.8650000000e+00
5.000500000e-07 1.8649723529e+00 1.8650000000e+00
5.010500000e-07 1.8649723529e+00 1.8650000000e+00
5.020500000e-07 1.8649723529e+00 1.8650000000e+00
5.030500000e-07 1.8649723529e+00 1.8650000000e+00
5.040500000e-07 1.8649723529e+00 1.8650000000e+00
5.050500000e-07 1.8649723529e+00 1.8650000000e+00
5.060500000e-07 1.8649723529e+00 1.8650000000e+00
5.070500000e-07 1.8649723529e+00 1.8650000000e+00
5.080500000e-07 1.8649723529e+00 1.8650000000e+00
5.090500000e-07 1.8649723529e+00 1.8650000000e+00
5.100500000e-07 1.8649723529e+00 1.8650000000e+00
5.110500000e-07 1.8649723529e+00 1.8650000000e+00
5.120500000e-07 1.8649723529e+00 1.8650000000e+00
5.130500000e-07 1.8649723529e+00 1.8650000000e+00
5.140500000e-07 1.8649723529e+00 1.8650000000e+00
5.150500000e-07 1.8649723529e+00 1.8650000000e+00
5.160500000e-07 1.8649723529e+00 1.8650000000e+00
5.170500000e-07 1.8649723529e+00 1.8650000000e+00
5.180500000e-07 1.8649723529e+00 1.8650000000e+00
5.190500000e-07 1.8649723529e+00 1.8650000000e+00
5.200500000e-07 1.8649723529e+00 1.8650000000e+00
5.210500000e-07 1.8649723529e+00 1.8650000000e+00
5.220500000e-07 1.8649723529e+00 1.8650000000e+00
5.230500000e-07 1.8649723529e+00 1.8650000000e+00
5.240500000e-07 1.8649723529e+00 1.8650000000e+00
5.250500000e-07 1.8649723529e+00 1.8650000000e+00
5.260500000e-07 1.8649723529e+00 1.8650000000e+00
5.270500000e-07 1.8649723529e+00 1.8650000000e+00
5.280500000e-07 1.8649723529e+00 1.8650000000e+00
5.290500000e-07 1.8649723529e+00 1.8650000000e+00
5.300500000e-07 1.8649723529e+00 1.8650000000e+00
5.310500000e-07 1.8649723529e+00 1.8650000000e+00
5.320500000e-07 1.8649723529e+00 1.8650000000e+00
5.330500000e-07 1.8649723529e+00 1.8650000000e+00
5.340500000e-07 1.8649723529e+00 1.8650000000e+00
5.350500000e-07 1.8649723529e+00 1.8650000000e+00
5.360500000e-07 1.8649723529e+00 1.8650000000e+00
5.370500000e-07 1.8649723529e+00 1.8650000000e+00
5.380500000e-07 1.8649723529e+00 1.8650000000e+00
5.390500000e-07 1.8649723529e+00 1.8650000000e+00
5.400500000e-07 1.8649723529e+00 1.8650000000e+00
5.410500000e-07 1.8649723529e+00 1.8650000000e+00
5.420500000e-07 1.8649723529e+00 1.8650000000e+00
5.430500000e-07 1.8649723529e+00 1.8650000000e+00
5.440500000e-07 1.8649723529e+00 1.8650000000e+00
5.450500000e-07 1.8649723529e+00 1.8650000000e+00
5.460500000e-07 1.8649723529e+00 1.8650000000e+00
5.470500000e-07 1.8649723529e+00 1.8650000000e+00
5.480500000e-07 1.8649723529e+00 1.8650000000e+00
5.490500000e-07 1.8649723529e+00 1.8650000000e+00
5.500500000e-07 1.8649723529e+00 1.8650000000e+00
5.510500000e-07 1.8649723529e+00 1.8650000000e+00
5.520500000e-07 1.8649723529e+00 1.8650000000e+00
5.530500000e-07 1.8649723529e+00 1.8650000000e+00
5.540500000e-07 1.8649723529e+00 1.8650000000e+00
5.550500000e-07 1.8649723529e+00 1.8650000000e+00
5.560500000e-07 1.8649723529e+00 1.8650000000e+00
5.570500000e-07 1.8649723529e+00 1.8650000000e+00
5.580500000e-07 1.8649723529e+00 1.8650000000e+00
5.590500000e-07 1.8649723529e+00 1.8650000000e+00
5.600500000e-07 1.8649723529e+00 1.8650000000e+00
5.610500000e-07 1.8649723529e+00 1.8650000000e+00
5.620500000e-07 1.8649723529e+00 1.8650000000e+00
5.630500000e-07 1.8649723529e+00 1.8650000000e+00
5.640500000e-07 1.8649723529e+00 1.8650000000e+00
5.650500000e-07 1.8649723529e+00 1.8650000000e+00
5.660500000e-07 1.8649723529e+00 1.8650000000e+00
5.670500000e-07 1.8649723529e+00 1.8650000000e+00
5.680500000e-07 1.8649723529e+00 1.8650000000e+00
5.690500000e-07 1.8649723529e+00 1.8650000000e+00
5.700500000e-07 1.8649723529e+00 1.8650000000e+00
5.710500000e-07 1.8649723529e+00 1.8650000000e+00
5.720500000e-07 1.8649723529e+00 1.8650000000e+00
5.730500000e-07 1.8649723529e+00 1.8650000000e+00
5.740500000e-07 1.8649723529e+00 1.8650000000e+00
5.750500000e-07 1.8649723529e+00 1.8650000000e+00
5.760500000e-07 1.8649723529e+00 1.8650000000e+00
5.770500000e-07 1.8649723529e+00 1.8650000000e+00
5.780500000e-07 1.8649723529e+00 1.8650000000e+00
5.790500000e-07 1.8649723529e+00 1.8650000000e+00
5.800500000e-07 1.8649723529e+00 1.8650000000e+00
5.810500000e-07 1.8649723529e+00 1.8650000000e+00
5.820500000e-07 1.8649723529e+00 1.8650000000e+00
5.830500000e-07 1.8649723529e+00 1.8650000000e+00
5.840500000e-07 1.8649723529e+00 1.8650000000e+00
5.850500000e-07 1.8649723529e+00 1.8650000000e+00
5.860500000e-07 1.8649723529e+00 1.8650000000e+00
5.870500000e-07 1.8649723529e+00 1.8650000000e+00
5.880500000e-07 1.8649723529e+00 1.8650000000e+00
5.890500000e-07 1.8649723529e+00 1.8650000000e+00
5.900500000e-07 1.8649723529e+00 1.8650000000e+00
5.910500000e-07 1.8649723529e+00 1.8650000000e+00
5.920500000e-07 1.8649723529e+00 1.8650000000e+00
5.930500000e-07 1.8649723529e+00 1.8650000000e+00
5.940500000e-07 1.8649723529e+00 1.8650000000e+00
5.950500000e-07 1.8649723529e+00 1.8650000000e+00
5.960500000e-07 1.8649723529e+00 1.8650000000e+00
5.970500000e-07 1.8649723529e+00 1.8650000000e+00
5.980500000e-07 1.8649723529e+00 1.8650000000e+00
5.990500000e-07 1.8649723529e+00 1.8650000000e+00
6.000000000e-07 1.8649723529e+00 1.8650000000e+00
6.001000000e-07 1.8649632875e+00 1.8550000000e+00
6.003000000e-07 1.8649499638e+00 1.8350000000e+00
6.006500000e-07 1.8649292186e+00 1.8000000000e+00
6.010000000e-07 1.8648698475e+00 1.7650000000e+00
6.010700000e-07 1.8648526491e+00 1.7650000000e+00
6.012100000e-07 1.8648053682e+00 1.7650000000e+00
6.014900000e-07 1.8646292251e+00 1.7650000000e+00
6.020500000e-07 1.8639313813e+00 1.7650000000e+00
6.030500000e-07 1.8615739503e+00 1.7650000000e+00
6.040500000e-07 1.8579561863e+00 1.7650000000e+00
6.050500000e-07 1.8533381415e+00 1.7650000000e+00
6.060500000e-07 1.8479632781e+00 1.7650000000e+00
6.070500000e-07 1.8420364151e+00 1.7650000000e+00
6.080500000e-07 1.8357333422e+00 1.7650000000e+00
6.090500000e-07 1.8292057531e+00 1.7650000000e+00
6.100500000e-07 1.8225859802e+00 1.7650000000e+00
6.110500000e-07 1.8159899763e+00 1.7650000000e+00
6.120500000e-07 1.8095191197e+00 1.7650000000e+00
6.130500000e-07 1.8032612042e+00 1.7650000000e+00
6.140500000e-07 1.7972909074e+00 1.7650000000e+00
6.150500000e-07 1.7916699819e+00 1.7650000000e+00
6.160500000e-07 1.7864473712e+00 1.7650000000e+00
6.170500000e-07 1.7816594038e+00 1.7650000000e+00
6.180500000e-07 1.7773301732e+00 1.7650000000e+00
6.190500000e-07 1.7734721614e+00 1.7650000000e+00
6.200500000e-07 1.7700871204e+00 1.7650000000e+00
6.210500000e-07 1.7671671891e+00 1.7650000000e+00
6.220500000e-07 1.7646961938e+00 1.7650000000e+00
6.230500000e-07 1.7626510674e+00 1.7650000000e+00
6.240500000e-07 1.7610033161e+00 1.7650000000e+00
6.250500000e-07 1.7597204648e+00 1.7650000000e+00
6.260500000e-07 1.7587674249e+00 1.7650000000e+00
6.270500000e-07 1.7581077398e+00 1.7650000000e+00
6.280500000e-07 1.7577046768e+00 1.7650000000e+00
6.290500000e-07 1.7575221516e+00 1.7650000000e+00
6.300500000e-07 1.7575254779e+00 1.7650000000e+00
6.310500000e-07 1.7576819491e+00 1.7650000000e+00
6.320500000e-07 1.7579612626e+00 1.7650000000e+00
6.330500000e-07 1.7583358028e+00 1.7650000000e+00
6.340500000e-07 1.7587808006e+00 1.7650000000e+00
6.350500000e-07 1.7592743905e+00 1.7650000000e+00
6.360500000e-07 1.7597975818e+00 1.7650000000e+00
6.370500000e-07 1.7603341640e+00 1.7650000000e+00
6.380500000e-07 1.7608705611e+00 1.7650000000e+00
6.390500000e-07 1.7613956501e+00 1.7650000000e+00
6.400500000e-07 1.7619005553e+00 1.7650000000e+00
6.410500000e-07 1.7623784293e+00 1.7650000000e+00
6.420500000e-07 1.7628242287e+00 1.7650000000e+00
6.430500000e-07 1.7632344916e+00 1.7650000000e+00
6.440500000e-07 1.7636071212e+00 1.7650000000e+00
6.450500000e-07 1.7639411809e+00 1.7650000000e+00
6.460500000e-07 1.7642367018e+00 1.7650000000e+00
6.470500000e-07 1.7644945060e+00 1.7650000000e+00
6.480500000e-07 1.7647160456e+00 1.7650000000e+00
6.490500000e-07 1.7649032583e+00 1.7650000000e+00
6.500500000e-07 1.7650584394e+00 1.7650000000e+00
6.510500000e-07 1.7651841303e+00 1.7650000000e+00
6.520500000e-07 1.7652830218e+00 1.7650000000e+00
6.530500000e-07 1.7653578722e+00 1.7650000000e+00
6.540500000e-07 1.7654114390e+00 1.7650000000e+00
6.550500000e-07 1.7654464224e+00 1.7650000000e+00
6.560500000e-07 1.7654654209e+00 1.7650000000e+00
6.570500000e-07 1.7654708965e+00 1.7650000000e+00
6.580500000e-07 1.7654651486e+00 1.7650000000e+00
6.590500000e-07 1.7654502965e+00 1.7650000000e+00
6.600500000e-07 1.7654282681e+00 1.7650000000e+00
6.610500000e-07 1.7654007950e+00 1.7650000000e+00
6.620500000e-07 1.7653694118e+00 1.7650000000e+00
6.630500000e-07 1.7653354599e+00 1.7650000000e+00
6.640500000e-07 1.7653000947e+00 1.7650000000e+00
6.650500000e-07 1.7652642948e+00 1.7650000000e+00
6.660500000e-07 1.7652288735e+00 1.7650000000e+00
6.670500000e-07 1.7651944915e+00 1.7650000000e+00
6.680500000e-07 1.7651616709e+00 1.7650000000e+00
6.690500000e-07 1.7651308083e+00 1.7650000000e+00
6.700500000e-07 1.7651021898e+00 1.7650000000e+00
6.710500000e-07 1.7650760044e+00 1.7650000000e+00
6.720500000e-07 1.7650523575e+00 1.7650000000e+00
6.730500000e-07 1.7650312833e+00 1.7650000000e+00
6.740500000e-07 1.7650127573e+00 1.7650000000e+00
6.750500000e-07 1.7649967067e+00 1.7650000000e+00
6.760500000e-07 1.7649830210e+00 1.7650000000e+00
6.770500000e-07 1.7649715604e+00 1.7650000000e+00
6.780500000e-07 1.7649621646e+00 1.7650000000e+00
6.790500000e-07 1.7649546589e+00 1.7650000000e+00
6.800500000e-07 1.7649488612e+00 1.7650000000e+00
6.810500000e-07 1.7649445866e+00 1.7650000000e+00
6.820500000e-07 1.7649416516e+00 1.7650000000e+00
6.830500000e-07 1.7649398781e+00 1.7650000000e+00
6.840500000e-07 1.7649390955e+00 1.7650000000e+00
6.850500000e-07 1.7649391436e+00 1.7650000000e+00
6.860500000e-07 1.7649398732e+00 1.7650000000e+00
6.870500000e-07 1.7649411481e+00 1.7650000000e+00
6.880500000e-07 1.7649428447e+00 1.7650000000e+00
6.890500000e-07 1.7649448531e+00 1.7650000000e+00
6.900500000e-07 1.7649470763e+00 1.7650000000e+00
6.910500000e-07 1.7649494305e+00 1.7650000000e+00
6.920500000e-07 1.7649518437e+00 1.7650000000e+00
6.930500000e-07 1.7649542558e+00 1.7650000000e+00
6.940500000e-07 1.7649566175e+00 1.7650000000e+00
6.950500000e-07 1.7649588890e+00 1.7650000000e+00
6.960500000e-07 1.7649610398e+00 1.7650000000e+00
6.970500000e-07 1.7649630470e+00 1.7650000000e+00
6.980500000e-07 1.7649648950e+00 1.7650000000e+00
6.990500000e-07 1.7649665741e+00 1.7650000000e+00
7.000500000e-07 1.7649680799e+00 1.7650000000e+00
7.010500000e-07 1.7649694122e+00 1.7650000000e+00
7.020500000e-07 1.7649705746e+00 1.7650000000e+00
7.030500000e-07 1.7649715734e+00 1.7650000000e+00
7.040500000e-07 1.7649724172e+00 1.7650000000e+00
7.050500000e-07 1.7649731162e+00 1.7650000000e+00
7.060500000e-07 1.7649736820e+00 1.7650000000e+00
7.070500000e-07 1.7649741265e+00 1.7650000000e+00
7.080500000e-07 1.7649744622e+00 1.7650000000e+00
7.090500000e-07 1.7649747017e+00 1.7650000000e+00
7.100500000e-07 1.7649748571e+00 1.7650000000e+00
7.110500000e-07 1.7649749402e+00 1.7650000000e+00
7.120500000e-07 1.7649749622e+00 1.7650000000e+00
7.130500000e-07 1.7649749335e+00 1.7650000000e+00
7.140500000e-07 1.7649748638e+00 1.7650000000e+00
7.150500000e-07 1.7649747618e+00 1.7650000000e+00
7.160500000e-07 1.7649746353e+00 1.7650000000e+00
7.170500000e-07 1.7649744913e+00 1.7650000000e+00
7.180500000e-07 1.7649743359e+00 1.7650000000e+00
7.190500000e-07 1.7649741743e+00 1.7650000000e+00
7.200500000e-07 1.7649740110e+00 1.7650000000e+00
7.210500000e-07 1.7649738495e+00 1.7650000000e+00
7.220500000e-07 1.7649736930e+00 1.7650000000e+00
7.230500000e-07 1.7649735437e+00 1.7650000000e+00
7.240500000e-07 1.7649734034e+00 1.7650000000e+00
7.250500000e-07 1.7649732734e+00 1.7650000000e+00
7.260500000e-07 1.7649731546e+00 1.7650000000e+00
7.270500000e-07 1.7649730474e+00 1.7650000000e+00
7.280500000e-07 1.7649729519e+00 1.7650000000e+00
7.290500000e-07 1.7649728680e+00 1.7650000000e+00
7.300500000e-07 1.7649727954e+00 1.7650000000e+00
7.310500000e-07 1.7649727336e+00 1.7650000000e+00
7.320500000e-07 1.7649726818e+00 1.7650000000e+00
7.330500000e-07 1.7649726395e+00 1.7650000000e+00
7.340500000e-07 1.7649726057e+00 1.7650000000e+00
7.350500000e-07 1.7649725796e+00 1.7650000000e+00
7.360500000e-07 1.7649725605e+00 1.7650000000e+00
7.370500000e-07 1.7649725474e+00 1.7650000000e+00
7.380500000e-07 1.7649725396e+00 1.7650000000e+00
7.390500000e-07 1.7649725363e+00 1.7650000000e+00
7.400500000e-07 1.7649725367e+00 1.7650000000e+00
7.410500000e-07 1.7649725401e+00 1.7650000000e+00
7.420500000e-07 1.7649725461e+00 1.7650000000e+00
7.430500000e-07 1.7649725539e+00 1.7650000000e+00
7.440500000e-07 1.7649725631e+00 1.7650000000e+00
7.450500000e-07 1.7649725733e+00 1.7650000000e+00
7.460500000e-07 1.7649725840e+00 1.7650000000e+00
7.470500000e-07 1.7649725950e+00 1.7650000000e+00
7.480500000e-07 1.7649726060e+00 1.7650000000e+00
7.490500000e-07 1.7649726168e+00 1.7650000000e+00
7.500500000e-07 1.7649726271e+00 1.7650000000e+00
7.510500000e-07 1.7649726369e+00 1.7650000000e+00
7.520500000e-07 1.7649726460e+00 1.7650000000e+00
7.530500000e-07 1.7649726544e+00 1.7650000000e+00
7.540500000e-07 1.7649726620e+00 1.7650000000e+00
7.550500000e-07 1.7649726688e+00 1.7650000000e+00
7.560500000e-07 1.7649726748e+00 1.7650000000e+00
7.570500000e-07 1.7649726801e+00 1.7650000000e+00
7.580500000e-07 1.7649726846e+00 1.7650000000e+00
7.590500000e-07 1.7649726884e+00 1.7650000000e+00
7.600500000e-07 1.7649726916e+00 1.7650000000e+00
7.610500000e-07 1.7649726941e+00 1.7650000000e+00
7.620500000e-07 1.7649726961e+00 1.7650000000e+00
7.630500000e-07 1.7649726976e+00 1.7650000000e+00
7.640500000e-07 1.7649726987e+00 1.7650000000e+00
7.650500000e-07 1.7649726994e+00 1.7650000000e+00
7.660500000e-07 1.7649726998e+00 1.7650000000e+00
7.670500000e-07 1.7649726999e+00 1.7650000000e+00
7.680500000e-07 1.7649726997e+00 1.7650000000e+00
7.690500000e-07 1.7649726994e+00 1.7650000000e+00
7.700500000e-07 1.7649726989e+00 1.7650000000e+00
7.710500000e-07 1.7649726983e+00 1.7650000000e+00
7.720500000e-07 1.7649726977e+00 1.7650000000e+00
7.730500000e-07 1.7649726970e+00 1.7650000000e+00
7.740500000e-07 1.7649726962e+00 1.7650000000e+00
7.750500000e-07 1.7649726955e+00 1.7650000000e+00
7.760500000e-07 1.7649726948e+00 1.7650000000e+00
7.770500000e-07 1.7649726940e+00 1.7650000000e+00
7.780500000e-07 1.7649726934e+00 1.7650000000e+00
7.790500000e-07 1.7649726927e+00 1.7650000000e+00
7.800500000e-07 1.7649726921e+00 1.7650000000e+00
7.810500000e-07 1.7649726916e+00 1.7650000000e+00
7.820500000e-07 1.7649726911e+00 1.7650000000e+00
7.830500000e-07 1.7649726907e+00 1.7650000000e+00
7.840500000e-07 1.7649726903e+00 1.7650000000e+00
7.850500000e-07 1.7649726899e+00 1.7650000000e+00
7.860500000e-07 1.7649726897e+00 1.7650000000e+00
7.870500000e-07 1.7649726894e+00 1.7650000000e+00
7.880500000e-07 1.7649726892e+00 1.7650000000e+00
7.890500000e-07 1.7649726891e+00 1.7650000000e+00
7.900500000e-07 1.7649726890e+00 1.7650000000e+00
7.910500000e-07 1.7649726889e+00 1.7650000000e+00
7.920500000e-07 1.7649726888e+00 1.7650000000e+00
7.930500000e-07 1.7649726888e+00 1.7650000000e+00
7.940500000e-07 1.7649726888e+00 1.7650000000e+00
7.950500000e-07 1.7649726888e+00 1.7650000000e+00
7.960500000e-07 1.7649726888e+00 1.7650000000e+00
7.970500000e-07 1.7649726889e+00 1.7650000000e+00
7.980500000e-07 1.7649726889e+00 1.7650000000e+00
7.990500000e-07 1.7649726889e+00 1.7650000000e+00
8.000500000e-07 1.7649726890e+00 1.7650000000e+00
8.010500000e-07 1.7649726890e+00 1.7650000000e+00
8.020500000e-07 1.7649726891e+00 1.7650000000e+00
8.030500000e-07 1.7649726891e+00 1.7650000000e+00
8.040500000e-07 1.7649726892e+00 1.7650000000e+00
8.050500000e-07 1.7649726892e+00 1.7650000000e+00
8.060500000e-07 1.7649726893e+00 1.7650000000e+00
8.070500000e-07 1.7649726893e+00 1.7650000000e+00
8.080500000e-07 1.7649726893e+00 1.7650000000e+00
8.090500000e-07 1.7649726894e+00 1.7650000000e+00
8.100500000e-07 1.7649726894e+00 1.7650000000e+00
8.110500000e-07 1.7649726894e+00 1.7650000000e+00
8.120500000e-07 1.7649726894e+00 1.7650000000e+00
8.130500000e-07 1.7649726895e+00 1.7650000000e+00
8.140500000e-07 1.7649726895e+00 1.7650000000e+00
8.150500000e-07 1.7649726895e+00 1.7650000000e+00
8.160500000e-07 1.7649726895e+00 1.7650000000e+00
8.170500000e-07 1.7649726895e+00 1.7650000000e+00
8.180500000e-07 1.7649726895e+00 1.7650000000e+00
8.190500000e-07 1.7649726895e+00 1.7650000000e+00
8.200500000e-07 1.7649726895e+00 1.7650000000e+00
8.210500000e-07 1.7649726895e+00 1.7650000000e+00
8.220500000e-07 1.7649726895e+00 1.7650000000e+00
8.230500000e-07 1.7649726895e+00 1.7650000000e+00
8.240500000e-07 1.7649726895e+00 1.7650000000e+00
8.250500000e-07 1.7649726895e+00 1.7650000000e+00
8.260500000e-07 1.7649726895e+00 1.7650000000e+00
8.270500000e-07 1.7649726895e+00 1.7650000000e+00
8.280500000e-07 1.7649726895e+00 1.7650000000e+00
8.290500000e-07 1.7649726895e+00 1.7650000000e+00
8.300500000e-07 1.7649726895e+00 1.7650000000e+00
8.310500000e-07 1.7649726895e+00 1.7650000000e+00
8.320500000e-07 1.7649726895e+00 1.7650000000e+00
8.330500000e-07 1.7649726895e+00 1.7650000000e+00
8.340500000e-07 1.7649726895e+00 1.7650000000e+00
8.350500000e-07 1.7649726895e+00 1.7650000000e+00
8.360500000e-07 1.7649726895e+00 1.7650000000e+00
8.370500000e-07 1.7649726895e+00 1.7650000000e+00
8.380500000e-07 1.7649726895e+00 1.7650000000e+00
8.390500000e-07 1.7649726895e+00 1.7650000000e+00
8.400500000e-07 1.7649726895e+00 1.7650000000e+00
8.410500000e-07 1.7649726895e+00 1.7650000000e+00
8.420500000e-07 1.7649726895e+00 1.7650000000e+00
8.430500000e-07 1.7649726895e+00 1.7650000000e+00
8.440500000e-07 1.7649726895e+00 1.7650000000e+00
8.450500000e-07 1.7649726895e+00 1.7650000000e+00
8.460500000e-07 1.7649726895e+00 1.7650000000e+00
8.470500000e-07 1.7649726895e+00 1.7650000000e+00
8.480500000e-07 1.7649726895e+00 1.7650000000e+00
8.490500000e-07 1.7649726895e+00 1.7650000000e+00
8.500500000e-07 1.7649726895e+00 1.7650000000e+00
8.510500000e-07 1.7649726895e+00 1.7650000000e+00
8.520500000e-07 1.7649726895e+00 1.7650000000e+00
8.530500000e-07 1.7649726895e+00 1.7650000000e+00
8.540500000e-07 1.7649726895e+00 1.7650000000e+00
8.550500000e-07 1.7649726895e+00 1.7650000000e+00
8.560500000e-07 1.7649726895e+00 1.7650000000e+00
8.570500000e-07 1.7649726895e+00 1.7650000000e+00
8.580500000e-07 1.7649726895e+00 1.7650000000e+00
8.590500000e-07 1.7649726895e+00 1.7650000000e+00
8.600500000e-07 1.7649726895e+00 1.7650000000e+00
8.610500000e-07 1.7649726895e+00 1.7650000000e+00
8.620500000e-07 1.7649726895e+00 1.7650000000e+00
8.630500000e-07 1.7649726895e+00 1.7650000000e+00
8.640500000e-07 1.7649726895e+00 1.7650000000e+00
8.650500000e-07 1.7649726895e+00 1.7650000000e+00
8.660500000e-07 1.7649726895e+00 1.7650000000e+00
8.670500000e-07 1.7649726895e+00 1.7650000000e+00
8.680500000e-07 1.7649726895e+00 1.7650000000e+00
8.690500000e-07 1.7649726895e+00 1.7650000000e+00
8.700500000e-07 1.7649726895e+00 1.7650000000e+00
8.710500000e-07 1.7649726895e+00 1.7650000000e+00
8.720500000e-07 1.7649726895e+00 1.7650000000e+00
8.730500000e-07 1.7649726895e+00 1.7650000000e+00
8.740500000e-07 1.7649726895e+00 1.7650000000e+00
8.750500000e-07 1.7649726895e+00 1.7650000000e+00
8.760500000e-07 1.7649726895e+00 1.7650000000e+00
8.770500000e-07 1.7649726895e+00 1.7650000000e+00
8.780500000e-07 1.7649726895e+00 1.7650000000e+00
8.790500000e-07 1.7649726895e+00 1.7650000000e+00
8.800500000e-07 1.7649726895e+00 1.7650000000e+00
8.810500000e-07 1.7649726895e+00 1.7650000000e+00
8.820500000e-07 1.7649726895e+00 1.7650000000e+00
8.830500000e-07 1.7649726895e+00 1.7650000000e+00
8.840500000e-07 1.7649726895e+00 1.7650000000e+00
8.850500000e-07 1.7649726895e+00 1.7650000000e+00
8.860500000e-07 1.7649726895e+00 1.7650000000e+00
8.870500000e-07 1.7649726895e+00 1.7650000000e+00
8.880500000e-07 1.7649726895e+00 1.7650000000e+00
8.890500000e-07 1.7649726895e+00 1.7650000000e+00
8.900500000e-07 1.7649726895e+00 1.7650000000e+00
8.910500000e-07 1.7649726895e+00 1.7650000000e+00
8.920500000e-07 1.7649726895e+00 1.7650000000e+00
8.930500000e-07 1.7649726895e+00 1.7650000000e+00
8.940500000e-07 1.7649726895e+00 1.7650000000e+00
8.950500000e-07 1.7649726895e+00 1.7650000000e+00
8.960500000e-07 1.7649726895e+00 1.7650000000e+00
8.970500000e-07 1.7649726895e+00 1.7650000000e+00
8.980500000e-07 1.7649726895e+00 1.7650000000e+00
8.990500000e-07 1.7649726895e+00 1.7650000000e+00
9.000500000e-07 1.7649726895e+00 1.7650000000e+00
9.010500000e-07 1.7649726895e+00 1.7650000000e+00
9.020500000e-07 1.7649726895e+00 1.7650000000e+00
9.030500000e-07 1.7649726895e+00 1.7650000000e+00
9.040500000e-07 1.7649726895e+00 1.7650000000e+00
9.050500000e-07 1.7649726895e+00 1.7650000000e+00
9.060500000e-07 1.7649726895e+00 1.7650000000e+00
9.070500000e-07 1.7649726895e+00 1.7650000000e+00
9.080500000e-07 1.7649726895e+00 1.7650000000e+00
9.090500000e-07 1.7649726895e+00 1.7650000000e+00
9.100500000e-07 1.7649726895e+00 1.7650000000e+00
9.110500000e-07 1.7649726895e+00 1.7650000000e+00
9.120500000e-07 1.7649726895e+00 1.7650000000e+00
9.130500000e-07 1.7649726895e+00 1.7650000000e+00
9.140500000e-07 1.7649726895e+00 1.7650000000e+00
9.150500000e-07 1.7649726895e+00 1.7650000000e+00
9.160500000e-07 1.7649726895e+00 1.7650000000e+00
9.170500000e-07 1.7649726895e+00 1.7650000000e+00
9.180500000e-07 1.7649726895e+00 1.7650000000e+00
9.190500000e-07 1.7649726895e+00 1.7650000000e+00
9.200500000e-07 1.7649726895e+00 1.7650000000e+00
9.210500000e-07 1.7649726895e+00 1.7650000000e+00
9.220500000e-07 1.7649726895e+00 1.7650000000e+00
9.230500000e-07 1.7649726895e+00 1.7650000000e+00
9.240500000e-07 1.7649726895e+00 1.7650000000e+00
9.250500000e-07 1.7649726895e+00 1.7650000000e+00
9.260500000e-07 1.7649726895e+00 1.7650000000e+00
9.270500000e-07 1.7649726895e+00 1.7650000000e+00
9.280500000e-07 1.7649726895e+00 1.7650000000e+00
9.290500000e-07 1.7649726895e+00 1.7650000000e+00
9.300500000e-07 1.7649726895e+00 1.7650000000e+00
9.310500000e-07 1.7649726895e+00 1.7650000000e+00
9.320500000e-07 1.7649726895e+00 1.7650000000e+00
9.330500000e-07 1.7649726895e+00 1.7650000000e+00
9.340500000e-07 1.7649726895e+00 1.7650000000e+00
9.350500000e-07 1.7649726895e+00 1.7650000000e+00
9.360500000e-07 1.7649726895e+00 1.7650000000e+00
9.370500000e-07 1.7649726895e+00 1.7650000000e+00
9.380500000e-07 1.7649726895e+00 1.7650000000e+00
9.390500000e-07 1.7649726895e+00 1.7650000000e+00
9.400500000e-07 1.7649726895e+00 1.7650000000e+00
9.410500000e-07 1.7649726895e+00 1.7650000000e+00
9.420500000e-07 1.7649726895e+00 1.7650000000e+00
9.430500000e-07 1.7649726895e+00 1.7650000000e+00
9.440500000e-07 1.7649726895e+00 1.7650000000e+00
9.450500000e-07 1.7649726895e+00 1.7650000000e+00
9.460500000e-07 1.7649726895e+00 1.7650000000e+00
9.470500000e-07 1.7649726895e+00 1.7650000000e+00
9.480500000e-07 1.7649726895e+00 1.7650000000e+00
9.490500000e-07 1.7649726895e+00 1.7650000000e+00
9.500500000e-07 1.7649726895e+00 1.7650000000e+00
9.510500000e-07 1.7649726895e+00 1.7650000000e+00
9.520500000e-07 1.7649726895e+00 1.7650000000e+00
9.530500000e-07 1.7649726895e+00 1.7650000000e+00
9.540500000e-07 1.7649726895e+00 1.7650000000e+00
9.550500000e-07 1.7649726895e+00 1.7650000000e+00
9.560500000e-07 1.7649726895e+00 1.7650000000e+00
9.570500000e-07 1.7649726895e+00 1.7650000000e+00
9.580500000e-07 1.7649726895e+00 1.7650000000e+00
9.590500000e-07 1.7649726895e+00 1.7650000000e+00
9.600500000e-07 1.7649726895e+00 1.7650000000e+00
9.610500000e-07 1.7649726895e+00 1.7650000000e+00
9.620500000e-07 1.7649726895e+00 1.7650000000e+00
9.630500000e-07 1.7649726895e+00 1.7650000000e+00
9.640500000e-07 1.7649726895e+00 1.7650000000e+00
9.650500000e-07 1.7649726895e+00 1.7650000000e+00
9.660500000e-07 1.7649726895e+00 1.7650000000e+00
9.670500000e-07 1.7649726895e+00 1.7650000000e+00
9.680500000e-07 1.7649726895e+00 1.7650000000e+00
9.690500000e-07 1.7649726895e+00 1.7650000000e+00
9.700500000e-07 1.7649726895e+00 1.7650000000e+00
9.710500000e-07 1.7649726895e+00 1.7650000000e+00
9.720500000e-07 1.7649726895e+00 1.7650000000e+00
9.730500000e-07 1.7649726895e+00 1.7650000000e+00
9.740500000e-07 1.7649726895e+00 1.7650000000e+00
9.750500000e-07 1.7649726895e+00 1.7650000000e+00
9.760500000e-07 1.7649726895e+00 1.7650000000e+00
9.770500000e-07 1.7649726895e+00 1.7650000000e+00
9.780500000e-07 1.7649726895e+00 1.7650000000e+00
9.790500000e-07 1.7649726895e+00 1.7650000000e+00
9.800500000e-07 1.7649726895e+00 1.7650000000e+00
9.810500000e-07 1.7649726895e+00 1.7650000000e+00
9.820500000e-07 1.7649726895e+00 1.7650000000e+00
9.830500000e-07 1.7649726895e+00 1.7650000000e+00
9.840500000e-07 1.7649726895e+00 1.7650000000e+00
9.850500000e-07 1.7649726895e+00 1.7650000000e+00
9.860500000e-07 1.7649726895e+00 1.7650000000e+00
9.870500000e-07 1.7649726895e+00 1.7650000000e+00
9.880500000e-07 1.7649726895e+00 1.7650000000e+00
9.890500000e-07 1.7649726895e+00 1.7650000000e+00
9.900500000e-07 1.7649726895e+00 1.7650000000e+00
9.910500000e-07 1.7649726895e+00 1.7650000000e+00
9.920500000e-07 1.7649726895e+00 1.7650000000e+00
9.930500000e-07 1.7649726895e+00 1.7650000000e+00
9.940500000e-07 1.7649726895e+00 1.7650000000e+00
9.950500000e-07 1.7649726895e+00 1.7650000000e+00
9.960500000e-07 1.7649726895e+00 1.7650000000e+00
9.970500000e-07 1.7649726895e+00 1.7650000000e+00
9.980500000e-07 1.7649726895e+00 1.7650000000e+00
9.990500000e-07 1.7649726895e+00 1.7650000000e+00
1.000050000e-06 1.7649726895e+00 1.7650000000e+00
1.001050000e-06 1.7649726895e+00 1.7650000000e+00
1.002050000e-06 1.7649726895e+00 1.7650000000e+00
1.003050000e-06 1.7649726895e+00 1.7650000000e+00
1.004050000e-06 1.7649726895e+00 1.7650000000e+00
1.005050000e-06 1.7649726895e+00 1.7650000000e+00
1.006050000e-06 1.7649726895e+00 1.7650000000e+00
1.007050000e-06 1.7649726895e+00 1.7650000000e+00
1.008050000e-06 1.7649726895e+00 1.7650000000e+00
1.009050000e-06 1.7649726895e+00 1.7650000000e+00
1.010050000e-06 1.7649726895e+00 1.7650000000e+00
1.011050000e-06 1.7649726895e+00 1.7650000000e+00
1.012050000e-06 1.7649726895e+00 1.7650000000e+00
1.013050000e-06 1.7649726895e+00 1.7650000000e+00
1.014050000e-06 1.7649726895e+00 1.7650000000e+00
1.015050000e-06 1.7649726895e+00 1.7650000000e+00
1.016050000e-06 1.7649726895e+00 1.7650000000e+00
1.017050000e-06 1.7649726895e+00 1.7650000000e+00
1.018050000e-06 1.7649726895e+00 1.7650000000e+00
1.019050000e-06 1.7649726895e+00 1.7650000000e+00
1.020050000e-06 1.7649726895e+00 1.7650000000e+00
1.021050000e-06 1.7649726895e+00 1.7650000000e+00
1.022050000e-06 1.7649726895e+00 1.7650000000e+00
1.023050000e-06 1.7649726895e+00 1.7650000000e+00
1.024050000e-06 1.7649726895e+00 1.7650000000e+00
1.025050000e-06 1.7649726895e+00 1.7650000000e+00
1.026050000e-06 1.7649726895e+00 1.7650000000e+00
1.027050000e-06 1.7649726895e+00 1.7650000000e+00
1.028050000e-06 1.7649726895e+00 1.7650000000e+00
1.029050000e-06 1.7649726895e+00 1.7650000000e+00
1.030050000e-06 1.7649726895e+00 1.7650000000e+00
1.031050000e-06 1.7649726895e+00 1.7650000000e+00
1.032050000e-06 1.7649726895e+00 1.7650000000e+00
1.033050000e-06 1.7649726895e+00 1.7650000000e+00
1.034050000e-06 1.7649726895e+00 1.7650000000e+00
1.035050000e-06 1.7649726895e+00 1.7650000000e+00
1.036050000e-06 1.7649726895e+00 1.7650000000e+00
1.037050000e-06 1.7649726895e+00 1.7650000000e+00
1.038050000e-06 1.7649726895e+00 1.7650000000e+00
1.039050000e-06 1.7649726895e+00 1.7650000000e+00
1.040050000e-06 1.7649726895e+00 1.7650000000e+00
1.041050000e-06 1.7649726895e+00 1.7650000000e+00
1.042050000e-06 1.7649726895e+00 1.7650000000e+00
1.043050000e-06 1.7649726895e+00 1.7650000000e+00
1.044050000e-06 1.7649726895e+00 1.7650000000e+00
1.045050000e-06 1.7649726895e+00 1.7650000000e+00
1.046050000e-06 1.7649726895e+00 1.7650000000e+00
1.047050000e-06 1.7649726895e+00 1.7650000000e+00
1.048050000e-06 1.7649726895e+00 1.7650000000e+00
1.049050000e-06 1.7649726895e+00 1.7650000000e+00
1.050050000e-06 1.7649726895e+00 1.7650000000e+00
1.051050000e-06 1.7649726895e+00 1.7650000000e+00
1.052050000e-06 1.7649726895e+00 1.7650000000e+00
1.053050000e-06 1.7649726895e+00 1.7650000000e+00
1.054050000e-06 1.7649726895e+00 1.7650000000e+00
1.055050000e-06 1.7649726895e+00 1.7650000000e+00
1.056050000e-06 1.7649726895e+00 1.7650000000e+00
1.057050000e-06 1.7649726895e+00 1.7650000000e+00
1.058050000e-06 1.7649726895e+00 1.7650000000e+00
1.059050000e-06 1.7649726895e+00 1.7650000000e+00
1.060050000e-06 1.7649726895e+00 1.7650000000e+00
1.061050000e-06 1.7649726895e+00 1.7650000000e+00
1.062050000e-06 1.7649726895e+00 1.7650000000e+00
1.063050000e-06 1.7649726895e+00 1.7650000000e+00
1.064050000e-06 1.7649726895e+00 1.7650000000e+00
1.065050000e-06 1.7649726895e+00 1.7650000000e+00
1.066050000e-06 1.7649726895e+00 1.7650000000e+00
1.067050000e-06 1.7649726895e+00 1.7650000000e+00
1.068050000e-06 1.7649726895e+00 1.7650000000e+00
1.069050000e-06 1.7649726895e+00 1.7650000000e+00
1.070050000e-06 1.7649726895e+00 1.7650000000e+00
1.071050000e-06 1.7649726895e+00 1.7650000000e+00
1.072050000e-06 1.7649726895e+00 1.7650000000e+00
1.073050000e-06 1.7649726895e+00 1.7650000000e+00
1.074050000e-06 1.7649726895e+00 1.7650000000e+00
1.075050000e-06 1.7649726895e+00 1.7650000000e+00
1.076050000e-06 1.7649726895e+00 1.7650000000e+00
1.077050000e-06 1.7649726895e+00 1.7650000000e+00
1.078050000e-06 1.7649726895e+00 1.7650000000e+00
1.079050000e-06 1.7649726895e+00 1.7650000000e+00
1.080050000e-06 1.7649726895e+00 1.7650000000e+00
1.081050000e-06 1.7649726895e+00 1.7650000000e+00
1.082050000e-06 1.7649726895e+00 1.7650000000e+00
1.083050000e-06 1.7649726895e+00 1.7650000000e+00
1.084050000e-06 1.7649726895e+00 1.7650000000e+00
1.085050000e-06 1.7649726895e+00 1.7650000000e+00
1.086050000e-06 1.7649726895e+00 1.7650000000e+00
1.087050000e-06 1.7649726895e+00 1.7650000000e+00
1.088050000e-06 1.7649726895e+00 1.7650000000e+00
1.089050000e-06 1.7649726895e+00 1.7650000000e+00
1.090050000e-06 1.7649726895e+00 1.7650000000e+00
1.091050000e-06 1.7649726895e+00 1.7650000000e+00
1.092050000e-06 1.7649726895e+00 1.7650000000e+00
1.093050000e-06 1.7649726895e+00 1.7650000000e+00
1.094050000e-06 1.7649726895e+00 1.7650000000e+00
1.095050000e-06 1.7649726895e+00 1.7650000000e+00
1.096050000e-06 1.7649726895e+00 1.7650000000e+00
1.097050000e-06 1.7649726895e+00 1.7650000000e+00
1.098050000e-06 1.7649726895e+00 1.7650000000e+00
1.099050000e-06 1.7649726895e+00 1.7650000000e+00
1.100000000e-06 1.7649726895e+00 1.7650000000e+00
