# time_s vout_v vinp_v
0.000000000e+00 1.4349684896e+00 1.4350000000e+00
1.000000000e-11 1.4349684896e+00 1.4350000000e+00
2.000000000e-11 1.4349684896e+00 1.4350000000e+00
4.000000000e-11 1.4349684896e+00 1.4350000000e+00
8.000000000e-11 1.4349684896e+00 1.4350000000e+00
1.600000000e-10 1.4349684896e+00 1.4350000000e+00
3.200000000e-10 1.4349684896e+00 1.4350000000e+00
6.400000000e-10 1.4349684896e+00 1.4350000000e+00
1.280000000e-09 1.4349684896e+00 1.4350000000e+00
2.280000000e-09 1.4349684896e+00 1.4350000000e+00
3.280000000e-09 1.4349684896e+00 1.4350000000e+00
4.280000000e-09 1.4349684896e+00 1.4350000000e+00
5.280000000e-09 1.4349684896e+00 1.4350000000e+00
6.280000000e-09 1.4349684896e+00 1.4350000000e+00
7.280000000e-09 1.4349684896e+00 1.4350000000e+00
8.280000000e-09 1.4349684896e+00 1.4350000000e+00
9.280000000e-09 1.4349684896e+00 1.4350000000e+00
1.028000000e-08 1.4349684896e+00 1.4350000000e+00
1.128000000e-08 1.4349684896e+00 1.4350000000e+00
1.228000000e-08 1.4349684896e+00 1.4350000000e+00
1.328000000e-08 1.4349684896e+00 1.4350000000e+00
1.428000000e-08 1.4349684896e+00 1.4350000000e+00
1.528000000e-08 1.4349684896e+00 1.4350000000e+00
1.628000000e-08 1.4349684896e+00 1.4350000000e+00
1.728000000e-08 1.4349684897e+00 1.4350000000e+00
1.828000000e-08 1.4349684897e+00 1.4350000000e+00
1.928000000e-08 1.4349684897e+00 1.4350000000e+00
2.028000000e-08 1.4349684897e+00 1.4350000000e+00
2.128000000e-08 1.4349684897e+00 1.4350000000e+00
2.228000000e-08 1.4349684897e+00 1.4350000000e+00
2.328000000e-08 1.4349684897e+00 1.4350000000e+00
2.428000000e-08 1.4349684897e+00 1.4350000000e+00
2.528000000e-08 1.4349684897e+00 1.4350000000e+00
2.628000000e-08 1.4349684897e+00 1.4350000000e+00
2.728000000e-08 1.4349684897e+00 1.4350000000e+00
2.828000000e-08 1.4349684897e+00 1.4350000000e+00
2.928000000e-08 1.4349684897e+00 1.4350000000e+00
3.028000000e-08 1.4349684896e+00 1.4350000000e+00
3.128000000e-08 1.4349684896e+00 1.4350000000e+00
3.228000000e-08 1.4349684896e+00 1.4350000000e+00
3.328000000e-08 1.4349684896e+00 1.4350000000e+00
3.428000000e-08 1.4349684896e+00 1.4350000000e+00
3.528000000e-08 1.4349684896e+00 1.4350000000e+00
3.628000000e-08 1.4349684896e+00 1.4350000000e+00
3.728000000e-08 1.4349684896e+00 1.4350000000e+00
3.828000000e-08 1.4349684896e+00 1.4350000000e+00
3.928000000e-08 1.4349684896e+00 1.4350000000e+00
4.028000000e-08 1.4349684896e+00 1.4350000000e+00
4.128000000e-08 1.4349684896e+00 1.4350000000e+00
4.228000000e-08 1.4349684896e+00 1.4350000000e+00
4.328000000e-08 1.4349684896e+00 1.4350000000e+00
4.428000000e-08 1.4349684896e+00 1.4350000000e+00
4.528000000e-08 1.4349684896e+00 1.4350000000e+00
4.628000000e-08 1.4349684896e+00 1.4350000000e+00
4.728000000e-08 1.4349684896e+00 1.4350000000e+00
4.828000000e-08 1.4349684896e+00 1.4350000000e+00
4.928000000e-08 1.4349684896e+00 1.4350000000e+00
5.028000000e-08 1.4349684896e+00 1.4350000000e+00
5.128000000e-08 1.4349684896e+00 1.4350000000e+00
5.228000000e-08 1.4349684896e+00 1.4350000000e+00
5.328000000e-08 1.4349684897e+00 1.4350000000e+00
5.428000000e-08 1.4349684897e+00 1.4350000000e+00
5.528000000e-08 1.4349684897e+00 1.4350000000e+00
5.628000000e-08 1.4349684897e+00 1.4350000000e+00
5.728000000e-08 1.4349684897e+00 1.4350000000e+00
5.828000000e-08 1.4349684897e+00 1.4350000000e+00
5.928000000e-08 1.4349684897e+00 1.4350000000e+00
6.028000000e-08 1.4349684897e+00 1.4350000000e+00
6.128000000e-08 1.4349684897e+00 1.4350000000e+00
6.228000000e-08 1.4349684897e+00 1.4350000000e+00
6.328000000e-08 1.4349684897e+00 1.4350000000e+00
6.428000000e-08 1.4349684897e+00 1.4350000000e+00
6.528000000e-08 1.4349684897e+00 1.4350000000e+00
6.628000000e-08 1.4349684896e+00 1.4350000000e+00
6.728000000e-08 1.4349684896e+00 1.4350000000e+00
6.828000000e-08 1.4349684896e+00 1.4350000000e+00
6.928000000e-08 1.4349684896e+00 1.4350000000e+00
7.028000000e-08 1.4349684896e+00 1.4350000000e+00
7.128000000e-08 1.4349684896e+00 1.4350000000e+00
7.228000000e-08 1.4349684896e+00 1.4350000000e+00
7.328000000e-08 1.4349684896e+00 1.4350000000e+00
7.428000000e-08 1.4349684896e+00 1.4350000000e+00
7.528000000e-08 1.4349684896e+00 1.4350000000e+00
7.628000000e-08 1.4349684896e+00 1.4350000000e+00
7.728000000e-08 1.4349684896e+00 1.4350000000e+00
7.828000000e-08 1.4349684896e+00 1.4350000000e+00
7.928000000e-08 1.4349684896e+00 1.4350000000e+00
8.028000000e-08 1.4349684896e+00 1.4350000000e+00
8.128000000e-08 1.4349684896e+00 1.4350000000e+00
8.228000000e-08 1.4349684896e+00 1.4350000000e+00
8.328000000e-08 1.4349684896e+00 1.4350000000e+00
8.428000000e-08 1.4349684896e+00 1.4350000000e+00
8.528000000e-08 1.4349684896e+00 1.4350000000e+00
8.628000000e-08 1.4349684897e+00 1.4350000000e+00
8.728000000e-08 1.4349684897e+00 1.4350000000e+00
8.828000000e-08 1.4349684897e+00 1.4350000000e+00
8.928000000e-08 1.4349684897e+00 1.4350000000e+00
9.028000000e-08 1.4349684897e+00 1.4350000000e+00
9.128000000e-08 1.4349684897e+00 1.4350000000e+00
9.228000000e-08 1.4349684897e+00 1.4350000000e+00
9.328000000e-08 1.4349684897e+00 1.4350000000e+00
9.428000000e-08 1.4349684897e+00 1.4350000000e+00
9.528000000e-08 1.4349684897e+00 1.4350000000e+00
9.628000000e-08 1.4349684897e+00 1.4350000000e+00
9.728000000e-08 1.4349684897e+00 1.4350000000e+00
9.828000000e-08 1.4349684897e+00 1.4350000000e+00
9.914000000e-08 1.4349684896e+00 1.4350000000e+00
1.000000000e-07 1.4349684896e+00 1.4350000000e+00
1.001000000e-07 1.4349771649e+00 1.4450000000e+00
1.003000000e-07 1.4349901945e+00 1.4650000000e+00
1.006500000e-07 1.4350157482e+00 1.5000000000e+00
1.010000000e-07 1.4350956303e+00 1.5350000000e+00
1.010700000e-07 1.4351201846e+00 1.5350000000e+00
1.012100000e-07 1.4351841986e+00 1.5350000000e+00
1.014900000e-07 1.4353990249e+00 1.5350000000e+00
1.020500000e-07 1.4361771927e+00 1.5350000000e+00
1.030500000e-07 1.4387124806e+00 1.5350000000e+00
1.040500000e-07 1.4425934817e+00 1.5350000000e+00
1.050500000e-07 1.4475796229e+00 1.5350000000e+00
1.060500000e-07 1.4534047106e+00 1.5350000000e+00
1.070500000e-07 1.4598140207e+00 1.5350000000e+00
1.080500000e-07 1.4665772216e+00 1.5350000000e+00
1.090500000e-07 1.4734928640e+00 1.5350000000e+00
1.100500000e-07 1.4803905745e+00 1.5350000000e+00
1.110500000e-07 1.4871302836e+00 1.5350000000e+00
1.120500000e-07 1.4936006385e+00 1.5350000000e+00
1.130500000e-07 1.4997167185e+00 1.5350000000e+00
1.140500000e-07 1.5054173183e+00 1.5350000000e+00
1.150500000e-07 1.5106619773e+00 1.5350000000e+00
1.160500000e-07 1.5154279370e+00 1.5350000000e+00
1.170500000e-07 1.5197071695e+00 1.5350000000e+00
1.180500000e-07 1.5235035910e+00 1.5350000000e+00
1.190500000e-07 1.5268305338e+00 1.5350000000e+00
1.200500000e-07 1.5297085141e+00 1.5350000000e+00
1.210500000e-07 1.5321633079e+00 1.5350000000e+00
1.220500000e-07 1.5342243247e+00 1.5350000000e+00
1.230500000e-07 1.5359232575e+00 1.5350000000e+00
1.240500000e-07 1.5372929812e+00 1.5350000000e+00
1.250500000e-07 1.5383666654e+00 1.5350000000e+00
1.260500000e-07 1.5391770738e+00 1.5350000000e+00
1.270500000e-07 1.5397560186e+00 1.5350000000e+00
1.280500000e-07 1.5401339449e+00 1.5350000000e+00
1.290500000e-07 1.5403396237e+00 1.5350000000e+00
1.300500000e-07 1.5403999336e+00 1.5350000000e+00
1.310500000e-07 1.5403397152e+00 1.5350000000e+00
1.320500000e-07 1.5401816868e+00 1.5350000000e+00
1.330500000e-07 1.5399464097e+00 1.5350000000e+00
1.340500000e-07 1.5396522939e+00 1.5350000000e+00
1.350500000e-07 1.5393156385e+00 1.5350000000e+00
1.360500000e-07 1.5389506994e+00 1.5350000000e+00
1.370500000e-07 1.5385697789e+00 1.5350000000e+00
1.380500000e-07 1.5381833342e+00 1.5350000000e+00
1.390500000e-07 1.5378000980e+00 1.5350000000e+00
1.400500000e-07 1.5374272099e+00 1.5350000000e+00
1.410500000e-07 1.5370703543e+00 1.5350000000e+00
1.420500000e-07 1.5367339011e+00 1.5350000000e+00
1.430500000e-07 1.5364210475e+00 1.5350000000e+00
1.440500000e-07 1.5361339581e+00 1.5350000000e+00
1.450500000e-07 1.5358739003e+00 1.5350000000e+00
1.460500000e-07 1.5356413753e+00 1.5350000000e+00
1.470500000e-07 1.5354362407e+00 1.5350000000e+00
1.480500000e-07 1.5352578255e+00 1.5350000000e+00
1.490500000e-07 1.5351050357e+00 1.5350000000e+00
1.500500000e-07 1.5349764504e+00 1.5350000000e+00
1.510500000e-07 1.5348704075e+00 1.5350000000e+00
1.520500000e-07 1.5347850802e+00 1.5350000000e+00
1.530500000e-07 1.5347185425e+00 1.5350000000e+00
1.540500000e-07 1.5346688262e+00 1.5350000000e+00
1.550500000e-07 1.5346339684e+00 1.5350000000e+00
1.560500000e-07 1.5346120506e+00 1.5350000000e+00
1.570500000e-07 1.5346012301e+00 1.5350000000e+00
1.580500000e-07 1.5345997640e+00 1.5350000000e+00
1.590500000e-07 1.5346060275e+00 1.5350000000e+00
1.600500000e-07 1.5346185259e+00 1.5350000000e+00
1.610500000e-07 1.5346359023e+00 1.5350000000e+00
1.620500000e-07 1.5346569408e+00 1.5350000000e+00
1.630500000e-07 1.5346805663e+00 1.5350000000e+00
1.640500000e-07 1.5347058414e+00 1.5350000000e+00
1.650500000e-07 1.5347319612e+00 1.5350000000e+00
1.660500000e-07 1.5347582464e+00 1.5350000000e+00
1.670500000e-07 1.5347841345e+00 1.5350000000e+00
1.680500000e-07 1.5348091707e+00 1.5350000000e+00
1.690500000e-07 1.5348329982e+00 1.5350000000e+00
1.700500000e-07 1.5348553476e+00 1.5350000000e+00
1.710500000e-07 1.5348760276e+00 1.5350000000e+00
1.720500000e-07 1.5348949145e+00 1.5350000000e+00
1.730500000e-07 1.5349119428e+00 1.5350000000e+00
1.740500000e-07 1.5349270964e+00 1.5350000000e+00
1.750500000e-07 1.5349404000e+00 1.5350000000e+00
1.760500000e-07 1.5349519115e+00 1.5350000000e+00
1.770500000e-07 1.5349617148e+00 1.5350000000e+00
1.780500000e-07 1.5349699137e+00 1.5350000000e+00
1.790500000e-07 1.5349766260e+00 1.5350000000e+00
1.800500000e-07 1.5349819788e+00 1.5350000000e+00
1.810500000e-07 1.5349861043e+00 1.5350000000e+00
1.820500000e-07 1.5349891363e+00 1.5350000000e+00
1.830500000e-07 1.5349912067e+00 1.5350000000e+00
1.840500000e-07 1.5349924438e+00 1.5350000000e+00
1.850500000e-07 1.5349929702e+00 1.5350000000e+00
1.860500000e-07 1.5349929009e+00 1.5350000000e+00
1.870500000e-07 1.5349923428e+00 1.5350000000e+00
1.880500000e-07 1.5349913938e+00 1.5350000000e+00
1.890500000e-07 1.5349901422e+00 1.5350000000e+00
1.900500000e-07 1.5349886671e+00 1.5350000000e+00
1.910500000e-07 1.5349870378e+00 1.5350000000e+00
1.920500000e-07 1.5349853147e+00 1.5350000000e+00
1.930500000e-07 1.5349835493e+00 1.5350000000e+00
1.940500000e-07 1.5349817850e+00 1.5350000000e+00
1.950500000e-07 1.5349800572e+00 1.5350000000e+00
1.960500000e-07 1.5349783946e+00 1.5350000000e+00
1.970500000e-07 1.5349768192e+00 1.5350000000e+00
1.980500000e-07 1.5349753477e+00 1.5350000000e+00
1.990500000e-07 1.5349739914e+00 1.5350000000e+00
2.000500000e-07 1.5349727575e+00 1.5350000000e+00
2.010500000e-07 1.5349716492e+00 1.5350000000e+00
2.020500000e-07 1.5349706669e+00 1.5350000000e+00
2.030500000e-07 1.5349698081e+00 1.5350000000e+00
2.040500000e-07 1.5349690685e+00 1.5350000000e+00
2.050500000e-07 1.5349684418e+00 1.5350000000e+00
2.060500000e-07 1.5349679208e+00 1.5350000000e+00
2.070500000e-07 1.5349674973e+00 1.5350000000e+00
2.080500000e-07 1.5349671628e+00 1.5350000000e+00
2.090500000e-07 1.5349669081e+00 1.5350000000e+00
2.100500000e-07 1.5349667244e+00 1.5350000000e+00
2.110500000e-07 1.5349666028e+00 1.5350000000e+00
2.120500000e-07 1.5349665348e+00 1.5350000000e+00
2.130500000e-07 1.5349665122e+00 1.5350000000e+00
2.140500000e-07 1.5349665276e+00 1.5350000000e+00
2.150500000e-07 1.5349665737e+00 1.5350000000e+00
2.160500000e-07 1.5349666444e+00 1.5350000000e+00
2.170500000e-07 1.5349667338e+00 1.5350000000e+00
2.180500000e-07 1.5349668367e+00 1.5350000000e+00
2.190500000e-07 1.5349669487e+00 1.5350000000e+00
2.200500000e-07 1.5349670660e+00 1.5350000000e+00
2.210500000e-07 1.5349671851e+00 1.5350000000e+00
2.220500000e-07 1.5349673034e+00 1.5350000000e+00
2.230500000e-07 1.5349674186e+00 1.5350000000e+00
2.240500000e-07 1.5349675290e+00 1.5350000000e+00
2.250500000e-07 1.5349676330e+00 1.5350000000e+00
2.260500000e-07 1.5349677299e+00 1.5350000000e+00
2.270500000e-07 1.5349678187e+00 1.5350000000e+00
2.280500000e-07 1.5349678993e+00 1.5350000000e+00
2.290500000e-07 1.5349679714e+00 1.5350000000e+00
2.300500000e-07 1.5349680350e+00 1.5350000000e+00
2.310500000e-07 1.5349680903e+00 1.5350000000e+00
2.320500000e-07 1.5349681378e+00 1.5350000000e+00
2.330500000e-07 1.5349681778e+00 1.5350000000e+00
2.340500000e-07 1.5349682109e+00 1.5350000000e+00
2.350500000e-07 1.5349682375e+00 1.5350000000e+00
2.360500000e-07 1.5349682583e+00 1.5350000000e+00
2.370500000e-07 1.5349682740e+00 1.5350000000e+00
2.380500000e-07 1.5349682850e+00 1.5350000000e+00
2.390500000e-07 1.5349682921e+00 1.5350000000e+00
2.400500000e-07 1.5349682957e+00 1.5350000000e+00
2.410500000e-07 1.5349682964e+00 1.5350000000e+00
2.420500000e-07 1.5349682947e+00 1.5350000000e+00
2.430500000e-07 1.5349682910e+00 1.5350000000e+00
2.440500000e-07 1.5349682858e+00 1.5350000000e+00
2.450500000e-07 1.5349682795e+00 1.5350000000e+00
2.460500000e-07 1.5349682724e+00 1.5350000000e+00
2.470500000e-07 1.5349682647e+00 1.5350000000e+00
2.480500000e-07 1.5349682567e+00 1.5350000000e+00
2.490500000e-07 1.5349682487e+00 1.5350000000e+00
2.500500000e-07 1.5349682408e+00 1.5350000000e+00
2.510500000e-07 1.5349682331e+00 1.5350000000e+00
2.520500000e-07 1.5349682258e+00 1.5350000000e+00
2.530500000e-07 1.5349682189e+00 1.5350000000e+00
2.540500000e-07 1.5349682126e+00 1.5350000000e+00
2.550500000e-07 1.5349682067e+00 1.5350000000e+00
2.560500000e-07 1.5349682015e+00 1.5350000000e+00
2.570500000e-07 1.5349681968e+00 1.5350000000e+00
2.580500000e-07 1.5349681927e+00 1.5350000000e+00
2.590500000e-07 1.5349681891e+00 1.5350000000e+00
2.600500000e-07 1.5349681861e+00 1.5350000000e+00
2.610500000e-07 1.5349681835e+00 1.5350000000e+00
2.620500000e-07 1.5349681814e+00 1.5350000000e+00
2.630500000e-07 1.5349681798e+00 1.5350000000e+00
2.640500000e-07 1.5349681785e+00 1.5350000000e+00
2.650500000e-07 1.5349681775e+00 1.5350000000e+00
2.660500000e-07 1.5349681769e+00 1.5350000000e+00
2.670500000e-07 1.5349681765e+00 1.5350000000e+00
2.680500000e-07 1.5349681763e+00 1.5350000000e+00
2.690500000e-07 1.5349681763e+00 1.5350000000e+00
2.700500000e-07 1.5349681764e+00 1.5350000000e+00
2.710500000e-07 1.5349681767e+00 1.5350000000e+00
2.720500000e-07 1.5349681771e+00 1.5350000000e+00
2.730500000e-07 1.5349681775e+00 1.5350000000e+00
2.740500000e-07 1.5349681780e+00 1.5350000000e+00
2.750500000e-07 1.5349681786e+00 1.5350000000e+00
2.760500000e-07 1.5349681791e+00 1.5350000000e+00
2.770500000e-07 1.5349681796e+00 1.5350000000e+00
2.780500000e-07 1.5349681801e+00 1.5350000000e+00
2.790500000e-07 1.5349681807e+00 1.5350000000e+00
2.800500000e-07 1.5349681811e+00 1.5350000000e+00
2.810500000e-07 1.5349681816e+00 1.5350000000e+00
2.820500000e-07 1.5349681820e+00 1.5350000000e+00
2.830500000e-07 1.5349681824e+00 1.5350000000e+00
2.840500000e-07 1.5349681827e+00 1.5350000000e+00
2.850500000e-07 1.5349681830e+00 1.5350000000e+00
2.860500000e-07 1.5349681833e+00 1.5350000000e+00
2.870500000e-07 1.5349681835e+00 1.5350000000e+00
2.880500000e-07 1.5349681837e+00 1.5350000000e+00
2.890500000e-07 1.5349681839e+00 1.5350000000e+00
2.900500000e-07 1.5349681840e+00 1.5350000000e+00
2.910500000e-07 1.5349681841e+00 1.5350000000e+00
2.920500000e-07 1.5349681842e+00 1.5350000000e+00
2.930500000e-07 1.5349681843e+00 1.5350000000e+00
2.940500000e-07 1.5349681843e+00 1.5350000000e+00
2.950500000e-07 1.5349681843e+00 1.5350000000e+00
2.960500000e-07 1.5349681843e+00 1.5350000000e+00
2.970500000e-07 1.5349681843e+00 1.5350000000e+00
2.980500000e-07 1.5349681843e+00 1.5350000000e+00
2.990500000e-07 1.5349681843e+00 1.5350000000e+00
3.000500000e-07 1.5349681843e+00 1.5350000000e+00
3.010500000e-07 1.5349681843e+00 1.5350000000e+00
3.020500000e-07 1.5349681842e+00 1.5350000000e+00
3.030500000e-07 1.5349681842e+00 1.5350000000e+00
3.040500000e-07 1.5349681842e+00 1.5350000000e+00
3.050500000e-07 1.5349681841e+00 1.5350000000e+00
3.060500000e-07 1.5349681841e+00 1.5350000000e+00
3.070500000e-07 1.5349681841e+00 1.5350000000e+00
3.080500000e-07 1.5349681840e+00 1.5350000000e+00
3.090500000e-07 1.5349681840e+00 1.5350000000e+00
3.100500000e-07 1.5349681840e+00 1.5350000000e+00
3.110500000e-07 1.5349681840e+00 1.5350000000e+00
3.120500000e-07 1.5349681839e+00 1.5350000000e+00
3.130500000e-07 1.5349681839e+00 1.5350000000e+00
3.140500000e-07 1.5349681839e+00 1.5350000000e+00
3.150500000e-07 1.5349681839e+00 1.5350000000e+00
3.160500000e-07 1.5349681839e+00 1.5350000000e+00
3.170500000e-07 1.5349681839e+00 1.5350000000e+00
3.180500000e-07 1.5349681838e+00 1.5350000000e+00
3.190500000e-07 1.5349681838e+00 1.5350000000e+00
3.200500000e-07 1.5349681838e+00 1.5350000000e+00
3.210500000e-07 1.5349681838e+00 1.5350000000e+00
3.220500000e-07 1.5349681838e+00 1.5350000000e+00
3.230500000e-07 1.5349681838e+00 1.5350000000e+00
3.240500000e-07 1.5349681838e+00 1.5350000000e+00
3.250500000e-07 1.5349681838e+00 1.5350000000e+00
3.260500000e-07 1.5349681838e+00 1.5350000000e+00
3.270500000e-07 1.5349681838e+00 1.5350000000e+00
3.280500000e-07 1.5349681838e+00 1.5350000000e+00
3.290500000e-07 1.5349681838e+00 1.5350000000e+00
3.300500000e-07 1.5349681838e+00 1.5350000000e+00
3.310500000e-07 1.5349681838e+00 1.5350000000e+00
3.320500000e-07 1.5349681838e+00 1.5350000000e+00
3.330500000e-07 1.5349681838e+00 1.5350000000e+00
3.340500000e-07 1.5349681838e+00 1.5350000000e+00
3.350500000e-07 1.5349681838e+00 1.5350000000e+00
3.360500000e-07 1.5349681838e+00 1.5350000000e+00
3.370500000e-07 1.5349681838e+00 1.5350000000e+00
3.380500000e-07 1.5349681838e+00 1.5350000000e+00
3.390500000e-07 1.5349681838e+00 1.5350000000e+00
3.400500000e-07 1.5349681838e+00 1.5350000000e+00
3.410500000e-07 1.5349681838e+00 1.5350000000e+00
3.420500000e-07 1.5349681838e+00 1.5350000000e+00
3.430500000e-07 1.5349681838e+00 1.5350000000e+00
3.440500000e-07 1.5349681838e+00 1.5350000000e+00
3.450500000e-07 1.5349681838e+00 1.5350000000e+00
3.460500000e-07 1.5349681838e+00 1.5350000000e+00
3.470500000e-07 1.5349681838e+00 1.5350000000e+00
3.480500000e-07 1.5349681838e+00 1.5350000000e+00
3.490500000e-07 1.5349681838e+00 1.5350000000e+00
3.500500000e-07 1.5349681838e+00 1.5350000000e+00
3.510500000e-07 1.5349681838e+00 1.5350000000e+00
3.520500000e-07 1.5349681838e+00 1.5350000000e+00
3.530500000e-07 1.5349681838e+00 1.5350000000e+00
3.540500000e-07 1.5349681838e+00 1.5350000000e+00
3.550500000e-07 1.5349681838e+00 1.5350000000e+00
3.560500000e-07 1.5349681838e+00 1.5350000000e+00
3.570500000e-07 1.5349681838e+00 1.5350000000e+00
3.580500000e-07 1.5349681838e+00 1.5350000000e+00
3.590500000e-07 1.5349681838e+00 1.5350000000e+00
3.600500000e-07 1.5349681838e+00 1.5350000000e+00
3.610500000e-07 1.5349681838e+00 1.5350000000e+00
3.620500000e-07 1.5349681838e+00 1.5350000000e+00
3.630500000e-07 1.5349681838e+00 1.5350000000e+00
3.640500000e-07 1.5349681838e+00 1.5350000000e+00
3.650500000e-07 1.5349681838e+00 1.5350000000e+00
3.660500000e-07 1.5349681838e+00 1.5350000000e+00
3.670500000e-07 1.5349681838e+00 1.5350000000e+00
3.680500000e-07 1.5349681838e+00 1.5350000000e+00
3.690500000e-07 1.5349681838e+00 1.5350000000e+00
3.700500000e-07 1.5349681838e+00 1.5350000000e+00
3.710500000e-07 1.5349681838e+00 1.5350000000e+00
3.720500000e-07 1.5349681838e+00 1.5350000000e+00
3.730500000e-07 1.5349681838e+00 1.5350000000e+00
3.740500000e-07 1.5349681838e+00 1.5350000000e+00
3.750500000e-07 1.5349681838e+00 1.5350000000e+00
3.760500000e-07 1.5349681838e+00 1.5350000000e+00
3.770500000e-07 1.5349681838e+00 1.5350000000e+00
3.780500000e-07 1.5349681838e+00 1.5350000000e+00
3.790500000e-07 1.5349681838e+00 1.5350000000e+00
3.800500000e-07 1.5349681838e+00 1.5350000000e+00
3.810500000e-07 1.5349681838e+00 1.5350000000e+00
3.820500000e-07 1.5349681838e+00 1.5350000000e+00
3.830500000e-07 1.5349681838e+00 1.5350000000e+00
3.840500000e-07 1.5349681838e+00 1.5350000000e+00
3.850500000e-07 1.5349681838e+00 1.5350000000e+00
3.860500000e-07 1.5349681838e+00 1.5350000000e+00
3.870500000e-07 1.5349681838e+00 1.5350000000e+00
3.880500000e-07 1.5349681838e+00 1.5350000000e+00
3.890500000e-07 1.5349681838e+00 1.5350000000e+00
3.900500000e-07 1.5349681838e+00 1.5350000000e+00
3.910500000e-07 1.5349681838e+00 1.5350000000e+00
3.920500000e-07 1.5349681838e+00 1.5350000000e+00
3.930500000e-07 1.5349681838e+00 1.5350000000e+00
3.940500000e-07 1.5349681838e+00 1.5350000000e+00
3.950500000e-07 1.5349681838e+00 1.5350000000e+00
3.960500000e-07 1.5349681838e+00 1.5350000000e+00
3.970500000e-07 1.5349681838e+00 1.5350000000e+00
3.980500000e-07 1.5349681838e+00 1.5350000000e+00
3.990500000e-07 1.5349681838e+00 1.5350000000e+00
4.000500000e-07 1.5349681838e+00 1.5350000000e+00
4.010500000e-07 1.5349681838e+00 1.5350000000e+00
4.020500000e-07 1.5349681838e+00 1.5350000000e+00
4.030500000e-07 1.5349681838e+00 1.5350000000e+00
4.040500000e-07 1.5349681838e+00 1.5350000000e+00
4.050500000e-07 1.5349681838e+00 1.5350000000e+00
4.060500000e-07 1.5349681838e+00 1.5350000000e+00
4.070500000e-07 1.5349681838e+00 1.5350000000e+00
4.080500000e-07 1.5349681838e+00 1.5350000000e+00
4.090500000e-07 1.5349681838e+00 1.5350000000e+00
4.100500000e-07 1.5349681838e+00 1.5350000000e+00
4.110500000e-07 1.5349681838e+00 1.5350000000e+00
4.120500000e-07 1.5349681838e+00 1.5350000000e+00
4.130500000e-07 1.5349681838e+00 1.5350000000e+00
4.140500000e-07 1.5349681838e+00 1.5350000000e+00
4.150500000e-07 1.5349681838e+00 1.5350000000e+00
4.160500000e-07 1.5349681838e+00 1.5350000000e+00
4.170500000e-07 1.5349681838e+00 1.5350000000e+00
4.180500000e-07 1.5349681838e+00 1.5350000000e+00
4.190500000e-07 1.5349681838e+00 1.5350000000e+00
4.200500000e-07 1.5349681838e+00 1.5350000000e+00
4.210500000e-07 1.5349681838e+00 1.5350000000e+00
4.220500000e-07 1.5349681838e+00 1.5350000000e+00
4.230500000e-07 1.5349681838e+00 1.5350000000e+00
4.240500000e-07 1.5349681838e+00 1.5350000000e+00
4.250500000e-07 1.5349681838e+00 1.5350000000e+00
4.260500000e-07 1.5349681838e+00 1.5350000000e+00
4.270500000e-07 1.5349681838e+00 1.5350000000e+00
4.280500000e-07 1.5349681838e+00 1.5350000000e+00
4.290500000e-07 1.5349681838e+00 1.5350000000e+00
4.300500000e-07 1.5349681838e+00 1.5350000000e+00
4.310500000e-07 1.5349681838e+00 1.5350000000e+00
4.320500000e-07 1.5349681838e+00 1.5350000000e+00
4.330500000e-07 1.5349681838e+00 1.5350000000e+00
4.340500000e-07 1.5349681838e+00 1.5350000000e+00
4.350500000e-07 1.5349681838e+00 1.5350000000e+00
4.360500000e-07 1.5349681838e+00 1.5350000000e+00
4.370500000e-07 1.5349681838e+00 1.5350000000e+00
4.380500000e-07 1.5349681838e+00 1.5350000000e+00
4.390500000e-07 1.5349681838e+00 1.5350000000e+00
4.400500000e-07 1.5349681838e+00 1.5350000000e+00
4.410500000e-07 1.5349681838e+00 1.5350000000e+00
4.420500000e-07 1.5349681838e+00 1.5350000000e+00
4.430500000e-07 1.5349681838e+00 1.5350000000e+00
4.440500000e-07 1.5349681838e+00 1.5350000000e+00
4.450500000e-07 1.5349681838e+00 1.5350000000e+00
4.460500000e-07 1.5349681838e+00 1.5350000000e+00
4.470500000e-07 1.5349681838e+00 1.5350000000e+00
4.480500000e-07 1.5349681838e+00 1.5350000000e+00
4.490500000e-07 1.5349681838e+00 1.5350000000e+00
4.500500000e-07 1.5349681838e+00 1.5350000000e+00
4.510500000e-07 1.5349681838e+00 1.5350000000e+00
4.520500000e-07 1.5349681838e+00 1.5350000000e+00
4.530500000e-07 1.5349681838e+00 1.5350000000e+00
4.540500000e-07 1.5349681838e+00 1.5350000000e+00
4.550500000e-07 1.5349681838e+00 1.5350000000e+00
4.560500000e-07 1.5349681838e+00 1.5350000000e+00
4.570500000e-07 1.5349681838e+00 1.5350000000e+00
4.580500000e-07 1.5349681838e+00 1.5350000000e+00
4.590500000e-07 1.5349681838e+00 1.5350000000e+00
4.600500000e-07 1.5349681838e+00 1.5350000000e+00
4.610500000e-07 1.5349681838e+00 1.5350000000e+00
4.620500000e-07 1.5349681838e+00 1.5350000000e+00
4.630500000e-07 1.5349681838e+00 1.5350000000e+00
4.640500000e-07 1.5349681838e+00 1.5350000000e+00
4.650500000e-07 1.5349681838e+00 1.5350000000e+00
4.660500000e-07 1.5349681838e+00 1.5350000000e+00
4.670500000e-07 1.5349681838e+00 1.5350000000e+00
4.680500000e-07 1.5349681838e+00 1.5350000000e+00
4.690500000e-07 1.5349681838e+00 1.5350000000e+00
4.700500000e-07 1.5349681838e+00 1.5350000000e+00
4.710500000e-07 1.5349681838e+00 1.5350000000e+00
4.720500000e-07 1.5349681838e+00 1.5350000000e+00
4.730500000e-07 1.5349681838e+00 1.5350000000e+00
4.740500000e-07 1.5349681838e+00 1.5350000000e+00
4.750500000e-07 1.5349681838e+00 1.5350000000e+00
4.760500000e-07 1.5349681838e+00 1.5350000000e+00
4.770500000e-07 1.5349681838e+00 1.5350000000e+00
4.780500000e-07 1.5349681838e+00 1.5350000000e+00
4.790500000e-07 1.5349681838e+00 1.5350000000e+00
4.800500000e-07 1.5349681838e+00 1.5350000000e+00
4.810500000e-07 1.5349681838e+00 1.5350000000e+00
4.820500000e-07 1.5349681838e+00 1.5350000000e+00
4.830500000e-07 1.5349681838e+00 1.5350000000e+00
4.840500000e-07 1.5349681838e+00 1.5350000000e+00
4.850500000e-07 1.5349681838e+00 1.5350000000e+00
4.860500000e-07 1.5349681838e+00 1.5350000000e+00
4.870500000e-07 1.5349681838e+00 1.5350000000e+00
4.880500000e-07 1.5349681838e+00 1.5350000000e+00
4.890500000e-07 1.5349681838e+00 1.5350000000e+00
4.900500000e-07 1.5349681838e+00 1.5350000000e+00
4.910500000e-07 1.5349681838e+00 1.5350000000e+00
4.920500000e-07 1.5349681838e+00 1.5350000000e+00
4.930500000e-07 1.5349681838e+00 1.5350000000e+00
4.940500000e-07 1.5349681838e+00 1.5350000000e+00
4.950500000e-07 1.5349681838e+00 1.5350000000e+00
4.960500000e-07 1.5349681838e+00 1.5350000000e+00
4.970500000e-07 1.5349681838e+00 1.5350000000e+00
4.980500000e-07 1.5349681838e+00 1.5350000000e+00
4.990500000e-07 1.5349681838e+00 1.5350000000e+00
5.000500000e-07 1.5349681838e+00 1.5350000000e+00
5.010500000e-07 1.5349681838e+00 1.5350000000e+00
5.020500000e-07 1.5349681838e+00 1.5350000000e+00
5.030500000e-07 1.5349681838e+00 1.5350000000e+00
5.040500000e-07 1.5349681838e+00 1.5350000000e+00
5.050500000e-07 1.5349681838e+00 1.5350000000e+00
5.060500000e-07 1.5349681838e+00 1.5350000000e+00
5.070500000e-07 1.5349681838e+00 1.5350000000e+00
5.080500000e-07 1.5349681838e+00 1.5350000000e+00
5.090500000e-07 1.5349681838e+00 1.5350000000e+00
5.100500000e-07 1.5349681838e+00 1.5350000000e+00
5.110500000e-07 1.5349681838e+00 1.5350000000e+00
5.120500000e-07 1.5349681838e+00 1.5350000000e+00
5.130500000e-07 1.5349681838e+00 1.5350000000e+00
5.140500000e-07 1.5349681838e+00 1.5350000000e+00
5.150500000e-07 1.5349681838e+00 1.5350000000e+00
5.160500000e-07 1.5349681838e+00 1.5350000000e+00
5.170500000e-07 1.5349681838e+00 1.5350000000e+00
5.180500000e-07 1.5349681838e+00 1.5350000000e+00
5.190500000e-07 1.5349681838e+00 1.5350000000e+00
5.200500000e-07 1.5349681838e+00 1.5350000000e+00
5.210500000e-07 1.5349681838e+00 1.5350000000e+00
5.220500000e-07 1.5349681838e+00 1.5350000000e+00
5.230500000e-07 1.5349681838e+00 1.5350000000e+00
5.240500000e-07 1.5349681838e+00 1.5350000000e+00
5.250500000e-07 1.5349681838e+00 1.5350000000e+00
5.260500000e-07 1.5349681838e+00 1.5350000000e+00
5.270500000e-07 1.5349681838e+00 1.5350000000e+00
5.280500000e-07 1.5349681838e+00 1.5350000000e+00
5.290500000e-07 1.5349681838e+00 1.5350000000e+00
5.300500000e-07 1.5349681838e+00 1.5350000000e+00
5.310500000e-07 1.5349681838e+00 1.5350000000e+00
5.320500000e-07 1.5349681838e+00 1.5350000000e+00
5.330500000e-07 1.5349681838e+00 1.5350000000e+00
5.340500000e-07 1.5349681838e+00 1.5350000000e+00
5.350500000e-07 1.5349681838e+00 1.5350000000e+00
5.360500000e-07 1.5349681838e+00 1.5350000000e+00
5.370500000e-07 1.5349681838e+00 1.5350000000e+00
5.380500000e-07 1.5349681838e+00 1.5350000000e+00
5.390500000e-07 1.5349681838e+00 1.5350000000e+00
5.400500000e-07 1.5349681838e+00 1.5350000000e+00
5.410500000e-07 1.5349681838e+00 1.5350000000e+00
5.420500000e-07 1.5349681838e+00 1.5350000000e+00
5.430500000e-07 1.5349681838e+00 1.5350000000e+00
5.440500000e-07 1.5349681838e+00 1.5350000000e+00
5.450500000e-07 1.5349681838e+00 1.5350000000e+00
5.460500000e-07 1.5349681838e+00 1.5350000000e+00
5.470500000e-07 1.5349681838e+00 1.5350000000e+00
5.480500000e-07 1.5349681838e+00 1.5350000000e+00
5.490500000e-07 1.5349681838e+00 1.5350000000e+00
5.500500000e-07 1.5349681838e+00 1.5350000000e+00
5.510500000e-07 1.5349681838e+00 1.5350000000e+00
5.520500000e-07 1.5349681838e+00 1.5350000000e+00
5.530500000e-07 1.5349681838e+00 1.5350000000e+00
5.540500000e-07 1.5349681838e+00 1.5350000000e+00
5.550500000e-07 1.5349681838e+00 1.5350000000e+00
5.560500000e-07 1.5349681838e+00 1.5350000000e+00
5.570500000e-07 1.5349681838e+00 1.5350000000e+00
5.580500000e-07 1.5349681838e+00 1.5350000000e+00
5.590500000e-07 1.5349681838e+00 1.5350000000e+00
5.600500000e-07 1.5349681838e+00 1.5350000000e+00
5.610500000e-07 1.5349681838e+00 1.5350000000e+00
5.620500000e-07 1.5349681838e+00 1.5350000000e+00
5.630500000e-07 1.5349681838e+00 1.5350000000e+00
5.640500000e-07 1.5349681838e+00 1.5350000000e+00
5.650500000e-07 1.5349681838e+00 1.5350000000e+00
5.660500000e-07 1.5349681838e+00 1.5350000000e+00
5.670500000e-07 1.5349681838e+00 1.5350000000e+00
5.680500000e-07 1.5349681838e+00 1.5350000000e+00
5.690500000e-07 1.5349681838e+00 1.5350000000e+00
5.700500000e-07 1.5349681838e+00 1.5350000000e+00
5.710500000e-07 1.5349681838e+00 1.5350000000e+00
5.720500000e-07 1.5349681838e+00 1.5350000000e+00
5.730500000e-07 1.5349681838e+00 1.5350000000e+00
5.740500000e-07 1.5349681838e+00 1.5350000000e+00
5.750500000e-07 1.5349681838e+00 1.5350000000e+00
5.760500000e-07 1.5349681838e+00 1.5350000000e+00
5.770500000e-07 1.5349681838e+00 1.5350000000e+00
5.780500000e-07 1.5349681838e+00 1.5350000000e+00
5.790500000e-07 1.5349681838e+00 1.5350000000e+00
5.800500000e-07 1.5349681838e+00 1.5350000000e+00
5.810500000e-07 1.5349681838e+00 1.5350000000e+00
5.820500000e-07 1.5349681838e+00 1.5350000000e+00
5.830500000e-07 1.5349681838e+00 1.5350000000e+00
5.840500000e-07 1.5349681838e+00 1.5350000000e+00
5.850500000e-07 1.5349681838e+00 1.5350000000e+00
5.860500000e-07 1.5349681838e+00 1.5350000000e+00
5.870500000e-07 1.5349681838e+00 1.5350000000e+00
5.880500000e-07 1.5349681838e+00 1.5350000000e+00
5.890500000e-07 1.5349681838e+00 1.5350000000e+00
5.900500000e-07 1.5349681838e+00 1.5350000000e+00
5.910500000e-07 1.5349681838e+00 1.5350000000e+00
5.920500000e-07 1.5349681838e+00 1.5350000000e+00
5.930500000e-07 1.5349681838e+00 1.5350000000e+00
5.940500000e-07 1.5349681838e+00 1.5350000000e+00
5.950500000e-07 1.5349681838e+00 1.5350000000e+00
5.960500000e-07 1.5349681838e+00 1.5350000000e+00
5.970500000e-07 1.5349681838e+00 1.5350000000e+00
5.980500000e-07 1.5349681838e+00 1.5350000000e+00
5.990500000e-07 1.5349681838e+00 1.5350000000e+00
6.000000000e-07 1.5349681838e+00 1.5350000000e+00
6.001000000e-07 1.5349593626e+00 1.5250000000e+00
6.003000000e-07 1.5349465840e+00 1.5050000000e+00
6.006500000e-07 1.5349272541e+00 1.4700000000e+00
6.010000000e-07 1.5348706672e+00 1.4350000000e+00
6.010700000e-07 1.5348542635e+00 1.4350000000e+00
6.012100000e-07 1.5348088546e+00 1.4350000000e+00
6.014900000e-07 1.5346382142e+00 1.4350000000e+00
6.020500000e-07 1.5339580568e+00 1.4350000000e+00
6.030500000e-07 1.5316496393e+00 1.4350000000e+00
6.040500000e-07 1.5280964714e+00 1.4350000000e+00
6.050500000e-07 1.5235520068e+00 1.4350000000e+00
6.060500000e-07 1.5182551827e+00 1.4350000000e+00
6.070500000e-07 1.5124074081e+00 1.4350000000e+00
6.080500000e-07 1.5061815968e+00 1.4350000000e+00
6.090500000e-07 1.4997269421e+00 1.4350000000e+00
6.100500000e-07 1.4931735816e+00 1.4350000000e+00
6.110500000e-07 1.4866355625e+00 1.4350000000e+00
6.120500000e-07 1.4802126606e+00 1.4350000000e+00
6.130500000e-07 1.4739914006e+00 1.4350000000e+00
6.140500000e-07 1.4680455607e+00 1.4350000000e+00
6.150500000e-07 1.4624363952e+00 1.4350000000e+00
6.160500000e-07 1.4572127667e+00 1.4350000000e+00
6.170500000e-07 1.4524113392e+00 1.4350000000e+00
6.180500000e-07 1.4480569336e+00 1.4350000000e+00
6.190500000e-07 1.4441631064e+00 1.4350000000e+00
6.200500000e-07 1.4407329696e+00 1.4350000000e+00
6.210500000e-07 1.4377602324e+00 1.4350000000e+00
6.220500000e-07 1.4352304223e+00 1.4350000000e+00
6.230500000e-07 1.4331222255e+00 1.4350000000e+00
6.240500000e-07 1.4314088797e+00 1.4350000000e+00
6.250500000e-07 1.4300595567e+00 1.4350000000e+00
6.260500000e-07 1.4290406794e+00 1.4350000000e+00
6.270500000e-07 1.4283171291e+00 1.4350000000e+00
6.280500000e-07 1.4278533140e+00 1.4350000000e+00
6.290500000e-07 1.4276140807e+00 1.4350000000e+00
6.300500000e-07 1.4275654623e+00 1.4350000000e+00
6.310500000e-07 1.4276752666e+00 1.4350000000e+00
6.320500000e-07 1.4279135139e+00 1.4350000000e+00
6.330500000e-07 1.4282527370e+00 1.4350000000e+00
6.340500000e-07 1.4286681631e+00 1.4350000000e+00
6.350500000e-07 1.4291377914e+00 1.4350000000e+00
6.360500000e-07 1.4296423887e+00 1.4350000000e+00
6.370500000e-07 1.4301654160e+00 1.4350000000e+00
6.380500000e-07 1.4306929040e+00 1.4350000000e+00
6.390500000e-07 1.4312132912e+00 1.4350000000e+00
6.400500000e-07 1.4317172349e+00 1.4350000000e+00
6.410500000e-07 1.4321974078e+00 1.4350000000e+00
6.420500000e-07 1.4326482863e+00 1.4350000000e+00
6.430500000e-07 1.4330659386e+00 1.4350000000e+00
6.440500000e-07 1.4334478177e+00 1.4350000000e+00
6.450500000e-07 1.4337925628e+00 1.4350000000e+00
6.460500000e-07 1.4340998120e+00 1.4350000000e+00
6.470500000e-07 1.4343700293e+00 1.4350000000e+00
6.480500000e-07 1.4346043456e+00 1.4350000000e+00
6.490500000e-07 1.4348044157e+00 1.4350000000e+00
6.500500000e-07 1.4349722906e+00 1.4350000000e+00
6.510500000e-07 1.4351103047e+00 1.4350000000e+00
6.520500000e-07 1.4352209779e+00 1.4350000000e+00
6.530500000e-07 1.4353069323e+00 1.4350000000e+00
6.540500000e-07 1.4353708211e+00 1.4350000000e+00
6.550500000e-07 1.4354152695e+00 1.4350000000e+00
6.560500000e-07 1.4354428279e+00 1.4350000000e+00
6.570500000e-07 1.4354559336e+00 1.4350000000e+00
6.580500000e-07 1.4354568825e+00 1.4350000000e+00
6.590500000e-07 1.4354478080e+00 1.4350000000e+00
6.600500000e-07 1.4354306673e+00 1.4350000000e+00
6.610500000e-07 1.4354072333e+00 1.4350000000e+00
6.620500000e-07 1.4353790920e+00 1.4350000000e+00
6.630500000e-07 1.4353476434e+00 1.4350000000e+00
6.640500000e-07 1.4353141065e+00 1.4350000000e+00
6.650500000e-07 1.4352795269e+00 1.4350000000e+00
6.660500000e-07 1.4352447863e+00 1.4350000000e+00
6.670500000e-07 1.4352106139e+00 1.4350000000e+00
6.680500000e-07 1.4351775984e+00 1.4350000000e+00
6.690500000e-07 1.4351462015e+00 1.4350000000e+00
6.700500000e-07 1.4351167703e+00 1.4350000000e+00
6.710500000e-07 1.4350895510e+00 1.4350000000e+00
6.720500000e-07 1.4350647020e+00 1.4350000000e+00
6.730500000e-07 1.4350423054e+00 1.4350000000e+00
6.740500000e-07 1.4350223798e+00 1.4350000000e+00
6.750500000e-07 1.4350048902e+00 1.4350000000e+00
6.760500000e-07 1.4349897590e+00 1.4350000000e+00
6.770500000e-07 1.4349768745e+00 1.4350000000e+00
6.780500000e-07 1.4349660995e+00 1.4350000000e+00
6.790500000e-07 1.4349572785e+00 1.4350000000e+00
6.800500000e-07 1.4349502439e+00 1.4350000000e+00
6.810500000e-07 1.4349448218e+00 1.4350000000e+00
6.820500000e-07 1.4349408365e+00 1.4350000000e+00
6.830500000e-07 1.4349381142e+00 1.4350000000e+00
6.840500000e-07 1.4349364866e+00 1.4350000000e+00
6.850500000e-07 1.4349357929e+00 1.4350000000e+00
6.860500000e-07 1.4349358818e+00 1.4350000000e+00
6.870500000e-07 1.4349366133e+00 1.4350000000e+00
6.880500000e-07 1.4349378587e+00 1.4350000000e+00
6.890500000e-07 1.4349395021e+00 1.4350000000e+00
6.900500000e-07 1.4349414400e+00 1.4350000000e+00
6.910500000e-07 1.4349435810e+00 1.4350000000e+00
6.920500000e-07 1.4349458460e+00 1.4350000000e+00
6.930500000e-07 1.4349481675e+00 1.4350000000e+00
6.940500000e-07 1.4349504884e+00 1.4350000000e+00
6.950500000e-07 1.4349527622e+00 1.4350000000e+00
6.960500000e-07 1.4349549512e+00 1.4350000000e+00
6.970500000e-07 1.4349570262e+00 1.4350000000e+00
6.980500000e-07 1.4349589655e+00 1.4350000000e+00
6.990500000e-07 1.4349607540e+00 1.4350000000e+00
7.000500000e-07 1.4349623823e+00 1.4350000000e+00
7.010500000e-07 1.4349638458e+00 1.4350000000e+00
7.020500000e-07 1.4349651441e+00 1.4350000000e+00
7.030500000e-07 1.4349662803e+00 1.4350000000e+00
7.040500000e-07 1.4349672601e+00 1.4350000000e+00
7.050500000e-07 1.4349680914e+00 1.4350000000e+00
7.060500000e-07 1.4349687836e+00 1.4350000000e+00
7.070500000e-07 1.4349693475e+00 1.4350000000e+00
7.080500000e-07 1.4349697943e+00 1.4350000000e+00
7.090500000e-07 1.4349701357e+00 1.4350000000e+00
7.100500000e-07 1.4349703836e+00 1.4350000000e+00
7.110500000e-07 1.4349705493e+00 1.4350000000e+00
7.120500000e-07 1.4349706441e+00 1.4350000000e+00
7.130500000e-07 1.4349706787e+00 1.4350000000e+00
7.140500000e-07 1.4349706630e+00 1.4350000000e+00
7.150500000e-07 1.4349706062e+00 1.4350000000e+00
7.160500000e-07 1.4349705167e+00 1.4350000000e+00
7.170500000e-07 1.4349704021e+00 1.4350000000e+00
7.180500000e-07 1.4349702692e+00 1.4350000000e+00
7.190500000e-07 1.4349701239e+00 1.4350000000e+00
7.200500000e-07 1.4349699713e+00 1.4350000000e+00
7.210500000e-07 1.4349698158e+00 1.4350000000e+00
7.220500000e-07 1.4349696610e+00 1.4350000000e+00
7.230500000e-07 1.4349695100e+00 1.4350000000e+00
7.240500000e-07 1.4349693651e+00 1.4350000000e+00
7.250500000e-07 1.4349692281e+00 1.4350000000e+00
7.260500000e-07 1.4349691005e+00 1.4350000000e+00
7.270500000e-07 1.4349689831e+00 1.4350000000e+00
7.280500000e-07 1.4349688765e+00 1.4350000000e+00
7.290500000e-07 1.4349687810e+00 1.4350000000e+00
7.300500000e-07 1.4349686965e+00 1.4350000000e+00
7.310500000e-07 1.4349686227e+00 1.4350000000e+00
7.320500000e-07 1.4349685594e+00 1.4350000000e+00
7.330500000e-07 1.4349685058e+00 1.4350000000e+00
7.340500000e-07 1.4349684613e+00 1.4350000000e+00
7.350500000e-07 1.4349684254e+00 1.4350000000e+00
7.360500000e-07 1.4349683970e+00 1.4350000000e+00
7.370500000e-07 1.4349683756e+00 1.4350000000e+00
7.380500000e-07 1.4349683602e+00 1.4350000000e+00
7.390500000e-07 1.4349683502e+00 1.4350000000e+00
7.400500000e-07 1.4349683448e+00 1.4350000000e+00
7.410500000e-07 1.4349683432e+00 1.4350000000e+00
7.420500000e-07 1.4349683449e+00 1.4350000000e+00
7.430500000e-07 1.4349683492e+00 1.4350000000e+00
7.440500000e-07 1.4349683556e+00 1.4350000000e+00
7.450500000e-07 1.4349683635e+00 1.4350000000e+00
7.460500000e-07 1.4349683726e+00 1.4350000000e+00
7.470500000e-07 1.4349683825e+00 1.4350000000e+00
7.480500000e-07 1.4349683928e+00 1.4350000000e+00
7.490500000e-07 1.4349684032e+00 1.4350000000e+00
7.500500000e-07 1.4349684135e+00 1.4350000000e+00
7.510500000e-07 1.4349684235e+00 1.4350000000e+00
7.520500000e-07 1.4349684331e+00 1.4350000000e+00
7.530500000e-07 1.4349684421e+00 1.4350000000e+00
7.540500000e-07 1.4349684505e+00 1.4350000000e+00
7.550500000e-07 1.4349684582e+00 1.4350000000e+00
7.560500000e-07 1.4349684652e+00 1.4350000000e+00
7.570500000e-07 1.4349684714e+00 1.4350000000e+00
7.580500000e-07 1.4349684769e+00 1.4350000000e+00
7.590500000e-07 1.4349684817e+00 1.4350000000e+00
7.600500000e-07 1.4349684858e+00 1.4350000000e+00
7.610500000e-07 1.4349684892e+00 1.4350000000e+00
7.620500000e-07 1.4349684921e+00 1.4350000000e+00
7.630500000e-07 1.4349684944e+00 1.4350000000e+00
7.640500000e-07 1.4349684962e+00 1.4350000000e+00
7.650500000e-07 1.4349684975e+00 1.4350000000e+00
7.660500000e-07 1.4349684984e+00 1.4350000000e+00
7.670500000e-07 1.4349684990e+00 1.4350000000e+00
7.680500000e-07 1.4349684993e+00 1.4350000000e+00
7.690500000e-07 1.4349684994e+00 1.4350000000e+00
7.700500000e-07 1.4349684992e+00 1.4350000000e+00
7.710500000e-07 1.4349684989e+00 1.4350000000e+00
7.720500000e-07 1.4349684985e+00 1.4350000000e+00
7.730500000e-07 1.4349684979e+00 1.4350000000e+00
7.740500000e-07 1.4349684973e+00 1.4350000000e+00
7.750500000e-07 1.4349684966e+00 1.4350000000e+00
7.760500000e-07 1.4349684959e+00 1.4350000000e+00
7.770500000e-07 1.4349684953e+00 1.4350000000e+00
7.780500000e-07 1.4349684946e+00 1.4350000000e+00
7.790500000e-07 1.4349684939e+00 1.4350000000e+00
7.800500000e-07 1.4349684933e+00 1.4350000000e+00
7.810500000e-07 1.4349684927e+00 1.4350000000e+00
7.820500000e-07 1.4349684921e+00 1.4350000000e+00
7.830500000e-07 1.4349684916e+00 1.4350000000e+00
7.840500000e-07 1.4349684912e+00 1.4350000000e+00
7.850500000e-07 1.4349684908e+00 1.4350000000e+00
7.860500000e-07 1.4349684904e+00 1.4350000000e+00
7.870500000e-07 1.4349684901e+00 1.4350000000e+00
7.880500000e-07 1.4349684898e+00 1.4350000000e+00
7.890500000e-07 1.4349684896e+00 1.4350000000e+00
7.900500000e-07 1.4349684894e+00 1.4350000000e+00
7.910500000e-07 1.4349684893e+00 1.4350000000e+00
7.920500000e-07 1.4349684892e+00 1.4350000000e+00
7.930500000e-07 1.4349684891e+00 1.4350000000e+00
7.940500000e-07 1.4349684890e+00 1.4350000000e+00
7.950500000e-07 1.4349684890e+00 1.4350000000e+00
7.960500000e-07 1.4349684890e+00 1.4350000000e+00
7.970500000e-07 1.4349684890e+00 1.4350000000e+00
7.980500000e-07 1.4349684890e+00 1.4350000000e+00
7.990500000e-07 1.4349684890e+00 1.4350000000e+00
8.000500000e-07 1.4349684890e+00 1.4350000000e+00
8.010500000e-07 1.4349684891e+00 1.4350000000e+00
8.020500000e-07 1.4349684891e+00 1.4350000000e+00
8.030500000e-07 1.4349684892e+00 1.4350000000e+00
8.040500000e-07 1.4349684892e+00 1.4350000000e+00
8.050500000e-07 1.4349684893e+00 1.4350000000e+00
8.060500000e-07 1.4349684893e+00 1.4350000000e+00
8.070500000e-07 1.4349684894e+00 1.4350000000e+00
8.080500000e-07 1.4349684894e+00 1.4350000000e+00
8.090500000e-07 1.4349684894e+00 1.4350000000e+00
8.100500000e-07 1.4349684895e+00 1.4350000000e+00
8.110500000e-07 1.4349684895e+00 1.4350000000e+00
8.120500000e-07 1.4349684895e+00 1.4350000000e+00
8.130500000e-07 1.4349684895e+00 1.4350000000e+00
8.140500000e-07 1.4349684896e+00 1.4350000000e+00
8.150500000e-07 1.4349684896e+00 1.4350000000e+00
8.160500000e-07 1.4349684896e+00 1.4350000000e+00
8.170500000e-07 1.4349684896e+00 1.4350000000e+00
8.180500000e-07 1.4349684896e+00 1.4350000000e+00
8.190500000e-07 1.4349684897e+00 1.4350000000e+00
8.200500000e-07 1.4349684897e+00 1.4350000000e+00
8.210500000e-07 1.4349684897e+00 1.4350000000e+00
8.220500000e-07 1.4349684897e+00 1.4350000000e+00
8.230500000e-07 1.4349684897e+00 1.4350000000e+00
8.240500000e-07 1.4349684897e+00 1.4350000000e+00
8.250500000e-07 1.4349684897e+00 1.4350000000e+00
8.260500000e-07 1.4349684897e+00 1.4350000000e+00
8.270500000e-07 1.4349684897e+00 1.4350000000e+00
8.280500000e-07 1.4349684897e+00 1.4350000000e+00
8.290500000e-07 1.4349684897e+00 1.4350000000e+00
8.300500000e-07 1.4349684897e+00 1.4350000000e+00
8.310500000e-07 1.4349684897e+00 1.4350000000e+00
8.320500000e-07 1.4349684897e+00 1.4350000000e+00
8.330500000e-07 1.4349684897e+00 1.4350000000e+00
8.340500000e-07 1.4349684897e+00 1.4350000000e+00
8.350500000e-07 1.4349684897e+00 1.4350000000e+00
8.360500000e-07 1.4349684896e+00 1.4350000000e+00
8.370500000e-07 1.4349684896e+00 1.4350000000e+00
8.380500000e-07 1.4349684896e+00 1.4350000000e+00
8.390500000e-07 1.4349684896e+00 1.4350000000e+00
8.400500000e-07 1.4349684896e+00 1.4350000000e+00
8.410500000e-07 1.4349684896e+00 1.4350000000e+00
8.420500000e-07 1.4349684896e+00 1.4350000000e+00
8.430500000e-07 1.4349684896e+00 1.4350000000e+00
8.440500000e-07 1.4349684896e+00 1.4350000000e+00
8.450500000e-07 1.4349684896e+00 1.4350000000e+00
8.460500000e-07 1.4349684896e+00 1.4350000000e+00
8.470500000e-07 1.4349684896e+00 1.4350000000e+00
8.480500000e-07 1.4349684896e+00 1.4350000000e+00
8.490500000e-07 1.4349684896e+00 1.4350000000e+00
8.500500000e-07 1.4349684896e+00 1.4350000000e+00
8.510500000e-07 1.4349684896e+00 1.4350000000e+00
8.520500000e-07 1.4349684896e+00 1.4350000000e+00
8.530500000e-07 1.4349684896e+00 1.4350000000e+00
8.540500000e-07 1.4349684896e+00 1.4350000000e+00
8.550500000e-07 1.4349684896e+00 1.4350000000e+00
8.560500000e-07 1.4349684896e+00 1.4350000000e+00
8.570500000e-07 1.4349684896e+00 1.4350000000e+00
8.580500000e-07 1.4349684896e+00 1.4350000000e+00
8.590500000e-07 1.4349684896e+00 1.4350000000e+00
8.600500000e-07 1.4349684896e+00 1.4350000000e+00
8.610500000e-07 1.4349684896e+00 1.4350000000e+00
8.620500000e-07 1.4349684897e+00 1.4350000000e+00
8.630500000e-07 1.4349684897e+00 1.4350000000e+00
8.640500000e-07 1.4349684897e+00 1.4350000000e+00
8.650500000e-07 1.4349684897e+00 1.4350000000e+00
8.660500000e-07 1.4349684897e+00 1.4350000000e+00
8.670500000e-07 1.4349684897e+00 1.4350000000e+00
8.680500000e-07 1.4349684897e+00 1.4350000000e+00
8.690500000e-07 1.4349684897e+00 1.4350000000e+00
8.700500000e-07 1.4349684897e+00 1.4350000000e+00
8.710500000e-07 1.4349684897e+00 1.4350000000e+00
8.720500000e-07 1.4349684897e+00 1.4350000000e+00
8.730500000e-07 1.4349684897e+00 1.4350000000e+00
8.740500000e-07 1.4349684897e+00 1.4350000000e+00
8.750500000e-07 1.4349684897e+00 1.4350000000e+00
8.760500000e-07 1.4349684897e+00 1.4350000000e+00
8.770500000e-07 1.4349684897e+00 1.4350000000e+00
8.780500000e-07 1.4349684897e+00 1.4350000000e+00
8.790500000e-07 1.4349684897e+00 1.4350000000e+00
8.800500000e-07 1.4349684897e+00 1.4350000000e+00
8.810500000e-07 1.4349684897e+00 1.4350000000e+00
8.820500000e-07 1.4349684897e+00 1.4350000000e+00
8.830500000e-07 1.4349684896e+00 1.4350000000e+00
8.840500000e-07 1.4349684896e+00 1.4350000000e+00
8.850500000e-07 1.4349684896e+00 1.4350000000e+00
8.860500000e-07 1.4349684896e+00 1.4350000000e+00
8.870500000e-07 1.4349684896e+00 1.4350000000e+00
8.880500000e-07 1.4349684896e+00 1.4350000000e+00
8.890500000e-07 1.4349684896e+00 1.4350000000e+00
8.900500000e-07 1.4349684896e+00 1.4350000000e+00
8.910500000e-07 1.4349684896e+00 1.4350000000e+00
8.920500000e-07 1.4349684896e+00 1.4350000000e+00
8.930500000e-07 1.4349684896e+00 1.4350000000e+00
8.940500000e-07 1.4349684896e+00 1.4350000000e+00
8.950500000e-07 1.4349684896e+00 1.4350000000e+00
8.960500000e-07 1.4349684896e+00 1.4350000000e+00
8.970500000e-07 1.4349684896e+00 1.4350000000e+00
8.980500000e-07 1.4349684896e+00 1.4350000000e+00
8.990500000e-07 1.4349684896e+00 1.4350000000e+00
9.000500000e-07 1.4349684896e+00 1.4350000000e+00
9.010500000e-07 1.4349684896e+00 1.4350000000e+00
9.020500000e-07 1.4349684896e+00 1.4350000000e+00
9.030500000e-07 1.4349684896e+00 1.4350000000e+00
9.040500000e-07 1.4349684896e+00 1.4350000000e+00
9.050500000e-07 1.4349684896e+00 1.4350000000e+00
9.060500000e-07 1.4349684896e+00 1.4350000000e+00
9.070500000e-07 1.4349684896e+00 1.4350000000e+00
9.080500000e-07 1.4349684896e+00 1.4350000000e+00
9.090500000e-07 1.4349684896e+00 1.4350000000e+00
9.100500000e-07 1.4349684896e+00 1.4350000000e+00
9.110500000e-07 1.4349684896e+00 1.4350000000e+00
9.120500000e-07 1.4349684896e+00 1.4350000000e+00
9.130500000e-07 1.4349684896e+00 1.4350000000e+00
9.140500000e-07 1.4349684896e+00 1.4350000000e+00
9.150500000e-07 1.4349684896e+00 1.4350000000e+00
9.160500000e-07 1.4349684896e+00 1.4350000000e+00
9.170500000e-07 1.4349684896e+00 1.4350000000e+00
9.180500000e-07 1.4349684896e+00 1.4350000000e+00
9.190500000e-07 1.4349684896e+00 1.4350000000e+00
9.200500000e-07 1.4349684896e+00 1.4350000000e+00
9.210500000e-07 1.4349684896e+00 1.4350000000e+00
9.220500000e-07 1.4349684896e+00 1.4350000000e+00
9.230500000e-07 1.4349684896e+00 1.4350000000e+00
9.240500000e-07 1.4349684896e+00 1.4350000000e+00
9.250500000e-07 1.4349684896e+00 1.4350000000e+00
9.260500000e-07 1.4349684896e+00 1.4350000000e+00
9.270500000e-07 1.4349684897e+00 1.4350000000e+00
9.280500000e-07 1.4349684897e+00 1.4350000000e+00
9.290500000e-07 1.4349684897e+00 1.4350000000e+00
9.300500000e-07 1.4349684897e+00 1.4350000000e+00
9.310500000e-07 1.4349684897e+00 1.4350000000e+00
9.320500000e-07 1.4349684897e+00 1.4350000000e+00
9.330500000e-07 1.4349684897e+00 1.4350000000e+00
9.340500000e-07 1.4349684896e+00 1.4350000000e+00
9.350500000e-07 1.4349684896e+00 1.4350000000e+00
9.360500000e-07 1.4349684896e+00 1.4350000000e+00
9.370500000e-07 1.4349684896e+00 1.4350000000e+00
9.380500000e-07 1.4349684896e+00 1.4350000000e+00
9.390500000e-07 1.4349684896e+00 1.4350000000e+00
9.400500000e-07 1.4349684896e+00 1.4350000000e+00
9.410500000e-07 1.4349684896e+00 1.4350000000e+00
9.420500000e-07 1.4349684896e+00 1.4350000000e+00
9.430500000e-07 1.4349684896e+00 1.4350000000e+00
9.440500000e-07 1.4349684896e+00 1.4350000000e+00
9.450500000e-07 1.4349684896e+00 1.4350000000e+00
9.460500000e-07 1.4349684896e+00 1.4350000000e+00
9.470500000e-07 1.4349684896e+00 1.4350000000e+00
9.480500000e-07 1.4349684896e+00 1.4350000000e+00
9.490500000e-07 1.4349684896e+00 1.4350000000e+00
9.500500000e-07 1.4349684896e+00 1.4350000000e+00
9.510500000e-07 1.4349684896e+00 1.4350000000e+00
9.520500000e-07 1.4349684896e+00 1.4350000000e+00
9.530500000e-07 1.4349684896e+00 1.4350000000e+00
9.540500000e-07 1.4349684896e+00 1.4350000000e+00
9.550500000e-07 1.4349684896e+00 1.4350000000e+00
9.560500000e-07 1.4349684896e+00 1.4350000000e+00
9.570500000e-07 1.4349684896e+00 1.4350000000e+00
9.580500000e-07 1.4349684896e+00 1.4350000000e+00
9.590500000e-07 1.4349684896e+00 1.4350000000e+00
9.600500000e-07 1.4349684896e+00 1.4350000000e+00
9.610500000e-07 1.4349684896e+00 1.4350000000e+00
9.620500000e-07 1.4349684896e+00 1.4350000000e+00
9.630500000e-07 1.4349684896e+00 1.4350000000e+00
9.640500000e-07 1.4349684896e+00 1.4350000000e+00
9.650500000e-07 1.4349684896e+00 1.4350000000e+00
9.660500000e-07 1.4349684896e+00 1.4350000000e+00
9.670500000e-07 1.4349684896e+00 1.4350000000e+00
9.680500000e-07 1.4349684896e+00 1.4350000000e+00
9.690500000e-07 1.4349684896e+00 1.4350000000e+00
9.700500000e-07 1.4349684896e+00 1.4350000000e+00
9.710500000e-07 1.4349684896e+00 1.4350000000e+00
9.720500000e-07 1.4349684896e+00 1.4350000000e+00
9.730500000e-07 1.4349684896e+00 1.4350000000e+00
9.740500000e-07 1.4349684896e+00 1.4350000000e+00
9.750500000e-07 1.4349684896e+00 1.4350000000e+00
9.760500000e-07 1.4349684896e+00 1.4350000000e+00
9.770500000e-07 1.4349684896e+00 1.4350000000e+00
9.780500000e-07 1.4349684896e+00 1.4350000000e+00
9.790500000e-07 1.4349684896e+00 1.4350000000e+00
9.800500000e-07 1.4349684896e+00 1.4350000000e+00
9.810500000e-07 1.4349684896e+00 1.4350000000e+00
9.820500000e-07 1.4349684896e+00 1.4350000000e+00
9.830500000e-07 1.4349684896e+00 1.4350000000e+00
9.840500000e-07 1.4349684896e+00 1.4350000000e+00
9.850500000e-07 1.4349684896e+00 1.4350000000e+00
9.860500000e-07 1.4349684896e+00 1.4350000000e+00
9.870500000e-07 1.4349684896e+00 1.4350000000e+00
9.880500000e-07 1.4349684896e+00 1.4350000000e+00
9.890500000e-07 1.4349684896e+00 1.4350000000e+00
9.900500000e-07 1.4349684896e+00 1.4350000000e+00
9.910500000e-07 1.4349684896e+00 1.4350000000e+00
9.920500000e-07 1.4349684896e+00 1.4350000000e+00
9.930500000e-07 1.4349684896e+00 1.4350000000e+00
9.940500000e-07 1.4349684896e+00 1.4350000000e+00
9.950500000e-07 1.4349684896e+00 1.4350000000e+00
9.960500000e-07 1.4349684896e+00 1.4350000000e+00
9.970500000e-07 1.4349684896e+00 1.4350000000e+00
9.980500000e-07 1.4349684896e+00 1.4350000000e+00
9.990500000e-07 1.4349684896e+00 1.4350000000e+00
1.000050000e-06 1.4349684896e+00 1.4350000000e+00
1.001050000e-06 1.4349684896e+00 1.4350000000e+00
1.002050000e-06 1.4349684896e+00 1.4350000000e+00
1.003050000e-06 1.4349684896e+00 1.4350000000e+00
1.004050000e-06 1.4349684896e+00 1.4350000000e+00
1.005050000e-06 1.4349684896e+00 1.4350000000e+00
1.006050000e-06 1.4349684896e+00 1.4350000000e+00
1.007050000e-06 1.4349684896e+00 1.4350000000e+00
1.008050000e-06 1.4349684896e+00 1.4350000000e+00
1.009050000e-06 1.4349684896e+00 1.4350000000e+00
1.010050000e-06 1.4349684896e+00 1.4350000000e+00
1.011050000e-06 1.4349684896e+00 1.4350000000e+00
1.012050000e-06 1.4349684896e+00 1.4350000000e+00
1.013050000e-06 1.4349684896e+00 1.4350000000e+00
1.014050000e-06 1.4349684896e+00 1.4350000000e+00
1.015050000e-06 1.4349684896e+00 1.4350000000e+00
1.016050000e-06 1.4349684896e+00 1.4350000000e+00
1.017050000e-06 1.4349684896e+00 1.4350000000e+00
1.018050000e-06 1.4349684896e+00 1.4350000000e+00
1.019050000e-06 1.4349684896e+00 1.4350000000e+00
1.020050000e-06 1.4349684896e+00 1.4350000000e+00
1.021050000e-06 1.4349684896e+00 1.4350000000e+00
1.022050000e-06 1.4349684896e+00 1.4350000000e+00
1.023050000e-06 1.4349684896e+00 1.4350000000e+00
1.024050000e-06 1.4349684896e+00 1.4350000000e+00
1.025050000e-06 1.4349684896e+00 1.4350000000e+00
1.026050000e-06 1.4349684896e+00 1.4350000000e+00
1.027050000e-06 1.4349684896e+00 1.4350000000e+00
1.028050000e-06 1.4349684896e+00 1.4350000000e+00
1.029050000e-06 1.4349684896e+00 1.4350000000e+00
1.030050000e-06 1.4349684896e+00 1.4350000000e+00
1.031050000e-06 1.4349684896e+00 1.4350000000e+00
1.032050000e-06 1.4349684897e+00 1.4350000000e+00
1.033050000e-06 1.4349684897e+00 1.4350000000e+00
1.034050000e-06 1.4349684896e+00 1.4350000000e+00
1.035050000e-06 1.4349684896e+00 1.4350000000e+00
1.036050000e-06 1.4349684896e+00 1.4350000000e+00
1.037050000e-06 1.4349684896e+00 1.4350000000e+00
1.038050000e-06 1.4349684896e+00 1.4350000000e+00
1.039050000e-06 1.4349684896e+00 1.4350000000e+00
1.040050000e-06 1.4349684896e+00 1.4350000000e+00
1.041050000e-06 1.4349684896e+00 1.4350000000e+00
1.042050000e-06 1.4349684896e+00 1.4350000000e+00
1.043050000e-06 1.4349684896e+00 1.4350000000e+00
1.044050000e-06 1.4349684896e+00 1.4350000000e+00
1.045050000e-06 1.4349684896e+00 1.4350000000e+00
1.046050000e-06 1.4349684896e+00 1.4350000000e+00
1.047050000e-06 1.4349684896e+00 1.4350000000e+00
1.048050000e-06 1.4349684896e+00 1.4350000000e+00
1.049050000e-06 1.4349684896e+00 1.4350000000e+00
1.050050000e-06 1.4349684896e+00 1.4350000000e+00
1.051050000e-06 1.4349684896e+00 1.4350000000e+00
1.052050000e-06 1.4349684896e+00 1.4350000000e+00
1.053050000e-06 1.4349684896e+00 1.4350000000e+00
1.054050000e-06 1.4349684896e+00 1.4350000000e+00
1.055050000e-06 1.4349684896e+00 1.4350000000e+00
1.056050000e-06 1.4349684896e+00 1.4350000000e+00
1.057050000e-06 1.4349684896e+00 1.4350000000e+00
1.058050000e-06 1.4349684896e+00 1.4350000000e+00
1.059050000e-06 1.4349684896e+00 1.4350000000e+00
1.060050000e-06 1.4349684896e+00 1.4350000000e+00
1.061050000e-06 1.4349684896e+00 1.4350000000e+00
1.062050000e-06 1.4349684896e+00 1.4350000000e+00
1.063050000e-06 1.4349684896e+00 1.4350000000e+00
1.064050000e-06 1.4349684897e+00 1.4350000000e+00
1.065050000e-06 1.4349684897e+00 1.4350000000e+00
1.066050000e-06 1.4349684897e+00 1.4350000000e+00
1.067050000e-06 1.4349684897e+00 1.4350000000e+00
1.068050000e-06 1.4349684897e+00 1.4350000000e+00
1.069050000e-06 1.4349684897e+00 1.4350000000e+00
1.070050000e-06 1.4349684897e+00 1.4350000000e+00
1.071050000e-06 1.4349684897e+00 1.4350000000e+00
1.072050000e-06 1.4349684897e+00 1.4350000000e+00
1.073050000e-06 1.4349684897e+00 1.4350000000e+00
1.074050000e-06 1.4349684897e+00 1.4350000000e+00
1.075050000e-06 1.4349684897e+00 1.4350000000e+00
1.076050000e-06 1.4349684896e+00 1.4350000000e+00
1.077050000e-06 1.4349684896e+00 1.4350000000e+00
1.078050000e-06 1.4349684896e+00 1.4350000000e+00
1.079050000e-06 1.4349684896e+00 1.4350000000e+00
1.080050000e-06 1.4349684896e+00 1.4350000000e+00
1.081050000e-06 1.4349684896e+00 1.4350000000e+00
1.082050000e-06 1.4349684896e+00 1.4350000000e+00
1.083050000e-06 1.4349684896e+00 1.4350000000e+00
1.084050000e-06 1.4349684896e+00 1.4350000000e+00
1.085050000e-06 1.4349684896e+00 1.4350000000e+00
1.086050000e-06 1.4349684896e+00 1.4350000000e+00
1.087050000e-06 1.4349684896e+00 1.4350000000e+00
1.088050000e-06 1.4349684896e+00 1.4350000000e+00
1.089050000e-06 1.4349684896e+00 1.4350000000e+00
1.090050000e-06 1.4349684896e+00 1.4350000000e+00
1.091050000e-06 1.4349684896e+00 1.4350000000e+00
1.092050000e-06 1.4349684896e+00 1.4350000000e+00
1.093050000e-06 1.4349684896e+00 1.4350000000e+00
1.094050000e-06 1.4349684896e+00 1.4350000000e+00
1.095050000e-06 1.4349684896e+00 1.4350000000e+00
1.096050000e-06 1.4349684896e+00 1.4350000000e+00
1.097050000e-06 1.4349684896e+00 1.4350000000e+00
1.098050000e-06 1.4349684896e+00 1.4350000000e+00
1.099050000e-06 1.4349684896e+00 1.4350000000e+00
1.100000000e-06 1.4349684896e+00 1.4350000000e+00
