# time_s vout_v vinp_v
0.000000000e+00 1.6000119365e+00 1.6000000000e+00
1.000000000e-11 1.6000119365e+00 1.6000000000e+00
2.000000000e-11 1.6000119365e+00 1.6000000000e+00
4.000000000e-11 1.6000119365e+00 1.6000000000e+00
8.000000000e-11 1.6000119365e+00 1.6000000000e+00
1.600000000e-10 1.6000119365e+00 1.6000000000e+00
3.200000000e-10 1.6000119365e+00 1.6000000000e+00
6.400000000e-10 1.6000119365e+00 1.6000000000e+00
1.280000000e-09 1.6000119365e+00 1.6000000000e+00
2.280000000e-09 1.6000119365e+00 1.6000000000e+00
3.280000000e-09 1.6000119365e+00 1.6000000000e+00
4.280000000e-09 1.6000119365e+00 1.6000000000e+00
5.280000000e-09 1.6000119365e+00 1.6000000000e+00
6.280000000e-09 1.6000119365e+00 1.6000000000e+00
7.280000000e-09 1.6000119365e+00 1.6000000000e+00
8.280000000e-09 1.6000119365e+00 1.6000000000e+00
9.280000000e-09 1.6000119365e+00 1.6000000000e+00
1.028000000e-08 1.6000119365e+00 1.6000000000e+00
1.128000000e-08 1.6000119365e+00 1.6000000000e+00
1.228000000e-08 1.6000119365e+00 1.6000000000e+00
1.328000000e-08 1.6000119365e+00 1.6000000000e+00
1.428000000e-08 1.6000119365e+00 1.6000000000e+00
1.528000000e-08 1.6000119365e+00 1.6000000000e+00
1.628000000e-08 1.6000119365e+00 1.6000000000e+00
1.728000000e-08 1.6000119365e+00 1.6000000000e+00
1.828000000e-08 1.6000119365e+00 1.6000000000e+00
1.928000000e-08 1.6000119365e+00 1.6000000000e+00
2.028000000e-08 1.6000119365e+00 1.6000000000e+00
2.128000000e-08 1.6000119365e+00 1.6000000000e+00
2.228000000e-08 1.6000119365e+00 1.6000000000e+00
2.328000000e-08 1.6000119365e+00 1.6000000000e+00
2.428000000e-08 1.6000119365e+00 1.6000000000e+00
2.528000000e-08 1.6000119365e+00 1.6000000000e+00
2.628000000e-08 1.6000119365e+00 1.6000000000e+00
2.728000000e-08 1.6000119365e+00 1.6000000000e+00
2.828000000e-08 1.6000119365e+00 1.6000000000e+00
2.928000000e-08 1.6000119365e+00 1.6000000000e+00
3.028000000e-08 1.6000119365e+00 1.6000000000e+00
3.128000000e-08 1.6000119365e+00 1.6000000000e+00
3.228000000e-08 1.6000119365e+00 1.6000000000e+00
3.328000000e-08 1.6000119365e+00 1.6000000000e+00
3.428000000e-08 1.6000119365e+00 1.6000000000e+00
3.528000000e-08 1.6000119365e+00 1.6000000000e+00
3.628000000e-08 1.6000119365e+00 1.6000000000e+00
3.728000000e-08 1.6000119365e+00 1.6000000000e+00
3.828000000e-08 1.6000119365e+00 1.6000000000e+00
3.928000000e-08 1.6000119365e+00 1.6000000000e+00
4.028000000e-08 1.6000119365e+00 1.6000000000e+00
4.128000000e-08 1.6000119365e+00 1.6000000000e+00
4.228000000e-08 1.6000119365e+00 1.6000000000e+00
4.328000000e-08 1.6000119365e+00 1.6000000000e+00
4.428000000e-08 1.6000119365e+00 1.6000000000e+00
4.528000000e-08 1.6000119365e+00 1.6000000000e+00
4.628000000e-08 1.6000119365e+00 1.6000000000e+00
4.728000000e-08 1.6000119365e+00 1.6000000000e+00
4.828000000e-08 1.6000119365e+00 1.6000000000e+00
4.928000000e-08 1.6000119365e+00 1.6000000000e+00
5.028000000e-08 1.6000119365e+00 1.6000000000e+00
5.128000000e-08 1.6000119365e+00 1.6000000000e+00
5.228000000e-08 1.6000119365e+00 1.6000000000e+00
5.328000000e-08 1.6000119365e+00 1.6000000000e+00
5.428000000e-08 1.6000119365e+00 1.6000000000e+00
5.528000000e-08 1.6000119365e+00 1.6000000000e+00
5.628000000e-08 1.6000119365e+00 1.6000000000e+00
5.728000000e-08 1.6000119365e+00 1.6000000000e+00
5.828000000e-08 1.6000119365e+00 1.6000000000e+00
5.928000000e-08 1.6000119365e+00 1.6000000000e+00
6.028000000e-08 1.6000119365e+00 1.6000000000e+00
6.128000000e-08 1.6000119365e+00 1.6000000000e+00
6.228000000e-08 1.6000119365e+00 1.6000000000e+00
6.328000000e-08 1.6000119365e+00 1.6000000000e+00
6.428000000e-08 1.6000119365e+00 1.6000000000e+00
6.528000000e-08 1.6000119365e+00 1.6000000000e+00
6.628000000e-08 1.6000119365e+00 1.6000000000e+00
6.728000000e-08 1.6000119365e+00 1.6000000000e+00
6.828000000e-08 1.6000119365e+00 1.6000000000e+00
6.928000000e-08 1.6000119365e+00 1.6000000000e+00
7.028000000e-08 1.6000119365e+00 1.6000000000e+00
7.128000000e-08 1.6000119365e+00 1.6000000000e+00
7.228000000e-08 1.6000119365e+00 1.6000000000e+00
7.328000000e-08 1.6000119365e+00 1.6000000000e+00
7.428000000e-08 1.6000119365e+00 1.6000000000e+00
7.528000000e-08 1.6000119365e+00 1.6000000000e+00
7.628000000e-08 1.6000119365e+00 1.6000000000e+00
7.728000000e-08 1.6000119365e+00 1.6000000000e+00
7.828000000e-08 1.6000119365e+00 1.6000000000e+00
7.928000000e-08 1.6000119365e+00 1.6000000000e+00
8.028000000e-08 1.6000119365e+00 1.6000000000e+00
8.128000000e-08 1.6000119365e+00 1.6000000000e+00
8.228000000e-08 1.6000119365e+00 1.6000000000e+00
8.328000000e-08 1.6000119365e+00 1.6000000000e+00
8.428000000e-08 1.6000119365e+00 1.6000000000e+00
8.528000000e-08 1.6000119365e+00 1.6000000000e+00
8.628000000e-08 1.6000119365e+00 1.6000000000e+00
8.728000000e-08 1.6000119365e+00 1.6000000000e+00
8.828000000e-08 1.6000119365e+00 1.6000000000e+00
8.928000000e-08 1.6000119365e+00 1.6000000000e+00
9.028000000e-08 1.6000119365e+00 1.6000000000e+00
9.128000000e-08 1.6000119365e+00 1.6000000000e+00
9.228000000e-08 1.6000119365e+00 1.6000000000e+00
9.328000000e-08 1.6000119365e+00 1.6000000000e+00
9.428000000e-08 1.6000119365e+00 1.6000000000e+00
9.528000000e-08 1.6000119365e+00 1.6000000000e+00
9.628000000e-08 1.6000119364e+00 1.6000000000e+00
9.728000000e-08 1.6000119364e+00 1.6000000000e+00
9.828000000e-08 1.6000119364e+00 1.6000000000e+00
9.914000000e-08 1.6000119364e+00 1.6000000000e+00
1.000000000e-07 1.6000119365e+00 1.6000000000e+00
1.001000000e-07 1.6000210364e+00 1.6100000000e+00
1.003000000e-07 1.6000338539e+00 1.6300000000e+00
1.006500000e-07 1.6000342361e+00 1.6650000000e+00
1.010000000e-07 1.6000199456e+00 1.7000000000e+00
1.010700000e-07 1.6000105779e+00 1.7000000000e+00
1.012100000e-07 1.5999963782e+00 1.7000000000e+00
1.014900000e-07 1.5999976034e+00 1.7000000000e+00
1.020500000e-07 1.6001398265e+00 1.7000000000e+00
1.030500000e-07 1.6009381158e+00 1.7000000000e+00
1.040500000e-07 1.6024837774e+00 1.7000000000e+00
1.050500000e-07 1.6047604010e+00 1.7000000000e+00
1.060500000e-07 1.6076972700e+00 1.7000000000e+00
1.070500000e-07 1.6112034121e+00 1.7000000000e+00
1.080500000e-07 1.6151820308e+00 1.7000000000e+00
1.090500000e-07 1.6195374652e+00 1.7000000000e+00
1.100500000e-07 1.6241789572e+00 1.7000000000e+00
1.110500000e-07 1.6290224543e+00 1.7000000000e+00
1.120500000e-07 1.6339914788e+00 1.7000000000e+00
1.130500000e-07 1.6390174769e+00 1.7000000000e+00
1.140500000e-07 1.6440398418e+00 1.7000000000e+00
1.150500000e-07 1.6490057363e+00 1.7000000000e+00
1.160500000e-07 1.6538697813e+00 1.7000000000e+00
1.170500000e-07 1.6585936544e+00 1.7000000000e+00
1.180500000e-07 1.6631456293e+00 1.7000000000e+00
1.190500000e-07 1.6675000761e+00 1.7000000000e+00
1.200500000e-07 1.6716369429e+00 1.7000000000e+00
1.210500000e-07 1.6755412259e+00 1.7000000000e+00
1.220500000e-07 1.6792024434e+00 1.7000000000e+00
1.230500000e-07 1.6826141240e+00 1.7000000000e+00
1.240500000e-07 1.6857733164e+00 1.7000000000e+00
1.250500000e-07 1.6886801260e+00 1.7000000000e+00
1.260500000e-07 1.6913372815e+00 1.7000000000e+00
1.270500000e-07 1.6937497340e+00 1.7000000000e+00
1.280500000e-07 1.6959242908e+00 1.7000000000e+00
1.290500000e-07 1.6978692820e+00 1.7000000000e+00
1.300500000e-07 1.6995942614e+00 1.7000000000e+00
1.310500000e-07 1.7011097385e+00 1.7000000000e+00
1.320500000e-07 1.7024269408e+00 1.7000000000e+00
1.330500000e-07 1.7035576047e+00 1.7000000000e+00
1.340500000e-07 1.7045137909e+00 1.7000000000e+00
1.350500000e-07 1.7053077256e+00 1.7000000000e+00
1.360500000e-07 1.7059516613e+00 1.7000000000e+00
1.370500000e-07 1.7064577581e+00 1.7000000000e+00
1.380500000e-07 1.7068379822e+00 1.7000000000e+00
1.390500000e-07 1.7071040202e+00 1.7000000000e+00
1.400500000e-07 1.7072672071e+00 1.7000000000e+00
1.410500000e-07 1.7073384673e+00 1.7000000000e+00
1.420500000e-07 1.7073282658e+00 1.7000000000e+00
1.430500000e-07 1.7072465705e+00 1.7000000000e+00
1.440500000e-07 1.7071028225e+00 1.7000000000e+00
1.450500000e-07 1.7069059147e+00 1.7000000000e+00
1.460500000e-07 1.7066641773e+00 1.7000000000e+00
1.470500000e-07 1.7063853693e+00 1.7000000000e+00
1.480500000e-07 1.7060766766e+00 1.7000000000e+00
1.490500000e-07 1.7057447134e+00 1.7000000000e+00
1.500500000e-07 1.7053955300e+00 1.7000000000e+00
1.510500000e-07 1.7050346226e+00 1.7000000000e+00
1.520500000e-07 1.7046669480e+00 1.7000000000e+00
1.530500000e-07 1.7042969404e+00 1.7000000000e+00
1.540500000e-07 1.7039285310e+00 1.7000000000e+00
1.550500000e-07 1.7035651698e+00 1.7000000000e+00
1.560500000e-07 1.7032098491e+00 1.7000000000e+00
1.570500000e-07 1.7028651285e+00 1.7000000000e+00
1.580500000e-07 1.7025331608e+00 1.7000000000e+00
1.590500000e-07 1.7022157188e+00 1.7000000000e+00
1.600500000e-07 1.7019142227e+00 1.7000000000e+00
1.610500000e-07 1.7016297673e+00 1.7000000000e+00
1.620500000e-07 1.7013631495e+00 1.7000000000e+00
1.630500000e-07 1.7011148955e+00 1.7000000000e+00
1.640500000e-07 1.7008852870e+00 1.7000000000e+00
1.650500000e-07 1.7006743874e+00 1.7000000000e+00
1.660500000e-07 1.7004820670e+00 1.7000000000e+00
1.670500000e-07 1.7003080263e+00 1.7000000000e+00
1.680500000e-07 1.7001518197e+00 1.7000000000e+00
1.690500000e-07 1.7000128769e+00 1.7000000000e+00
1.700500000e-07 1.6998905231e+00 1.7000000000e+00
1.710500000e-07 1.6997839983e+00 1.7000000000e+00
1.720500000e-07 1.6996924751e+00 1.7000000000e+00
1.730500000e-07 1.6996150747e+00 1.7000000000e+00
1.740500000e-07 1.6995508821e+00 1.7000000000e+00
1.750500000e-07 1.6994989591e+00 1.7000000000e+00
1.760500000e-07 1.6994583570e+00 1.7000000000e+00
1.770500000e-07 1.6994281272e+00 1.7000000000e+00
1.780500000e-07 1.6994073305e+00 1.7000000000e+00
1.790500000e-07 1.6993950458e+00 1.7000000000e+00
1.800500000e-07 1.6993903769e+00 1.7000000000e+00
1.810500000e-07 1.6993924586e+00 1.7000000000e+00
1.820500000e-07 1.6994004616e+00 1.7000000000e+00
1.830500000e-07 1.6994135970e+00 1.7000000000e+00
1.840500000e-07 1.6994311186e+00 1.7000000000e+00
1.850500000e-07 1.6994523261e+00 1.7000000000e+00
1.860500000e-07 1.6994765660e+00 1.7000000000e+00
1.870500000e-07 1.6995032330e+00 1.7000000000e+00
1.880500000e-07 1.6995317699e+00 1.7000000000e+00
1.890500000e-07 1.6995616677e+00 1.7000000000e+00
1.900500000e-07 1.6995924649e+00 1.7000000000e+00
1.910500000e-07 1.6996237464e+00 1.7000000000e+00
1.920500000e-07 1.6996551418e+00 1.7000000000e+00
1.930500000e-07 1.6996863243e+00 1.7000000000e+00
1.940500000e-07 1.6997170083e+00 1.7000000000e+00
1.950500000e-07 1.6997469474e+00 1.7000000000e+00
1.960500000e-07 1.6997759322e+00 1.7000000000e+00
1.970500000e-07 1.6998037880e+00 1.7000000000e+00
1.980500000e-07 1.6998303725e+00 1.7000000000e+00
1.990500000e-07 1.6998555728e+00 1.7000000000e+00
2.000500000e-07 1.6998793036e+00 1.7000000000e+00
2.010500000e-07 1.6999015044e+00 1.7000000000e+00
2.020500000e-07 1.6999221374e+00 1.7000000000e+00
2.030500000e-07 1.6999411847e+00 1.7000000000e+00
2.040500000e-07 1.6999586466e+00 1.7000000000e+00
2.050500000e-07 1.6999745390e+00 1.7000000000e+00
2.060500000e-07 1.6999888917e+00 1.7000000000e+00
2.070500000e-07 1.7000017462e+00 1.7000000000e+00
2.080500000e-07 1.7000131540e+00 1.7000000000e+00
2.090500000e-07 1.7000231747e+00 1.7000000000e+00
2.100500000e-07 1.7000318747e+00 1.7000000000e+00
2.110500000e-07 1.7000393257e+00 1.7000000000e+00
2.120500000e-07 1.7000456031e+00 1.7000000000e+00
2.130500000e-07 1.7000507850e+00 1.7000000000e+00
2.140500000e-07 1.7000549511e+00 1.7000000000e+00
2.150500000e-07 1.7000581817e+00 1.7000000000e+00
2.160500000e-07 1.7000605566e+00 1.7000000000e+00
2.170500000e-07 1.7000621547e+00 1.7000000000e+00
2.180500000e-07 1.7000630533e+00 1.7000000000e+00
2.190500000e-07 1.7000633272e+00 1.7000000000e+00
2.200500000e-07 1.7000630486e+00 1.7000000000e+00
2.210500000e-07 1.7000622865e+00 1.7000000000e+00
2.220500000e-07 1.7000611064e+00 1.7000000000e+00
2.230500000e-07 1.7000595702e+00 1.7000000000e+00
2.240500000e-07 1.7000577359e+00 1.7000000000e+00
2.250500000e-07 1.7000556575e+00 1.7000000000e+00
2.260500000e-07 1.7000533850e+00 1.7000000000e+00
2.270500000e-07 1.7000509643e+00 1.7000000000e+00
2.280500000e-07 1.7000484373e+00 1.7000000000e+00
2.290500000e-07 1.7000458419e+00 1.7000000000e+00
2.300500000e-07 1.7000432122e+00 1.7000000000e+00
2.310500000e-07 1.7000405786e+00 1.7000000000e+00
2.320500000e-07 1.7000379677e+00 1.7000000000e+00
2.330500000e-07 1.7000354029e+00 1.7000000000e+00
2.340500000e-07 1.7000329043e+00 1.7000000000e+00
2.350500000e-07 1.7000304887e+00 1.7000000000e+00
2.360500000e-07 1.7000281703e+00 1.7000000000e+00
2.370500000e-07 1.7000259607e+00 1.7000000000e+00
2.380500000e-07 1.7000238687e+00 1.7000000000e+00
2.390500000e-07 1.7000219012e+00 1.7000000000e+00
2.400500000e-07 1.7000200628e+00 1.7000000000e+00
2.410500000e-07 1.7000183565e+00 1.7000000000e+00
2.420500000e-07 1.7000167833e+00 1.7000000000e+00
2.430500000e-07 1.7000153430e+00 1.7000000000e+00
2.440500000e-07 1.7000140341e+00 1.7000000000e+00
2.450500000e-07 1.7000128538e+00 1.7000000000e+00
2.460500000e-07 1.7000117986e+00 1.7000000000e+00
2.470500000e-07 1.7000108639e+00 1.7000000000e+00
2.480500000e-07 1.7000100446e+00 1.7000000000e+00
2.490500000e-07 1.7000093350e+00 1.7000000000e+00
2.500500000e-07 1.7000087291e+00 1.7000000000e+00
2.510500000e-07 1.7000082205e+00 1.7000000000e+00
2.520500000e-07 1.7000078027e+00 1.7000000000e+00
2.530500000e-07 1.7000074688e+00 1.7000000000e+00
2.540500000e-07 1.7000072121e+00 1.7000000000e+00
2.550500000e-07 1.7000070260e+00 1.7000000000e+00
2.560500000e-07 1.7000069039e+00 1.7000000000e+00
2.570500000e-07 1.7000068393e+00 1.7000000000e+00
2.580500000e-07 1.7000068260e+00 1.7000000000e+00
2.590500000e-07 1.7000068578e+00 1.7000000000e+00
2.600500000e-07 1.7000069292e+00 1.7000000000e+00
2.610500000e-07 1.7000070347e+00 1.7000000000e+00
2.620500000e-07 1.7000071691e+00 1.7000000000e+00
2.630500000e-07 1.7000073276e+00 1.7000000000e+00
2.640500000e-07 1.7000075057e+00 1.7000000000e+00
2.650500000e-07 1.7000076994e+00 1.7000000000e+00
2.660500000e-07 1.7000079048e+00 1.7000000000e+00
2.670500000e-07 1.7000081185e+00 1.7000000000e+00
2.680500000e-07 1.7000083373e+00 1.7000000000e+00
2.690500000e-07 1.7000085585e+00 1.7000000000e+00
2.700500000e-07 1.7000087795e+00 1.7000000000e+00
2.710500000e-07 1.7000089983e+00 1.7000000000e+00
2.720500000e-07 1.7000092128e+00 1.7000000000e+00
2.730500000e-07 1.7000094214e+00 1.7000000000e+00
2.740500000e-07 1.7000096228e+00 1.7000000000e+00
2.750500000e-07 1.7000098158e+00 1.7000000000e+00
2.760500000e-07 1.7000099995e+00 1.7000000000e+00
2.770500000e-07 1.7000101732e+00 1.7000000000e+00
2.780500000e-07 1.7000103364e+00 1.7000000000e+00
2.790500000e-07 1.7000104886e+00 1.7000000000e+00
2.800500000e-07 1.7000106298e+00 1.7000000000e+00
2.810500000e-07 1.7000107597e+00 1.7000000000e+00
2.820500000e-07 1.7000108785e+00 1.7000000000e+00
2.830500000e-07 1.7000109863e+00 1.7000000000e+00
2.840500000e-07 1.7000110833e+00 1.7000000000e+00
2.850500000e-07 1.7000111699e+00 1.7000000000e+00
2.860500000e-07 1.7000112465e+00 1.7000000000e+00
2.870500000e-07 1.7000113135e+00 1.7000000000e+00
2.880500000e-07 1.7000113713e+00 1.7000000000e+00
2.890500000e-07 1.7000114206e+00 1.7000000000e+00
2.900500000e-07 1.7000114617e+00 1.7000000000e+00
2.910500000e-07 1.7000114954e+00 1.7000000000e+00
2.920500000e-07 1.7000115221e+00 1.7000000000e+00
2.930500000e-07 1.7000115425e+00 1.7000000000e+00
2.940500000e-07 1.7000115570e+00 1.7000000000e+00
2.950500000e-07 1.7000115663e+00 1.7000000000e+00
2.960500000e-07 1.7000115708e+00 1.7000000000e+00
2.970500000e-07 1.7000115711e+00 1.7000000000e+00
2.980500000e-07 1.7000115678e+00 1.7000000000e+00
2.990500000e-07 1.7000115612e+00 1.7000000000e+00
3.000500000e-07 1.7000115518e+00 1.7000000000e+00
3.010500000e-07 1.7000115401e+00 1.7000000000e+00
3.020500000e-07 1.7000115264e+00 1.7000000000e+00
3.030500000e-07 1.7000115111e+00 1.7000000000e+00
3.040500000e-07 1.7000114947e+00 1.7000000000e+00
3.050500000e-07 1.7000114773e+00 1.7000000000e+00
3.060500000e-07 1.7000114592e+00 1.7000000000e+00
3.070500000e-07 1.7000114408e+00 1.7000000000e+00
3.080500000e-07 1.7000114222e+00 1.7000000000e+00
3.090500000e-07 1.7000114036e+00 1.7000000000e+00
3.100500000e-07 1.7000113853e+00 1.7000000000e+00
3.110500000e-07 1.7000113674e+00 1.7000000000e+00
3.120500000e-07 1.7000113500e+00 1.7000000000e+00
3.130500000e-07 1.7000113332e+00 1.7000000000e+00
3.140500000e-07 1.7000113171e+00 1.7000000000e+00
3.150500000e-07 1.7000113018e+00 1.7000000000e+00
3.160500000e-07 1.7000112874e+00 1.7000000000e+00
3.170500000e-07 1.7000112739e+00 1.7000000000e+00
3.180500000e-07 1.7000112613e+00 1.7000000000e+00
3.190500000e-07 1.7000112496e+00 1.7000000000e+00
3.200500000e-07 1.7000112389e+00 1.7000000000e+00
3.210500000e-07 1.7000112291e+00 1.7000000000e+00
3.220500000e-07 1.7000112202e+00 1.7000000000e+00
3.230500000e-07 1.7000112123e+00 1.7000000000e+00
3.240500000e-07 1.7000112052e+00 1.7000000000e+00
3.250500000e-07 1.7000111989e+00 1.7000000000e+00
3.260500000e-07 1.7000111934e+00 1.7000000000e+00
3.270500000e-07 1.7000111887e+00 1.7000000000e+00
3.280500000e-07 1.7000111847e+00 1.7000000000e+00
3.290500000e-07 1.7000111814e+00 1.7000000000e+00
3.300500000e-07 1.7000111787e+00 1.7000000000e+00
3.310500000e-07 1.7000111765e+00 1.7000000000e+00
3.320500000e-07 1.7000111749e+00 1.7000000000e+00
3.330500000e-07 1.7000111738e+00 1.7000000000e+00
3.340500000e-07 1.7000111731e+00 1.7000000000e+00
3.350500000e-07 1.7000111728e+00 1.7000000000e+00
3.360500000e-07 1.7000111728e+00 1.7000000000e+00
3.370500000e-07 1.7000111732e+00 1.7000000000e+00
3.380500000e-07 1.7000111738e+00 1.7000000000e+00
3.390500000e-07 1.7000111746e+00 1.7000000000e+00
3.400500000e-07 1.7000111756e+00 1.7000000000e+00
3.410500000e-07 1.7000111768e+00 1.7000000000e+00
3.420500000e-07 1.7000111781e+00 1.7000000000e+00
3.430500000e-07 1.7000111795e+00 1.7000000000e+00
3.440500000e-07 1.7000111810e+00 1.7000000000e+00
3.450500000e-07 1.7000111825e+00 1.7000000000e+00
3.460500000e-07 1.7000111840e+00 1.7000000000e+00
3.470500000e-07 1.7000111856e+00 1.7000000000e+00
3.480500000e-07 1.7000111872e+00 1.7000000000e+00
3.490500000e-07 1.7000111887e+00 1.7000000000e+00
3.500500000e-07 1.7000111902e+00 1.7000000000e+00
3.510500000e-07 1.7000111917e+00 1.7000000000e+00
3.520500000e-07 1.7000111931e+00 1.7000000000e+00
3.530500000e-07 1.7000111944e+00 1.7000000000e+00
3.540500000e-07 1.7000111957e+00 1.7000000000e+00
3.550500000e-07 1.7000111969e+00 1.7000000000e+00
3.560500000e-07 1.7000111980e+00 1.7000000000e+00
3.570500000e-07 1.7000111990e+00 1.7000000000e+00
3.580500000e-07 1.7000112000e+00 1.7000000000e+00
3.590500000e-07 1.7000112009e+00 1.7000000000e+00
3.600500000e-07 1.7000112017e+00 1.7000000000e+00
3.610500000e-07 1.7000112024e+00 1.7000000000e+00
3.620500000e-07 1.7000112031e+00 1.7000000000e+00
3.630500000e-07 1.7000112036e+00 1.7000000000e+00
3.640500000e-07 1.7000112041e+00 1.7000000000e+00
3.650500000e-07 1.7000112046e+00 1.7000000000e+00
3.660500000e-07 1.7000112050e+00 1.7000000000e+00
3.670500000e-07 1.7000112053e+00 1.7000000000e+00
3.680500000e-07 1.7000112056e+00 1.7000000000e+00
3.690500000e-07 1.7000112058e+00 1.7000000000e+00
3.700500000e-07 1.7000112060e+00 1.7000000000e+00
3.710500000e-07 1.7000112061e+00 1.7000000000e+00
3.720500000e-07 1.7000112062e+00 1.7000000000e+00
3.730500000e-07 1.7000112062e+00 1.7000000000e+00
3.740500000e-07 1.7000112062e+00 1.7000000000e+00
3.750500000e-07 1.7000112062e+00 1.7000000000e+00
3.760500000e-07 1.7000112062e+00 1.7000000000e+00
3.770500000e-07 1.7000112061e+00 1.7000000000e+00
3.780500000e-07 1.7000112061e+00 1.7000000000e+00
3.790500000e-07 1.7000112060e+00 1.7000000000e+00
3.800500000e-07 1.7000112059e+00 1.7000000000e+00
3.810500000e-07 1.7000112058e+00 1.7000000000e+00
3.820500000e-07 1.7000112057e+00 1.7000000000e+00
3.830500000e-07 1.7000112055e+00 1.7000000000e+00
3.840500000e-07 1.7000112054e+00 1.7000000000e+00
3.850500000e-07 1.7000112053e+00 1.7000000000e+00
3.860500000e-07 1.7000112052e+00 1.7000000000e+00
3.870500000e-07 1.7000112050e+00 1.7000000000e+00
3.880500000e-07 1.7000112049e+00 1.7000000000e+00
3.890500000e-07 1.7000112048e+00 1.7000000000e+00
3.900500000e-07 1.7000112047e+00 1.7000000000e+00
3.910500000e-07 1.7000112045e+00 1.7000000000e+00
3.920500000e-07 1.7000112044e+00 1.7000000000e+00
3.930500000e-07 1.7000112043e+00 1.7000000000e+00
3.940500000e-07 1.7000112042e+00 1.7000000000e+00
3.950500000e-07 1.7000112041e+00 1.7000000000e+00
3.960500000e-07 1.7000112041e+00 1.7000000000e+00
3.970500000e-07 1.7000112040e+00 1.7000000000e+00
3.980500000e-07 1.7000112039e+00 1.7000000000e+00
3.990500000e-07 1.7000112038e+00 1.7000000000e+00
4.000500000e-07 1.7000112038e+00 1.7000000000e+00
4.010500000e-07 1.7000112037e+00 1.7000000000e+00
4.020500000e-07 1.7000112036e+00 1.7000000000e+00
4.030500000e-07 1.7000112036e+00 1.7000000000e+00
4.040500000e-07 1.7000112036e+00 1.7000000000e+00
4.050500000e-07 1.7000112035e+00 1.7000000000e+00
4.060500000e-07 1.7000112035e+00 1.7000000000e+00
4.070500000e-07 1.7000112035e+00 1.7000000000e+00
4.080500000e-07 1.7000112035e+00 1.7000000000e+00
4.090500000e-07 1.7000112035e+00 1.7000000000e+00
4.100500000e-07 1.7000112034e+00 1.7000000000e+00
4.110500000e-07 1.7000112034e+00 1.7000000000e+00
4.120500000e-07 1.7000112034e+00 1.7000000000e+00
4.130500000e-07 1.7000112034e+00 1.7000000000e+00
4.140500000e-07 1.7000112034e+00 1.7000000000e+00
4.150500000e-07 1.7000112034e+00 1.7000000000e+00
4.160500000e-07 1.7000112034e+00 1.7000000000e+00
4.170500000e-07 1.7000112035e+00 1.7000000000e+00
4.180500000e-07 1.7000112035e+00 1.7000000000e+00
4.190500000e-07 1.7000112035e+00 1.7000000000e+00
4.200500000e-07 1.7000112035e+00 1.7000000000e+00
4.210500000e-07 1.7000112035e+00 1.7000000000e+00
4.220500000e-07 1.7000112035e+00 1.7000000000e+00
4.230500000e-07 1.7000112035e+00 1.7000000000e+00
4.240500000e-07 1.7000112035e+00 1.7000000000e+00
4.250500000e-07 1.7000112035e+00 1.7000000000e+00
4.260500000e-07 1.7000112036e+00 1.7000000000e+00
4.270500000e-07 1.7000112036e+00 1.7000000000e+00
4.280500000e-07 1.7000112036e+00 1.7000000000e+00
4.290500000e-07 1.7000112036e+00 1.7000000000e+00
4.300500000e-07 1.7000112036e+00 1.7000000000e+00
4.310500000e-07 1.7000112036e+00 1.7000000000e+00
4.320500000e-07 1.7000112036e+00 1.7000000000e+00
4.330500000e-07 1.7000112036e+00 1.7000000000e+00
4.340500000e-07 1.7000112036e+00 1.7000000000e+00
4.350500000e-07 1.7000112036e+00 1.7000000000e+00
4.360500000e-07 1.7000112036e+00 1.7000000000e+00
4.370500000e-07 1.7000112036e+00 1.7000000000e+00
4.380500000e-07 1.7000112036e+00 1.7000000000e+00
4.390500000e-07 1.7000112036e+00 1.7000000000e+00
4.400500000e-07 1.7000112036e+00 1.7000000000e+00
4.410500000e-07 1.7000112037e+00 1.7000000000e+00
4.420500000e-07 1.7000112037e+00 1.7000000000e+00
4.430500000e-07 1.7000112037e+00 1.7000000000e+00
4.440500000e-07 1.7000112037e+00 1.7000000000e+00
4.450500000e-07 1.7000112037e+00 1.7000000000e+00
4.460500000e-07 1.7000112037e+00 1.7000000000e+00
4.470500000e-07 1.7000112037e+00 1.7000000000e+00
4.480500000e-07 1.7000112037e+00 1.7000000000e+00
4.490500000e-07 1.7000112037e+00 1.7000000000e+00
4.500500000e-07 1.7000112037e+00 1.7000000000e+00
4.510500000e-07 1.7000112037e+00 1.7000000000e+00
4.520500000e-07 1.7000112037e+00 1.7000000000e+00
4.530500000e-07 1.7000112037e+00 1.7000000000e+00
4.540500000e-07 1.7000112037e+00 1.7000000000e+00
4.550500000e-07 1.7000112037e+00 1.7000000000e+00
4.560500000e-07 1.7000112037e+00 1.7000000000e+00
4.570500000e-07 1.7000112037e+00 1.7000000000e+00
4.580500000e-07 1.7000112037e+00 1.7000000000e+00
4.590500000e-07 1.7000112037e+00 1.7000000000e+00
4.600500000e-07 1.7000112037e+00 1.7000000000e+00
4.610500000e-07 1.7000112037e+00 1.7000000000e+00
4.620500000e-07 1.7000112037e+00 1.7000000000e+00
4.630500000e-07 1.7000112037e+00 1.7000000000e+00
4.640500000e-07 1.7000112037e+00 1.7000000000e+00
4.650500000e-07 1.7000112037e+00 1.7000000000e+00
4.660500000e-07 1.7000112037e+00 1.7000000000e+00
4.670500000e-07 1.7000112037e+00 1.7000000000e+00
4.680500000e-07 1.7000112037e+00 1.7000000000e+00
4.690500000e-07 1.7000112037e+00 1.7000000000e+00
4.700500000e-07 1.7000112037e+00 1.7000000000e+00
4.710500000e-07 1.7000112037e+00 1.7000000000e+00
4.720500000e-07 1.7000112037e+00 1.7000000000e+00
4.730500000e-07 1.7000112037e+00 1.7000000000e+00
4.740500000e-07 1.7000112037e+00 1.7000000000e+00
4.750500000e-07 1.7000112037e+00 1.7000000000e+00
4.760500000e-07 1.7000112037e+00 1.7000000000e+00
4.770500000e-07 1.7000112037e+00 1.7000000000e+00
4.780500000e-07 1.7000112037e+00 1.7000000000e+00
4.790500000e-07 1.7000112037e+00 1.7000000000e+00
4.800500000e-07 1.7000112037e+00 1.7000000000e+00
4.810500000e-07 1.7000112037e+00 1.7000000000e+00
4.820500000e-07 1.7000112037e+00 1.7000000000e+00
4.830500000e-07 1.7000112037e+00 1.7000000000e+00
4.840500000e-07 1.7000112037e+00 1.7000000000e+00
4.850500000e-07 1.7000112037e+00 1.7000000000e+00
4.860500000e-07 1.7000112037e+00 1.7000000000e+00
4.870500000e-07 1.7000112037e+00 1.7000000000e+00
4.880500000e-07 1.7000112037e+00 1.7000000000e+00
4.890500000e-07 1.7000112037e+00 1.7000000000e+00
4.900500000e-07 1.7000112037e+00 1.7000000000e+00
4.910500000e-07 1.7000112037e+00 1.7000000000e+00
4.920500000e-07 1.7000112037e+00 1.7000000000e+00
4.930500000e-07 1.7000112037e+00 1.7000000000e+00
4.940500000e-07 1.7000112037e+00 1.7000000000e+00
4.950500000e-07 1.7000112037e+00 1.7000000000e+00
4.960500000e-07 1.7000112037e+00 1.7000000000e+00
4.970500000e-07 1.7000112037e+00 1.7000000000e+00
4.980500000e-07 1.7000112037e+00 1.7000000000e+00
4.990500000e-07 1.7000112037e+00 1.7000000000e+00
5.000500000e-07 1.7000112037e+00 1.7000000000e+00
5.010500000e-07 1.7000112037e+00 1.7000000000e+00
5.020500000e-07 1.7000112037e+00 1.7000000000e+00
5.030500000e-07 1.7000112037e+00 1.7000000000e+00
5.040500000e-07 1.7000112037e+00 1.7000000000e+00
5.050500000e-07 1.7000112037e+00 1.7000000000e+00
5.060500000e-07 1.7000112037e+00 1.7000000000e+00
5.070500000e-07 1.7000112037e+00 1.7000000000e+00
5.080500000e-07 1.7000112037e+00 1.7000000000e+00
5.090500000e-07 1.7000112037e+00 1.7000000000e+00
5.100500000e-07 1.7000112037e+00 1.7000000000e+00
5.110500000e-07 1.7000112037e+00 1.7000000000e+00
5.120500000e-07 1.7000112037e+00 1.7000000000e+00
5.130500000e-07 1.7000112037e+00 1.7000000000e+00
5.140500000e-07 1.7000112037e+00 1.7000000000e+00
5.150500000e-07 1.7000112037e+00 1.7000000000e+00
5.160500000e-07 1.7000112037e+00 1.7000000000e+00
5.170500000e-07 1.7000112037e+00 1.7000000000e+00
5.180500000e-07 1.7000112037e+00 1.7000000000e+00
5.190500000e-07 1.7000112037e+00 1.7000000000e+00
5.200500000e-07 1.7000112037e+00 1.7000000000e+00
5.210500000e-07 1.7000112037e+00 1.7000000000e+00
5.220500000e-07 1.7000112037e+00 1.7000000000e+00
5.230500000e-07 1.7000112037e+00 1.7000000000e+00
5.240500000e-07 1.7000112037e+00 1.7000000000e+00
5.250500000e-07 1.7000112037e+00 1.7000000000e+00
5.260500000e-07 1.7000112037e+00 1.7000000000e+00
5.270500000e-07 1.7000112037e+00 1.7000000000e+00
5.280500000e-07 1.7000112037e+00 1.7000000000e+00
5.290500000e-07 1.7000112037e+00 1.7000000000e+00
5.300500000e-07 1.7000112037e+00 1.7000000000e+00
5.310500000e-07 1.7000112037e+00 1.7000000000e+00
5.320500000e-07 1.7000112037e+00 1.7000000000e+00
5.330500000e-07 1.7000112037e+00 1.7000000000e+00
5.340500000e-07 1.7000112037e+00 1.7000000000e+00
5.350500000e-07 1.7000112037e+00 1.7000000000e+00
5.360500000e-07 1.7000112037e+00 1.7000000000e+00
5.370500000e-07 1.7000112037e+00 1.7000000000e+00
5.380500000e-07 1.7000112037e+00 1.7000000000e+00
5.390500000e-07 1.7000112037e+00 1.7000000000e+00
5.400500000e-07 1.7000112037e+00 1.7000000000e+00
5.410500000e-07 1.7000112037e+00 1.7000000000e+00
5.420500000e-07 1.7000112037e+00 1.7000000000e+00
5.430500000e-07 1.7000112037e+00 1.7000000000e+00
5.440500000e-07 1.7000112037e+00 1.7000000000e+00
5.450500000e-07 1.7000112037e+00 1.7000000000e+00
5.460500000e-07 1.7000112037e+00 1.7000000000e+00
5.470500000e-07 1.7000112037e+00 1.7000000000e+00
5.480500000e-07 1.7000112037e+00 1.7000000000e+00
5.490500000e-07 1.7000112037e+00 1.7000000000e+00
5.500500000e-07 1.7000112037e+00 1.7000000000e+00
5.510500000e-07 1.7000112037e+00 1.7000000000e+00
5.520500000e-07 1.7000112037e+00 1.7000000000e+00
5.530500000e-07 1.7000112037e+00 1.7000000000e+00
5.540500000e-07 1.7000112037e+00 1.7000000000e+00
5.550500000e-07 1.7000112037e+00 1.7000000000e+00
5.560500000e-07 1.7000112037e+00 1.7000000000e+00
5.570500000e-07 1.7000112037e+00 1.7000000000e+00
5.580500000e-07 1.7000112037e+00 1.7000000000e+00
5.590500000e-07 1.7000112037e+00 1.7000000000e+00
5.600500000e-07 1.7000112037e+00 1.7000000000e+00
5.610500000e-07 1.7000112037e+00 1.7000000000e+00
5.620500000e-07 1.7000112037e+00 1.7000000000e+00
5.630500000e-07 1.7000112037e+00 1.7000000000e+00
5.640500000e-07 1.7000112037e+00 1.7000000000e+00
5.650500000e-07 1.7000112037e+00 1.7000000000e+00
5.660500000e-07 1.7000112037e+00 1.7000000000e+00
5.670500000e-07 1.7000112037e+00 1.7000000000e+00
5.680500000e-07 1.7000112037e+00 1.7000000000e+00
5.690500000e-07 1.7000112037e+00 1.7000000000e+00
5.700500000e-07 1.7000112037e+00 1.7000000000e+00
5.710500000e-07 1.7000112037e+00 1.7000000000e+00
5.720500000e-07 1.7000112037e+00 1.7000000000e+00
5.730500000e-07 1.7000112037e+00 1.7000000000e+00
5.740500000e-07 1.7000112037e+00 1.7000000000e+00
5.750500000e-07 1.7000112037e+00 1.7000000000e+00
5.760500000e-07 1.7000112037e+00 1.7000000000e+00
5.770500000e-07 1.7000112037e+00 1.7000000000e+00
5.780500000e-07 1.7000112037e+00 1.7000000000e+00
5.790500000e-07 1.7000112037e+00 1.7000000000e+00
5.800500000e-07 1.7000112037e+00 1.7000000000e+00
5.810500000e-07 1.7000112037e+00 1.7000000000e+00
5.820500000e-07 1.7000112037e+00 1.7000000000e+00
5.830500000e-07 1.7000112037e+00 1.7000000000e+00
5.840500000e-07 1.7000112037e+00 1.7000000000e+00
5.850500000e-07 1.7000112037e+00 1.7000000000e+00
5.860500000e-07 1.7000112037e+00 1.7000000000e+00
5.870500000e-07 1.7000112037e+00 1.7000000000e+00
5.880500000e-07 1.7000112037e+00 1.7000000000e+00
5.890500000e-07 1.7000112037e+00 1.7000000000e+00
5.900500000e-07 1.7000112037e+00 1.7000000000e+00
5.910500000e-07 1.7000112037e+00 1.7000000000e+00
5.920500000e-07 1.7000112037e+00 1.7000000000e+00
5.930500000e-07 1.7000112037e+00 1.7000000000e+00
5.940500000e-07 1.7000112037e+00 1.7000000000e+00
5.950500000e-07 1.7000112037e+00 1.7000000000e+00
5.960500000e-07 1.7000112037e+00 1.7000000000e+00
5.970500000e-07 1.7000112037e+00 1.7000000000e+00
5.980500000e-07 1.7000112037e+00 1.7000000000e+00
5.990500000e-07 1.7000112037e+00 1.7000000000e+00
6.000000000e-07 1.7000112037e+00 1.7000000000e+00
6.001000000e-07 1.7000019910e+00 1.6900000000e+00
6.003000000e-07 1.6999890920e+00 1.6700000000e+00
6.006500000e-07 1.6999892450e+00 1.6350000000e+00
6.010000000e-07 1.7000083577e+00 1.6000000000e+00
6.010700000e-07 1.7000197742e+00 1.6000000000e+00
6.012100000e-07 1.7000393826e+00 1.6000000000e+00
6.014900000e-07 1.7000547355e+00 1.6000000000e+00
6.020500000e-07 1.6999575656e+00 1.6000000000e+00
6.030500000e-07 1.6992610872e+00 1.6000000000e+00
6.040500000e-07 1.6978437557e+00 1.6000000000e+00
6.050500000e-07 1.6957345821e+00 1.6000000000e+00
6.060500000e-07 1.6930152602e+00 1.6000000000e+00
6.070500000e-07 1.6897766098e+00 1.6000000000e+00
6.080500000e-07 1.6861060111e+00 1.6000000000e+00
6.090500000e-07 1.6820836265e+00 1.6000000000e+00
6.100500000e-07 1.6777821758e+00 1.6000000000e+00
6.110500000e-07 1.6732676089e+00 1.6000000000e+00
6.120500000e-07 1.6685998223e+00 1.6000000000e+00
6.130500000e-07 1.6638332859e+00 1.6000000000e+00
6.140500000e-07 1.6590175404e+00 1.6000000000e+00
6.150500000e-07 1.6541975808e+00 1.6000000000e+00
6.160500000e-07 1.6494141447e+00 1.6000000000e+00
6.170500000e-07 1.6447039269e+00 1.6000000000e+00
6.180500000e-07 1.6400997384e+00 1.6000000000e+00
6.190500000e-07 1.6356306286e+00 1.6000000000e+00
6.200500000e-07 1.6313219845e+00 1.6000000000e+00
6.210500000e-07 1.6271956199e+00 1.6000000000e+00
6.220500000e-07 1.6232698662e+00 1.6000000000e+00
6.230500000e-07 1.6195596719e+00 1.6000000000e+00
6.240500000e-07 1.6160767178e+00 1.6000000000e+00
6.250500000e-07 1.6128295521e+00 1.6000000000e+00
6.260500000e-07 1.6098237461e+00 1.6000000000e+00
6.270500000e-07 1.6070620724e+00 1.6000000000e+00
6.280500000e-07 1.6045447024e+00 1.6000000000e+00
6.290500000e-07 1.6022694223e+00 1.6000000000e+00
6.300500000e-07 1.6002318627e+00 1.6000000000e+00
6.310500000e-07 1.5984257389e+00 1.6000000000e+00
6.320500000e-07 1.5968430955e+00 1.6000000000e+00
6.330500000e-07 1.5954745540e+00 1.6000000000e+00
6.340500000e-07 1.5943095560e+00 1.6000000000e+00
6.350500000e-07 1.5933365995e+00 1.6000000000e+00
6.360500000e-07 1.5925434656e+00 1.6000000000e+00
6.370500000e-07 1.5919174316e+00 1.6000000000e+00
6.380500000e-07 1.5914454680e+00 1.6000000000e+00
6.390500000e-07 1.5911144196e+00 1.6000000000e+00
6.400500000e-07 1.5909111672e+00 1.6000000000e+00
6.410500000e-07 1.5908227716e+00 1.6000000000e+00
6.420500000e-07 1.5908365986e+00 1.6000000000e+00
6.430500000e-07 1.5909404246e+00 1.6000000000e+00
6.440500000e-07 1.5911225257e+00 1.6000000000e+00
6.450500000e-07 1.5913717489e+00 1.6000000000e+00
6.460500000e-07 1.5916775682e+00 1.6000000000e+00
6.470500000e-07 1.5920301252e+00 1.6000000000e+00
6.480500000e-07 1.5924202575e+00 1.6000000000e+00
6.490500000e-07 1.5928395141e+00 1.6000000000e+00
6.500500000e-07 1.5932801611e+00 1.6000000000e+00
6.510500000e-07 1.5937351776e+00 1.6000000000e+00
6.520500000e-07 1.5941982444e+00 1.6000000000e+00
6.530500000e-07 1.5946637250e+00 1.6000000000e+00
6.540500000e-07 1.5951266418e+00 1.6000000000e+00
6.550500000e-07 1.5955826482e+00 1.6000000000e+00
6.560500000e-07 1.5960279957e+00 1.6000000000e+00
6.570500000e-07 1.5964595003e+00 1.6000000000e+00
6.580500000e-07 1.5968745053e+00 1.6000000000e+00
6.590500000e-07 1.5972708444e+00 1.6000000000e+00
6.600500000e-07 1.5976468034e+00 1.6000000000e+00
6.610500000e-07 1.5980010817e+00 1.6000000000e+00
6.620500000e-07 1.5983327554e+00 1.6000000000e+00
6.630500000e-07 1.5986412397e+00 1.6000000000e+00
6.640500000e-07 1.5989262535e+00 1.6000000000e+00
6.650500000e-07 1.5991877850e+00 1.6000000000e+00
6.660500000e-07 1.5994260585e+00 1.6000000000e+00
6.670500000e-07 1.5996415034e+00 1.6000000000e+00
6.680500000e-07 1.5998347250e+00 1.6000000000e+00
6.690500000e-07 1.6000064766e+00 1.6000000000e+00
6.700500000e-07 1.6001576343e+00 1.6000000000e+00
6.710500000e-07 1.6002891731e+00 1.6000000000e+00
6.720500000e-07 1.6004021453e+00 1.6000000000e+00
6.730500000e-07 1.6004976607e+00 1.6000000000e+00
6.740500000e-07 1.6005768685e+00 1.6000000000e+00
6.750500000e-07 1.6006409413e+00 1.6000000000e+00
6.760500000e-07 1.6006910608e+00 1.6000000000e+00
6.770500000e-07 1.6007284046e+00 1.6000000000e+00
6.780500000e-07 1.6007541356e+00 1.6000000000e+00
6.790500000e-07 1.6007693920e+00 1.6000000000e+00
6.800500000e-07 1.6007752791e+00 1.6000000000e+00
6.810500000e-07 1.6007728623e+00 1.6000000000e+00
6.820500000e-07 1.6007631615e+00 1.6000000000e+00
6.830500000e-07 1.6007471466e+00 1.6000000000e+00
6.840500000e-07 1.6007257337e+00 1.6000000000e+00
6.850500000e-07 1.6006997826e+00 1.6000000000e+00
6.860500000e-07 1.6006700950e+00 1.6000000000e+00
6.870500000e-07 1.6006374138e+00 1.6000000000e+00
6.880500000e-07 1.6006024226e+00 1.6000000000e+00
6.890500000e-07 1.6005657459e+00 1.6000000000e+00
6.900500000e-07 1.6005279504e+00 1.6000000000e+00
6.910500000e-07 1.6004895458e+00 1.6000000000e+00
6.920500000e-07 1.6004509872e+00 1.6000000000e+00
6.930500000e-07 1.6004126764e+00 1.6000000000e+00
6.940500000e-07 1.6003749649e+00 1.6000000000e+00
6.950500000e-07 1.6003381561e+00 1.6000000000e+00
6.960500000e-07 1.6003025082e+00 1.6000000000e+00
6.970500000e-07 1.6002682368e+00 1.6000000000e+00
6.980500000e-07 1.6002355182e+00 1.6000000000e+00
6.990500000e-07 1.6002044921e+00 1.6000000000e+00
7.000500000e-07 1.6001752646e+00 1.6000000000e+00
7.010500000e-07 1.6001479112e+00 1.6000000000e+00
7.020500000e-07 1.6001224800e+00 1.6000000000e+00
7.030500000e-07 1.6000989938e+00 1.6000000000e+00
7.040500000e-07 1.6000774535e+00 1.6000000000e+00
7.050500000e-07 1.6000578407e+00 1.6000000000e+00
7.060500000e-07 1.6000401197e+00 1.6000000000e+00
7.070500000e-07 1.6000242405e+00 1.6000000000e+00
7.080500000e-07 1.6000101405e+00 1.6000000000e+00
7.090500000e-07 1.5999977473e+00 1.6000000000e+00
7.100500000e-07 1.5999869796e+00 1.6000000000e+00
7.110500000e-07 1.5999777501e+00 1.6000000000e+00
7.120500000e-07 1.5999699665e+00 1.6000000000e+00
7.130500000e-07 1.5999635330e+00 1.6000000000e+00
7.140500000e-07 1.5999583521e+00 1.6000000000e+00
7.150500000e-07 1.5999543253e+00 1.6000000000e+00
7.160500000e-07 1.5999513544e+00 1.6000000000e+00
7.170500000e-07 1.5999493426e+00 1.6000000000e+00
7.180500000e-07 1.5999481950e+00 1.6000000000e+00
7.190500000e-07 1.5999478196e+00 1.6000000000e+00
7.200500000e-07 1.5999481274e+00 1.6000000000e+00
7.210500000e-07 1.5999490338e+00 1.6000000000e+00
7.220500000e-07 1.5999504578e+00 1.6000000000e+00
7.230500000e-07 1.5999523234e+00 1.6000000000e+00
7.240500000e-07 1.5999545590e+00 1.6000000000e+00
7.250500000e-07 1.5999570980e+00 1.6000000000e+00
7.260500000e-07 1.5999598789e+00 1.6000000000e+00
7.270500000e-07 1.5999628449e+00 1.6000000000e+00
7.280500000e-07 1.5999659444e+00 1.6000000000e+00
7.290500000e-07 1.5999691304e+00 1.6000000000e+00
7.300500000e-07 1.5999723610e+00 1.6000000000e+00
7.310500000e-07 1.5999755985e+00 1.6000000000e+00
7.320500000e-07 1.5999788100e+00 1.6000000000e+00
7.330500000e-07 1.5999819665e+00 1.6000000000e+00
7.340500000e-07 1.5999850432e+00 1.6000000000e+00
7.350500000e-07 1.5999880191e+00 1.6000000000e+00
7.360500000e-07 1.5999908766e+00 1.6000000000e+00
7.370500000e-07 1.5999936014e+00 1.6000000000e+00
7.380500000e-07 1.5999961823e+00 1.6000000000e+00
7.390500000e-07 1.5999986108e+00 1.6000000000e+00
7.400500000e-07 1.6000008811e+00 1.6000000000e+00
7.410500000e-07 1.6000029894e+00 1.6000000000e+00
7.420500000e-07 1.6000049342e+00 1.6000000000e+00
7.430500000e-07 1.6000067158e+00 1.6000000000e+00
7.440500000e-07 1.6000083359e+00 1.6000000000e+00
7.450500000e-07 1.6000097977e+00 1.6000000000e+00
7.460500000e-07 1.6000111057e+00 1.6000000000e+00
7.470500000e-07 1.6000122652e+00 1.6000000000e+00
7.480500000e-07 1.6000132826e+00 1.6000000000e+00
7.490500000e-07 1.6000141646e+00 1.6000000000e+00
7.500500000e-07 1.6000149188e+00 1.6000000000e+00
7.510500000e-07 1.6000155530e+00 1.6000000000e+00
7.520500000e-07 1.6000160752e+00 1.6000000000e+00
7.530500000e-07 1.6000164936e+00 1.6000000000e+00
7.540500000e-07 1.6000168165e+00 1.6000000000e+00
7.550500000e-07 1.6000170521e+00 1.6000000000e+00
7.560500000e-07 1.6000172086e+00 1.6000000000e+00
7.570500000e-07 1.6000172938e+00 1.6000000000e+00
7.580500000e-07 1.6000173155e+00 1.6000000000e+00
7.590500000e-07 1.6000172810e+00 1.6000000000e+00
7.600500000e-07 1.6000171975e+00 1.6000000000e+00
7.610500000e-07 1.6000170716e+00 1.6000000000e+00
7.620500000e-07 1.6000169096e+00 1.6000000000e+00
7.630500000e-07 1.6000167175e+00 1.6000000000e+00
7.640500000e-07 1.6000165009e+00 1.6000000000e+00
7.650500000e-07 1.6000162647e+00 1.6000000000e+00
7.660500000e-07 1.6000160138e+00 1.6000000000e+00
7.670500000e-07 1.6000157523e+00 1.6000000000e+00
7.680500000e-07 1.6000154841e+00 1.6000000000e+00
7.690500000e-07 1.6000152128e+00 1.6000000000e+00
7.700500000e-07 1.6000149413e+00 1.6000000000e+00
7.710500000e-07 1.6000146725e+00 1.6000000000e+00
7.720500000e-07 1.6000144086e+00 1.6000000000e+00
7.730500000e-07 1.6000141517e+00 1.6000000000e+00
7.740500000e-07 1.6000139036e+00 1.6000000000e+00
7.750500000e-07 1.6000136655e+00 1.6000000000e+00
7.760500000e-07 1.6000134388e+00 1.6000000000e+00
7.770500000e-07 1.6000132243e+00 1.6000000000e+00
7.780500000e-07 1.6000130227e+00 1.6000000000e+00
7.790500000e-07 1.6000128344e+00 1.6000000000e+00
7.800500000e-07 1.6000126597e+00 1.6000000000e+00
7.810500000e-07 1.6000124988e+00 1.6000000000e+00
7.820500000e-07 1.6000123515e+00 1.6000000000e+00
7.830500000e-07 1.6000122177e+00 1.6000000000e+00
7.840500000e-07 1.6000120972e+00 1.6000000000e+00
7.850500000e-07 1.6000119895e+00 1.6000000000e+00
7.860500000e-07 1.6000118942e+00 1.6000000000e+00
7.870500000e-07 1.6000118107e+00 1.6000000000e+00
7.880500000e-07 1.6000117385e+00 1.6000000000e+00
7.890500000e-07 1.6000116769e+00 1.6000000000e+00
7.900500000e-07 1.6000116253e+00 1.6000000000e+00
7.910500000e-07 1.6000115829e+00 1.6000000000e+00
7.920500000e-07 1.6000115491e+00 1.6000000000e+00
7.930500000e-07 1.6000115233e+00 1.6000000000e+00
7.940500000e-07 1.6000115046e+00 1.6000000000e+00
7.950500000e-07 1.6000114925e+00 1.6000000000e+00
7.960500000e-07 1.6000114863e+00 1.6000000000e+00
7.970500000e-07 1.6000114853e+00 1.6000000000e+00
7.980500000e-07 1.6000114889e+00 1.6000000000e+00
7.990500000e-07 1.6000114965e+00 1.6000000000e+00
8.000500000e-07 1.6000115076e+00 1.6000000000e+00
8.010500000e-07 1.6000115216e+00 1.6000000000e+00
8.020500000e-07 1.6000115381e+00 1.6000000000e+00
8.030500000e-07 1.6000115566e+00 1.6000000000e+00
8.040500000e-07 1.6000115766e+00 1.6000000000e+00
8.050500000e-07 1.6000115979e+00 1.6000000000e+00
8.060500000e-07 1.6000116199e+00 1.6000000000e+00
8.070500000e-07 1.6000116425e+00 1.6000000000e+00
8.080500000e-07 1.6000116652e+00 1.6000000000e+00
8.090500000e-07 1.6000116880e+00 1.6000000000e+00
8.100500000e-07 1.6000117105e+00 1.6000000000e+00
8.110500000e-07 1.6000117326e+00 1.6000000000e+00
8.120500000e-07 1.6000117540e+00 1.6000000000e+00
8.130500000e-07 1.6000117747e+00 1.6000000000e+00
8.140500000e-07 1.6000117945e+00 1.6000000000e+00
8.150500000e-07 1.6000118134e+00 1.6000000000e+00
8.160500000e-07 1.6000118312e+00 1.6000000000e+00
8.170500000e-07 1.6000118480e+00 1.6000000000e+00
8.180500000e-07 1.6000118636e+00 1.6000000000e+00
8.190500000e-07 1.6000118781e+00 1.6000000000e+00
8.200500000e-07 1.6000118914e+00 1.6000000000e+00
8.210500000e-07 1.6000119036e+00 1.6000000000e+00
8.220500000e-07 1.6000119146e+00 1.6000000000e+00
8.230500000e-07 1.6000119245e+00 1.6000000000e+00
8.240500000e-07 1.6000119334e+00 1.6000000000e+00
8.250500000e-07 1.6000119412e+00 1.6000000000e+00
8.260500000e-07 1.6000119481e+00 1.6000000000e+00
8.270500000e-07 1.6000119540e+00 1.6000000000e+00
8.280500000e-07 1.6000119590e+00 1.6000000000e+00
8.290500000e-07 1.6000119632e+00 1.6000000000e+00
8.300500000e-07 1.6000119667e+00 1.6000000000e+00
8.310500000e-07 1.6000119694e+00 1.6000000000e+00
8.320500000e-07 1.6000119715e+00 1.6000000000e+00
8.330500000e-07 1.6000119729e+00 1.6000000000e+00
8.340500000e-07 1.6000119739e+00 1.6000000000e+00
8.350500000e-07 1.6000119743e+00 1.6000000000e+00
8.360500000e-07 1.6000119743e+00 1.6000000000e+00
8.370500000e-07 1.6000119740e+00 1.6000000000e+00
8.380500000e-07 1.6000119733e+00 1.6000000000e+00
8.390500000e-07 1.6000119723e+00 1.6000000000e+00
8.400500000e-07 1.6000119711e+00 1.6000000000e+00
8.410500000e-07 1.6000119697e+00 1.6000000000e+00
8.420500000e-07 1.6000119681e+00 1.6000000000e+00
8.430500000e-07 1.6000119664e+00 1.6000000000e+00
8.440500000e-07 1.6000119646e+00 1.6000000000e+00
8.450500000e-07 1.6000119627e+00 1.6000000000e+00
8.460500000e-07 1.6000119608e+00 1.6000000000e+00
8.470500000e-07 1.6000119589e+00 1.6000000000e+00
8.480500000e-07 1.6000119570e+00 1.6000000000e+00
8.490500000e-07 1.6000119551e+00 1.6000000000e+00
8.500500000e-07 1.6000119533e+00 1.6000000000e+00
8.510500000e-07 1.6000119515e+00 1.6000000000e+00
8.520500000e-07 1.6000119497e+00 1.6000000000e+00
8.530500000e-07 1.6000119481e+00 1.6000000000e+00
8.540500000e-07 1.6000119465e+00 1.6000000000e+00
8.550500000e-07 1.6000119450e+00 1.6000000000e+00
8.560500000e-07 1.6000119436e+00 1.6000000000e+00
8.570500000e-07 1.6000119423e+00 1.6000000000e+00
8.580500000e-07 1.6000119411e+00 1.6000000000e+00
8.590500000e-07 1.6000119400e+00 1.6000000000e+00
8.600500000e-07 1.6000119390e+00 1.6000000000e+00
8.610500000e-07 1.6000119381e+00 1.6000000000e+00
8.620500000e-07 1.6000119373e+00 1.6000000000e+00
8.630500000e-07 1.6000119366e+00 1.6000000000e+00
8.640500000e-07 1.6000119359e+00 1.6000000000e+00
8.650500000e-07 1.6000119354e+00 1.6000000000e+00
8.660500000e-07 1.6000119349e+00 1.6000000000e+00
8.670500000e-07 1.6000119345e+00 1.6000000000e+00
8.680500000e-07 1.6000119341e+00 1.6000000000e+00
8.690500000e-07 1.6000119338e+00 1.6000000000e+00
8.700500000e-07 1.6000119336e+00 1.6000000000e+00
8.710500000e-07 1.6000119335e+00 1.6000000000e+00
8.720500000e-07 1.6000119333e+00 1.6000000000e+00
8.730500000e-07 1.6000119333e+00 1.6000000000e+00
8.740500000e-07 1.6000119333e+00 1.6000000000e+00
8.750500000e-07 1.6000119333e+00 1.6000000000e+00
8.760500000e-07 1.6000119333e+00 1.6000000000e+00
8.770500000e-07 1.6000119334e+00 1.6000000000e+00
8.780500000e-07 1.6000119335e+00 1.6000000000e+00
8.790500000e-07 1.6000119336e+00 1.6000000000e+00
8.800500000e-07 1.6000119337e+00 1.6000000000e+00
8.810500000e-07 1.6000119338e+00 1.6000000000e+00
8.820500000e-07 1.6000119340e+00 1.6000000000e+00
8.830500000e-07 1.6000119341e+00 1.6000000000e+00
8.840500000e-07 1.6000119343e+00 1.6000000000e+00
8.850500000e-07 1.6000119344e+00 1.6000000000e+00
8.860500000e-07 1.6000119346e+00 1.6000000000e+00
8.870500000e-07 1.6000119348e+00 1.6000000000e+00
8.880500000e-07 1.6000119349e+00 1.6000000000e+00
8.890500000e-07 1.6000119351e+00 1.6000000000e+00
8.900500000e-07 1.6000119352e+00 1.6000000000e+00
8.910500000e-07 1.6000119354e+00 1.6000000000e+00
8.920500000e-07 1.6000119355e+00 1.6000000000e+00
8.930500000e-07 1.6000119357e+00 1.6000000000e+00
8.940500000e-07 1.6000119358e+00 1.6000000000e+00
8.950500000e-07 1.6000119359e+00 1.6000000000e+00
8.960500000e-07 1.6000119360e+00 1.6000000000e+00
8.970500000e-07 1.6000119361e+00 1.6000000000e+00
8.980500000e-07 1.6000119362e+00 1.6000000000e+00
8.990500000e-07 1.6000119363e+00 1.6000000000e+00
9.000500000e-07 1.6000119364e+00 1.6000000000e+00
9.010500000e-07 1.6000119364e+00 1.6000000000e+00
9.020500000e-07 1.6000119365e+00 1.6000000000e+00
9.030500000e-07 1.6000119366e+00 1.6000000000e+00
9.040500000e-07 1.6000119366e+00 1.6000000000e+00
9.050500000e-07 1.6000119366e+00 1.6000000000e+00
9.060500000e-07 1.6000119367e+00 1.6000000000e+00
9.070500000e-07 1.6000119367e+00 1.6000000000e+00
9.080500000e-07 1.6000119367e+00 1.6000000000e+00
9.090500000e-07 1.6000119367e+00 1.6000000000e+00
9.100500000e-07 1.6000119367e+00 1.6000000000e+00
9.110500000e-07 1.6000119367e+00 1.6000000000e+00
9.120500000e-07 1.6000119368e+00 1.6000000000e+00
9.130500000e-07 1.6000119368e+00 1.6000000000e+00
9.140500000e-07 1.6000119367e+00 1.6000000000e+00
9.150500000e-07 1.6000119367e+00 1.6000000000e+00
9.160500000e-07 1.6000119367e+00 1.6000000000e+00
9.170500000e-07 1.6000119367e+00 1.6000000000e+00
9.180500000e-07 1.6000119367e+00 1.6000000000e+00
9.190500000e-07 1.6000119367e+00 1.6000000000e+00
9.200500000e-07 1.6000119367e+00 1.6000000000e+00
9.210500000e-07 1.6000119367e+00 1.6000000000e+00
9.220500000e-07 1.6000119367e+00 1.6000000000e+00
9.230500000e-07 1.6000119367e+00 1.6000000000e+00
9.240500000e-07 1.6000119367e+00 1.6000000000e+00
9.250500000e-07 1.6000119367e+00 1.6000000000e+00
9.260500000e-07 1.6000119366e+00 1.6000000000e+00
9.270500000e-07 1.6000119366e+00 1.6000000000e+00
9.280500000e-07 1.6000119366e+00 1.6000000000e+00
9.290500000e-07 1.6000119366e+00 1.6000000000e+00
9.300500000e-07 1.6000119366e+00 1.6000000000e+00
9.310500000e-07 1.6000119366e+00 1.6000000000e+00
9.320500000e-07 1.6000119366e+00 1.6000000000e+00
9.330500000e-07 1.6000119366e+00 1.6000000000e+00
9.340500000e-07 1.6000119366e+00 1.6000000000e+00
9.350500000e-07 1.6000119366e+00 1.6000000000e+00
9.360500000e-07 1.6000119365e+00 1.6000000000e+00
9.370500000e-07 1.6000119365e+00 1.6000000000e+00
9.380500000e-07 1.6000119365e+00 1.6000000000e+00
9.390500000e-07 1.6000119365e+00 1.6000000000e+00
9.400500000e-07 1.6000119365e+00 1.6000000000e+00
9.410500000e-07 1.6000119365e+00 1.6000000000e+00
9.420500000e-07 1.6000119365e+00 1.6000000000e+00
9.430500000e-07 1.6000119365e+00 1.6000000000e+00
9.440500000e-07 1.6000119365e+00 1.6000000000e+00
9.450500000e-07 1.6000119365e+00 1.6000000000e+00
9.460500000e-07 1.6000119365e+00 1.6000000000e+00
9.470500000e-07 1.6000119365e+00 1.6000000000e+00
9.480500000e-07 1.6000119365e+00 1.6000000000e+00
9.490500000e-07 1.6000119365e+00 1.6000000000e+00
9.500500000e-07 1.6000119365e+00 1.6000000000e+00
9.510500000e-07 1.6000119365e+00 1.6000000000e+00
9.520500000e-07 1.6000119365e+00 1.6000000000e+00
9.530500000e-07 1.6000119365e+00 1.6000000000e+00
9.540500000e-07 1.6000119365e+00 1.6000000000e+00
9.550500000e-07 1.6000119365e+00 1.6000000000e+00
9.560500000e-07 1.6000119365e+00 1.6000000000e+00
9.570500000e-07 1.6000119365e+00 1.6000000000e+00
9.580500000e-07 1.6000119365e+00 1.6000000000e+00
9.590500000e-07 1.6000119365e+00 1.6000000000e+00
9.600500000e-07 1.6000119365e+00 1.6000000000e+00
9.610500000e-07 1.6000119365e+00 1.6000000000e+00
9.620500000e-07 1.6000119365e+00 1.6000000000e+00
9.630500000e-07 1.6000119364e+00 1.6000000000e+00
9.640500000e-07 1.6000119364e+00 1.6000000000e+00
9.650500000e-07 1.6000119364e+00 1.6000000000e+00
9.660500000e-07 1.6000119364e+00 1.6000000000e+00
9.670500000e-07 1.6000119364e+00 1.6000000000e+00
9.680500000e-07 1.6000119364e+00 1.6000000000e+00
9.690500000e-07 1.6000119364e+00 1.6000000000e+00
9.700500000e-07 1.6000119364e+00 1.6000000000e+00
9.710500000e-07 1.6000119364e+00 1.6000000000e+00
9.720500000e-07 1.6000119364e+00 1.6000000000e+00
9.730500000e-07 1.6000119364e+00 1.6000000000e+00
9.740500000e-07 1.6000119364e+00 1.6000000000e+00
9.750500000e-07 1.6000119364e+00 1.6000000000e+00
9.760500000e-07 1.6000119364e+00 1.6000000000e+00
9.770500000e-07 1.6000119364e+00 1.6000000000e+00
9.780500000e-07 1.6000119364e+00 1.6000000000e+00
9.790500000e-07 1.6000119364e+00 1.6000000000e+00
9.800500000e-07 1.6000119364e+00 1.6000000000e+00
9.810500000e-07 1.6000119364e+00 1.6000000000e+00
9.820500000e-07 1.6000119364e+00 1.6000000000e+00
9.830500000e-07 1.6000119364e+00 1.6000000000e+00
9.840500000e-07 1.6000119364e+00 1.6000000000e+00
9.850500000e-07 1.6000119364e+00 1.6000000000e+00
9.860500000e-07 1.6000119364e+00 1.6000000000e+00
9.870500000e-07 1.6000119364e+00 1.6000000000e+00
9.880500000e-07 1.6000119364e+00 1.6000000000e+00
9.890500000e-07 1.6000119364e+00 1.6000000000e+00
9.900500000e-07 1.6000119364e+00 1.6000000000e+00
9.910500000e-07 1.6000119364e+00 1.6000000000e+00
9.920500000e-07 1.6000119364e+00 1.6000000000e+00
9.930500000e-07 1.6000119364e+00 1.6000000000e+00
9.940500000e-07 1.6000119364e+00 1.6000000000e+00
9.950500000e-07 1.6000119364e+00 1.6000000000e+00
9.960500000e-07 1.6000119365e+00 1.6000000000e+00
9.970500000e-07 1.6000119365e+00 1.6000000000e+00
9.980500000e-07 1.6000119365e+00 1.6000000000e+00
9.990500000e-07 1.6000119365e+00 1.6000000000e+00
1.000050000e-06 1.6000119365e+00 1.6000000000e+00
1.001050000e-06 1.6000119365e+00 1.6000000000e+00
1.002050000e-06 1.6000119365e+00 1.6000000000e+00
1.003050000e-06 1.6000119365e+00 1.6000000000e+00
1.004050000e-06 1.6000119365e+00 1.6000000000e+00
1.005050000e-06 1.6000119365e+00 1.6000000000e+00
1.006050000e-06 1.6000119365e+00 1.6000000000e+00
1.007050000e-06 1.6000119365e+00 1.6000000000e+00
1.008050000e-06 1.6000119365e+00 1.6000000000e+00
1.009050000e-06 1.6000119365e+00 1.6000000000e+00
1.010050000e-06 1.6000119365e+00 1.6000000000e+00
1.011050000e-06 1.6000119365e+00 1.6000000000e+00
1.012050000e-06 1.6000119365e+00 1.6000000000e+00
1.013050000e-06 1.6000119365e+00 1.6000000000e+00
1.014050000e-06 1.6000119365e+00 1.6000000000e+00
1.015050000e-06 1.6000119365e+00 1.6000000000e+00
1.016050000e-06 1.6000119365e+00 1.6000000000e+00
1.017050000e-06 1.6000119365e+00 1.6000000000e+00
1.018050000e-06 1.6000119365e+00 1.6000000000e+00
1.019050000e-06 1.6000119365e+00 1.6000000000e+00
1.020050000e-06 1.6000119365e+00 1.6000000000e+00
1.021050000e-06 1.6000119365e+00 1.6000000000e+00
1.022050000e-06 1.6000119365e+00 1.6000000000e+00
1.023050000e-06 1.6000119365e+00 1.6000000000e+00
1.024050000e-06 1.6000119365e+00 1.6000000000e+00
1.025050000e-06 1.6000119365e+00 1.6000000000e+00
1.026050000e-06 1.6000119365e+00 1.6000000000e+00
1.027050000e-06 1.6000119365e+00 1.6000000000e+00
1.028050000e-06 1.6000119365e+00 1.6000000000e+00
1.029050000e-06 1.6000119365e+00 1.6000000000e+00
1.030050000e-06 1.6000119365e+00 1.6000000000e+00
1.031050000e-06 1.6000119365e+00 1.6000000000e+00
1.032050000e-06 1.6000119365e+00 1.6000000000e+00
1.033050000e-06 1.6000119365e+00 1.6000000000e+00
1.034050000e-06 1.6000119365e+00 1.6000000000e+00
1.035050000e-06 1.6000119365e+00 1.6000000000e+00
1.036050000e-06 1.6000119365e+00 1.6000000000e+00
1.037050000e-06 1.6000119365e+00 1.6000000000e+00
1.038050000e-06 1.6000119365e+00 1.6000000000e+00
1.039050000e-06 1.6000119365e+00 1.6000000000e+00
1.040050000e-06 1.6000119365e+00 1.6000000000e+00
1.041050000e-06 1.6000119365e+00 1.6000000000e+00
1.042050000e-06 1.6000119365e+00 1.6000000000e+00
1.043050000e-06 1.6000119365e+00 1.6000000000e+00
1.044050000e-06 1.6000119365e+00 1.6000000000e+00
1.045050000e-06 1.6000119364e+00 1.6000000000e+00
1.046050000e-06 1.6000119364e+00 1.6000000000e+00
1.047050000e-06 1.6000119364e+00 1.6000000000e+00
1.048050000e-06 1.6000119364e+00 1.6000000000e+00
1.049050000e-06 1.6000119364e+00 1.6000000000e+00
1.050050000e-06 1.6000119364e+00 1.6000000000e+00
1.051050000e-06 1.6000119364e+00 1.6000000000e+00
1.052050000e-06 1.6000119364e+00 1.6000000000e+00
1.053050000e-06 1.6000119365e+00 1.6000000000e+00
1.054050000e-06 1.6000119365e+00 1.6000000000e+00
1.055050000e-06 1.6000119365e+00 1.6000000000e+00
1.056050000e-06 1.6000119365e+00 1.6000000000e+00
1.057050000e-06 1.6000119365e+00 1.6000000000e+00
1.058050000e-06 1.6000119365e+00 1.6000000000e+00
1.059050000e-06 1.6000119365e+00 1.6000000000e+00
1.060050000e-06 1.6000119365e+00 1.6000000000e+00
1.061050000e-06 1.6000119365e+00 1.6000000000e+00
1.062050000e-06 1.6000119365e+00 1.6000000000e+00
1.063050000e-06 1.6000119365e+00 1.6000000000e+00
1.064050000e-06 1.6000119365e+00 1.6000000000e+00
1.065050000e-06 1.6000119365e+00 1.6000000000e+00
1.066050000e-06 1.6000119365e+00 1.6000000000e+00
1.067050000e-06 1.6000119365e+00 1.6000000000e+00
1.068050000e-06 1.6000119365e+00 1.6000000000e+00
1.069050000e-06 1.6000119365e+00 1.6000000000e+00
1.070050000e-06 1.6000119365e+00 1.6000000000e+00
1.071050000e-06 1.6000119365e+00 1.6000000000e+00
1.072050000e-06 1.6000119365e+00 1.6000000000e+00
1.073050000e-06 1.6000119365e+00 1.6000000000e+00
1.074050000e-06 1.6000119365e+00 1.6000000000e+00
1.075050000e-06 1.6000119365e+00 1.6000000000e+00
1.076050000e-06 1.6000119365e+00 1.6000000000e+00
1.077050000e-06 1.6000119365e+00 1.6000000000e+00
1.078050000e-06 1.6000119365e+00 1.6000000000e+00
1.079050000e-06 1.6000119365e+00 1.6000000000e+00
1.080050000e-06 1.6000119365e+00 1.6000000000e+00
1.081050000e-06 1.6000119365e+00 1.6000000000e+00
1.082050000e-06 1.6000119365e+00 1.6000000000e+00
1.083050000e-06 1.6000119365e+00 1.6000000000e+00
1.084050000e-06 1.6000119365e+00 1.6000000000e+00
1.085050000e-06 1.6000119365e+00 1.6000000000e+00
1.086050000e-06 1.6000119365e+00 1.6000000000e+00
1.087050000e-06 1.6000119365e+00 1.6000000000e+00
1.088050000e-06 1.6000119365e+00 1.6000000000e+00
1.089050000e-06 1.6000119365e+00 1.6000000000e+00
1.090050000e-06 1.6000119364e+00 1.6000000000e+00
1.091050000e-06 1.6000119364e+00 1.6000000000e+00
1.092050000e-06 1.6000119364e+00 1.6000000000e+00
1.093050000e-06 1.6000119364e+00 1.6000000000e+00
1.094050000e-06 1.6000119364e+00 1.6000000000e+00
1.095050000e-06 1.6000119364e+00 1.6000000000e+00
1.096050000e-06 1.6000119364e+00 1.6000000000e+00
1.097050000e-06 1.6000119364e+00 1.6000000000e+00
1.098050000e-06 1.6000119364e+00 1.6000000000e+00
1.099050000e-06 1.6000119364e+00 1.6000000000e+00
1.100000000e-06 1.6000119364e+00 1.6000000000e+00
