# time_s vout_v vinp_v
0.000000000e+00 1.5999864867e+00 1.6000000000e+00
1.000000000e-11 1.5999864867e+00 1.6000000000e+00
2.000000000e-11 1.5999864867e+00 1.6000000000e+00
4.000000000e-11 1.5999864867e+00 1.6000000000e+00
8.000000000e-11 1.5999864867e+00 1.6000000000e+00
1.600000000e-10 1.5999864867e+00 1.6000000000e+00
3.200000000e-10 1.5999864867e+00 1.6000000000e+00
6.400000000e-10 1.5999864867e+00 1.6000000000e+00
1.280000000e-09 1.5999864868e+00 1.6000000000e+00
2.280000000e-09 1.5999864873e+00 1.6000000000e+00
3.280000000e-09 1.5999864883e+00 1.6000000000e+00
4.280000000e-09 1.5999864896e+00 1.6000000000e+00
5.280000000e-09 1.5999864913e+00 1.6000000000e+00
6.280000000e-09 1.5999864932e+00 1.6000000000e+00
7.280000000e-09 1.5999864953e+00 1.6000000000e+00
8.280000000e-09 1.5999864975e+00 1.6000000000e+00
9.280000000e-09 1.5999864999e+00 1.6000000000e+00
1.028000000e-08 1.5999865022e+00 1.6000000000e+00
1.128000000e-08 1.5999865046e+00 1.6000000000e+00
1.228000000e-08 1.5999865069e+00 1.6000000000e+00
1.328000000e-08 1.5999865091e+00 1.6000000000e+00
1.428000000e-08 1.5999865113e+00 1.6000000000e+00
1.528000000e-08 1.5999865133e+00 1.6000000000e+00
1.628000000e-08 1.5999865152e+00 1.6000000000e+00
1.728000000e-08 1.5999865170e+00 1.6000000000e+00
1.828000000e-08 1.5999865186e+00 1.6000000000e+00
1.928000000e-08 1.5999865201e+00 1.6000000000e+00
2.028000000e-08 1.5999865215e+00 1.6000000000e+00
2.128000000e-08 1.5999865227e+00 1.6000000000e+00
2.228000000e-08 1.5999865238e+00 1.6000000000e+00
2.328000000e-08 1.5999865247e+00 1.6000000000e+00
2.428000000e-08 1.5999865256e+00 1.6000000000e+00
2.528000000e-08 1.5999865263e+00 1.6000000000e+00
2.628000000e-08 1.5999865268e+00 1.6000000000e+00
2.728000000e-08 1.5999865273e+00 1.6000000000e+00
2.828000000e-08 1.5999865277e+00 1.6000000000e+00
2.928000000e-08 1.5999865280e+00 1.6000000000e+00
3.028000000e-08 1.5999865282e+00 1.6000000000e+00
3.128000000e-08 1.5999865283e+00 1.6000000000e+00
3.228000000e-08 1.5999865284e+00 1.6000000000e+00
3.328000000e-08 1.5999865284e+00 1.6000000000e+00
3.428000000e-08 1.5999865284e+00 1.6000000000e+00
3.528000000e-08 1.5999865284e+00 1.6000000000e+00
3.628000000e-08 1.5999865283e+00 1.6000000000e+00
3.728000000e-08 1.5999865281e+00 1.6000000000e+00
3.828000000e-08 1.5999865280e+00 1.6000000000e+00
3.928000000e-08 1.5999865278e+00 1.6000000000e+00
4.028000000e-08 1.5999865277e+00 1.6000000000e+00
4.128000000e-08 1.5999865275e+00 1.6000000000e+00
4.228000000e-08 1.5999865273e+00 1.6000000000e+00
4.328000000e-08 1.5999865271e+00 1.6000000000e+00
4.428000000e-08 1.5999865270e+00 1.6000000000e+00
4.528000000e-08 1.5999865268e+00 1.6000000000e+00
4.628000000e-08 1.5999865266e+00 1.6000000000e+00
4.728000000e-08 1.5999865265e+00 1.6000000000e+00
4.828000000e-08 1.5999865263e+00 1.6000000000e+00
4.928000000e-08 1.5999865262e+00 1.6000000000e+00
5.028000000e-08 1.5999865260e+00 1.6000000000e+00
5.128000000e-08 1.5999865259e+00 1.6000000000e+00
5.228000000e-08 1.5999865258e+00 1.6000000000e+00
5.328000000e-08 1.5999865257e+00 1.6000000000e+00
5.428000000e-08 1.5999865256e+00 1.6000000000e+00
5.528000000e-08 1.5999865256e+00 1.6000000000e+00
5.628000000e-08 1.5999865255e+00 1.6000000000e+00
5.728000000e-08 1.5999865254e+00 1.6000000000e+00
5.828000000e-08 1.5999865254e+00 1.6000000000e+00
5.928000000e-08 1.5999865253e+00 1.6000000000e+00
6.028000000e-08 1.5999865253e+00 1.6000000000e+00
6.128000000e-08 1.5999865253e+00 1.6000000000e+00
6.228000000e-08 1.5999865253e+00 1.6000000000e+00
6.328000000e-08 1.5999865252e+00 1.6000000000e+00
6.428000000e-08 1.5999865252e+00 1.6000000000e+00
6.528000000e-08 1.5999865252e+00 1.6000000000e+00
6.628000000e-08 1.5999865252e+00 1.6000000000e+00
6.728000000e-08 1.5999865252e+00 1.6000000000e+00
6.828000000e-08 1.5999865252e+00 1.6000000000e+00
6.928000000e-08 1.5999865253e+00 1.6000000000e+00
7.028000000e-08 1.5999865253e+00 1.6000000000e+00
7.128000000e-08 1.5999865253e+00 1.6000000000e+00
7.228000000e-08 1.5999865253e+00 1.6000000000e+00
7.328000000e-08 1.5999865253e+00 1.6000000000e+00
7.428000000e-08 1.5999865253e+00 1.6000000000e+00
7.528000000e-08 1.5999865254e+00 1.6000000000e+00
7.628000000e-08 1.5999865254e+00 1.6000000000e+00
7.728000000e-08 1.5999865254e+00 1.6000000000e+00
7.828000000e-08 1.5999865254e+00 1.6000000000e+00
7.928000000e-08 1.5999865254e+00 1.6000000000e+00
8.028000000e-08 1.5999865254e+00 1.6000000000e+00
8.128000000e-08 1.5999865254e+00 1.6000000000e+00
8.228000000e-08 1.5999865255e+00 1.6000000000e+00
8.328000000e-08 1.5999865255e+00 1.6000000000e+00
8.428000000e-08 1.5999865255e+00 1.6000000000e+00
8.528000000e-08 1.5999865255e+00 1.6000000000e+00
8.628000000e-08 1.5999865255e+00 1.6000000000e+00
8.728000000e-08 1.5999865255e+00 1.6000000000e+00
8.828000000e-08 1.5999865255e+00 1.6000000000e+00
8.928000000e-08 1.5999865255e+00 1.6000000000e+00
9.028000000e-08 1.5999865255e+00 1.6000000000e+00
9.128000000e-08 1.5999865255e+00 1.6000000000e+00
9.228000000e-08 1.5999865255e+00 1.6000000000e+00
9.328000000e-08 1.5999865255e+00 1.6000000000e+00
9.428000000e-08 1.5999865255e+00 1.6000000000e+00
9.528000000e-08 1.5999865255e+00 1.6000000000e+00
9.628000000e-08 1.5999865255e+00 1.6000000000e+00
9.728000000e-08 1.5999865255e+00 1.6000000000e+00
9.828000000e-08 1.5999865255e+00 1.6000000000e+00
9.914000000e-08 1.5999865254e+00 1.6000000000e+00
1.000000000e-07 1.5999865254e+00 1.6000000000e+00
1.001000000e-07 1.5999953897e+00 1.6100000000e+00
1.003000000e-07 1.6000079378e+00 1.6300000000e+00
1.006500000e-07 1.6000168231e+00 1.6650000000e+00
1.010000000e-07 1.6000377545e+00 1.7000000000e+00
1.010700000e-07 1.6000414561e+00 1.7000000000e+00
1.012100000e-07 1.6000577441e+00 1.7000000000e+00
1.014900000e-07 1.6001441687e+00 1.7000000000e+00
1.020500000e-07 1.6005482570e+00 1.7000000000e+00
1.030500000e-07 1.6020956091e+00 1.7000000000e+00
1.040500000e-07 1.6046939675e+00 1.7000000000e+00
1.050500000e-07 1.6082391227e+00 1.7000000000e+00
1.060500000e-07 1.6125755479e+00 1.7000000000e+00
1.070500000e-07 1.6175370746e+00 1.7000000000e+00
1.080500000e-07 1.6229624756e+00 1.7000000000e+00
1.090500000e-07 1.6287024003e+00 1.7000000000e+00
1.100500000e-07 1.6346228868e+00 1.7000000000e+00
1.110500000e-07 1.6406064504e+00 1.7000000000e+00
1.120500000e-07 1.6465521673e+00 1.7000000000e+00
1.130500000e-07 1.6523751794e+00 1.7000000000e+00
1.140500000e-07 1.6580058221e+00 1.7000000000e+00
1.150500000e-07 1.6633885205e+00 1.7000000000e+00
1.160500000e-07 1.6684805360e+00 1.7000000000e+00
1.170500000e-07 1.6732506332e+00 1.7000000000e+00
1.180500000e-07 1.6776777208e+00 1.7000000000e+00
1.190500000e-07 1.6817495102e+00 1.7000000000e+00
1.200500000e-07 1.6854612289e+00 1.7000000000e+00
1.210500000e-07 1.6888144128e+00 1.7000000000e+00
1.220500000e-07 1.6918157960e+00 1.7000000000e+00
1.230500000e-07 1.6944763071e+00 1.7000000000e+00
1.240500000e-07 1.6968101759e+00 1.7000000000e+00
1.250500000e-07 1.6988341486e+00 1.7000000000e+00
1.260500000e-07 1.7005668070e+00 1.7000000000e+00
1.270500000e-07 1.7020279841e+00 1.7000000000e+00
1.280500000e-07 1.7032382677e+00 1.7000000000e+00
1.290500000e-07 1.7042185831e+00 1.7000000000e+00
1.300500000e-07 1.7049898460e+00 1.7000000000e+00
1.310500000e-07 1.7055726760e+00 1.7000000000e+00
1.320500000e-07 1.7059871639e+00 1.7000000000e+00
1.330500000e-07 1.7062526856e+00 1.7000000000e+00
1.340500000e-07 1.7063877551e+00 1.7000000000e+00
1.350500000e-07 1.7064099119e+00 1.7000000000e+00
1.360500000e-07 1.7063356381e+00 1.7000000000e+00
1.370500000e-07 1.7061803007e+00 1.7000000000e+00
1.380500000e-07 1.7059581160e+00 1.7000000000e+00
1.390500000e-07 1.7056821317e+00 1.7000000000e+00
1.400500000e-07 1.7053642268e+00 1.7000000000e+00
1.410500000e-07 1.7050151240e+00 1.7000000000e+00
1.420500000e-07 1.7046444144e+00 1.7000000000e+00
1.430500000e-07 1.7042605928e+00 1.7000000000e+00
1.440500000e-07 1.7038711005e+00 1.7000000000e+00
1.450500000e-07 1.7034823758e+00 1.7000000000e+00
1.460500000e-07 1.7030999095e+00 1.7000000000e+00
1.470500000e-07 1.7027283057e+00 1.7000000000e+00
1.480500000e-07 1.7023713441e+00 1.7000000000e+00
1.490500000e-07 1.7020320461e+00 1.7000000000e+00
1.500500000e-07 1.7017127408e+00 1.7000000000e+00
1.510500000e-07 1.7014151314e+00 1.7000000000e+00
1.520500000e-07 1.7011403607e+00 1.7000000000e+00
1.530500000e-07 1.7008890759e+00 1.7000000000e+00
1.540500000e-07 1.7006614903e+00 1.7000000000e+00
1.550500000e-07 1.7004574427e+00 1.7000000000e+00
1.560500000e-07 1.7002764541e+00 1.7000000000e+00
1.570500000e-07 1.7001177804e+00 1.7000000000e+00
1.580500000e-07 1.6999804618e+00 1.7000000000e+00
1.590500000e-07 1.6998633677e+00 1.7000000000e+00
1.600500000e-07 1.6997652384e+00 1.7000000000e+00
1.610500000e-07 1.6996847219e+00 1.7000000000e+00
1.620500000e-07 1.6996204073e+00 1.7000000000e+00
1.630500000e-07 1.6995708542e+00 1.7000000000e+00
1.640500000e-07 1.6995346177e+00 1.7000000000e+00
1.650500000e-07 1.6995102705e+00 1.7000000000e+00
1.660500000e-07 1.6994964213e+00 1.7000000000e+00
1.670500000e-07 1.6994917295e+00 1.7000000000e+00
1.680500000e-07 1.6994949180e+00 1.7000000000e+00
1.690500000e-07 1.6995047822e+00 1.7000000000e+00
1.700500000e-07 1.6995201971e+00 1.7000000000e+00
1.710500000e-07 1.6995401220e+00 1.7000000000e+00
1.720500000e-07 1.6995636036e+00 1.7000000000e+00
1.730500000e-07 1.6995897768e+00 1.7000000000e+00
1.740500000e-07 1.6996178647e+00 1.7000000000e+00
1.750500000e-07 1.6996471766e+00 1.7000000000e+00
1.760500000e-07 1.6996771057e+00 1.7000000000e+00
1.770500000e-07 1.6997071255e+00 1.7000000000e+00
1.780500000e-07 1.6997367857e+00 1.7000000000e+00
1.790500000e-07 1.6997657075e+00 1.7000000000e+00
1.800500000e-07 1.6997935786e+00 1.7000000000e+00
1.810500000e-07 1.6998201480e+00 1.7000000000e+00
1.820500000e-07 1.6998452206e+00 1.7000000000e+00
1.830500000e-07 1.6998686518e+00 1.7000000000e+00
1.840500000e-07 1.6998903423e+00 1.7000000000e+00
1.850500000e-07 1.6999102326e+00 1.7000000000e+00
1.860500000e-07 1.6999282982e+00 1.7000000000e+00
1.870500000e-07 1.6999445447e+00 1.7000000000e+00
1.880500000e-07 1.6999590035e+00 1.7000000000e+00
1.890500000e-07 1.6999717274e+00 1.7000000000e+00
1.900500000e-07 1.6999827863e+00 1.7000000000e+00
1.910500000e-07 1.6999922646e+00 1.7000000000e+00
1.920500000e-07 1.7000002567e+00 1.7000000000e+00
1.930500000e-07 1.7000068652e+00 1.7000000000e+00
1.940500000e-07 1.7000121974e+00 1.7000000000e+00
1.950500000e-07 1.7000163636e+00 1.7000000000e+00
1.960500000e-07 1.7000194746e+00 1.7000000000e+00
1.970500000e-07 1.7000216405e+00 1.7000000000e+00
1.980500000e-07 1.7000229687e+00 1.7000000000e+00
1.990500000e-07 1.7000235632e+00 1.7000000000e+00
2.000500000e-07 1.7000235233e+00 1.7000000000e+00
2.010500000e-07 1.7000229427e+00 1.7000000000e+00
2.020500000e-07 1.7000219096e+00 1.7000000000e+00
2.030500000e-07 1.7000205055e+00 1.7000000000e+00
2.040500000e-07 1.7000188053e+00 1.7000000000e+00
2.050500000e-07 1.7000168774e+00 1.7000000000e+00
2.060500000e-07 1.7000147833e+00 1.7000000000e+00
2.070500000e-07 1.7000125779e+00 1.7000000000e+00
2.080500000e-07 1.7000103096e+00 1.7000000000e+00
2.090500000e-07 1.7000080207e+00 1.7000000000e+00
2.100500000e-07 1.7000057475e+00 1.7000000000e+00
2.110500000e-07 1.7000035208e+00 1.7000000000e+00
2.120500000e-07 1.7000013660e+00 1.7000000000e+00
2.130500000e-07 1.6999993041e+00 1.7000000000e+00
2.140500000e-07 1.6999973512e+00 1.7000000000e+00
2.150500000e-07 1.6999955199e+00 1.7000000000e+00
2.160500000e-07 1.6999938188e+00 1.7000000000e+00
2.170500000e-07 1.6999922535e+00 1.7000000000e+00
2.180500000e-07 1.6999908269e+00 1.7000000000e+00
2.190500000e-07 1.6999895392e+00 1.7000000000e+00
2.200500000e-07 1.6999883888e+00 1.7000000000e+00
2.210500000e-07 1.6999873723e+00 1.7000000000e+00
2.220500000e-07 1.6999864846e+00 1.7000000000e+00
2.230500000e-07 1.6999857199e+00 1.7000000000e+00
2.240500000e-07 1.6999850710e+00 1.7000000000e+00
2.250500000e-07 1.6999845305e+00 1.7000000000e+00
2.260500000e-07 1.6999840903e+00 1.7000000000e+00
2.270500000e-07 1.6999837419e+00 1.7000000000e+00
2.280500000e-07 1.6999834770e+00 1.7000000000e+00
2.290500000e-07 1.6999832871e+00 1.7000000000e+00
2.300500000e-07 1.6999831640e+00 1.7000000000e+00
2.310500000e-07 1.6999830997e+00 1.7000000000e+00
2.320500000e-07 1.6999830863e+00 1.7000000000e+00
2.330500000e-07 1.6999831167e+00 1.7000000000e+00
2.340500000e-07 1.6999831840e+00 1.7000000000e+00
2.350500000e-07 1.6999832816e+00 1.7000000000e+00
2.360500000e-07 1.6999834039e+00 1.7000000000e+00
2.370500000e-07 1.6999835453e+00 1.7000000000e+00
2.380500000e-07 1.6999837009e+00 1.7000000000e+00
2.390500000e-07 1.6999838665e+00 1.7000000000e+00
2.400500000e-07 1.6999840382e+00 1.7000000000e+00
2.410500000e-07 1.6999842125e+00 1.7000000000e+00
2.420500000e-07 1.6999843865e+00 1.7000000000e+00
2.430500000e-07 1.6999845578e+00 1.7000000000e+00
2.440500000e-07 1.6999847243e+00 1.7000000000e+00
2.450500000e-07 1.6999848842e+00 1.7000000000e+00
2.460500000e-07 1.6999850362e+00 1.7000000000e+00
2.470500000e-07 1.6999851793e+00 1.7000000000e+00
2.480500000e-07 1.6999853126e+00 1.7000000000e+00
2.490500000e-07 1.6999854356e+00 1.7000000000e+00
2.500500000e-07 1.6999855482e+00 1.7000000000e+00
2.510500000e-07 1.6999856502e+00 1.7000000000e+00
2.520500000e-07 1.6999857416e+00 1.7000000000e+00
2.530500000e-07 1.6999858227e+00 1.7000000000e+00
2.540500000e-07 1.6999858938e+00 1.7000000000e+00
2.550500000e-07 1.6999859554e+00 1.7000000000e+00
2.560500000e-07 1.6999860080e+00 1.7000000000e+00
2.570500000e-07 1.6999860521e+00 1.7000000000e+00
2.580500000e-07 1.6999860883e+00 1.7000000000e+00
2.590500000e-07 1.6999861172e+00 1.7000000000e+00
2.600500000e-07 1.6999861396e+00 1.7000000000e+00
2.610500000e-07 1.6999861561e+00 1.7000000000e+00
2.620500000e-07 1.6999861672e+00 1.7000000000e+00
2.630500000e-07 1.6999861736e+00 1.7000000000e+00
2.640500000e-07 1.6999861760e+00 1.7000000000e+00
2.650500000e-07 1.6999861748e+00 1.7000000000e+00
2.660500000e-07 1.6999861706e+00 1.7000000000e+00
2.670500000e-07 1.6999861639e+00 1.7000000000e+00
2.680500000e-07 1.6999861552e+00 1.7000000000e+00
2.690500000e-07 1.6999861449e+00 1.7000000000e+00
2.700500000e-07 1.6999861334e+00 1.7000000000e+00
2.710500000e-07 1.6999861210e+00 1.7000000000e+00
2.720500000e-07 1.6999861081e+00 1.7000000000e+00
2.730500000e-07 1.6999860948e+00 1.7000000000e+00
2.740500000e-07 1.6999860815e+00 1.7000000000e+00
2.750500000e-07 1.6999860684e+00 1.7000000000e+00
2.760500000e-07 1.6999860555e+00 1.7000000000e+00
2.770500000e-07 1.6999860431e+00 1.7000000000e+00
2.780500000e-07 1.6999860313e+00 1.7000000000e+00
2.790500000e-07 1.6999860202e+00 1.7000000000e+00
2.800500000e-07 1.6999860097e+00 1.7000000000e+00
2.810500000e-07 1.6999860001e+00 1.7000000000e+00
2.820500000e-07 1.6999859912e+00 1.7000000000e+00
2.830500000e-07 1.6999859831e+00 1.7000000000e+00
2.840500000e-07 1.6999859759e+00 1.7000000000e+00
2.850500000e-07 1.6999859694e+00 1.7000000000e+00
2.860500000e-07 1.6999859637e+00 1.7000000000e+00
2.870500000e-07 1.6999859588e+00 1.7000000000e+00
2.880500000e-07 1.6999859545e+00 1.7000000000e+00
2.890500000e-07 1.6999859509e+00 1.7000000000e+00
2.900500000e-07 1.6999859480e+00 1.7000000000e+00
2.910500000e-07 1.6999859456e+00 1.7000000000e+00
2.920500000e-07 1.6999859437e+00 1.7000000000e+00
2.930500000e-07 1.6999859423e+00 1.7000000000e+00
2.940500000e-07 1.6999859413e+00 1.7000000000e+00
2.950500000e-07 1.6999859407e+00 1.7000000000e+00
2.960500000e-07 1.6999859404e+00 1.7000000000e+00
2.970500000e-07 1.6999859404e+00 1.7000000000e+00
2.980500000e-07 1.6999859407e+00 1.7000000000e+00
2.990500000e-07 1.6999859411e+00 1.7000000000e+00
3.000500000e-07 1.6999859417e+00 1.7000000000e+00
3.010500000e-07 1.6999859425e+00 1.7000000000e+00
3.020500000e-07 1.6999859433e+00 1.7000000000e+00
3.030500000e-07 1.6999859442e+00 1.7000000000e+00
3.040500000e-07 1.6999859452e+00 1.7000000000e+00
3.050500000e-07 1.6999859462e+00 1.7000000000e+00
3.060500000e-07 1.6999859472e+00 1.7000000000e+00
3.070500000e-07 1.6999859482e+00 1.7000000000e+00
3.080500000e-07 1.6999859492e+00 1.7000000000e+00
3.090500000e-07 1.6999859502e+00 1.7000000000e+00
3.100500000e-07 1.6999859511e+00 1.7000000000e+00
3.110500000e-07 1.6999859519e+00 1.7000000000e+00
3.120500000e-07 1.6999859528e+00 1.7000000000e+00
3.130500000e-07 1.6999859535e+00 1.7000000000e+00
3.140500000e-07 1.6999859542e+00 1.7000000000e+00
3.150500000e-07 1.6999859549e+00 1.7000000000e+00
3.160500000e-07 1.6999859554e+00 1.7000000000e+00
3.170500000e-07 1.6999859559e+00 1.7000000000e+00
3.180500000e-07 1.6999859564e+00 1.7000000000e+00
3.190500000e-07 1.6999859568e+00 1.7000000000e+00
3.200500000e-07 1.6999859571e+00 1.7000000000e+00
3.210500000e-07 1.6999859574e+00 1.7000000000e+00
3.220500000e-07 1.6999859577e+00 1.7000000000e+00
3.230500000e-07 1.6999859578e+00 1.7000000000e+00
3.240500000e-07 1.6999859580e+00 1.7000000000e+00
3.250500000e-07 1.6999859581e+00 1.7000000000e+00
3.260500000e-07 1.6999859582e+00 1.7000000000e+00
3.270500000e-07 1.6999859583e+00 1.7000000000e+00
3.280500000e-07 1.6999859583e+00 1.7000000000e+00
3.290500000e-07 1.6999859583e+00 1.7000000000e+00
3.300500000e-07 1.6999859583e+00 1.7000000000e+00
3.310500000e-07 1.6999859582e+00 1.7000000000e+00
3.320500000e-07 1.6999859582e+00 1.7000000000e+00
3.330500000e-07 1.6999859582e+00 1.7000000000e+00
3.340500000e-07 1.6999859581e+00 1.7000000000e+00
3.350500000e-07 1.6999859580e+00 1.7000000000e+00
3.360500000e-07 1.6999859580e+00 1.7000000000e+00
3.370500000e-07 1.6999859579e+00 1.7000000000e+00
3.380500000e-07 1.6999859578e+00 1.7000000000e+00
3.390500000e-07 1.6999859577e+00 1.7000000000e+00
3.400500000e-07 1.6999859577e+00 1.7000000000e+00
3.410500000e-07 1.6999859576e+00 1.7000000000e+00
3.420500000e-07 1.6999859575e+00 1.7000000000e+00
3.430500000e-07 1.6999859574e+00 1.7000000000e+00
3.440500000e-07 1.6999859574e+00 1.7000000000e+00
3.450500000e-07 1.6999859573e+00 1.7000000000e+00
3.460500000e-07 1.6999859573e+00 1.7000000000e+00
3.470500000e-07 1.6999859572e+00 1.7000000000e+00
3.480500000e-07 1.6999859572e+00 1.7000000000e+00
3.490500000e-07 1.6999859571e+00 1.7000000000e+00
3.500500000e-07 1.6999859571e+00 1.7000000000e+00
3.510500000e-07 1.6999859571e+00 1.7000000000e+00
3.520500000e-07 1.6999859570e+00 1.7000000000e+00
3.530500000e-07 1.6999859570e+00 1.7000000000e+00
3.540500000e-07 1.6999859570e+00 1.7000000000e+00
3.550500000e-07 1.6999859570e+00 1.7000000000e+00
3.560500000e-07 1.6999859570e+00 1.7000000000e+00
3.570500000e-07 1.6999859570e+00 1.7000000000e+00
3.580500000e-07 1.6999859570e+00 1.7000000000e+00
3.590500000e-07 1.6999859570e+00 1.7000000000e+00
3.600500000e-07 1.6999859570e+00 1.7000000000e+00
3.610500000e-07 1.6999859570e+00 1.7000000000e+00
3.620500000e-07 1.6999859570e+00 1.7000000000e+00
3.630500000e-07 1.6999859570e+00 1.7000000000e+00
3.640500000e-07 1.6999859570e+00 1.7000000000e+00
3.650500000e-07 1.6999859570e+00 1.7000000000e+00
3.660500000e-07 1.6999859570e+00 1.7000000000e+00
3.670500000e-07 1.6999859570e+00 1.7000000000e+00
3.680500000e-07 1.6999859570e+00 1.7000000000e+00
3.690500000e-07 1.6999859570e+00 1.7000000000e+00
3.700500000e-07 1.6999859570e+00 1.7000000000e+00
3.710500000e-07 1.6999859570e+00 1.7000000000e+00
3.720500000e-07 1.6999859570e+00 1.7000000000e+00
3.730500000e-07 1.6999859570e+00 1.7000000000e+00
3.740500000e-07 1.6999859570e+00 1.7000000000e+00
3.750500000e-07 1.6999859570e+00 1.7000000000e+00
3.760500000e-07 1.6999859570e+00 1.7000000000e+00
3.770500000e-07 1.6999859570e+00 1.7000000000e+00
3.780500000e-07 1.6999859570e+00 1.7000000000e+00
3.790500000e-07 1.6999859570e+00 1.7000000000e+00
3.800500000e-07 1.6999859570e+00 1.7000000000e+00
3.810500000e-07 1.6999859570e+00 1.7000000000e+00
3.820500000e-07 1.6999859570e+00 1.7000000000e+00
3.830500000e-07 1.6999859570e+00 1.7000000000e+00
3.840500000e-07 1.6999859570e+00 1.7000000000e+00
3.850500000e-07 1.6999859570e+00 1.7000000000e+00
3.860500000e-07 1.6999859570e+00 1.7000000000e+00
3.870500000e-07 1.6999859570e+00 1.7000000000e+00
3.880500000e-07 1.6999859570e+00 1.7000000000e+00
3.890500000e-07 1.6999859570e+00 1.7000000000e+00
3.900500000e-07 1.6999859570e+00 1.7000000000e+00
3.910500000e-07 1.6999859570e+00 1.7000000000e+00
3.920500000e-07 1.6999859570e+00 1.7000000000e+00
3.930500000e-07 1.6999859570e+00 1.7000000000e+00
3.940500000e-07 1.6999859570e+00 1.7000000000e+00
3.950500000e-07 1.6999859570e+00 1.7000000000e+00
3.960500000e-07 1.6999859570e+00 1.7000000000e+00
3.970500000e-07 1.6999859570e+00 1.7000000000e+00
3.980500000e-07 1.6999859570e+00 1.7000000000e+00
3.990500000e-07 1.6999859570e+00 1.7000000000e+00
4.000500000e-07 1.6999859570e+00 1.7000000000e+00
4.010500000e-07 1.6999859570e+00 1.7000000000e+00
4.020500000e-07 1.6999859570e+00 1.7000000000e+00
4.030500000e-07 1.6999859570e+00 1.7000000000e+00
4.040500000e-07 1.6999859570e+00 1.7000000000e+00
4.050500000e-07 1.6999859570e+00 1.7000000000e+00
4.060500000e-07 1.6999859570e+00 1.7000000000e+00
4.070500000e-07 1.6999859570e+00 1.7000000000e+00
4.080500000e-07 1.6999859570e+00 1.7000000000e+00
4.090500000e-07 1.6999859570e+00 1.7000000000e+00
4.100500000e-07 1.6999859570e+00 1.7000000000e+00
4.110500000e-07 1.6999859570e+00 1.7000000000e+00
4.120500000e-07 1.6999859570e+00 1.7000000000e+00
4.130500000e-07 1.6999859570e+00 1.7000000000e+00
4.140500000e-07 1.6999859570e+00 1.7000000000e+00
4.150500000e-07 1.6999859570e+00 1.7000000000e+00
4.160500000e-07 1.6999859570e+00 1.7000000000e+00
4.170500000e-07 1.6999859570e+00 1.7000000000e+00
4.180500000e-07 1.6999859570e+00 1.7000000000e+00
4.190500000e-07 1.6999859570e+00 1.7000000000e+00
4.200500000e-07 1.6999859570e+00 1.7000000000e+00
4.210500000e-07 1.6999859570e+00 1.7000000000e+00
4.220500000e-07 1.6999859570e+00 1.7000000000e+00
4.230500000e-07 1.6999859570e+00 1.7000000000e+00
4.240500000e-07 1.6999859570e+00 1.7000000000e+00
4.250500000e-07 1.6999859570e+00 1.7000000000e+00
4.260500000e-07 1.6999859570e+00 1.7000000000e+00
4.270500000e-07 1.6999859570e+00 1.7000000000e+00
4.280500000e-07 1.6999859570e+00 1.7000000000e+00
4.290500000e-07 1.6999859570e+00 1.7000000000e+00
4.300500000e-07 1.6999859570e+00 1.7000000000e+00
4.310500000e-07 1.6999859570e+00 1.7000000000e+00
4.320500000e-07 1.6999859570e+00 1.7000000000e+00
4.330500000e-07 1.6999859570e+00 1.7000000000e+00
4.340500000e-07 1.6999859570e+00 1.7000000000e+00
4.350500000e-07 1.6999859570e+00 1.7000000000e+00
4.360500000e-07 1.6999859570e+00 1.7000000000e+00
4.370500000e-07 1.6999859570e+00 1.7000000000e+00
4.380500000e-07 1.6999859570e+00 1.7000000000e+00
4.390500000e-07 1.6999859570e+00 1.7000000000e+00
4.400500000e-07 1.6999859570e+00 1.7000000000e+00
4.410500000e-07 1.6999859570e+00 1.7000000000e+00
4.420500000e-07 1.6999859570e+00 1.7000000000e+00
4.430500000e-07 1.6999859570e+00 1.7000000000e+00
4.440500000e-07 1.6999859570e+00 1.7000000000e+00
4.450500000e-07 1.6999859570e+00 1.7000000000e+00
4.460500000e-07 1.6999859570e+00 1.7000000000e+00
4.470500000e-07 1.6999859570e+00 1.7000000000e+00
4.480500000e-07 1.6999859570e+00 1.7000000000e+00
4.490500000e-07 1.6999859570e+00 1.7000000000e+00
4.500500000e-07 1.6999859570e+00 1.7000000000e+00
4.510500000e-07 1.6999859570e+00 1.7000000000e+00
4.520500000e-07 1.6999859570e+00 1.7000000000e+00
4.530500000e-07 1.6999859570e+00 1.7000000000e+00
4.540500000e-07 1.6999859570e+00 1.7000000000e+00
4.550500000e-07 1.6999859570e+00 1.7000000000e+00
4.560500000e-07 1.6999859570e+00 1.7000000000e+00
4.570500000e-07 1.6999859570e+00 1.7000000000e+00
4.580500000e-07 1.6999859570e+00 1.7000000000e+00
4.590500000e-07 1.6999859570e+00 1.7000000000e+00
4.600500000e-07 1.6999859570e+00 1.7000000000e+00
4.610500000e-07 1.6999859570e+00 1.7000000000e+00
4.620500000e-07 1.6999859570e+00 1.7000000000e+00
4.630500000e-07 1.6999859570e+00 1.7000000000e+00
4.640500000e-07 1.6999859570e+00 1.7000000000e+00
4.650500000e-07 1.6999859570e+00 1.7000000000e+00
4.660500000e-07 1.6999859570e+00 1.7000000000e+00
4.670500000e-07 1.6999859570e+00 1.7000000000e+00
4.680500000e-07 1.6999859570e+00 1.7000000000e+00
4.690500000e-07 1.6999859570e+00 1.7000000000e+00
4.700500000e-07 1.6999859570e+00 1.7000000000e+00
4.710500000e-07 1.6999859570e+00 1.7000000000e+00
4.720500000e-07 1.6999859570e+00 1.7000000000e+00
4.730500000e-07 1.6999859570e+00 1.7000000000e+00
4.740500000e-07 1.6999859570e+00 1.7000000000e+00
4.750500000e-07 1.6999859570e+00 1.7000000000e+00
4.760500000e-07 1.6999859570e+00 1.7000000000e+00
4.770500000e-07 1.6999859570e+00 1.7000000000e+00
4.780500000e-07 1.6999859570e+00 1.7000000000e+00
4.790500000e-07 1.6999859570e+00 1.7000000000e+00
4.800500000e-07 1.6999859570e+00 1.7000000000e+00
4.810500000e-07 1.6999859570e+00 1.7000000000e+00
4.820500000e-07 1.6999859570e+00 1.7000000000e+00
4.830500000e-07 1.6999859570e+00 1.7000000000e+00
4.840500000e-07 1.6999859570e+00 1.7000000000e+00
4.850500000e-07 1.6999859570e+00 1.7000000000e+00
4.860500000e-07 1.6999859570e+00 1.7000000000e+00
4.870500000e-07 1.6999859570e+00 1.7000000000e+00
4.880500000e-07 1.6999859570e+00 1.7000000000e+00
4.890500000e-07 1.6999859570e+00 1.7000000000e+00
4.900500000e-07 1.6999859570e+00 1.7000000000e+00
4.910500000e-07 1.6999859570e+00 1.7000000000e+00
4.920500000e-07 1.6999859570e+00 1.7000000000e+00
4.930500000e-07 1.6999859570e+00 1.7000000000e+00
4.940500000e-07 1.6999859570e+00 1.7000000000e+00
4.950500000e-07 1.6999859570e+00 1.7000000000e+00
4.960500000e-07 1.6999859570e+00 1.7000000000e+00
4.970500000e-07 1.6999859570e+00 1.7000000000e+00
4.980500000e-07 1.6999859570e+00 1.7000000000e+00
4.990500000e-07 1.6999859570e+00 1.7000000000e+00
5.000500000e-07 1.6999859570e+00 1.7000000000e+00
5.010500000e-07 1.6999859570e+00 1.7000000000e+00
5.020500000e-07 1.6999859570e+00 1.7000000000e+00
5.030500000e-07 1.6999859570e+00 1.7000000000e+00
5.040500000e-07 1.6999859570e+00 1.7000000000e+00
5.050500000e-07 1.6999859570e+00 1.7000000000e+00
5.060500000e-07 1.6999859570e+00 1.7000000000e+00
5.070500000e-07 1.6999859570e+00 1.7000000000e+00
5.080500000e-07 1.6999859570e+00 1.7000000000e+00
5.090500000e-07 1.6999859570e+00 1.7000000000e+00
5.100500000e-07 1.6999859570e+00 1.7000000000e+00
5.110500000e-07 1.6999859570e+00 1.7000000000e+00
5.120500000e-07 1.6999859570e+00 1.7000000000e+00
5.130500000e-07 1.6999859570e+00 1.7000000000e+00
5.140500000e-07 1.6999859570e+00 1.7000000000e+00
5.150500000e-07 1.6999859570e+00 1.7000000000e+00
5.160500000e-07 1.6999859570e+00 1.7000000000e+00
5.170500000e-07 1.6999859570e+00 1.7000000000e+00
5.180500000e-07 1.6999859570e+00 1.7000000000e+00
5.190500000e-07 1.6999859570e+00 1.7000000000e+00
5.200500000e-07 1.6999859570e+00 1.7000000000e+00
5.210500000e-07 1.6999859570e+00 1.7000000000e+00
5.220500000e-07 1.6999859570e+00 1.7000000000e+00
5.230500000e-07 1.6999859570e+00 1.7000000000e+00
5.240500000e-07 1.6999859570e+00 1.7000000000e+00
5.250500000e-07 1.6999859570e+00 1.7000000000e+00
5.260500000e-07 1.6999859570e+00 1.7000000000e+00
5.270500000e-07 1.6999859570e+00 1.7000000000e+00
5.280500000e-07 1.6999859570e+00 1.7000000000e+00
5.290500000e-07 1.6999859570e+00 1.7000000000e+00
5.300500000e-07 1.6999859570e+00 1.7000000000e+00
5.310500000e-07 1.6999859570e+00 1.7000000000e+00
5.320500000e-07 1.6999859570e+00 1.7000000000e+00
5.330500000e-07 1.6999859570e+00 1.7000000000e+00
5.340500000e-07 1.6999859570e+00 1.7000000000e+00
5.350500000e-07 1.6999859570e+00 1.7000000000e+00
5.360500000e-07 1.6999859570e+00 1.7000000000e+00
5.370500000e-07 1.6999859570e+00 1.7000000000e+00
5.380500000e-07 1.6999859570e+00 1.7000000000e+00
5.390500000e-07 1.6999859570e+00 1.7000000000e+00
5.400500000e-07 1.6999859570e+00 1.7000000000e+00
5.410500000e-07 1.6999859570e+00 1.7000000000e+00
5.420500000e-07 1.6999859570e+00 1.7000000000e+00
5.430500000e-07 1.6999859570e+00 1.7000000000e+00
5.440500000e-07 1.6999859570e+00 1.7000000000e+00
5.450500000e-07 1.6999859570e+00 1.7000000000e+00
5.460500000e-07 1.6999859570e+00 1.7000000000e+00
5.470500000e-07 1.6999859570e+00 1.7000000000e+00
5.480500000e-07 1.6999859570e+00 1.7000000000e+00
5.490500000e-07 1.6999859570e+00 1.7000000000e+00
5.500500000e-07 1.6999859570e+00 1.7000000000e+00
5.510500000e-07 1.6999859570e+00 1.7000000000e+00
5.520500000e-07 1.6999859570e+00 1.7000000000e+00
5.530500000e-07 1.6999859570e+00 1.7000000000e+00
5.540500000e-07 1.6999859570e+00 1.7000000000e+00
5.550500000e-07 1.6999859570e+00 1.7000000000e+00
5.560500000e-07 1.6999859570e+00 1.7000000000e+00
5.570500000e-07 1.6999859570e+00 1.7000000000e+00
5.580500000e-07 1.6999859570e+00 1.7000000000e+00
5.590500000e-07 1.6999859570e+00 1.7000000000e+00
5.600500000e-07 1.6999859570e+00 1.7000000000e+00
5.610500000e-07 1.6999859570e+00 1.7000000000e+00
5.620500000e-07 1.6999859570e+00 1.7000000000e+00
5.630500000e-07 1.6999859570e+00 1.7000000000e+00
5.640500000e-07 1.6999859570e+00 1.7000000000e+00
5.650500000e-07 1.6999859570e+00 1.7000000000e+00
5.660500000e-07 1.6999859570e+00 1.7000000000e+00
5.670500000e-07 1.6999859570e+00 1.7000000000e+00
5.680500000e-07 1.6999859570e+00 1.7000000000e+00
5.690500000e-07 1.6999859570e+00 1.7000000000e+00
5.700500000e-07 1.6999859570e+00 1.7000000000e+00
5.710500000e-07 1.6999859570e+00 1.7000000000e+00
5.720500000e-07 1.6999859570e+00 1.7000000000e+00
5.730500000e-07 1.6999859570e+00 1.7000000000e+00
5.740500000e-07 1.6999859570e+00 1.7000000000e+00
5.750500000e-07 1.6999859570e+00 1.7000000000e+00
5.760500000e-07 1.6999859570e+00 1.7000000000e+00
5.770500000e-07 1.6999859570e+00 1.7000000000e+00
5.780500000e-07 1.6999859570e+00 1.7000000000e+00
5.790500000e-07 1.6999859570e+00 1.7000000000e+00
5.800500000e-07 1.6999859570e+00 1.7000000000e+00
5.810500000e-07 1.6999859570e+00 1.7000000000e+00
5.820500000e-07 1.6999859570e+00 1.7000000000e+00
5.830500000e-07 1.6999859570e+00 1.7000000000e+00
5.840500000e-07 1.6999859570e+00 1.7000000000e+00
5.850500000e-07 1.6999859570e+00 1.7000000000e+00
5.860500000e-07 1.6999859570e+00 1.7000000000e+00
5.870500000e-07 1.6999859570e+00 1.7000000000e+00
5.880500000e-07 1.6999859570e+00 1.7000000000e+00
5.890500000e-07 1.6999859570e+00 1.7000000000e+00
5.900500000e-07 1.6999859570e+00 1.7000000000e+00
5.910500000e-07 1.6999859570e+00 1.7000000000e+00
5.920500000e-07 1.6999859570e+00 1.7000000000e+00
5.930500000e-07 1.6999859570e+00 1.7000000000e+00
5.940500000e-07 1.6999859570e+00 1.7000000000e+00
5.950500000e-07 1.6999859570e+00 1.7000000000e+00
5.960500000e-07 1.6999859570e+00 1.7000000000e+00
5.970500000e-07 1.6999859570e+00 1.7000000000e+00
5.980500000e-07 1.6999859570e+00 1.7000000000e+00
5.990500000e-07 1.6999859570e+00 1.7000000000e+00
6.000000000e-07 1.6999859570e+00 1.7000000000e+00
6.001000000e-07 1.6999769771e+00 1.6900000000e+00
6.003000000e-07 1.6999644964e+00 1.6700000000e+00
6.006500000e-07 1.6999584437e+00 1.6350000000e+00
6.010000000e-07 1.6999499476e+00 1.6000000000e+00
6.010700000e-07 1.6999508425e+00 1.6000000000e+00
6.012100000e-07 1.6999455430e+00 1.6000000000e+00
6.014900000e-07 1.6998876877e+00 1.6000000000e+00
6.020500000e-07 1.6995516012e+00 1.6000000000e+00
6.030500000e-07 1.6981564579e+00 1.6000000000e+00
6.040500000e-07 1.6957658510e+00 1.6000000000e+00
6.050500000e-07 1.6925035849e+00 1.6000000000e+00
6.060500000e-07 1.6885266096e+00 1.6000000000e+00
6.070500000e-07 1.6839813528e+00 1.6000000000e+00
6.080500000e-07 1.6789985673e+00 1.6000000000e+00
6.090500000e-07 1.6736934913e+00 1.6000000000e+00
6.100500000e-07 1.6681681473e+00 1.6000000000e+00
6.110500000e-07 1.6625133058e+00 1.6000000000e+00
6.120500000e-07 1.6568099347e+00 1.6000000000e+00
6.130500000e-07 1.6511302190e+00 1.6000000000e+00
6.140500000e-07 1.6455382485e+00 1.6000000000e+00
6.150500000e-07 1.6400904645e+00 1.6000000000e+00
6.160500000e-07 1.6348359420e+00 1.6000000000e+00
6.170500000e-07 1.6298165778e+00 1.6000000000e+00
6.180500000e-07 1.6250672388e+00 1.6000000000e+00
6.190500000e-07 1.6206159167e+00 1.6000000000e+00
6.200500000e-07 1.6164839232e+00 1.6000000000e+00
6.210500000e-07 1.6126861490e+00 1.6000000000e+00
6.220500000e-07 1.6092313978e+00 1.6000000000e+00
6.230500000e-07 1.6061227992e+00 1.6000000000e+00
6.240500000e-07 1.6033582940e+00 1.6000000000e+00
6.250500000e-07 1.6009311801e+00 1.6000000000e+00
6.260500000e-07 1.5988307034e+00 1.6000000000e+00
6.270500000e-07 1.5970426749e+00 1.6000000000e+00
6.280500000e-07 1.5955500956e+00 1.6000000000e+00
6.290500000e-07 1.5943337706e+00 1.6000000000e+00
6.300500000e-07 1.5933728989e+00 1.6000000000e+00
6.310500000e-07 1.5926456233e+00 1.6000000000e+00
6.320500000e-07 1.5921295329e+00 1.6000000000e+00
6.330500000e-07 1.5918021110e+00 1.6000000000e+00
6.340500000e-07 1.5916411238e+00 1.6000000000e+00
6.350500000e-07 1.5916249502e+00 1.6000000000e+00
6.360500000e-07 1.5917328524e+00 1.6000000000e+00
6.370500000e-07 1.5919451903e+00 1.6000000000e+00
6.380500000e-07 1.5922435840e+00 1.6000000000e+00
6.390500000e-07 1.5926110285e+00 1.6000000000e+00
6.400500000e-07 1.5930319657e+00 1.6000000000e+00
6.410500000e-07 1.5934923194e+00 1.6000000000e+00
6.420500000e-07 1.5939794989e+00 1.6000000000e+00
6.430500000e-07 1.5944823757e+00 1.6000000000e+00
6.440500000e-07 1.5949912382e+00 1.6000000000e+00
6.450500000e-07 1.5954977304e+00 1.6000000000e+00
6.460500000e-07 1.5959947761e+00 1.6000000000e+00
6.470500000e-07 1.5964764945e+00 1.6000000000e+00
6.480500000e-07 1.5969381093e+00 1.6000000000e+00
6.490500000e-07 1.5973758540e+00 1.6000000000e+00
6.500500000e-07 1.5977868761e+00 1.6000000000e+00
6.510500000e-07 1.5981691415e+00 1.6000000000e+00
6.520500000e-07 1.5985213413e+00 1.6000000000e+00
6.530500000e-07 1.5988428019e+00 1.6000000000e+00
6.540500000e-07 1.5991333992e+00 1.6000000000e+00
6.550500000e-07 1.5993934773e+00 1.6000000000e+00
6.560500000e-07 1.5996237738e+00 1.6000000000e+00
6.570500000e-07 1.5998253495e+00 1.6000000000e+00
6.580500000e-07 1.5999995247e+00 1.6000000000e+00
6.590500000e-07 1.6001478213e+00 1.6000000000e+00
6.600500000e-07 1.6002719106e+00 1.6000000000e+00
6.610500000e-07 1.6003735670e+00 1.6000000000e+00
6.620500000e-07 1.6004546268e+00 1.6000000000e+00
6.630500000e-07 1.6005169529e+00 1.6000000000e+00
6.640500000e-07 1.6005624038e+00 1.6000000000e+00
6.650500000e-07 1.6005928077e+00 1.6000000000e+00
6.660500000e-07 1.6006099404e+00 1.6000000000e+00
6.670500000e-07 1.6006155078e+00 1.6000000000e+00
6.680500000e-07 1.6006111316e+00 1.6000000000e+00
6.690500000e-07 1.6005983385e+00 1.6000000000e+00
6.700500000e-07 1.6005785520e+00 1.6000000000e+00
6.710500000e-07 1.6005530873e+00 1.6000000000e+00
6.720500000e-07 1.6005231485e+00 1.6000000000e+00
6.730500000e-07 1.6004898270e+00 1.6000000000e+00
6.740500000e-07 1.6004541031e+00 1.6000000000e+00
6.750500000e-07 1.6004168476e+00 1.6000000000e+00
6.760500000e-07 1.6003788256e+00 1.6000000000e+00
6.770500000e-07 1.6003407010e+00 1.6000000000e+00
6.780500000e-07 1.6003030414e+00 1.6000000000e+00
6.790500000e-07 1.6002663247e+00 1.6000000000e+00
6.800500000e-07 1.6002309447e+00 1.6000000000e+00
6.810500000e-07 1.6001972181e+00 1.6000000000e+00
6.820500000e-07 1.6001653911e+00 1.6000000000e+00
6.830500000e-07 1.6001356462e+00 1.6000000000e+00
6.840500000e-07 1.6001081091e+00 1.6000000000e+00
6.850500000e-07 1.6000828547e+00 1.6000000000e+00
6.860500000e-07 1.6000599141e+00 1.6000000000e+00
6.870500000e-07 1.6000392801e+00 1.6000000000e+00
6.880500000e-07 1.6000209131e+00 1.6000000000e+00
6.890500000e-07 1.6000047466e+00 1.6000000000e+00
6.900500000e-07 1.5999906918e+00 1.6000000000e+00
6.910500000e-07 1.5999786422e+00 1.6000000000e+00
6.920500000e-07 1.5999684780e+00 1.6000000000e+00
6.930500000e-07 1.5999600697e+00 1.6000000000e+00
6.940500000e-07 1.5999532811e+00 1.6000000000e+00
6.950500000e-07 1.5999479728e+00 1.6000000000e+00
6.960500000e-07 1.5999440043e+00 1.6000000000e+00
6.970500000e-07 1.5999412361e+00 1.6000000000e+00
6.980500000e-07 1.5999395320e+00 1.6000000000e+00
6.990500000e-07 1.5999387603e+00 1.6000000000e+00
7.000500000e-07 1.5999387952e+00 1.6000000000e+00
7.010500000e-07 1.5999395175e+00 1.6000000000e+00
7.020500000e-07 1.5999408158e+00 1.6000000000e+00
7.030500000e-07 1.5999425866e+00 1.6000000000e+00
7.040500000e-07 1.5999447346e+00 1.6000000000e+00
7.050500000e-07 1.5999471732e+00 1.6000000000e+00
7.060500000e-07 1.5999498244e+00 1.6000000000e+00
7.070500000e-07 1.5999526183e+00 1.6000000000e+00
7.080500000e-07 1.5999554936e+00 1.6000000000e+00
7.090500000e-07 1.5999583964e+00 1.6000000000e+00
7.100500000e-07 1.5999612807e+00 1.6000000000e+00
7.110500000e-07 1.5999641072e+00 1.6000000000e+00
7.120500000e-07 1.5999668435e+00 1.6000000000e+00
7.130500000e-07 1.5999694631e+00 1.6000000000e+00
7.140500000e-07 1.5999719451e+00 1.6000000000e+00
7.150500000e-07 1.5999742739e+00 1.6000000000e+00
7.160500000e-07 1.5999764380e+00 1.6000000000e+00
7.170500000e-07 1.5999784304e+00 1.6000000000e+00
7.180500000e-07 1.5999802473e+00 1.6000000000e+00
7.190500000e-07 1.5999818882e+00 1.6000000000e+00
7.200500000e-07 1.5999833551e+00 1.6000000000e+00
7.210500000e-07 1.5999846524e+00 1.6000000000e+00
7.220500000e-07 1.5999857861e+00 1.6000000000e+00
7.230500000e-07 1.5999867639e+00 1.6000000000e+00
7.240500000e-07 1.5999875944e+00 1.6000000000e+00
7.250500000e-07 1.5999882874e+00 1.6000000000e+00
7.260500000e-07 1.5999888529e+00 1.6000000000e+00
7.270500000e-07 1.5999893015e+00 1.6000000000e+00
7.280500000e-07 1.5999896439e+00 1.6000000000e+00
7.290500000e-07 1.5999898907e+00 1.6000000000e+00
7.300500000e-07 1.5999900523e+00 1.6000000000e+00
7.310500000e-07 1.5999901391e+00 1.6000000000e+00
7.320500000e-07 1.5999901606e+00 1.6000000000e+00
7.330500000e-07 1.5999901262e+00 1.6000000000e+00
7.340500000e-07 1.5999900446e+00 1.6000000000e+00
7.350500000e-07 1.5999899240e+00 1.6000000000e+00
7.360500000e-07 1.5999897718e+00 1.6000000000e+00
7.370500000e-07 1.5999895948e+00 1.6000000000e+00
7.380500000e-07 1.5999893994e+00 1.6000000000e+00
7.390500000e-07 1.5999891909e+00 1.6000000000e+00
7.400500000e-07 1.5999889744e+00 1.6000000000e+00
7.410500000e-07 1.5999887543e+00 1.6000000000e+00
7.420500000e-07 1.5999885341e+00 1.6000000000e+00
7.430500000e-07 1.5999883172e+00 1.6000000000e+00
7.440500000e-07 1.5999881061e+00 1.6000000000e+00
7.450500000e-07 1.5999879032e+00 1.6000000000e+00
7.460500000e-07 1.5999877101e+00 1.6000000000e+00
7.470500000e-07 1.5999875282e+00 1.6000000000e+00
7.480500000e-07 1.5999873585e+00 1.6000000000e+00
7.490500000e-07 1.5999872016e+00 1.6000000000e+00
7.500500000e-07 1.5999870580e+00 1.6000000000e+00
7.510500000e-07 1.5999869278e+00 1.6000000000e+00
7.520500000e-07 1.5999868109e+00 1.6000000000e+00
7.530500000e-07 1.5999867070e+00 1.6000000000e+00
7.540500000e-07 1.5999866158e+00 1.6000000000e+00
7.550500000e-07 1.5999865367e+00 1.6000000000e+00
7.560500000e-07 1.5999864690e+00 1.6000000000e+00
7.570500000e-07 1.5999864121e+00 1.6000000000e+00
7.580500000e-07 1.5999863652e+00 1.6000000000e+00
7.590500000e-07 1.5999863276e+00 1.6000000000e+00
7.600500000e-07 1.5999862983e+00 1.6000000000e+00
7.610500000e-07 1.5999862766e+00 1.6000000000e+00
7.620500000e-07 1.5999862618e+00 1.6000000000e+00
7.630500000e-07 1.5999862529e+00 1.6000000000e+00
7.640500000e-07 1.5999862493e+00 1.6000000000e+00
7.650500000e-07 1.5999862503e+00 1.6000000000e+00
7.660500000e-07 1.5999862551e+00 1.6000000000e+00
7.670500000e-07 1.5999862631e+00 1.6000000000e+00
7.680500000e-07 1.5999862737e+00 1.6000000000e+00
7.690500000e-07 1.5999862865e+00 1.6000000000e+00
7.700500000e-07 1.5999863008e+00 1.6000000000e+00
7.710500000e-07 1.5999863162e+00 1.6000000000e+00
7.720500000e-07 1.5999863325e+00 1.6000000000e+00
7.730500000e-07 1.5999863491e+00 1.6000000000e+00
7.740500000e-07 1.5999863659e+00 1.6000000000e+00
7.750500000e-07 1.5999863825e+00 1.6000000000e+00
7.760500000e-07 1.5999863987e+00 1.6000000000e+00
7.770500000e-07 1.5999864144e+00 1.6000000000e+00
7.780500000e-07 1.5999864294e+00 1.6000000000e+00
7.790500000e-07 1.5999864436e+00 1.6000000000e+00
7.800500000e-07 1.5999864569e+00 1.6000000000e+00
7.810500000e-07 1.5999864693e+00 1.6000000000e+00
7.820500000e-07 1.5999864806e+00 1.6000000000e+00
7.830500000e-07 1.5999864909e+00 1.6000000000e+00
7.840500000e-07 1.5999865002e+00 1.6000000000e+00
7.850500000e-07 1.5999865085e+00 1.6000000000e+00
7.860500000e-07 1.5999865159e+00 1.6000000000e+00
7.870500000e-07 1.5999865223e+00 1.6000000000e+00
7.880500000e-07 1.5999865278e+00 1.6000000000e+00
7.890500000e-07 1.5999865324e+00 1.6000000000e+00
7.900500000e-07 1.5999865363e+00 1.6000000000e+00
7.910500000e-07 1.5999865394e+00 1.6000000000e+00
7.920500000e-07 1.5999865419e+00 1.6000000000e+00
7.930500000e-07 1.5999865438e+00 1.6000000000e+00
7.940500000e-07 1.5999865451e+00 1.6000000000e+00
7.950500000e-07 1.5999865460e+00 1.6000000000e+00
7.960500000e-07 1.5999865464e+00 1.6000000000e+00
7.970500000e-07 1.5999865465e+00 1.6000000000e+00
7.980500000e-07 1.5999865462e+00 1.6000000000e+00
7.990500000e-07 1.5999865457e+00 1.6000000000e+00
8.000500000e-07 1.5999865450e+00 1.6000000000e+00
8.010500000e-07 1.5999865441e+00 1.6000000000e+00
8.020500000e-07 1.5999865430e+00 1.6000000000e+00
8.030500000e-07 1.5999865419e+00 1.6000000000e+00
8.040500000e-07 1.5999865407e+00 1.6000000000e+00
8.050500000e-07 1.5999865394e+00 1.6000000000e+00
8.060500000e-07 1.5999865381e+00 1.6000000000e+00
8.070500000e-07 1.5999865369e+00 1.6000000000e+00
8.080500000e-07 1.5999865356e+00 1.6000000000e+00
8.090500000e-07 1.5999865344e+00 1.6000000000e+00
8.100500000e-07 1.5999865332e+00 1.6000000000e+00
8.110500000e-07 1.5999865321e+00 1.6000000000e+00
8.120500000e-07 1.5999865311e+00 1.6000000000e+00
8.130500000e-07 1.5999865301e+00 1.6000000000e+00
8.140500000e-07 1.5999865292e+00 1.6000000000e+00
8.150500000e-07 1.5999865284e+00 1.6000000000e+00
8.160500000e-07 1.5999865277e+00 1.6000000000e+00
8.170500000e-07 1.5999865270e+00 1.6000000000e+00
8.180500000e-07 1.5999865264e+00 1.6000000000e+00
8.190500000e-07 1.5999865259e+00 1.6000000000e+00
8.200500000e-07 1.5999865255e+00 1.6000000000e+00
8.210500000e-07 1.5999865251e+00 1.6000000000e+00
8.220500000e-07 1.5999865248e+00 1.6000000000e+00
8.230500000e-07 1.5999865245e+00 1.6000000000e+00
8.240500000e-07 1.5999865243e+00 1.6000000000e+00
8.250500000e-07 1.5999865241e+00 1.6000000000e+00
8.260500000e-07 1.5999865240e+00 1.6000000000e+00
8.270500000e-07 1.5999865239e+00 1.6000000000e+00
8.280500000e-07 1.5999865239e+00 1.6000000000e+00
8.290500000e-07 1.5999865239e+00 1.6000000000e+00
8.300500000e-07 1.5999865239e+00 1.6000000000e+00
8.310500000e-07 1.5999865239e+00 1.6000000000e+00
8.320500000e-07 1.5999865240e+00 1.6000000000e+00
8.330500000e-07 1.5999865240e+00 1.6000000000e+00
8.340500000e-07 1.5999865241e+00 1.6000000000e+00
8.350500000e-07 1.5999865242e+00 1.6000000000e+00
8.360500000e-07 1.5999865243e+00 1.6000000000e+00
8.370500000e-07 1.5999865244e+00 1.6000000000e+00
8.380500000e-07 1.5999865245e+00 1.6000000000e+00
8.390500000e-07 1.5999865246e+00 1.6000000000e+00
8.400500000e-07 1.5999865247e+00 1.6000000000e+00
8.410500000e-07 1.5999865247e+00 1.6000000000e+00
8.420500000e-07 1.5999865248e+00 1.6000000000e+00
8.430500000e-07 1.5999865249e+00 1.6000000000e+00
8.440500000e-07 1.5999865250e+00 1.6000000000e+00
8.450500000e-07 1.5999865251e+00 1.6000000000e+00
8.460500000e-07 1.5999865252e+00 1.6000000000e+00
8.470500000e-07 1.5999865252e+00 1.6000000000e+00
8.480500000e-07 1.5999865253e+00 1.6000000000e+00
8.490500000e-07 1.5999865253e+00 1.6000000000e+00
8.500500000e-07 1.5999865254e+00 1.6000000000e+00
8.510500000e-07 1.5999865254e+00 1.6000000000e+00
8.520500000e-07 1.5999865255e+00 1.6000000000e+00
8.530500000e-07 1.5999865255e+00 1.6000000000e+00
8.540500000e-07 1.5999865255e+00 1.6000000000e+00
8.550500000e-07 1.5999865255e+00 1.6000000000e+00
8.560500000e-07 1.5999865256e+00 1.6000000000e+00
8.570500000e-07 1.5999865256e+00 1.6000000000e+00
8.580500000e-07 1.5999865256e+00 1.6000000000e+00
8.590500000e-07 1.5999865256e+00 1.6000000000e+00
8.600500000e-07 1.5999865256e+00 1.6000000000e+00
8.610500000e-07 1.5999865256e+00 1.6000000000e+00
8.620500000e-07 1.5999865256e+00 1.6000000000e+00
8.630500000e-07 1.5999865256e+00 1.6000000000e+00
8.640500000e-07 1.5999865256e+00 1.6000000000e+00
8.650500000e-07 1.5999865256e+00 1.6000000000e+00
8.660500000e-07 1.5999865256e+00 1.6000000000e+00
8.670500000e-07 1.5999865256e+00 1.6000000000e+00
8.680500000e-07 1.5999865255e+00 1.6000000000e+00
8.690500000e-07 1.5999865255e+00 1.6000000000e+00
8.700500000e-07 1.5999865255e+00 1.6000000000e+00
8.710500000e-07 1.5999865255e+00 1.6000000000e+00
8.720500000e-07 1.5999865255e+00 1.6000000000e+00
8.730500000e-07 1.5999865255e+00 1.6000000000e+00
8.740500000e-07 1.5999865255e+00 1.6000000000e+00
8.750500000e-07 1.5999865255e+00 1.6000000000e+00
8.760500000e-07 1.5999865255e+00 1.6000000000e+00
8.770500000e-07 1.5999865255e+00 1.6000000000e+00
8.780500000e-07 1.5999865255e+00 1.6000000000e+00
8.790500000e-07 1.5999865254e+00 1.6000000000e+00
8.800500000e-07 1.5999865254e+00 1.6000000000e+00
8.810500000e-07 1.5999865254e+00 1.6000000000e+00
8.820500000e-07 1.5999865254e+00 1.6000000000e+00
8.830500000e-07 1.5999865254e+00 1.6000000000e+00
8.840500000e-07 1.5999865254e+00 1.6000000000e+00
8.850500000e-07 1.5999865254e+00 1.6000000000e+00
8.860500000e-07 1.5999865254e+00 1.6000000000e+00
8.870500000e-07 1.5999865254e+00 1.6000000000e+00
8.880500000e-07 1.5999865254e+00 1.6000000000e+00
8.890500000e-07 1.5999865254e+00 1.6000000000e+00
8.900500000e-07 1.5999865254e+00 1.6000000000e+00
8.910500000e-07 1.5999865254e+00 1.6000000000e+00
8.920500000e-07 1.5999865254e+00 1.6000000000e+00
8.930500000e-07 1.5999865254e+00 1.6000000000e+00
8.940500000e-07 1.5999865254e+00 1.6000000000e+00
8.950500000e-07 1.5999865254e+00 1.6000000000e+00
8.960500000e-07 1.5999865254e+00 1.6000000000e+00
8.970500000e-07 1.5999865254e+00 1.6000000000e+00
8.980500000e-07 1.5999865254e+00 1.6000000000e+00
8.990500000e-07 1.5999865254e+00 1.6000000000e+00
9.000500000e-07 1.5999865254e+00 1.6000000000e+00
9.010500000e-07 1.5999865254e+00 1.6000000000e+00
9.020500000e-07 1.5999865254e+00 1.6000000000e+00
9.030500000e-07 1.5999865254e+00 1.6000000000e+00
9.040500000e-07 1.5999865254e+00 1.6000000000e+00
9.050500000e-07 1.5999865254e+00 1.6000000000e+00
9.060500000e-07 1.5999865254e+00 1.6000000000e+00
9.070500000e-07 1.5999865254e+00 1.6000000000e+00
9.080500000e-07 1.5999865254e+00 1.6000000000e+00
9.090500000e-07 1.5999865254e+00 1.6000000000e+00
9.100500000e-07 1.5999865254e+00 1.6000000000e+00
9.110500000e-07 1.5999865254e+00 1.6000000000e+00
9.120500000e-07 1.5999865254e+00 1.6000000000e+00
9.130500000e-07 1.5999865254e+00 1.6000000000e+00
9.140500000e-07 1.5999865254e+00 1.6000000000e+00
9.150500000e-07 1.5999865254e+00 1.6000000000e+00
9.160500000e-07 1.5999865254e+00 1.6000000000e+00
9.170500000e-07 1.5999865254e+00 1.6000000000e+00
9.180500000e-07 1.5999865254e+00 1.6000000000e+00
9.190500000e-07 1.5999865254e+00 1.6000000000e+00
9.200500000e-07 1.5999865254e+00 1.6000000000e+00
9.210500000e-07 1.5999865254e+00 1.6000000000e+00
9.220500000e-07 1.5999865254e+00 1.6000000000e+00
9.230500000e-07 1.5999865254e+00 1.6000000000e+00
9.240500000e-07 1.5999865254e+00 1.6000000000e+00
9.250500000e-07 1.5999865254e+00 1.6000000000e+00
9.260500000e-07 1.5999865254e+00 1.6000000000e+00
9.270500000e-07 1.5999865254e+00 1.6000000000e+00
9.280500000e-07 1.5999865254e+00 1.6000000000e+00
9.290500000e-07 1.5999865254e+00 1.6000000000e+00
9.300500000e-07 1.5999865254e+00 1.6000000000e+00
9.310500000e-07 1.5999865254e+00 1.6000000000e+00
9.320500000e-07 1.5999865254e+00 1.6000000000e+00
9.330500000e-07 1.5999865254e+00 1.6000000000e+00
9.340500000e-07 1.5999865254e+00 1.6000000000e+00
9.350500000e-07 1.5999865254e+00 1.6000000000e+00
9.360500000e-07 1.5999865254e+00 1.6000000000e+00
9.370500000e-07 1.5999865254e+00 1.6000000000e+00
9.380500000e-07 1.5999865254e+00 1.6000000000e+00
9.390500000e-07 1.5999865254e+00 1.6000000000e+00
9.400500000e-07 1.5999865254e+00 1.6000000000e+00
9.410500000e-07 1.5999865254e+00 1.6000000000e+00
9.420500000e-07 1.5999865254e+00 1.6000000000e+00
9.430500000e-07 1.5999865254e+00 1.6000000000e+00
9.440500000e-07 1.5999865254e+00 1.6000000000e+00
9.450500000e-07 1.5999865254e+00 1.6000000000e+00
9.460500000e-07 1.5999865254e+00 1.6000000000e+00
9.470500000e-07 1.5999865254e+00 1.6000000000e+00
9.480500000e-07 1.5999865254e+00 1.6000000000e+00
9.490500000e-07 1.5999865254e+00 1.6000000000e+00
9.500500000e-07 1.5999865254e+00 1.6000000000e+00
9.510500000e-07 1.5999865254e+00 1.6000000000e+00
9.520500000e-07 1.5999865254e+00 1.6000000000e+00
9.530500000e-07 1.5999865254e+00 1.6000000000e+00
9.540500000e-07 1.5999865254e+00 1.6000000000e+00
9.550500000e-07 1.5999865254e+00 1.6000000000e+00
9.560500000e-07 1.5999865254e+00 1.6000000000e+00
9.570500000e-07 1.5999865254e+00 1.6000000000e+00
9.580500000e-07 1.5999865254e+00 1.6000000000e+00
9.590500000e-07 1.5999865254e+00 1.6000000000e+00
9.600500000e-07 1.5999865254e+00 1.6000000000e+00
9.610500000e-07 1.5999865254e+00 1.6000000000e+00
9.620500000e-07 1.5999865254e+00 1.6000000000e+00
9.630500000e-07 1.5999865254e+00 1.6000000000e+00
9.640500000e-07 1.5999865254e+00 1.6000000000e+00
9.650500000e-07 1.5999865254e+00 1.6000000000e+00
9.660500000e-07 1.5999865254e+00 1.6000000000e+00
9.670500000e-07 1.5999865254e+00 1.6000000000e+00
9.680500000e-07 1.5999865254e+00 1.6000000000e+00
9.690500000e-07 1.5999865254e+00 1.6000000000e+00
9.700500000e-07 1.5999865254e+00 1.6000000000e+00
9.710500000e-07 1.5999865254e+00 1.6000000000e+00
9.720500000e-07 1.5999865254e+00 1.6000000000e+00
9.730500000e-07 1.5999865254e+00 1.6000000000e+00
9.740500000e-07 1.5999865254e+00 1.6000000000e+00
9.750500000e-07 1.5999865254e+00 1.6000000000e+00
9.760500000e-07 1.5999865254e+00 1.6000000000e+00
9.770500000e-07 1.5999865254e+00 1.6000000000e+00
9.780500000e-07 1.5999865254e+00 1.6000000000e+00
9.790500000e-07 1.5999865254e+00 1.6000000000e+00
9.800500000e-07 1.5999865254e+00 1.6000000000e+00
9.810500000e-07 1.5999865254e+00 1.6000000000e+00
9.820500000e-07 1.5999865254e+00 1.6000000000e+00
9.830500000e-07 1.5999865254e+00 1.6000000000e+00
9.840500000e-07 1.5999865254e+00 1.6000000000e+00
9.850500000e-07 1.5999865254e+00 1.6000000000e+00
9.860500000e-07 1.5999865254e+00 1.6000000000e+00
9.870500000e-07 1.5999865254e+00 1.6000000000e+00
9.880500000e-07 1.5999865254e+00 1.6000000000e+00
9.890500000e-07 1.5999865254e+00 1.6000000000e+00
9.900500000e-07 1.5999865254e+00 1.6000000000e+00
9.910500000e-07 1.5999865254e+00 1.6000000000e+00
9.920500000e-07 1.5999865254e+00 1.6000000000e+00
9.930500000e-07 1.5999865254e+00 1.6000000000e+00
9.940500000e-07 1.5999865254e+00 1.6000000000e+00
9.950500000e-07 1.5999865254e+00 1.6000000000e+00
9.960500000e-07 1.5999865254e+00 1.6000000000e+00
9.970500000e-07 1.5999865254e+00 1.6000000000e+00
9.980500000e-07 1.5999865254e+00 1.6000000000e+00
9.990500000e-07 1.5999865254e+00 1.6000000000e+00
1.000050000e-06 1.5999865254e+00 1.6000000000e+00
1.001050000e-06 1.5999865254e+00 1.6000000000e+00
1.002050000e-06 1.5999865254e+00 1.6000000000e+00
1.003050000e-06 1.5999865254e+00 1.6000000000e+00
1.004050000e-06 1.5999865254e+00 1.6000000000e+00
1.005050000e-06 1.5999865254e+00 1.6000000000e+00
1.006050000e-06 1.5999865254e+00 1.6000000000e+00
1.007050000e-06 1.5999865254e+00 1.6000000000e+00
1.008050000e-06 1.5999865254e+00 1.6000000000e+00
1.009050000e-06 1.5999865254e+00 1.6000000000e+00
1.010050000e-06 1.5999865254e+00 1.6000000000e+00
1.011050000e-06 1.5999865254e+00 1.6000000000e+00
1.012050000e-06 1.5999865254e+00 1.6000000000e+00
1.013050000e-06 1.5999865254e+00 1.6000000000e+00
1.014050000e-06 1.5999865254e+00 1.6000000000e+00
1.015050000e-06 1.5999865254e+00 1.6000000000e+00
1.016050000e-06 1.5999865254e+00 1.6000000000e+00
1.017050000e-06 1.5999865254e+00 1.6000000000e+00
1.018050000e-06 1.5999865254e+00 1.6000000000e+00
1.019050000e-06 1.5999865254e+00 1.6000000000e+00
1.020050000e-06 1.5999865254e+00 1.6000000000e+00
1.021050000e-06 1.5999865254e+00 1.6000000000e+00
1.022050000e-06 1.5999865254e+00 1.6000000000e+00
1.023050000e-06 1.5999865254e+00 1.6000000000e+00
1.024050000e-06 1.5999865254e+00 1.6000000000e+00
1.025050000e-06 1.5999865254e+00 1.6000000000e+00
1.026050000e-06 1.5999865254e+00 1.6000000000e+00
1.027050000e-06 1.5999865254e+00 1.6000000000e+00
1.028050000e-06 1.5999865254e+00 1.6000000000e+00
1.029050000e-06 1.5999865254e+00 1.6000000000e+00
1.030050000e-06 1.5999865254e+00 1.6000000000e+00
1.031050000e-06 1.5999865254e+00 1.6000000000e+00
1.032050000e-06 1.5999865254e+00 1.6000000000e+00
1.033050000e-06 1.5999865254e+00 1.6000000000e+00
1.034050000e-06 1.5999865254e+00 1.6000000000e+00
1.035050000e-06 1.5999865254e+00 1.6000000000e+00
1.036050000e-06 1.5999865254e+00 1.6000000000e+00
1.037050000e-06 1.5999865254e+00 1.6000000000e+00
1.038050000e-06 1.5999865254e+00 1.6000000000e+00
1.039050000e-06 1.5999865254e+00 1.6000000000e+00
1.040050000e-06 1.5999865254e+00 1.6000000000e+00
1.041050000e-06 1.5999865254e+00 1.6000000000e+00
1.042050000e-06 1.5999865254e+00 1.6000000000e+00
1.043050000e-06 1.5999865254e+00 1.6000000000e+00
1.044050000e-06 1.5999865254e+00 1.6000000000e+00
1.045050000e-06 1.5999865254e+00 1.6000000000e+00
1.046050000e-06 1.5999865254e+00 1.6000000000e+00
1.047050000e-06 1.5999865254e+00 1.6000000000e+00
1.048050000e-06 1.5999865254e+00 1.6000000000e+00
1.049050000e-06 1.5999865254e+00 1.6000000000e+00
1.050050000e-06 1.5999865254e+00 1.6000000000e+00
1.051050000e-06 1.5999865254e+00 1.6000000000e+00
1.052050000e-06 1.5999865254e+00 1.6000000000e+00
1.053050000e-06 1.5999865254e+00 1.6000000000e+00
1.054050000e-06 1.5999865254e+00 1.6000000000e+00
1.055050000e-06 1.5999865254e+00 1.6000000000e+00
1.056050000e-06 1.5999865254e+00 1.6000000000e+00
1.057050000e-06 1.5999865254e+00 1.6000000000e+00
1.058050000e-06 1.5999865254e+00 1.6000000000e+00
1.059050000e-06 1.5999865254e+00 1.6000000000e+00
1.060050000e-06 1.5999865254e+00 1.6000000000e+00
1.061050000e-06 1.5999865254e+00 1.6000000000e+00
1.062050000e-06 1.5999865254e+00 1.6000000000e+00
1.063050000e-06 1.5999865254e+00 1.6000000000e+00
1.064050000e-06 1.5999865254e+00 1.6000000000e+00
1.065050000e-06 1.5999865254e+00 1.6000000000e+00
1.066050000e-06 1.5999865254e+00 1.6000000000e+00
1.067050000e-06 1.5999865254e+00 1.6000000000e+00
1.068050000e-06 1.5999865254e+00 1.6000000000e+00
1.069050000e-06 1.5999865254e+00 1.6000000000e+00
1.070050000e-06 1.5999865254e+00 1.6000000000e+00
1.071050000e-06 1.5999865254e+00 1.6000000000e+00
1.072050000e-06 1.5999865254e+00 1.6000000000e+00
1.073050000e-06 1.5999865254e+00 1.6000000000e+00
1.074050000e-06 1.5999865254e+00 1.6000000000e+00
1.075050000e-06 1.5999865254e+00 1.6000000000e+00
1.076050000e-06 1.5999865254e+00 1.6000000000e+00
1.077050000e-06 1.5999865254e+00 1.6000000000e+00
1.078050000e-06 1.5999865254e+00 1.6000000000e+00
1.079050000e-06 1.5999865254e+00 1.6000000000e+00
1.080050000e-06 1.5999865254e+00 1.6000000000e+00
1.081050000e-06 1.5999865254e+00 1.6000000000e+00
1.082050000e-06 1.5999865254e+00 1.6000000000e+00
1.083050000e-06 1.5999865254e+00 1.6000000000e+00
1.084050000e-06 1.5999865254e+00 1.6000000000e+00
1.085050000e-06 1.5999865254e+00 1.6000000000e+00
1.086050000e-06 1.5999865254e+00 1.6000000000e+00
1.087050000e-06 1.5999865254e+00 1.6000000000e+00
1.088050000e-06 1.5999865254e+00 1.6000000000e+00
1.089050000e-06 1.5999865254e+00 1.6000000000e+00
1.090050000e-06 1.5999865254e+00 1.6000000000e+00
1.091050000e-06 1.5999865254e+00 1.6000000000e+00
1.092050000e-06 1.5999865254e+00 1.6000000000e+00
1.093050000e-06 1.5999865254e+00 1.6000000000e+00
1.094050000e-06 1.5999865254e+00 1.6000000000e+00
1.095050000e-06 1.5999865254e+00 1.6000000000e+00
1.096050000e-06 1.5999865254e+00 1.6000000000e+00
1.097050000e-06 1.5999865254e+00 1.6000000000e+00
1.098050000e-06 1.5999865254e+00 1.6000000000e+00
1.099050000e-06 1.5999865254e+00 1.6000000000e+00
1.100000000e-06 1.5999865254e+00 1.6000000000e+00
