# time_s vout_v vinp_v
0.000000000e+00 1.4350048571e+00 1.4350000000e+00
1.000000000e-11 1.4350048571e+00 1.4350000000e+00
2.000000000e-11 1.4350048571e+00 1.4350000000e+00
4.000000000e-11 1.4350048571e+00 1.4350000000e+00
8.000000000e-11 1.4350048571e+00 1.4350000000e+00
1.600000000e-10 1.4350048571e+00 1.4350000000e+00
3.200000000e-10 1.4350048571e+00 1.4350000000e+00
6.400000000e-10 1.4350048571e+00 1.4350000000e+00
1.280000000e-09 1.4350048571e+00 1.4350000000e+00
2.280000000e-09 1.4350048571e+00 1.4350000000e+00
3.280000000e-09 1.4350048571e+00 1.4350000000e+00
4.280000000e-09 1.4350048571e+00 1.4350000000e+00
5.280000000e-09 1.4350048571e+00 1.4350000000e+00
6.280000000e-09 1.4350048571e+00 1.4350000000e+00
7.280000000e-09 1.4350048571e+00 1.4350000000e+00
8.280000000e-09 1.4350048571e+00 1.4350000000e+00
9.280000000e-09 1.4350048571e+00 1.4350000000e+00
1.028000000e-08 1.4350048571e+00 1.4350000000e+00
1.128000000e-08 1.4350048571e+00 1.4350000000e+00
1.228000000e-08 1.4350048571e+00 1.4350000000e+00
1.328000000e-08 1.4350048571e+00 1.4350000000e+00
1.428000000e-08 1.4350048571e+00 1.4350000000e+00
1.528000000e-08 1.4350048571e+00 1.4350000000e+00
1.628000000e-08 1.4350048571e+00 1.4350000000e+00
1.728000000e-08 1.4350048571e+00 1.4350000000e+00
1.828000000e-08 1.4350048571e+00 1.4350000000e+00
1.928000000e-08 1.4350048571e+00 1.4350000000e+00
2.028000000e-08 1.4350048571e+00 1.4350000000e+00
2.128000000e-08 1.4350048571e+00 1.4350000000e+00
2.228000000e-08 1.4350048571e+00 1.4350000000e+00
2.328000000e-08 1.4350048571e+00 1.4350000000e+00
2.428000000e-08 1.4350048571e+00 1.4350000000e+00
2.528000000e-08 1.4350048571e+00 1.4350000000e+00
2.628000000e-08 1.4350048571e+00 1.4350000000e+00
2.728000000e-08 1.4350048571e+00 1.4350000000e+00
2.828000000e-08 1.4350048571e+00 1.4350000000e+00
2.928000000e-08 1.4350048571e+00 1.4350000000e+00
3.028000000e-08 1.4350048571e+00 1.4350000000e+00
3.128000000e-08 1.4350048571e+00 1.4350000000e+00
3.228000000e-08 1.4350048571e+00 1.4350000000e+00
3.328000000e-08 1.4350048571e+00 1.4350000000e+00
3.428000000e-08 1.4350048571e+00 1.4350000000e+00
3.528000000e-08 1.4350048571e+00 1.4350000000e+00
3.628000000e-08 1.4350048571e+00 1.4350000000e+00
3.728000000e-08 1.4350048571e+00 1.4350000000e+00
3.828000000e-08 1.4350048571e+00 1.4350000000e+00
3.928000000e-08 1.4350048571e+00 1.4350000000e+00
4.028000000e-08 1.4350048571e+00 1.4350000000e+00
4.128000000e-08 1.4350048571e+00 1.4350000000e+00
4.228000000e-08 1.4350048571e+00 1.4350000000e+00
4.328000000e-08 1.4350048571e+00 1.4350000000e+00
4.428000000e-08 1.4350048571e+00 1.4350000000e+00
4.528000000e-08 1.4350048571e+00 1.4350000000e+00
4.628000000e-08 1.4350048571e+00 1.4350000000e+00
4.728000000e-08 1.4350048571e+00 1.4350000000e+00
4.828000000e-08 1.4350048571e+00 1.4350000000e+00
4.928000000e-08 1.4350048571e+00 1.4350000000e+00
5.028000000e-08 1.4350048571e+00 1.4350000000e+00
5.128000000e-08 1.4350048571e+00 1.4350000000e+00
5.228000000e-08 1.4350048571e+00 1.4350000000e+00
5.328000000e-08 1.4350048571e+00 1.4350000000e+00
5.428000000e-08 1.4350048571e+00 1.4350000000e+00
5.528000000e-08 1.4350048571e+00 1.4350000000e+00
5.628000000e-08 1.4350048571e+00 1.4350000000e+00
5.728000000e-08 1.4350048571e+00 1.4350000000e+00
5.828000000e-08 1.4350048571e+00 1.4350000000e+00
5.928000000e-08 1.4350048571e+00 1.4350000000e+00
6.028000000e-08 1.4350048571e+00 1.4350000000e+00
6.128000000e-08 1.4350048571e+00 1.4350000000e+00
6.228000000e-08 1.4350048571e+00 1.4350000000e+00
6.328000000e-08 1.4350048571e+00 1.4350000000e+00
6.428000000e-08 1.4350048571e+00 1.4350000000e+00
6.528000000e-08 1.4350048571e+00 1.4350000000e+00
6.628000000e-08 1.4350048571e+00 1.4350000000e+00
6.728000000e-08 1.4350048571e+00 1.4350000000e+00
6.828000000e-08 1.4350048571e+00 1.4350000000e+00
6.928000000e-08 1.4350048571e+00 1.4350000000e+00
7.028000000e-08 1.4350048571e+00 1.4350000000e+00
7.128000000e-08 1.4350048571e+00 1.4350000000e+00
7.228000000e-08 1.4350048571e+00 1.4350000000e+00
7.328000000e-08 1.4350048571e+00 1.4350000000e+00
7.428000000e-08 1.4350048571e+00 1.4350000000e+00
7.528000000e-08 1.4350048571e+00 1.4350000000e+00
7.628000000e-08 1.4350048571e+00 1.4350000000e+00
7.728000000e-08 1.4350048571e+00 1.4350000000e+00
7.828000000e-08 1.4350048571e+00 1.4350000000e+00
7.928000000e-08 1.4350048571e+00 1.4350000000e+00
8.028000000e-08 1.4350048571e+00 1.4350000000e+00
8.128000000e-08 1.4350048571e+00 1.4350000000e+00
8.228000000e-08 1.4350048571e+00 1.4350000000e+00
8.328000000e-08 1.4350048571e+00 1.4350000000e+00
8.428000000e-08 1.4350048571e+00 1.4350000000e+00
8.528000000e-08 1.4350048571e+00 1.4350000000e+00
8.628000000e-08 1.4350048571e+00 1.4350000000e+00
8.728000000e-08 1.4350048571e+00 1.4350000000e+00
8.828000000e-08 1.4350048571e+00 1.4350000000e+00
8.928000000e-08 1.4350048571e+00 1.4350000000e+00
9.028000000e-08 1.4350048571e+00 1.4350000000e+00
9.128000000e-08 1.4350048571e+00 1.4350000000e+00
9.228000000e-08 1.4350048571e+00 1.4350000000e+00
9.328000000e-08 1.4350048571e+00 1.4350000000e+00
9.428000000e-08 1.4350048571e+00 1.4350000000e+00
9.528000000e-08 1.4350048571e+00 1.4350000000e+00
9.628000000e-08 1.4350048571e+00 1.4350000000e+00
9.728000000e-08 1.4350048571e+00 1.4350000000e+00
9.828000000e-08 1.4350048571e+00 1.4350000000e+00
9.914000000e-08 1.4350048571e+00 1.4350000000e+00
1.000000000e-07 1.4350048571e+00 1.4350000000e+00
1.001000000e-07 1.4350137966e+00 1.4450000000e+00
1.003000000e-07 1.4350259605e+00 1.4650000000e+00
1.006500000e-07 1.4350222135e+00 1.5000000000e+00
1.010000000e-07 1.4349973134e+00 1.5350000000e+00
1.010700000e-07 1.4349846374e+00 1.5350000000e+00
1.012100000e-07 1.4349630810e+00 1.5350000000e+00
1.014900000e-07 1.4349453375e+00 1.5350000000e+00
1.020500000e-07 1.4350327453e+00 1.5350000000e+00
1.030500000e-07 1.4356783513e+00 1.5350000000e+00
1.040500000e-07 1.4370091981e+00 1.5350000000e+00
1.050500000e-07 1.4390243931e+00 1.5350000000e+00
1.060500000e-07 1.4416698426e+00 1.5350000000e+00
1.070500000e-07 1.4448699771e+00 1.5350000000e+00
1.080500000e-07 1.4485416418e+00 1.5350000000e+00
1.090500000e-07 1.4526008250e+00 1.5350000000e+00
1.100500000e-07 1.4569663743e+00 1.5350000000e+00
1.110500000e-07 1.4615618676e+00 1.5350000000e+00
1.120500000e-07 1.4663166046e+00 1.5350000000e+00
1.130500000e-07 1.4711661041e+00 1.5350000000e+00
1.140500000e-07 1.4760522944e+00 1.5350000000e+00
1.150500000e-07 1.4809235122e+00 1.5350000000e+00
1.160500000e-07 1.4857343710e+00 1.5350000000e+00
1.170500000e-07 1.4904455398e+00 1.5350000000e+00
1.180500000e-07 1.4950234574e+00 1.5350000000e+00
1.190500000e-07 1.4994399992e+00 1.5350000000e+00
1.200500000e-07 1.5036721121e+00 1.5350000000e+00
1.210500000e-07 1.5077014274e+00 1.5350000000e+00
1.220500000e-07 1.5115138633e+00 1.5350000000e+00
1.230500000e-07 1.5150992246e+00 1.5350000000e+00
1.240500000e-07 1.5184508067e+00 1.5350000000e+00
1.250500000e-07 1.5215650109e+00 1.5350000000e+00
1.260500000e-07 1.5244409750e+00 1.5350000000e+00
1.270500000e-07 1.5270802229e+00 1.5350000000e+00
1.280500000e-07 1.5294863360e+00 1.5350000000e+00
1.290500000e-07 1.5316646483e+00 1.5350000000e+00
1.300500000e-07 1.5336219649e+00 1.5350000000e+00
1.310500000e-07 1.5353663058e+00 1.5350000000e+00
1.320500000e-07 1.5369066724e+00 1.5350000000e+00
1.330500000e-07 1.5382528381e+00 1.5350000000e+00
1.340500000e-07 1.5394151606e+00 1.5350000000e+00
1.350500000e-07 1.5404044139e+00 1.5350000000e+00
1.360500000e-07 1.5412316412e+00 1.5350000000e+00
1.370500000e-07 1.5419080241e+00 1.5350000000e+00
1.380500000e-07 1.5424447687e+00 1.5350000000e+00
1.390500000e-07 1.5428530066e+00 1.5350000000e+00
1.400500000e-07 1.5431437090e+00 1.5350000000e+00
1.410500000e-07 1.5433276133e+00 1.5350000000e+00
1.420500000e-07 1.5434151610e+00 1.5350000000e+00
1.430500000e-07 1.5434164446e+00 1.5350000000e+00
1.440500000e-07 1.5433411645e+00 1.5350000000e+00
1.450500000e-07 1.5431985934e+00 1.5350000000e+00
1.460500000e-07 1.5429975483e+00 1.5350000000e+00
1.470500000e-07 1.5427463686e+00 1.5350000000e+00
1.480500000e-07 1.5424529006e+00 1.5350000000e+00
1.490500000e-07 1.5421244873e+00 1.5350000000e+00
1.500500000e-07 1.5417679630e+00 1.5350000000e+00
1.510500000e-07 1.5413896519e+00 1.5350000000e+00
1.520500000e-07 1.5409953712e+00 1.5350000000e+00
1.530500000e-07 1.5405904375e+00 1.5350000000e+00
1.540500000e-07 1.5401796759e+00 1.5350000000e+00
1.550500000e-07 1.5397674329e+00 1.5350000000e+00
1.560500000e-07 1.5393575905e+00 1.5350000000e+00
1.570500000e-07 1.5389535835e+00 1.5350000000e+00
1.580500000e-07 1.5385584179e+00 1.5350000000e+00
1.590500000e-07 1.5381746911e+00 1.5350000000e+00
1.600500000e-07 1.5378046137e+00 1.5350000000e+00
1.610500000e-07 1.5374500315e+00 1.5350000000e+00
1.620500000e-07 1.5371124485e+00 1.5350000000e+00
1.630500000e-07 1.5367930511e+00 1.5350000000e+00
1.640500000e-07 1.5364927313e+00 1.5350000000e+00
1.650500000e-07 1.5362121112e+00 1.5350000000e+00
1.660500000e-07 1.5359515659e+00 1.5350000000e+00
1.670500000e-07 1.5357112477e+00 1.5350000000e+00
1.680500000e-07 1.5354911086e+00 1.5350000000e+00
1.690500000e-07 1.5352909223e+00 1.5350000000e+00
1.700500000e-07 1.5351103063e+00 1.5350000000e+00
1.710500000e-07 1.5349487416e+00 1.5350000000e+00
1.720500000e-07 1.5348055930e+00 1.5350000000e+00
1.730500000e-07 1.5346801273e+00 1.5350000000e+00
1.740500000e-07 1.5345715310e+00 1.5350000000e+00
1.750500000e-07 1.5344789260e+00 1.5350000000e+00
1.760500000e-07 1.5344013855e+00 1.5350000000e+00
1.770500000e-07 1.5343379472e+00 1.5350000000e+00
1.780500000e-07 1.5342876264e+00 1.5350000000e+00
1.790500000e-07 1.5342494276e+00 1.5350000000e+00
1.800500000e-07 1.5342223542e+00 1.5350000000e+00
1.810500000e-07 1.5342054188e+00 1.5350000000e+00
1.820500000e-07 1.5341976504e+00 1.5350000000e+00
1.830500000e-07 1.5341981019e+00 1.5350000000e+00
1.840500000e-07 1.5342058561e+00 1.5350000000e+00
1.850500000e-07 1.5342200309e+00 1.5350000000e+00
1.860500000e-07 1.5342397832e+00 1.5350000000e+00
1.870500000e-07 1.5342643128e+00 1.5350000000e+00
1.880500000e-07 1.5342928646e+00 1.5350000000e+00
1.890500000e-07 1.5343247308e+00 1.5350000000e+00
1.900500000e-07 1.5343592519e+00 1.5350000000e+00
1.910500000e-07 1.5343958175e+00 1.5350000000e+00
1.920500000e-07 1.5344338664e+00 1.5350000000e+00
1.930500000e-07 1.5344728864e+00 1.5350000000e+00
1.940500000e-07 1.5345124134e+00 1.5350000000e+00
1.950500000e-07 1.5345520303e+00 1.5350000000e+00
1.960500000e-07 1.5345913656e+00 1.5350000000e+00
1.970500000e-07 1.5346300918e+00 1.5350000000e+00
1.980500000e-07 1.5346679235e+00 1.5350000000e+00
1.990500000e-07 1.5347046149e+00 1.5350000000e+00
2.000500000e-07 1.5347399585e+00 1.5350000000e+00
2.010500000e-07 1.5347737817e+00 1.5350000000e+00
2.020500000e-07 1.5348059455e+00 1.5350000000e+00
2.030500000e-07 1.5348363411e+00 1.5350000000e+00
2.040500000e-07 1.5348648881e+00 1.5350000000e+00
2.050500000e-07 1.5348915320e+00 1.5350000000e+00
2.060500000e-07 1.5349162416e+00 1.5350000000e+00
2.070500000e-07 1.5349390069e+00 1.5350000000e+00
2.080500000e-07 1.5349598367e+00 1.5350000000e+00
2.090500000e-07 1.5349787565e+00 1.5350000000e+00
2.100500000e-07 1.5349958064e+00 1.5350000000e+00
2.110500000e-07 1.5350110389e+00 1.5350000000e+00
2.120500000e-07 1.5350245175e+00 1.5350000000e+00
2.130500000e-07 1.5350363144e+00 1.5350000000e+00
2.140500000e-07 1.5350465093e+00 1.5350000000e+00
2.150500000e-07 1.5350551873e+00 1.5350000000e+00
2.160500000e-07 1.5350624382e+00 1.5350000000e+00
2.170500000e-07 1.5350683546e+00 1.5350000000e+00
2.180500000e-07 1.5350730311e+00 1.5350000000e+00
2.190500000e-07 1.5350765630e+00 1.5350000000e+00
2.200500000e-07 1.5350790453e+00 1.5350000000e+00
2.210500000e-07 1.5350805723e+00 1.5350000000e+00
2.220500000e-07 1.5350812362e+00 1.5350000000e+00
2.230500000e-07 1.5350811270e+00 1.5350000000e+00
2.240500000e-07 1.5350803317e+00 1.5350000000e+00
2.250500000e-07 1.5350789338e+00 1.5350000000e+00
2.260500000e-07 1.5350770132e+00 1.5350000000e+00
2.270500000e-07 1.5350746454e+00 1.5350000000e+00
2.280500000e-07 1.5350719017e+00 1.5350000000e+00
2.290500000e-07 1.5350688490e+00 1.5350000000e+00
2.300500000e-07 1.5350655494e+00 1.5350000000e+00
2.310500000e-07 1.5350620605e+00 1.5350000000e+00
2.320500000e-07 1.5350584352e+00 1.5350000000e+00
2.330500000e-07 1.5350547216e+00 1.5350000000e+00
2.340500000e-07 1.5350509634e+00 1.5350000000e+00
2.350500000e-07 1.5350471998e+00 1.5350000000e+00
2.360500000e-07 1.5350434657e+00 1.5350000000e+00
2.370500000e-07 1.5350397919e+00 1.5350000000e+00
2.380500000e-07 1.5350362052e+00 1.5350000000e+00
2.390500000e-07 1.5350327285e+00 1.5350000000e+00
2.400500000e-07 1.5350293814e+00 1.5350000000e+00
2.410500000e-07 1.5350261799e+00 1.5350000000e+00
2.420500000e-07 1.5350231370e+00 1.5350000000e+00
2.430500000e-07 1.5350202627e+00 1.5350000000e+00
2.440500000e-07 1.5350175647e+00 1.5350000000e+00
2.450500000e-07 1.5350150477e+00 1.5350000000e+00
2.460500000e-07 1.5350127148e+00 1.5350000000e+00
2.470500000e-07 1.5350105666e+00 1.5350000000e+00
2.480500000e-07 1.5350086021e+00 1.5350000000e+00
2.490500000e-07 1.5350068190e+00 1.5350000000e+00
2.500500000e-07 1.5350052132e+00 1.5350000000e+00
2.510500000e-07 1.5350037797e+00 1.5350000000e+00
2.520500000e-07 1.5350025123e+00 1.5350000000e+00
2.530500000e-07 1.5350014042e+00 1.5350000000e+00
2.540500000e-07 1.5350004478e+00 1.5350000000e+00
2.550500000e-07 1.5349996348e+00 1.5350000000e+00
2.560500000e-07 1.5349989568e+00 1.5350000000e+00
2.570500000e-07 1.5349984050e+00 1.5350000000e+00
2.580500000e-07 1.5349979702e+00 1.5350000000e+00
2.590500000e-07 1.5349976435e+00 1.5350000000e+00
2.600500000e-07 1.5349974159e+00 1.5350000000e+00
2.610500000e-07 1.5349972783e+00 1.5350000000e+00
2.620500000e-07 1.5349972221e+00 1.5350000000e+00
2.630500000e-07 1.5349972386e+00 1.5350000000e+00
2.640500000e-07 1.5349973197e+00 1.5350000000e+00
2.650500000e-07 1.5349974574e+00 1.5350000000e+00
2.660500000e-07 1.5349976442e+00 1.5350000000e+00
2.670500000e-07 1.5349978730e+00 1.5350000000e+00
2.680500000e-07 1.5349981368e+00 1.5350000000e+00
2.690500000e-07 1.5349984296e+00 1.5350000000e+00
2.700500000e-07 1.5349987453e+00 1.5350000000e+00
2.710500000e-07 1.5349990786e+00 1.5350000000e+00
2.720500000e-07 1.5349994244e+00 1.5350000000e+00
2.730500000e-07 1.5349997782e+00 1.5350000000e+00
2.740500000e-07 1.5350001359e+00 1.5350000000e+00
2.750500000e-07 1.5350004938e+00 1.5350000000e+00
2.760500000e-07 1.5350008486e+00 1.5350000000e+00
2.770500000e-07 1.5350011975e+00 1.5350000000e+00
2.780500000e-07 1.5350015378e+00 1.5350000000e+00
2.790500000e-07 1.5350018675e+00 1.5350000000e+00
2.800500000e-07 1.5350021847e+00 1.5350000000e+00
2.810500000e-07 1.5350024880e+00 1.5350000000e+00
2.820500000e-07 1.5350027760e+00 1.5350000000e+00
2.830500000e-07 1.5350030479e+00 1.5350000000e+00
2.840500000e-07 1.5350033031e+00 1.5350000000e+00
2.850500000e-07 1.5350035409e+00 1.5350000000e+00
2.860500000e-07 1.5350037613e+00 1.5350000000e+00
2.870500000e-07 1.5350039640e+00 1.5350000000e+00
2.880500000e-07 1.5350041493e+00 1.5350000000e+00
2.890500000e-07 1.5350043174e+00 1.5350000000e+00
2.900500000e-07 1.5350044687e+00 1.5350000000e+00
2.910500000e-07 1.5350046036e+00 1.5350000000e+00
2.920500000e-07 1.5350047228e+00 1.5350000000e+00
2.930500000e-07 1.5350048269e+00 1.5350000000e+00
2.940500000e-07 1.5350049166e+00 1.5350000000e+00
2.950500000e-07 1.5350049927e+00 1.5350000000e+00
2.960500000e-07 1.5350050561e+00 1.5350000000e+00
2.970500000e-07 1.5350051076e+00 1.5350000000e+00
2.980500000e-07 1.5350051480e+00 1.5350000000e+00
2.990500000e-07 1.5350051782e+00 1.5350000000e+00
3.000500000e-07 1.5350051990e+00 1.5350000000e+00
3.010500000e-07 1.5350052114e+00 1.5350000000e+00
3.020500000e-07 1.5350052161e+00 1.5350000000e+00
3.030500000e-07 1.5350052140e+00 1.5350000000e+00
3.040500000e-07 1.5350052057e+00 1.5350000000e+00
3.050500000e-07 1.5350051922e+00 1.5350000000e+00
3.060500000e-07 1.5350051740e+00 1.5350000000e+00
3.070500000e-07 1.5350051519e+00 1.5350000000e+00
3.080500000e-07 1.5350051266e+00 1.5350000000e+00
3.090500000e-07 1.5350050985e+00 1.5350000000e+00
3.100500000e-07 1.5350050683e+00 1.5350000000e+00
3.110500000e-07 1.5350050365e+00 1.5350000000e+00
3.120500000e-07 1.5350050035e+00 1.5350000000e+00
3.130500000e-07 1.5350049698e+00 1.5350000000e+00
3.140500000e-07 1.5350049358e+00 1.5350000000e+00
3.150500000e-07 1.5350049017e+00 1.5350000000e+00
3.160500000e-07 1.5350048680e+00 1.5350000000e+00
3.170500000e-07 1.5350048349e+00 1.5350000000e+00
3.180500000e-07 1.5350048026e+00 1.5350000000e+00
3.190500000e-07 1.5350047714e+00 1.5350000000e+00
3.200500000e-07 1.5350047413e+00 1.5350000000e+00
3.210500000e-07 1.5350047126e+00 1.5350000000e+00
3.220500000e-07 1.5350046853e+00 1.5350000000e+00
3.230500000e-07 1.5350046596e+00 1.5350000000e+00
3.240500000e-07 1.5350046355e+00 1.5350000000e+00
3.250500000e-07 1.5350046130e+00 1.5350000000e+00
3.260500000e-07 1.5350045922e+00 1.5350000000e+00
3.270500000e-07 1.5350045730e+00 1.5350000000e+00
3.280500000e-07 1.5350045555e+00 1.5350000000e+00
3.290500000e-07 1.5350045397e+00 1.5350000000e+00
3.300500000e-07 1.5350045255e+00 1.5350000000e+00
3.310500000e-07 1.5350045128e+00 1.5350000000e+00
3.320500000e-07 1.5350045016e+00 1.5350000000e+00
3.330500000e-07 1.5350044918e+00 1.5350000000e+00
3.340500000e-07 1.5350044834e+00 1.5350000000e+00
3.350500000e-07 1.5350044762e+00 1.5350000000e+00
3.360500000e-07 1.5350044703e+00 1.5350000000e+00
3.370500000e-07 1.5350044655e+00 1.5350000000e+00
3.380500000e-07 1.5350044618e+00 1.5350000000e+00
3.390500000e-07 1.5350044590e+00 1.5350000000e+00
3.400500000e-07 1.5350044571e+00 1.5350000000e+00
3.410500000e-07 1.5350044560e+00 1.5350000000e+00
3.420500000e-07 1.5350044556e+00 1.5350000000e+00
3.430500000e-07 1.5350044558e+00 1.5350000000e+00
3.440500000e-07 1.5350044567e+00 1.5350000000e+00
3.450500000e-07 1.5350044580e+00 1.5350000000e+00
3.460500000e-07 1.5350044598e+00 1.5350000000e+00
3.470500000e-07 1.5350044619e+00 1.5350000000e+00
3.480500000e-07 1.5350044643e+00 1.5350000000e+00
3.490500000e-07 1.5350044670e+00 1.5350000000e+00
3.500500000e-07 1.5350044699e+00 1.5350000000e+00
3.510500000e-07 1.5350044730e+00 1.5350000000e+00
3.520500000e-07 1.5350044761e+00 1.5350000000e+00
3.530500000e-07 1.5350044793e+00 1.5350000000e+00
3.540500000e-07 1.5350044826e+00 1.5350000000e+00
3.550500000e-07 1.5350044858e+00 1.5350000000e+00
3.560500000e-07 1.5350044890e+00 1.5350000000e+00
3.570500000e-07 1.5350044921e+00 1.5350000000e+00
3.580500000e-07 1.5350044952e+00 1.5350000000e+00
3.590500000e-07 1.5350044982e+00 1.5350000000e+00
3.600500000e-07 1.5350045010e+00 1.5350000000e+00
3.610500000e-07 1.5350045037e+00 1.5350000000e+00
3.620500000e-07 1.5350045063e+00 1.5350000000e+00
3.630500000e-07 1.5350045087e+00 1.5350000000e+00
3.640500000e-07 1.5350045110e+00 1.5350000000e+00
3.650500000e-07 1.5350045131e+00 1.5350000000e+00
3.660500000e-07 1.5350045151e+00 1.5350000000e+00
3.670500000e-07 1.5350045169e+00 1.5350000000e+00
3.680500000e-07 1.5350045186e+00 1.5350000000e+00
3.690500000e-07 1.5350045201e+00 1.5350000000e+00
3.700500000e-07 1.5350045214e+00 1.5350000000e+00
3.710500000e-07 1.5350045226e+00 1.5350000000e+00
3.720500000e-07 1.5350045236e+00 1.5350000000e+00
3.730500000e-07 1.5350045246e+00 1.5350000000e+00
3.740500000e-07 1.5350045253e+00 1.5350000000e+00
3.750500000e-07 1.5350045260e+00 1.5350000000e+00
3.760500000e-07 1.5350045266e+00 1.5350000000e+00
3.770500000e-07 1.5350045270e+00 1.5350000000e+00
3.780500000e-07 1.5350045274e+00 1.5350000000e+00
3.790500000e-07 1.5350045276e+00 1.5350000000e+00
3.800500000e-07 1.5350045278e+00 1.5350000000e+00
3.810500000e-07 1.5350045279e+00 1.5350000000e+00
3.820500000e-07 1.5350045279e+00 1.5350000000e+00
3.830500000e-07 1.5350045279e+00 1.5350000000e+00
3.840500000e-07 1.5350045278e+00 1.5350000000e+00
3.850500000e-07 1.5350045277e+00 1.5350000000e+00
3.860500000e-07 1.5350045275e+00 1.5350000000e+00
3.870500000e-07 1.5350045273e+00 1.5350000000e+00
3.880500000e-07 1.5350045271e+00 1.5350000000e+00
3.890500000e-07 1.5350045268e+00 1.5350000000e+00
3.900500000e-07 1.5350045266e+00 1.5350000000e+00
3.910500000e-07 1.5350045263e+00 1.5350000000e+00
3.920500000e-07 1.5350045260e+00 1.5350000000e+00
3.930500000e-07 1.5350045256e+00 1.5350000000e+00
3.940500000e-07 1.5350045253e+00 1.5350000000e+00
3.950500000e-07 1.5350045250e+00 1.5350000000e+00
3.960500000e-07 1.5350045247e+00 1.5350000000e+00
3.970500000e-07 1.5350045244e+00 1.5350000000e+00
3.980500000e-07 1.5350045241e+00 1.5350000000e+00
3.990500000e-07 1.5350045239e+00 1.5350000000e+00
4.000500000e-07 1.5350045236e+00 1.5350000000e+00
4.010500000e-07 1.5350045233e+00 1.5350000000e+00
4.020500000e-07 1.5350045231e+00 1.5350000000e+00
4.030500000e-07 1.5350045229e+00 1.5350000000e+00
4.040500000e-07 1.5350045227e+00 1.5350000000e+00
4.050500000e-07 1.5350045225e+00 1.5350000000e+00
4.060500000e-07 1.5350045223e+00 1.5350000000e+00
4.070500000e-07 1.5350045221e+00 1.5350000000e+00
4.080500000e-07 1.5350045220e+00 1.5350000000e+00
4.090500000e-07 1.5350045218e+00 1.5350000000e+00
4.100500000e-07 1.5350045217e+00 1.5350000000e+00
4.110500000e-07 1.5350045216e+00 1.5350000000e+00
4.120500000e-07 1.5350045215e+00 1.5350000000e+00
4.130500000e-07 1.5350045214e+00 1.5350000000e+00
4.140500000e-07 1.5350045213e+00 1.5350000000e+00
4.150500000e-07 1.5350045212e+00 1.5350000000e+00
4.160500000e-07 1.5350045212e+00 1.5350000000e+00
4.170500000e-07 1.5350045211e+00 1.5350000000e+00
4.180500000e-07 1.5350045211e+00 1.5350000000e+00
4.190500000e-07 1.5350045211e+00 1.5350000000e+00
4.200500000e-07 1.5350045211e+00 1.5350000000e+00
4.210500000e-07 1.5350045211e+00 1.5350000000e+00
4.220500000e-07 1.5350045211e+00 1.5350000000e+00
4.230500000e-07 1.5350045211e+00 1.5350000000e+00
4.240500000e-07 1.5350045211e+00 1.5350000000e+00
4.250500000e-07 1.5350045211e+00 1.5350000000e+00
4.260500000e-07 1.5350045211e+00 1.5350000000e+00
4.270500000e-07 1.5350045211e+00 1.5350000000e+00
4.280500000e-07 1.5350045211e+00 1.5350000000e+00
4.290500000e-07 1.5350045212e+00 1.5350000000e+00
4.300500000e-07 1.5350045212e+00 1.5350000000e+00
4.310500000e-07 1.5350045212e+00 1.5350000000e+00
4.320500000e-07 1.5350045212e+00 1.5350000000e+00
4.330500000e-07 1.5350045213e+00 1.5350000000e+00
4.340500000e-07 1.5350045213e+00 1.5350000000e+00
4.350500000e-07 1.5350045213e+00 1.5350000000e+00
4.360500000e-07 1.5350045214e+00 1.5350000000e+00
4.370500000e-07 1.5350045214e+00 1.5350000000e+00
4.380500000e-07 1.5350045214e+00 1.5350000000e+00
4.390500000e-07 1.5350045215e+00 1.5350000000e+00
4.400500000e-07 1.5350045215e+00 1.5350000000e+00
4.410500000e-07 1.5350045215e+00 1.5350000000e+00
4.420500000e-07 1.5350045215e+00 1.5350000000e+00
4.430500000e-07 1.5350045216e+00 1.5350000000e+00
4.440500000e-07 1.5350045216e+00 1.5350000000e+00
4.450500000e-07 1.5350045216e+00 1.5350000000e+00
4.460500000e-07 1.5350045216e+00 1.5350000000e+00
4.470500000e-07 1.5350045216e+00 1.5350000000e+00
4.480500000e-07 1.5350045217e+00 1.5350000000e+00
4.490500000e-07 1.5350045217e+00 1.5350000000e+00
4.500500000e-07 1.5350045217e+00 1.5350000000e+00
4.510500000e-07 1.5350045217e+00 1.5350000000e+00
4.520500000e-07 1.5350045217e+00 1.5350000000e+00
4.530500000e-07 1.5350045217e+00 1.5350000000e+00
4.540500000e-07 1.5350045217e+00 1.5350000000e+00
4.550500000e-07 1.5350045217e+00 1.5350000000e+00
4.560500000e-07 1.5350045217e+00 1.5350000000e+00
4.570500000e-07 1.5350045217e+00 1.5350000000e+00
4.580500000e-07 1.5350045217e+00 1.5350000000e+00
4.590500000e-07 1.5350045217e+00 1.5350000000e+00
4.600500000e-07 1.5350045217e+00 1.5350000000e+00
4.610500000e-07 1.5350045217e+00 1.5350000000e+00
4.620500000e-07 1.5350045217e+00 1.5350000000e+00
4.630500000e-07 1.5350045217e+00 1.5350000000e+00
4.640500000e-07 1.5350045217e+00 1.5350000000e+00
4.650500000e-07 1.5350045217e+00 1.5350000000e+00
4.660500000e-07 1.5350045217e+00 1.5350000000e+00
4.670500000e-07 1.5350045217e+00 1.5350000000e+00
4.680500000e-07 1.5350045217e+00 1.5350000000e+00
4.690500000e-07 1.5350045217e+00 1.5350000000e+00
4.700500000e-07 1.5350045217e+00 1.5350000000e+00
4.710500000e-07 1.5350045217e+00 1.5350000000e+00
4.720500000e-07 1.5350045217e+00 1.5350000000e+00
4.730500000e-07 1.5350045217e+00 1.5350000000e+00
4.740500000e-07 1.5350045217e+00 1.5350000000e+00
4.750500000e-07 1.5350045217e+00 1.5350000000e+00
4.760500000e-07 1.5350045217e+00 1.5350000000e+00
4.770500000e-07 1.5350045217e+00 1.5350000000e+00
4.780500000e-07 1.5350045216e+00 1.5350000000e+00
4.790500000e-07 1.5350045216e+00 1.5350000000e+00
4.800500000e-07 1.5350045216e+00 1.5350000000e+00
4.810500000e-07 1.5350045216e+00 1.5350000000e+00
4.820500000e-07 1.5350045216e+00 1.5350000000e+00
4.830500000e-07 1.5350045216e+00 1.5350000000e+00
4.840500000e-07 1.5350045216e+00 1.5350000000e+00
4.850500000e-07 1.5350045216e+00 1.5350000000e+00
4.860500000e-07 1.5350045216e+00 1.5350000000e+00
4.870500000e-07 1.5350045216e+00 1.5350000000e+00
4.880500000e-07 1.5350045216e+00 1.5350000000e+00
4.890500000e-07 1.5350045216e+00 1.5350000000e+00
4.900500000e-07 1.5350045216e+00 1.5350000000e+00
4.910500000e-07 1.5350045216e+00 1.5350000000e+00
4.920500000e-07 1.5350045216e+00 1.5350000000e+00
4.930500000e-07 1.5350045216e+00 1.5350000000e+00
4.940500000e-07 1.5350045216e+00 1.5350000000e+00
4.950500000e-07 1.5350045216e+00 1.5350000000e+00
4.960500000e-07 1.5350045216e+00 1.5350000000e+00
4.970500000e-07 1.5350045216e+00 1.5350000000e+00
4.980500000e-07 1.5350045216e+00 1.5350000000e+00
4.990500000e-07 1.5350045216e+00 1.5350000000e+00
5.000500000e-07 1.5350045216e+00 1.5350000000e+00
5.010500000e-07 1.5350045216e+00 1.5350000000e+00
5.020500000e-07 1.5350045216e+00 1.5350000000e+00
5.030500000e-07 1.5350045216e+00 1.5350000000e+00
5.040500000e-07 1.5350045216e+00 1.5350000000e+00
5.050500000e-07 1.5350045216e+00 1.5350000000e+00
5.060500000e-07 1.5350045216e+00 1.5350000000e+00
5.070500000e-07 1.5350045216e+00 1.5350000000e+00
5.080500000e-07 1.5350045216e+00 1.5350000000e+00
5.090500000e-07 1.5350045216e+00 1.5350000000e+00
5.100500000e-07 1.5350045216e+00 1.5350000000e+00
5.110500000e-07 1.5350045216e+00 1.5350000000e+00
5.120500000e-07 1.5350045216e+00 1.5350000000e+00
5.130500000e-07 1.5350045216e+00 1.5350000000e+00
5.140500000e-07 1.5350045216e+00 1.5350000000e+00
5.150500000e-07 1.5350045216e+00 1.5350000000e+00
5.160500000e-07 1.5350045216e+00 1.5350000000e+00
5.170500000e-07 1.5350045216e+00 1.5350000000e+00
5.180500000e-07 1.5350045216e+00 1.5350000000e+00
5.190500000e-07 1.5350045216e+00 1.5350000000e+00
5.200500000e-07 1.5350045216e+00 1.5350000000e+00
5.210500000e-07 1.5350045216e+00 1.5350000000e+00
5.220500000e-07 1.5350045216e+00 1.5350000000e+00
5.230500000e-07 1.5350045216e+00 1.5350000000e+00
5.240500000e-07 1.5350045216e+00 1.5350000000e+00
5.250500000e-07 1.5350045216e+00 1.5350000000e+00
5.260500000e-07 1.5350045216e+00 1.5350000000e+00
5.270500000e-07 1.5350045216e+00 1.5350000000e+00
5.280500000e-07 1.5350045216e+00 1.5350000000e+00
5.290500000e-07 1.5350045216e+00 1.5350000000e+00
5.300500000e-07 1.5350045216e+00 1.5350000000e+00
5.310500000e-07 1.5350045216e+00 1.5350000000e+00
5.320500000e-07 1.5350045217e+00 1.5350000000e+00
5.330500000e-07 1.5350045217e+00 1.5350000000e+00
5.340500000e-07 1.5350045217e+00 1.5350000000e+00
5.350500000e-07 1.5350045217e+00 1.5350000000e+00
5.360500000e-07 1.5350045217e+00 1.5350000000e+00
5.370500000e-07 1.5350045217e+00 1.5350000000e+00
5.380500000e-07 1.5350045217e+00 1.5350000000e+00
5.390500000e-07 1.5350045217e+00 1.5350000000e+00
5.400500000e-07 1.5350045217e+00 1.5350000000e+00
5.410500000e-07 1.5350045217e+00 1.5350000000e+00
5.420500000e-07 1.5350045217e+00 1.5350000000e+00
5.430500000e-07 1.5350045217e+00 1.5350000000e+00
5.440500000e-07 1.5350045217e+00 1.5350000000e+00
5.450500000e-07 1.5350045217e+00 1.5350000000e+00
5.460500000e-07 1.5350045217e+00 1.5350000000e+00
5.470500000e-07 1.5350045217e+00 1.5350000000e+00
5.480500000e-07 1.5350045217e+00 1.5350000000e+00
5.490500000e-07 1.5350045217e+00 1.5350000000e+00
5.500500000e-07 1.5350045217e+00 1.5350000000e+00
5.510500000e-07 1.5350045217e+00 1.5350000000e+00
5.520500000e-07 1.5350045217e+00 1.5350000000e+00
5.530500000e-07 1.5350045217e+00 1.5350000000e+00
5.540500000e-07 1.5350045217e+00 1.5350000000e+00
5.550500000e-07 1.5350045217e+00 1.5350000000e+00
5.560500000e-07 1.5350045217e+00 1.5350000000e+00
5.570500000e-07 1.5350045217e+00 1.5350000000e+00
5.580500000e-07 1.5350045217e+00 1.5350000000e+00
5.590500000e-07 1.5350045217e+00 1.5350000000e+00
5.600500000e-07 1.5350045217e+00 1.5350000000e+00
5.610500000e-07 1.5350045217e+00 1.5350000000e+00
5.620500000e-07 1.5350045217e+00 1.5350000000e+00
5.630500000e-07 1.5350045217e+00 1.5350000000e+00
5.640500000e-07 1.5350045217e+00 1.5350000000e+00
5.650500000e-07 1.5350045217e+00 1.5350000000e+00
5.660500000e-07 1.5350045217e+00 1.5350000000e+00
5.670500000e-07 1.5350045217e+00 1.5350000000e+00
5.680500000e-07 1.5350045217e+00 1.5350000000e+00
5.690500000e-07 1.5350045217e+00 1.5350000000e+00
5.700500000e-07 1.5350045217e+00 1.5350000000e+00
5.710500000e-07 1.5350045216e+00 1.5350000000e+00
5.720500000e-07 1.5350045216e+00 1.5350000000e+00
5.730500000e-07 1.5350045216e+00 1.5350000000e+00
5.740500000e-07 1.5350045216e+00 1.5350000000e+00
5.750500000e-07 1.5350045216e+00 1.5350000000e+00
5.760500000e-07 1.5350045216e+00 1.5350000000e+00
5.770500000e-07 1.5350045216e+00 1.5350000000e+00
5.780500000e-07 1.5350045216e+00 1.5350000000e+00
5.790500000e-07 1.5350045216e+00 1.5350000000e+00
5.800500000e-07 1.5350045216e+00 1.5350000000e+00
5.810500000e-07 1.5350045216e+00 1.5350000000e+00
5.820500000e-07 1.5350045216e+00 1.5350000000e+00
5.830500000e-07 1.5350045216e+00 1.5350000000e+00
5.840500000e-07 1.5350045216e+00 1.5350000000e+00
5.850500000e-07 1.5350045216e+00 1.5350000000e+00
5.860500000e-07 1.5350045216e+00 1.5350000000e+00
5.870500000e-07 1.5350045216e+00 1.5350000000e+00
5.880500000e-07 1.5350045216e+00 1.5350000000e+00
5.890500000e-07 1.5350045216e+00 1.5350000000e+00
5.900500000e-07 1.5350045216e+00 1.5350000000e+00
5.910500000e-07 1.5350045216e+00 1.5350000000e+00
5.920500000e-07 1.5350045216e+00 1.5350000000e+00
5.930500000e-07 1.5350045216e+00 1.5350000000e+00
5.940500000e-07 1.5350045216e+00 1.5350000000e+00
5.950500000e-07 1.5350045216e+00 1.5350000000e+00
5.960500000e-07 1.5350045216e+00 1.5350000000e+00
5.970500000e-07 1.5350045216e+00 1.5350000000e+00
5.980500000e-07 1.5350045216e+00 1.5350000000e+00
5.990500000e-07 1.5350045216e+00 1.5350000000e+00
6.000000000e-07 1.5350045216e+00 1.5350000000e+00
6.001000000e-07 1.5349954298e+00 1.5250000000e+00
6.003000000e-07 1.5349830450e+00 1.5050000000e+00
6.006500000e-07 1.5349865584e+00 1.4700000000e+00
6.010000000e-07 1.5350142967e+00 1.4350000000e+00
6.010700000e-07 1.5350284233e+00 1.4350000000e+00
6.012100000e-07 1.5350541598e+00 1.4350000000e+00
6.014900000e-07 1.5350860635e+00 1.4350000000e+00
6.020500000e-07 1.5350394134e+00 1.4350000000e+00
6.030500000e-07 1.5344869701e+00 1.4350000000e+00
6.040500000e-07 1.5332706199e+00 1.4350000000e+00
6.050500000e-07 1.5314005863e+00 1.4350000000e+00
6.060500000e-07 1.5289424800e+00 1.4350000000e+00
6.070500000e-07 1.5259753625e+00 1.4350000000e+00
6.080500000e-07 1.5225770043e+00 1.4350000000e+00
6.090500000e-07 1.5188200519e+00 1.4350000000e+00
6.100500000e-07 1.5147711996e+00 1.4350000000e+00
6.110500000e-07 1.5104914590e+00 1.4350000000e+00
6.120500000e-07 1.5060366617e+00 1.4350000000e+00
6.130500000e-07 1.5014579517e+00 1.4350000000e+00
6.140500000e-07 1.4968021977e+00 1.4350000000e+00
6.150500000e-07 1.4921123216e+00 1.4350000000e+00
6.160500000e-07 1.4874275513e+00 1.4350000000e+00
6.170500000e-07 1.4827836113e+00 1.4350000000e+00
6.180500000e-07 1.4782128635e+00 1.4350000000e+00
6.190500000e-07 1.4737444137e+00 1.4350000000e+00
6.200500000e-07 1.4694041927e+00 1.4350000000e+00
6.210500000e-07 1.4652150243e+00 1.4350000000e+00
6.220500000e-07 1.4611966877e+00 1.4350000000e+00
6.230500000e-07 1.4573659831e+00 1.4350000000e+00
6.240500000e-07 1.4537368050e+00 1.4350000000e+00
6.250500000e-07 1.4503202287e+00 1.4350000000e+00
6.260500000e-07 1.4471246127e+00 1.4350000000e+00
6.270500000e-07 1.4441557185e+00 1.4350000000e+00
6.280500000e-07 1.4414168471e+00 1.4350000000e+00
6.290500000e-07 1.4389089942e+00 1.4350000000e+00
6.300500000e-07 1.4366310186e+00 1.4350000000e+00
6.310500000e-07 1.4345798245e+00 1.4350000000e+00
6.320500000e-07 1.4327505534e+00 1.4350000000e+00
6.330500000e-07 1.4311367821e+00 1.4350000000e+00
6.340500000e-07 1.4297307244e+00 1.4350000000e+00
6.350500000e-07 1.4285234328e+00 1.4350000000e+00
6.360500000e-07 1.4275049965e+00 1.4350000000e+00
6.370500000e-07 1.4266647340e+00 1.4350000000e+00
6.380500000e-07 1.4259913772e+00 1.4350000000e+00
6.390500000e-07 1.4254732450e+00 1.4350000000e+00
6.400500000e-07 1.4250984049e+00 1.4350000000e+00
6.410500000e-07 1.4248548216e+00 1.4350000000e+00
6.420500000e-07 1.4247304909e+00 1.4350000000e+00
6.430500000e-07 1.4247135600e+00 1.4350000000e+00
6.440500000e-07 1.4247924326e+00 1.4350000000e+00
6.450500000e-07 1.4249558596e+00 1.4350000000e+00
6.460500000e-07 1.4251930163e+00 1.4350000000e+00
6.470500000e-07 1.4254935650e+00 1.4350000000e+00
6.480500000e-07 1.4258477065e+00 1.4350000000e+00
6.490500000e-07 1.4262462183e+00 1.4350000000e+00
6.500500000e-07 1.4266804829e+00 1.4350000000e+00
6.510500000e-07 1.4271425055e+00 1.4350000000e+00
6.520500000e-07 1.4276249234e+00 1.4350000000e+00
6.530500000e-07 1.4281210067e+00 1.4350000000e+00
6.540500000e-07 1.4286246530e+00 1.4350000000e+00
6.550500000e-07 1.4291303754e+00 1.4350000000e+00
6.560500000e-07 1.4296332856e+00 1.4350000000e+00
6.570500000e-07 1.4301290726e+00 1.4350000000e+00
6.580500000e-07 1.4306139787e+00 1.4350000000e+00
6.590500000e-07 1.4310847714e+00 1.4350000000e+00
6.600500000e-07 1.4315387146e+00 1.4350000000e+00
6.610500000e-07 1.4319735374e+00 1.4350000000e+00
6.620500000e-07 1.4323874020e+00 1.4350000000e+00
6.630500000e-07 1.4327788720e+00 1.4350000000e+00
6.640500000e-07 1.4331468792e+00 1.4350000000e+00
6.650500000e-07 1.4334906918e+00 1.4350000000e+00
6.660500000e-07 1.4338098825e+00 1.4350000000e+00
6.670500000e-07 1.4341042978e+00 1.4350000000e+00
6.680500000e-07 1.4343740284e+00 1.4350000000e+00
6.690500000e-07 1.4346193800e+00 1.4350000000e+00
6.700500000e-07 1.4348408465e+00 1.4350000000e+00
6.710500000e-07 1.4350390839e+00 1.4350000000e+00
6.720500000e-07 1.4352148860e+00 1.4350000000e+00
6.730500000e-07 1.4353691614e+00 1.4350000000e+00
6.740500000e-07 1.4355029126e+00 1.4350000000e+00
6.750500000e-07 1.4356172160e+00 1.4350000000e+00
6.760500000e-07 1.4357132038e+00 1.4350000000e+00
6.770500000e-07 1.4357920478e+00 1.4350000000e+00
6.780500000e-07 1.4358549440e+00 1.4350000000e+00
6.790500000e-07 1.4359030993e+00 1.4350000000e+00
6.800500000e-07 1.4359377195e+00 1.4350000000e+00
6.810500000e-07 1.4359599981e+00 1.4350000000e+00
6.820500000e-07 1.4359711077e+00 1.4350000000e+00
6.830500000e-07 1.4359721908e+00 1.4350000000e+00
6.840500000e-07 1.4359643539e+00 1.4350000000e+00
6.850500000e-07 1.4359486607e+00 1.4350000000e+00
6.860500000e-07 1.4359261277e+00 1.4350000000e+00
6.870500000e-07 1.4358977205e+00 1.4350000000e+00
6.880500000e-07 1.4358643503e+00 1.4350000000e+00
6.890500000e-07 1.4358268719e+00 1.4350000000e+00
6.900500000e-07 1.4357860826e+00 1.4350000000e+00
6.910500000e-07 1.4357427208e+00 1.4350000000e+00
6.920500000e-07 1.4356974664e+00 1.4350000000e+00
6.930500000e-07 1.4356509410e+00 1.4350000000e+00
6.940500000e-07 1.4356037084e+00 1.4350000000e+00
6.950500000e-07 1.4355562766e+00 1.4350000000e+00
6.960500000e-07 1.4355090988e+00 1.4350000000e+00
6.970500000e-07 1.4354625756e+00 1.4350000000e+00
6.980500000e-07 1.4354170573e+00 1.4350000000e+00
6.990500000e-07 1.4353728461e+00 1.4350000000e+00
7.000500000e-07 1.4353301988e+00 1.4350000000e+00
7.010500000e-07 1.4352893296e+00 1.4350000000e+00
7.020500000e-07 1.4352504127e+00 1.4350000000e+00
7.030500000e-07 1.4352135851e+00 1.4350000000e+00
7.040500000e-07 1.4351789499e+00 1.4350000000e+00
7.050500000e-07 1.4351465786e+00 1.4350000000e+00
7.060500000e-07 1.4351165142e+00 1.4350000000e+00
7.070500000e-07 1.4350887740e+00 1.4350000000e+00
7.080500000e-07 1.4350633522e+00 1.4350000000e+00
7.090500000e-07 1.4350402226e+00 1.4350000000e+00
7.100500000e-07 1.4350193412e+00 1.4350000000e+00
7.110500000e-07 1.4350006480e+00 1.4350000000e+00
7.120500000e-07 1.4349840702e+00 1.4350000000e+00
7.130500000e-07 1.4349695235e+00 1.4350000000e+00
7.140500000e-07 1.4349569148e+00 1.4350000000e+00
7.150500000e-07 1.4349461435e+00 1.4350000000e+00
7.160500000e-07 1.4349371033e+00 1.4350000000e+00
7.170500000e-07 1.4349296844e+00 1.4350000000e+00
7.180500000e-07 1.4349237739e+00 1.4350000000e+00
7.190500000e-07 1.4349192582e+00 1.4350000000e+00
7.200500000e-07 1.4349160233e+00 1.4350000000e+00
7.210500000e-07 1.4349139562e+00 1.4350000000e+00
7.220500000e-07 1.4349129462e+00 1.4350000000e+00
7.230500000e-07 1.4349128847e+00 1.4350000000e+00
7.240500000e-07 1.4349136671e+00 1.4350000000e+00
7.250500000e-07 1.4349151924e+00 1.4350000000e+00
7.260500000e-07 1.4349173641e+00 1.4350000000e+00
7.270500000e-07 1.4349200906e+00 1.4350000000e+00
7.280500000e-07 1.4349232855e+00 1.4350000000e+00
7.290500000e-07 1.4349268676e+00 1.4350000000e+00
7.300500000e-07 1.4349307612e+00 1.4350000000e+00
7.310500000e-07 1.4349348964e+00 1.4350000000e+00
7.320500000e-07 1.4349392085e+00 1.4350000000e+00
7.330500000e-07 1.4349436387e+00 1.4350000000e+00
7.340500000e-07 1.4349481336e+00 1.4350000000e+00
7.350500000e-07 1.4349526450e+00 1.4350000000e+00
7.360500000e-07 1.4349571301e+00 1.4350000000e+00
7.370500000e-07 1.4349615510e+00 1.4350000000e+00
7.380500000e-07 1.4349658745e+00 1.4350000000e+00
7.390500000e-07 1.4349700721e+00 1.4350000000e+00
7.400500000e-07 1.4349741197e+00 1.4350000000e+00
7.410500000e-07 1.4349779971e+00 1.4350000000e+00
7.420500000e-07 1.4349816879e+00 1.4350000000e+00
7.430500000e-07 1.4349851793e+00 1.4350000000e+00
7.440500000e-07 1.4349884616e+00 1.4350000000e+00
7.450500000e-07 1.4349915283e+00 1.4350000000e+00
7.460500000e-07 1.4349943754e+00 1.4350000000e+00
7.470500000e-07 1.4349970013e+00 1.4350000000e+00
7.480500000e-07 1.4349994069e+00 1.4350000000e+00
7.490500000e-07 1.4350015946e+00 1.4350000000e+00
7.500500000e-07 1.4350035689e+00 1.4350000000e+00
7.510500000e-07 1.4350053354e+00 1.4350000000e+00
7.520500000e-07 1.4350069012e+00 1.4350000000e+00
7.530500000e-07 1.4350082743e+00 1.4350000000e+00
7.540500000e-07 1.4350094638e+00 1.4350000000e+00
7.550500000e-07 1.4350104791e+00 1.4350000000e+00
7.560500000e-07 1.4350113303e+00 1.4350000000e+00
7.570500000e-07 1.4350120281e+00 1.4350000000e+00
7.580500000e-07 1.4350125830e+00 1.4350000000e+00
7.590500000e-07 1.4350130059e+00 1.4350000000e+00
7.600500000e-07 1.4350133077e+00 1.4350000000e+00
7.610500000e-07 1.4350134990e+00 1.4350000000e+00
7.620500000e-07 1.4350135904e+00 1.4350000000e+00
7.630500000e-07 1.4350135922e+00 1.4350000000e+00
7.640500000e-07 1.4350135143e+00 1.4350000000e+00
7.650500000e-07 1.4350133663e+00 1.4350000000e+00
7.660500000e-07 1.4350131573e+00 1.4350000000e+00
7.670500000e-07 1.4350128960e+00 1.4350000000e+00
7.680500000e-07 1.4350125906e+00 1.4350000000e+00
7.690500000e-07 1.4350122488e+00 1.4350000000e+00
7.700500000e-07 1.4350118776e+00 1.4350000000e+00
7.710500000e-07 1.4350114839e+00 1.4350000000e+00
7.720500000e-07 1.4350110736e+00 1.4350000000e+00
7.730500000e-07 1.4350106524e+00 1.4350000000e+00
7.740500000e-07 1.4350102252e+00 1.4350000000e+00
7.750500000e-07 1.4350097967e+00 1.4350000000e+00
7.760500000e-07 1.4350093709e+00 1.4350000000e+00
7.770500000e-07 1.4350089513e+00 1.4350000000e+00
7.780500000e-07 1.4350085411e+00 1.4350000000e+00
7.790500000e-07 1.4350081429e+00 1.4350000000e+00
7.800500000e-07 1.4350077592e+00 1.4350000000e+00
7.810500000e-07 1.4350073916e+00 1.4350000000e+00
7.820500000e-07 1.4350070419e+00 1.4350000000e+00
7.830500000e-07 1.4350067112e+00 1.4350000000e+00
7.840500000e-07 1.4350064003e+00 1.4350000000e+00
7.850500000e-07 1.4350061100e+00 1.4350000000e+00
7.860500000e-07 1.4350058405e+00 1.4350000000e+00
7.870500000e-07 1.4350055920e+00 1.4350000000e+00
7.880500000e-07 1.4350053645e+00 1.4350000000e+00
7.890500000e-07 1.4350051576e+00 1.4350000000e+00
7.900500000e-07 1.4350049710e+00 1.4350000000e+00
7.910500000e-07 1.4350048041e+00 1.4350000000e+00
7.920500000e-07 1.4350046563e+00 1.4350000000e+00
7.930500000e-07 1.4350045267e+00 1.4350000000e+00
7.940500000e-07 1.4350044145e+00 1.4350000000e+00
7.950500000e-07 1.4350043188e+00 1.4350000000e+00
7.960500000e-07 1.4350042386e+00 1.4350000000e+00
7.970500000e-07 1.4350041730e+00 1.4350000000e+00
7.980500000e-07 1.4350041209e+00 1.4350000000e+00
7.990500000e-07 1.4350040813e+00 1.4350000000e+00
8.000500000e-07 1.4350040531e+00 1.4350000000e+00
8.010500000e-07 1.4350040354e+00 1.4350000000e+00
8.020500000e-07 1.4350040272e+00 1.4350000000e+00
8.030500000e-07 1.4350040274e+00 1.4350000000e+00
8.040500000e-07 1.4350040351e+00 1.4350000000e+00
8.050500000e-07 1.4350040495e+00 1.4350000000e+00
8.060500000e-07 1.4350040696e+00 1.4350000000e+00
8.070500000e-07 1.4350040946e+00 1.4350000000e+00
8.080500000e-07 1.4350041238e+00 1.4350000000e+00
8.090500000e-07 1.4350041565e+00 1.4350000000e+00
8.100500000e-07 1.4350041918e+00 1.4350000000e+00
8.110500000e-07 1.4350042293e+00 1.4350000000e+00
8.120500000e-07 1.4350042684e+00 1.4350000000e+00
8.130500000e-07 1.4350043084e+00 1.4350000000e+00
8.140500000e-07 1.4350043490e+00 1.4350000000e+00
8.150500000e-07 1.4350043897e+00 1.4350000000e+00
8.160500000e-07 1.4350044302e+00 1.4350000000e+00
8.170500000e-07 1.4350044700e+00 1.4350000000e+00
8.180500000e-07 1.4350045089e+00 1.4350000000e+00
8.190500000e-07 1.4350045467e+00 1.4350000000e+00
8.200500000e-07 1.4350045831e+00 1.4350000000e+00
8.210500000e-07 1.4350046179e+00 1.4350000000e+00
8.220500000e-07 1.4350046510e+00 1.4350000000e+00
8.230500000e-07 1.4350046824e+00 1.4350000000e+00
8.240500000e-07 1.4350047118e+00 1.4350000000e+00
8.250500000e-07 1.4350047393e+00 1.4350000000e+00
8.260500000e-07 1.4350047648e+00 1.4350000000e+00
8.270500000e-07 1.4350047883e+00 1.4350000000e+00
8.280500000e-07 1.4350048099e+00 1.4350000000e+00
8.290500000e-07 1.4350048294e+00 1.4350000000e+00
8.300500000e-07 1.4350048471e+00 1.4350000000e+00
8.310500000e-07 1.4350048628e+00 1.4350000000e+00
8.320500000e-07 1.4350048768e+00 1.4350000000e+00
8.330500000e-07 1.4350048890e+00 1.4350000000e+00
8.340500000e-07 1.4350048996e+00 1.4350000000e+00
8.350500000e-07 1.4350049086e+00 1.4350000000e+00
8.360500000e-07 1.4350049162e+00 1.4350000000e+00
8.370500000e-07 1.4350049223e+00 1.4350000000e+00
8.380500000e-07 1.4350049272e+00 1.4350000000e+00
8.390500000e-07 1.4350049309e+00 1.4350000000e+00
8.400500000e-07 1.4350049336e+00 1.4350000000e+00
8.410500000e-07 1.4350049352e+00 1.4350000000e+00
8.420500000e-07 1.4350049360e+00 1.4350000000e+00
8.430500000e-07 1.4350049359e+00 1.4350000000e+00
8.440500000e-07 1.4350049351e+00 1.4350000000e+00
8.450500000e-07 1.4350049338e+00 1.4350000000e+00
8.460500000e-07 1.4350049318e+00 1.4350000000e+00
8.470500000e-07 1.4350049294e+00 1.4350000000e+00
8.480500000e-07 1.4350049266e+00 1.4350000000e+00
8.490500000e-07 1.4350049235e+00 1.4350000000e+00
8.500500000e-07 1.4350049202e+00 1.4350000000e+00
8.510500000e-07 1.4350049166e+00 1.4350000000e+00
8.520500000e-07 1.4350049129e+00 1.4350000000e+00
8.530500000e-07 1.4350049091e+00 1.4350000000e+00
8.540500000e-07 1.4350049052e+00 1.4350000000e+00
8.550500000e-07 1.4350049013e+00 1.4350000000e+00
8.560500000e-07 1.4350048975e+00 1.4350000000e+00
8.570500000e-07 1.4350048937e+00 1.4350000000e+00
8.580500000e-07 1.4350048900e+00 1.4350000000e+00
8.590500000e-07 1.4350048865e+00 1.4350000000e+00
8.600500000e-07 1.4350048830e+00 1.4350000000e+00
8.610500000e-07 1.4350048797e+00 1.4350000000e+00
8.620500000e-07 1.4350048766e+00 1.4350000000e+00
8.630500000e-07 1.4350048736e+00 1.4350000000e+00
8.640500000e-07 1.4350048708e+00 1.4350000000e+00
8.650500000e-07 1.4350048682e+00 1.4350000000e+00
8.660500000e-07 1.4350048658e+00 1.4350000000e+00
8.670500000e-07 1.4350048636e+00 1.4350000000e+00
8.680500000e-07 1.4350048615e+00 1.4350000000e+00
8.690500000e-07 1.4350048597e+00 1.4350000000e+00
8.700500000e-07 1.4350048580e+00 1.4350000000e+00
8.710500000e-07 1.4350048565e+00 1.4350000000e+00
8.720500000e-07 1.4350048552e+00 1.4350000000e+00
8.730500000e-07 1.4350048540e+00 1.4350000000e+00
8.740500000e-07 1.4350048530e+00 1.4350000000e+00
8.750500000e-07 1.4350048522e+00 1.4350000000e+00
8.760500000e-07 1.4350048515e+00 1.4350000000e+00
8.770500000e-07 1.4350048509e+00 1.4350000000e+00
8.780500000e-07 1.4350048504e+00 1.4350000000e+00
8.790500000e-07 1.4350048501e+00 1.4350000000e+00
8.800500000e-07 1.4350048498e+00 1.4350000000e+00
8.810500000e-07 1.4350048497e+00 1.4350000000e+00
8.820500000e-07 1.4350048496e+00 1.4350000000e+00
8.830500000e-07 1.4350048496e+00 1.4350000000e+00
8.840500000e-07 1.4350048497e+00 1.4350000000e+00
8.850500000e-07 1.4350048498e+00 1.4350000000e+00
8.860500000e-07 1.4350048500e+00 1.4350000000e+00
8.870500000e-07 1.4350048502e+00 1.4350000000e+00
8.880500000e-07 1.4350048505e+00 1.4350000000e+00
8.890500000e-07 1.4350048508e+00 1.4350000000e+00
8.900500000e-07 1.4350048511e+00 1.4350000000e+00
8.910500000e-07 1.4350048514e+00 1.4350000000e+00
8.920500000e-07 1.4350048518e+00 1.4350000000e+00
8.930500000e-07 1.4350048522e+00 1.4350000000e+00
8.940500000e-07 1.4350048525e+00 1.4350000000e+00
8.950500000e-07 1.4350048529e+00 1.4350000000e+00
8.960500000e-07 1.4350048533e+00 1.4350000000e+00
8.970500000e-07 1.4350048536e+00 1.4350000000e+00
8.980500000e-07 1.4350048540e+00 1.4350000000e+00
8.990500000e-07 1.4350048543e+00 1.4350000000e+00
9.000500000e-07 1.4350048546e+00 1.4350000000e+00
9.010500000e-07 1.4350048549e+00 1.4350000000e+00
9.020500000e-07 1.4350048552e+00 1.4350000000e+00
9.030500000e-07 1.4350048555e+00 1.4350000000e+00
9.040500000e-07 1.4350048558e+00 1.4350000000e+00
9.050500000e-07 1.4350048560e+00 1.4350000000e+00
9.060500000e-07 1.4350048563e+00 1.4350000000e+00
9.070500000e-07 1.4350048565e+00 1.4350000000e+00
9.080500000e-07 1.4350048567e+00 1.4350000000e+00
9.090500000e-07 1.4350048568e+00 1.4350000000e+00
9.100500000e-07 1.4350048570e+00 1.4350000000e+00
9.110500000e-07 1.4350048572e+00 1.4350000000e+00
9.120500000e-07 1.4350048573e+00 1.4350000000e+00
9.130500000e-07 1.4350048574e+00 1.4350000000e+00
9.140500000e-07 1.4350048575e+00 1.4350000000e+00
9.150500000e-07 1.4350048576e+00 1.4350000000e+00
9.160500000e-07 1.4350048576e+00 1.4350000000e+00
9.170500000e-07 1.4350048577e+00 1.4350000000e+00
9.180500000e-07 1.4350048577e+00 1.4350000000e+00
9.190500000e-07 1.4350048578e+00 1.4350000000e+00
9.200500000e-07 1.4350048578e+00 1.4350000000e+00
9.210500000e-07 1.4350048578e+00 1.4350000000e+00
9.220500000e-07 1.4350048578e+00 1.4350000000e+00
9.230500000e-07 1.4350048578e+00 1.4350000000e+00
9.240500000e-07 1.4350048578e+00 1.4350000000e+00
9.250500000e-07 1.4350048578e+00 1.4350000000e+00
9.260500000e-07 1.4350048578e+00 1.4350000000e+00
9.270500000e-07 1.4350048578e+00 1.4350000000e+00
9.280500000e-07 1.4350048577e+00 1.4350000000e+00
9.290500000e-07 1.4350048577e+00 1.4350000000e+00
9.300500000e-07 1.4350048577e+00 1.4350000000e+00
9.310500000e-07 1.4350048576e+00 1.4350000000e+00
9.320500000e-07 1.4350048576e+00 1.4350000000e+00
9.330500000e-07 1.4350048576e+00 1.4350000000e+00
9.340500000e-07 1.4350048575e+00 1.4350000000e+00
9.350500000e-07 1.4350048575e+00 1.4350000000e+00
9.360500000e-07 1.4350048575e+00 1.4350000000e+00
9.370500000e-07 1.4350048574e+00 1.4350000000e+00
9.380500000e-07 1.4350048574e+00 1.4350000000e+00
9.390500000e-07 1.4350048573e+00 1.4350000000e+00
9.400500000e-07 1.4350048573e+00 1.4350000000e+00
9.410500000e-07 1.4350048573e+00 1.4350000000e+00
9.420500000e-07 1.4350048573e+00 1.4350000000e+00
9.430500000e-07 1.4350048572e+00 1.4350000000e+00
9.440500000e-07 1.4350048572e+00 1.4350000000e+00
9.450500000e-07 1.4350048572e+00 1.4350000000e+00
9.460500000e-07 1.4350048572e+00 1.4350000000e+00
9.470500000e-07 1.4350048571e+00 1.4350000000e+00
9.480500000e-07 1.4350048571e+00 1.4350000000e+00
9.490500000e-07 1.4350048571e+00 1.4350000000e+00
9.500500000e-07 1.4350048571e+00 1.4350000000e+00
9.510500000e-07 1.4350048571e+00 1.4350000000e+00
9.520500000e-07 1.4350048571e+00 1.4350000000e+00
9.530500000e-07 1.4350048570e+00 1.4350000000e+00
9.540500000e-07 1.4350048570e+00 1.4350000000e+00
9.550500000e-07 1.4350048570e+00 1.4350000000e+00
9.560500000e-07 1.4350048570e+00 1.4350000000e+00
9.570500000e-07 1.4350048570e+00 1.4350000000e+00
9.580500000e-07 1.4350048570e+00 1.4350000000e+00
9.590500000e-07 1.4350048570e+00 1.4350000000e+00
9.600500000e-07 1.4350048570e+00 1.4350000000e+00
9.610500000e-07 1.4350048570e+00 1.4350000000e+00
9.620500000e-07 1.4350048570e+00 1.4350000000e+00
9.630500000e-07 1.4350048570e+00 1.4350000000e+00
9.640500000e-07 1.4350048570e+00 1.4350000000e+00
9.650500000e-07 1.4350048570e+00 1.4350000000e+00
9.660500000e-07 1.4350048570e+00 1.4350000000e+00
9.670500000e-07 1.4350048570e+00 1.4350000000e+00
9.680500000e-07 1.4350048570e+00 1.4350000000e+00
9.690500000e-07 1.4350048570e+00 1.4350000000e+00
9.700500000e-07 1.4350048570e+00 1.4350000000e+00
9.710500000e-07 1.4350048570e+00 1.4350000000e+00
9.720500000e-07 1.4350048570e+00 1.4350000000e+00
9.730500000e-07 1.4350048570e+00 1.4350000000e+00
9.740500000e-07 1.4350048570e+00 1.4350000000e+00
9.750500000e-07 1.4350048570e+00 1.4350000000e+00
9.760500000e-07 1.4350048570e+00 1.4350000000e+00
9.770500000e-07 1.4350048570e+00 1.4350000000e+00
9.780500000e-07 1.4350048570e+00 1.4350000000e+00
9.790500000e-07 1.4350048570e+00 1.4350000000e+00
9.800500000e-07 1.4350048570e+00 1.4350000000e+00
9.810500000e-07 1.4350048570e+00 1.4350000000e+00
9.820500000e-07 1.4350048570e+00 1.4350000000e+00
9.830500000e-07 1.4350048570e+00 1.4350000000e+00
9.840500000e-07 1.4350048570e+00 1.4350000000e+00
9.850500000e-07 1.4350048571e+00 1.4350000000e+00
9.860500000e-07 1.4350048571e+00 1.4350000000e+00
9.870500000e-07 1.4350048571e+00 1.4350000000e+00
9.880500000e-07 1.4350048571e+00 1.4350000000e+00
9.890500000e-07 1.4350048571e+00 1.4350000000e+00
9.900500000e-07 1.4350048571e+00 1.4350000000e+00
9.910500000e-07 1.4350048571e+00 1.4350000000e+00
9.920500000e-07 1.4350048571e+00 1.4350000000e+00
9.930500000e-07 1.4350048571e+00 1.4350000000e+00
9.940500000e-07 1.4350048571e+00 1.4350000000e+00
9.950500000e-07 1.4350048571e+00 1.4350000000e+00
9.960500000e-07 1.4350048571e+00 1.4350000000e+00
9.970500000e-07 1.4350048571e+00 1.4350000000e+00
9.980500000e-07 1.4350048571e+00 1.4350000000e+00
9.990500000e-07 1.4350048571e+00 1.4350000000e+00
1.000050000e-06 1.4350048571e+00 1.4350000000e+00
1.001050000e-06 1.4350048571e+00 1.4350000000e+00
1.002050000e-06 1.4350048571e+00 1.4350000000e+00
1.003050000e-06 1.4350048571e+00 1.4350000000e+00
1.004050000e-06 1.4350048571e+00 1.4350000000e+00
1.005050000e-06 1.4350048571e+00 1.4350000000e+00
1.006050000e-06 1.4350048571e+00 1.4350000000e+00
1.007050000e-06 1.4350048571e+00 1.4350000000e+00
1.008050000e-06 1.4350048571e+00 1.4350000000e+00
1.009050000e-06 1.4350048571e+00 1.4350000000e+00
1.010050000e-06 1.4350048571e+00 1.4350000000e+00
1.011050000e-06 1.4350048571e+00 1.4350000000e+00
1.012050000e-06 1.4350048571e+00 1.4350000000e+00
1.013050000e-06 1.4350048571e+00 1.4350000000e+00
1.014050000e-06 1.4350048571e+00 1.4350000000e+00
1.015050000e-06 1.4350048571e+00 1.4350000000e+00
1.016050000e-06 1.4350048571e+00 1.4350000000e+00
1.017050000e-06 1.4350048571e+00 1.4350000000e+00
1.018050000e-06 1.4350048571e+00 1.4350000000e+00
1.019050000e-06 1.4350048571e+00 1.4350000000e+00
1.020050000e-06 1.4350048571e+00 1.4350000000e+00
1.021050000e-06 1.4350048571e+00 1.4350000000e+00
1.022050000e-06 1.4350048571e+00 1.4350000000e+00
1.023050000e-06 1.4350048571e+00 1.4350000000e+00
1.024050000e-06 1.4350048571e+00 1.4350000000e+00
1.025050000e-06 1.4350048571e+00 1.4350000000e+00
1.026050000e-06 1.4350048571e+00 1.4350000000e+00
1.027050000e-06 1.4350048571e+00 1.4350000000e+00
1.028050000e-06 1.4350048571e+00 1.4350000000e+00
1.029050000e-06 1.4350048571e+00 1.4350000000e+00
1.030050000e-06 1.4350048571e+00 1.4350000000e+00
1.031050000e-06 1.4350048571e+00 1.4350000000e+00
1.032050000e-06 1.4350048571e+00 1.4350000000e+00
1.033050000e-06 1.4350048571e+00 1.4350000000e+00
1.034050000e-06 1.4350048571e+00 1.4350000000e+00
1.035050000e-06 1.4350048571e+00 1.4350000000e+00
1.036050000e-06 1.4350048571e+00 1.4350000000e+00
1.037050000e-06 1.4350048570e+00 1.4350000000e+00
1.038050000e-06 1.4350048570e+00 1.4350000000e+00
1.039050000e-06 1.4350048570e+00 1.4350000000e+00
1.040050000e-06 1.4350048570e+00 1.4350000000e+00
1.041050000e-06 1.4350048570e+00 1.4350000000e+00
1.042050000e-06 1.4350048570e+00 1.4350000000e+00
1.043050000e-06 1.4350048570e+00 1.4350000000e+00
1.044050000e-06 1.4350048570e+00 1.4350000000e+00
1.045050000e-06 1.4350048570e+00 1.4350000000e+00
1.046050000e-06 1.4350048570e+00 1.4350000000e+00
1.047050000e-06 1.4350048570e+00 1.4350000000e+00
1.048050000e-06 1.4350048571e+00 1.4350000000e+00
1.049050000e-06 1.4350048571e+00 1.4350000000e+00
1.050050000e-06 1.4350048571e+00 1.4350000000e+00
1.051050000e-06 1.4350048571e+00 1.4350000000e+00
1.052050000e-06 1.4350048571e+00 1.4350000000e+00
1.053050000e-06 1.4350048571e+00 1.4350000000e+00
1.054050000e-06 1.4350048571e+00 1.4350000000e+00
1.055050000e-06 1.4350048571e+00 1.4350000000e+00
1.056050000e-06 1.4350048571e+00 1.4350000000e+00
1.057050000e-06 1.4350048571e+00 1.4350000000e+00
1.058050000e-06 1.4350048571e+00 1.4350000000e+00
1.059050000e-06 1.4350048571e+00 1.4350000000e+00
1.060050000e-06 1.4350048571e+00 1.4350000000e+00
1.061050000e-06 1.4350048571e+00 1.4350000000e+00
1.062050000e-06 1.4350048571e+00 1.4350000000e+00
1.063050000e-06 1.4350048571e+00 1.4350000000e+00
1.064050000e-06 1.4350048571e+00 1.4350000000e+00
1.065050000e-06 1.4350048571e+00 1.4350000000e+00
1.066050000e-06 1.4350048571e+00 1.4350000000e+00
1.067050000e-06 1.4350048571e+00 1.4350000000e+00
1.068050000e-06 1.4350048571e+00 1.4350000000e+00
1.069050000e-06 1.4350048571e+00 1.4350000000e+00
1.070050000e-06 1.4350048571e+00 1.4350000000e+00
1.071050000e-06 1.4350048571e+00 1.4350000000e+00
1.072050000e-06 1.4350048571e+00 1.4350000000e+00
1.073050000e-06 1.4350048571e+00 1.4350000000e+00
1.074050000e-06 1.4350048571e+00 1.4350000000e+00
1.075050000e-06 1.4350048571e+00 1.4350000000e+00
1.076050000e-06 1.4350048571e+00 1.4350000000e+00
1.077050000e-06 1.4350048571e+00 1.4350000000e+00
1.078050000e-06 1.4350048571e+00 1.4350000000e+00
1.079050000e-06 1.4350048571e+00 1.4350000000e+00
1.080050000e-06 1.4350048571e+00 1.4350000000e+00
1.081050000e-06 1.4350048571e+00 1.4350000000e+00
1.082050000e-06 1.4350048571e+00 1.4350000000e+00
1.083050000e-06 1.4350048571e+00 1.4350000000e+00
1.084050000e-06 1.4350048571e+00 1.4350000000e+00
1.085050000e-06 1.4350048571e+00 1.4350000000e+00
1.086050000e-06 1.4350048571e+00 1.4350000000e+00
1.087050000e-06 1.4350048571e+00 1.4350000000e+00
1.088050000e-06 1.4350048571e+00 1.4350000000e+00
1.089050000e-06 1.4350048571e+00 1.4350000000e+00
1.090050000e-06 1.4350048571e+00 1.4350000000e+00
1.091050000e-06 1.4350048571e+00 1.4350000000e+00
1.092050000e-06 1.4350048571e+00 1.4350000000e+00
1.093050000e-06 1.4350048571e+00 1.4350000000e+00
1.094050000e-06 1.4350048571e+00 1.4350000000e+00
1.095050000e-06 1.4350048571e+00 1.4350000000e+00
1.096050000e-06 1.4350048571e+00 1.4350000000e+00
1.097050000e-06 1.4350048571e+00 1.4350000000e+00
1.098050000e-06 1.4350048571e+00 1.4350000000e+00
1.099050000e-06 1.4350048571e+00 1.4350000000e+00
1.100000000e-06 1.4350048571e+00 1.4350000000e+00
