# time_s vout_v vinp_v
0.000000000e+00 1.7650123152e+00 1.7650000000e+00
1.000000000e-11 1.7650123152e+00 1.7650000000e+00
2.000000000e-11 1.7650123152e+00 1.7650000000e+00
4.000000000e-11 1.7650123152e+00 1.7650000000e+00
8.000000000e-11 1.7650123152e+00 1.7650000000e+00
1.600000000e-10 1.7650123152e+00 1.7650000000e+00
3.200000000e-10 1.7650123152e+00 1.7650000000e+00
6.400000000e-10 1.7650123152e+00 1.7650000000e+00
1.280000000e-09 1.7650123152e+00 1.7650000000e+00
2.280000000e-09 1.7650123152e+00 1.7650000000e+00
3.280000000e-09 1.7650123152e+00 1.7650000000e+00
4.280000000e-09 1.7650123152e+00 1.7650000000e+00
5.280000000e-09 1.7650123152e+00 1.7650000000e+00
6.280000000e-09 1.7650123152e+00 1.7650000000e+00
7.280000000e-09 1.7650123152e+00 1.7650000000e+00
8.280000000e-09 1.7650123152e+00 1.7650000000e+00
9.280000000e-09 1.7650123152e+00 1.7650000000e+00
1.028000000e-08 1.7650123152e+00 1.7650000000e+00
1.128000000e-08 1.7650123152e+00 1.7650000000e+00
1.228000000e-08 1.7650123152e+00 1.7650000000e+00
1.328000000e-08 1.7650123153e+00 1.7650000000e+00
1.428000000e-08 1.7650123153e+00 1.7650000000e+00
1.528000000e-08 1.7650123153e+00 1.7650000000e+00
1.628000000e-08 1.7650123153e+00 1.7650000000e+00
1.728000000e-08 1.7650123153e+00 1.7650000000e+00
1.828000000e-08 1.7650123153e+00 1.7650000000e+00
1.928000000e-08 1.7650123153e+00 1.7650000000e+00
2.028000000e-08 1.7650123152e+00 1.7650000000e+00
2.128000000e-08 1.7650123152e+00 1.7650000000e+00
2.228000000e-08 1.7650123152e+00 1.7650000000e+00
2.328000000e-08 1.7650123152e+00 1.7650000000e+00
2.428000000e-08 1.7650123152e+00 1.7650000000e+00
2.528000000e-08 1.7650123152e+00 1.7650000000e+00
2.628000000e-08 1.7650123152e+00 1.7650000000e+00
2.728000000e-08 1.7650123152e+00 1.7650000000e+00
2.828000000e-08 1.7650123152e+00 1.7650000000e+00
2.928000000e-08 1.7650123152e+00 1.7650000000e+00
3.028000000e-08 1.7650123152e+00 1.7650000000e+00
3.128000000e-08 1.7650123152e+00 1.7650000000e+00
3.228000000e-08 1.7650123152e+00 1.7650000000e+00
3.328000000e-08 1.7650123152e+00 1.7650000000e+00
3.428000000e-08 1.7650123152e+00 1.7650000000e+00
3.528000000e-08 1.7650123152e+00 1.7650000000e+00
3.628000000e-08 1.7650123152e+00 1.7650000000e+00
3.728000000e-08 1.7650123152e+00 1.7650000000e+00
3.828000000e-08 1.7650123152e+00 1.7650000000e+00
3.928000000e-08 1.7650123152e+00 1.7650000000e+00
4.028000000e-08 1.7650123152e+00 1.7650000000e+00
4.128000000e-08 1.7650123152e+00 1.7650000000e+00
4.228000000e-08 1.7650123152e+00 1.7650000000e+00
4.328000000e-08 1.7650123152e+00 1.7650000000e+00
4.428000000e-08 1.7650123152e+00 1.7650000000e+00
4.528000000e-08 1.7650123152e+00 1.7650000000e+00
4.628000000e-08 1.7650123152e+00 1.7650000000e+00
4.728000000e-08 1.7650123152e+00 1.7650000000e+00
4.828000000e-08 1.7650123152e+00 1.7650000000e+00
4.928000000e-08 1.7650123152e+00 1.7650000000e+00
5.028000000e-08 1.7650123152e+00 1.7650000000e+00
5.128000000e-08 1.7650123152e+00 1.7650000000e+00
5.228000000e-08 1.7650123152e+00 1.7650000000e+00
5.328000000e-08 1.7650123152e+00 1.7650000000e+00
5.428000000e-08 1.7650123152e+00 1.7650000000e+00
5.528000000e-08 1.7650123152e+00 1.7650000000e+00
5.628000000e-08 1.7650123152e+00 1.7650000000e+00
5.728000000e-08 1.7650123152e+00 1.7650000000e+00
5.828000000e-08 1.7650123152e+00 1.7650000000e+00
5.928000000e-08 1.7650123152e+00 1.7650000000e+00
6.028000000e-08 1.7650123152e+00 1.7650000000e+00
6.128000000e-08 1.7650123152e+00 1.7650000000e+00
6.228000000e-08 1.7650123152e+00 1.7650000000e+00
6.328000000e-08 1.7650123152e+00 1.7650000000e+00
6.428000000e-08 1.7650123152e+00 1.7650000000e+00
6.528000000e-08 1.7650123152e+00 1.7650000000e+00
6.628000000e-08 1.7650123152e+00 1.7650000000e+00
6.728000000e-08 1.7650123152e+00 1.7650000000e+00
6.828000000e-08 1.7650123152e+00 1.7650000000e+00
6.928000000e-08 1.7650123152e+00 1.7650000000e+00
7.028000000e-08 1.7650123152e+00 1.7650000000e+00
7.128000000e-08 1.7650123152e+00 1.7650000000e+00
7.228000000e-08 1.7650123152e+00 1.7650000000e+00
7.328000000e-08 1.7650123152e+00 1.7650000000e+00
7.428000000e-08 1.7650123152e+00 1.7650000000e+00
7.528000000e-08 1.7650123152e+00 1.7650000000e+00
7.628000000e-08 1.7650123152e+00 1.7650000000e+00
7.728000000e-08 1.7650123152e+00 1.7650000000e+00
7.828000000e-08 1.7650123152e+00 1.7650000000e+00
7.928000000e-08 1.7650123152e+00 1.7650000000e+00
8.028000000e-08 1.7650123152e+00 1.7650000000e+00
8.128000000e-08 1.7650123152e+00 1.7650000000e+00
8.228000000e-08 1.7650123152e+00 1.7650000000e+00
8.328000000e-08 1.7650123152e+00 1.7650000000e+00
8.428000000e-08 1.7650123152e+00 1.7650000000e+00
8.528000000e-08 1.7650123152e+00 1.7650000000e+00
8.628000000e-08 1.7650123152e+00 1.7650000000e+00
8.728000000e-08 1.7650123152e+00 1.7650000000e+00
8.828000000e-08 1.7650123152e+00 1.7650000000e+00
8.928000000e-08 1.7650123152e+00 1.7650000000e+00
9.028000000e-08 1.7650123152e+00 1.7650000000e+00
9.128000000e-08 1.7650123152e+00 1.7650000000e+00
9.228000000e-08 1.7650123152e+00 1.7650000000e+00
9.328000000e-08 1.7650123152e+00 1.7650000000e+00
9.428000000e-08 1.7650123152e+00 1.7650000000e+00
9.528000000e-08 1.7650123152e+00 1.7650000000e+00
9.628000000e-08 1.7650123152e+00 1.7650000000e+00
9.728000000e-08 1.7650123152e+00 1.7650000000e+00
9.828000000e-08 1.7650123152e+00 1.7650000000e+00
9.914000000e-08 1.7650123152e+00 1.7650000000e+00
1.000000000e-07 1.7650123152e+00 1.7650000000e+00
1.001000000e-07 1.7650215229e+00 1.7750000000e+00
1.003000000e-07 1.7650344196e+00 1.7950000000e+00
1.006500000e-07 1.7650336657e+00 1.8300000000e+00
1.010000000e-07 1.7650159352e+00 1.8650000000e+00
1.010700000e-07 1.7650054734e+00 1.8650000000e+00
1.012100000e-07 1.7649889130e+00 1.8650000000e+00
1.014900000e-07 1.7649846605e+00 1.8650000000e+00
1.020500000e-07 1.7651143333e+00 1.8650000000e+00
1.030500000e-07 1.7658889218e+00 1.8650000000e+00
1.040500000e-07 1.7674135217e+00 1.8650000000e+00
1.050500000e-07 1.7696761464e+00 1.8650000000e+00
1.060500000e-07 1.7726093349e+00 1.8650000000e+00
1.070500000e-07 1.7761242090e+00 1.8650000000e+00
1.080500000e-07 1.7801250750e+00 1.8650000000e+00
1.090500000e-07 1.7845165207e+00 1.8650000000e+00
1.100500000e-07 1.7892073325e+00 1.8650000000e+00
1.110500000e-07 1.7941124402e+00 1.8650000000e+00
1.120500000e-07 1.7991539195e+00 1.8650000000e+00
1.130500000e-07 1.8042614625e+00 1.8650000000e+00
1.140500000e-07 1.8093725098e+00 1.8650000000e+00
1.150500000e-07 1.8144321691e+00 1.8650000000e+00
1.160500000e-07 1.8193929856e+00 1.8650000000e+00
1.170500000e-07 1.8242146111e+00 1.8650000000e+00
1.180500000e-07 1.8288633986e+00 1.8650000000e+00
1.190500000e-07 1.8333119465e+00 1.8650000000e+00
1.200500000e-07 1.8375386085e+00 1.8650000000e+00
1.210500000e-07 1.8415269856e+00 1.8650000000e+00
1.220500000e-07 1.8452654132e+00 1.8650000000e+00
1.230500000e-07 1.8487464523e+00 1.8650000000e+00
1.240500000e-07 1.8519663965e+00 1.8650000000e+00
1.250500000e-07 1.8549247991e+00 1.8650000000e+00
1.260500000e-07 1.8576240280e+00 1.8650000000e+00
1.270500000e-07 1.8600688496e+00 1.8650000000e+00
1.280500000e-07 1.8622660457e+00 1.8650000000e+00
1.290500000e-07 1.8642240631e+00 1.8650000000e+00
1.300500000e-07 1.8659526965e+00 1.8650000000e+00
1.310500000e-07 1.8674628036e+00 1.8650000000e+00
1.320500000e-07 1.8687660508e+00 1.8650000000e+00
1.330500000e-07 1.8698746880e+00 1.8650000000e+00
1.340500000e-07 1.8708013506e+00 1.8650000000e+00
1.350500000e-07 1.8715588860e+00 1.8650000000e+00
1.360500000e-07 1.8721602029e+00 1.8650000000e+00
1.370500000e-07 1.8726181413e+00 1.8650000000e+00
1.380500000e-07 1.8729453610e+00 1.8650000000e+00
1.390500000e-07 1.8731542464e+00 1.8650000000e+00
1.400500000e-07 1.8732568272e+00 1.8650000000e+00
1.410500000e-07 1.8732647113e+00 1.8650000000e+00
1.420500000e-07 1.8731890304e+00 1.8650000000e+00
1.430500000e-07 1.8730403962e+00 1.8650000000e+00
1.440500000e-07 1.8728288664e+00 1.8650000000e+00
1.450500000e-07 1.8725639183e+00 1.8650000000e+00
1.460500000e-07 1.8722544314e+00 1.8650000000e+00
1.470500000e-07 1.8719086760e+00 1.8650000000e+00
1.480500000e-07 1.8715343085e+00 1.8650000000e+00
1.490500000e-07 1.8711383714e+00 1.8650000000e+00
1.500500000e-07 1.8707272998e+00 1.8650000000e+00
1.510500000e-07 1.8703069305e+00 1.8650000000e+00
1.520500000e-07 1.8698825162e+00 1.8650000000e+00
1.530500000e-07 1.8694587430e+00 1.8650000000e+00
1.540500000e-07 1.8690397500e+00 1.8650000000e+00
1.550500000e-07 1.8686291530e+00 1.8650000000e+00
1.560500000e-07 1.8682300685e+00 1.8650000000e+00
1.570500000e-07 1.8678451410e+00 1.8650000000e+00
1.580500000e-07 1.8674765707e+00 1.8650000000e+00
1.590500000e-07 1.8671261428e+00 1.8650000000e+00
1.600500000e-07 1.8667952568e+00 1.8650000000e+00
1.610500000e-07 1.8664849571e+00 1.8650000000e+00
1.620500000e-07 1.8661959627e+00 1.8650000000e+00
1.630500000e-07 1.8659286973e+00 1.8650000000e+00
1.640500000e-07 1.8656833186e+00 1.8650000000e+00
1.650500000e-07 1.8654597472e+00 1.8650000000e+00
1.660500000e-07 1.8652576946e+00 1.8650000000e+00
1.670500000e-07 1.8650766898e+00 1.8650000000e+00
1.680500000e-07 1.8649161050e+00 1.8650000000e+00
1.690500000e-07 1.8647751798e+00 1.8650000000e+00
1.700500000e-07 1.8646530443e+00 1.8650000000e+00
1.710500000e-07 1.8645487404e+00 1.8650000000e+00
1.720500000e-07 1.8644612416e+00 1.8650000000e+00
1.730500000e-07 1.8643894712e+00 1.8650000000e+00
1.740500000e-07 1.8643323192e+00 1.8650000000e+00
1.750500000e-07 1.8642886573e+00 1.8650000000e+00
1.760500000e-07 1.8642573524e+00 1.8650000000e+00
1.770500000e-07 1.8642372785e+00 1.8650000000e+00
1.780500000e-07 1.8642273278e+00 1.8650000000e+00
1.790500000e-07 1.8642264192e+00 1.8650000000e+00
1.800500000e-07 1.8642335066e+00 1.8650000000e+00
1.810500000e-07 1.8642475852e+00 1.8650000000e+00
1.820500000e-07 1.8642676971e+00 1.8650000000e+00
1.830500000e-07 1.8642929351e+00 1.8650000000e+00
1.840500000e-07 1.8643224465e+00 1.8650000000e+00
1.850500000e-07 1.8643554350e+00 1.8650000000e+00
1.860500000e-07 1.8643911625e+00 1.8650000000e+00
1.870500000e-07 1.8644289493e+00 1.8650000000e+00
1.880500000e-07 1.8644681747e+00 1.8650000000e+00
1.890500000e-07 1.8645082758e+00 1.8650000000e+00
1.900500000e-07 1.8645487471e+00 1.8650000000e+00
1.910500000e-07 1.8645891380e+00 1.8650000000e+00
1.920500000e-07 1.8646290519e+00 1.8650000000e+00
1.930500000e-07 1.8646681432e+00 1.8650000000e+00
1.940500000e-07 1.8647061150e+00 1.8650000000e+00
1.950500000e-07 1.8647427163e+00 1.8650000000e+00
1.960500000e-07 1.8647777396e+00 1.8650000000e+00
1.970500000e-07 1.8648110173e+00 1.8650000000e+00
1.980500000e-07 1.8648424190e+00 1.8650000000e+00
1.990500000e-07 1.8648718484e+00 1.8650000000e+00
2.000500000e-07 1.8648992404e+00 1.8650000000e+00
2.010500000e-07 1.8649245580e+00 1.8650000000e+00
2.020500000e-07 1.8649477893e+00 1.8650000000e+00
2.030500000e-07 1.8649689448e+00 1.8650000000e+00
2.040500000e-07 1.8649880546e+00 1.8650000000e+00
2.050500000e-07 1.8650051659e+00 1.8650000000e+00
2.060500000e-07 1.8650203403e+00 1.8650000000e+00
2.070500000e-07 1.8650336520e+00 1.8650000000e+00
2.080500000e-07 1.8650451849e+00 1.8650000000e+00
2.090500000e-07 1.8650550311e+00 1.8650000000e+00
2.100500000e-07 1.8650632888e+00 1.8650000000e+00
2.110500000e-07 1.8650700608e+00 1.8650000000e+00
2.120500000e-07 1.8650754527e+00 1.8650000000e+00
2.130500000e-07 1.8650795717e+00 1.8650000000e+00
2.140500000e-07 1.8650825250e+00 1.8650000000e+00
2.150500000e-07 1.8650844194e+00 1.8650000000e+00
2.160500000e-07 1.8650853596e+00 1.8650000000e+00
2.170500000e-07 1.8650854475e+00 1.8650000000e+00
2.180500000e-07 1.8650847820e+00 1.8650000000e+00
2.190500000e-07 1.8650834577e+00 1.8650000000e+00
2.200500000e-07 1.8650815650e+00 1.8650000000e+00
2.210500000e-07 1.8650791893e+00 1.8650000000e+00
2.220500000e-07 1.8650764109e+00 1.8650000000e+00
2.230500000e-07 1.8650733048e+00 1.8650000000e+00
2.240500000e-07 1.8650699404e+00 1.8650000000e+00
2.250500000e-07 1.8650663818e+00 1.8650000000e+00
2.260500000e-07 1.8650626874e+00 1.8650000000e+00
2.270500000e-07 1.8650589101e+00 1.8650000000e+00
2.280500000e-07 1.8650550977e+00 1.8650000000e+00
2.290500000e-07 1.8650512924e+00 1.8650000000e+00
2.300500000e-07 1.8650475318e+00 1.8650000000e+00
2.310500000e-07 1.8650438483e+00 1.8650000000e+00
2.320500000e-07 1.8650402700e+00 1.8650000000e+00
2.330500000e-07 1.8650368205e+00 1.8650000000e+00
2.340500000e-07 1.8650335194e+00 1.8650000000e+00
2.350500000e-07 1.8650303826e+00 1.8650000000e+00
2.360500000e-07 1.8650274223e+00 1.8650000000e+00
2.370500000e-07 1.8650246477e+00 1.8650000000e+00
2.380500000e-07 1.8650220650e+00 1.8650000000e+00
2.390500000e-07 1.8650196777e+00 1.8650000000e+00
2.400500000e-07 1.8650174869e+00 1.8650000000e+00
2.410500000e-07 1.8650154917e+00 1.8650000000e+00
2.420500000e-07 1.8650136893e+00 1.8650000000e+00
2.430500000e-07 1.8650120753e+00 1.8650000000e+00
2.440500000e-07 1.8650106438e+00 1.8650000000e+00
2.450500000e-07 1.8650093879e+00 1.8650000000e+00
2.460500000e-07 1.8650082998e+00 1.8650000000e+00
2.470500000e-07 1.8650073707e+00 1.8650000000e+00
2.480500000e-07 1.8650065915e+00 1.8650000000e+00
2.490500000e-07 1.8650059523e+00 1.8650000000e+00
2.500500000e-07 1.8650054433e+00 1.8650000000e+00
2.510500000e-07 1.8650050544e+00 1.8650000000e+00
2.520500000e-07 1.8650047755e+00 1.8650000000e+00
2.530500000e-07 1.8650045965e+00 1.8650000000e+00
2.540500000e-07 1.8650045075e+00 1.8650000000e+00
2.550500000e-07 1.8650044989e+00 1.8650000000e+00
2.560500000e-07 1.8650045614e+00 1.8650000000e+00
2.570500000e-07 1.8650046861e+00 1.8650000000e+00
2.580500000e-07 1.8650048644e+00 1.8650000000e+00
2.590500000e-07 1.8650050883e+00 1.8650000000e+00
2.600500000e-07 1.8650053502e+00 1.8650000000e+00
2.610500000e-07 1.8650056430e+00 1.8650000000e+00
2.620500000e-07 1.8650059603e+00 1.8650000000e+00
2.630500000e-07 1.8650062958e+00 1.8650000000e+00
2.640500000e-07 1.8650066442e+00 1.8650000000e+00
2.650500000e-07 1.8650070005e+00 1.8650000000e+00
2.660500000e-07 1.8650073600e+00 1.8650000000e+00
2.670500000e-07 1.8650077189e+00 1.8650000000e+00
2.680500000e-07 1.8650080736e+00 1.8650000000e+00
2.690500000e-07 1.8650084210e+00 1.8650000000e+00
2.700500000e-07 1.8650087585e+00 1.8650000000e+00
2.710500000e-07 1.8650090839e+00 1.8650000000e+00
2.720500000e-07 1.8650093953e+00 1.8650000000e+00
2.730500000e-07 1.8650096911e+00 1.8650000000e+00
2.740500000e-07 1.8650099704e+00 1.8650000000e+00
2.750500000e-07 1.8650102321e+00 1.8650000000e+00
2.760500000e-07 1.8650104758e+00 1.8650000000e+00
2.770500000e-07 1.8650107010e+00 1.8650000000e+00
2.780500000e-07 1.8650109077e+00 1.8650000000e+00
2.790500000e-07 1.8650110959e+00 1.8650000000e+00
2.800500000e-07 1.8650112659e+00 1.8650000000e+00
2.810500000e-07 1.8650114182e+00 1.8650000000e+00
2.820500000e-07 1.8650115532e+00 1.8650000000e+00
2.830500000e-07 1.8650116717e+00 1.8650000000e+00
2.840500000e-07 1.8650117744e+00 1.8650000000e+00
2.850500000e-07 1.8650118620e+00 1.8650000000e+00
2.860500000e-07 1.8650119356e+00 1.8650000000e+00
2.870500000e-07 1.8650119959e+00 1.8650000000e+00
2.880500000e-07 1.8650120439e+00 1.8650000000e+00
2.890500000e-07 1.8650120807e+00 1.8650000000e+00
2.900500000e-07 1.8650121070e+00 1.8650000000e+00
2.910500000e-07 1.8650121239e+00 1.8650000000e+00
2.920500000e-07 1.8650121324e+00 1.8650000000e+00
2.930500000e-07 1.8650121332e+00 1.8650000000e+00
2.940500000e-07 1.8650121273e+00 1.8650000000e+00
2.950500000e-07 1.8650121156e+00 1.8650000000e+00
2.960500000e-07 1.8650120988e+00 1.8650000000e+00
2.970500000e-07 1.8650120777e+00 1.8650000000e+00
2.980500000e-07 1.8650120530e+00 1.8650000000e+00
2.990500000e-07 1.8650120254e+00 1.8650000000e+00
3.000500000e-07 1.8650119955e+00 1.8650000000e+00
3.010500000e-07 1.8650119638e+00 1.8650000000e+00
3.020500000e-07 1.8650119310e+00 1.8650000000e+00
3.030500000e-07 1.8650118974e+00 1.8650000000e+00
3.040500000e-07 1.8650118635e+00 1.8650000000e+00
3.050500000e-07 1.8650118296e+00 1.8650000000e+00
3.060500000e-07 1.8650117962e+00 1.8650000000e+00
3.070500000e-07 1.8650117634e+00 1.8650000000e+00
3.080500000e-07 1.8650117316e+00 1.8650000000e+00
3.090500000e-07 1.8650117009e+00 1.8650000000e+00
3.100500000e-07 1.8650116716e+00 1.8650000000e+00
3.110500000e-07 1.8650116437e+00 1.8650000000e+00
3.120500000e-07 1.8650116173e+00 1.8650000000e+00
3.130500000e-07 1.8650115926e+00 1.8650000000e+00
3.140500000e-07 1.8650115697e+00 1.8650000000e+00
3.150500000e-07 1.8650115484e+00 1.8650000000e+00
3.160500000e-07 1.8650115289e+00 1.8650000000e+00
3.170500000e-07 1.8650115112e+00 1.8650000000e+00
3.180500000e-07 1.8650114951e+00 1.8650000000e+00
3.190500000e-07 1.8650114808e+00 1.8650000000e+00
3.200500000e-07 1.8650114680e+00 1.8650000000e+00
3.210500000e-07 1.8650114568e+00 1.8650000000e+00
3.220500000e-07 1.8650114471e+00 1.8650000000e+00
3.230500000e-07 1.8650114389e+00 1.8650000000e+00
3.240500000e-07 1.8650114319e+00 1.8650000000e+00
3.250500000e-07 1.8650114262e+00 1.8650000000e+00
3.260500000e-07 1.8650114217e+00 1.8650000000e+00
3.270500000e-07 1.8650114182e+00 1.8650000000e+00
3.280500000e-07 1.8650114157e+00 1.8650000000e+00
3.290500000e-07 1.8650114142e+00 1.8650000000e+00
3.300500000e-07 1.8650114134e+00 1.8650000000e+00
3.310500000e-07 1.8650114133e+00 1.8650000000e+00
3.320500000e-07 1.8650114138e+00 1.8650000000e+00
3.330500000e-07 1.8650114150e+00 1.8650000000e+00
3.340500000e-07 1.8650114165e+00 1.8650000000e+00
3.350500000e-07 1.8650114185e+00 1.8650000000e+00
3.360500000e-07 1.8650114208e+00 1.8650000000e+00
3.370500000e-07 1.8650114234e+00 1.8650000000e+00
3.380500000e-07 1.8650114262e+00 1.8650000000e+00
3.390500000e-07 1.8650114292e+00 1.8650000000e+00
3.400500000e-07 1.8650114323e+00 1.8650000000e+00
3.410500000e-07 1.8650114355e+00 1.8650000000e+00
3.420500000e-07 1.8650114387e+00 1.8650000000e+00
3.430500000e-07 1.8650114419e+00 1.8650000000e+00
3.440500000e-07 1.8650114450e+00 1.8650000000e+00
3.450500000e-07 1.8650114481e+00 1.8650000000e+00
3.460500000e-07 1.8650114511e+00 1.8650000000e+00
3.470500000e-07 1.8650114540e+00 1.8650000000e+00
3.480500000e-07 1.8650114568e+00 1.8650000000e+00
3.490500000e-07 1.8650114594e+00 1.8650000000e+00
3.500500000e-07 1.8650114619e+00 1.8650000000e+00
3.510500000e-07 1.8650114642e+00 1.8650000000e+00
3.520500000e-07 1.8650114664e+00 1.8650000000e+00
3.530500000e-07 1.8650114684e+00 1.8650000000e+00
3.540500000e-07 1.8650114703e+00 1.8650000000e+00
3.550500000e-07 1.8650114719e+00 1.8650000000e+00
3.560500000e-07 1.8650114734e+00 1.8650000000e+00
3.570500000e-07 1.8650114748e+00 1.8650000000e+00
3.580500000e-07 1.8650114760e+00 1.8650000000e+00
3.590500000e-07 1.8650114771e+00 1.8650000000e+00
3.600500000e-07 1.8650114780e+00 1.8650000000e+00
3.610500000e-07 1.8650114788e+00 1.8650000000e+00
3.620500000e-07 1.8650114794e+00 1.8650000000e+00
3.630500000e-07 1.8650114800e+00 1.8650000000e+00
3.640500000e-07 1.8650114804e+00 1.8650000000e+00
3.650500000e-07 1.8650114807e+00 1.8650000000e+00
3.660500000e-07 1.8650114810e+00 1.8650000000e+00
3.670500000e-07 1.8650114811e+00 1.8650000000e+00
3.680500000e-07 1.8650114812e+00 1.8650000000e+00
3.690500000e-07 1.8650114812e+00 1.8650000000e+00
3.700500000e-07 1.8650114812e+00 1.8650000000e+00
3.710500000e-07 1.8650114811e+00 1.8650000000e+00
3.720500000e-07 1.8650114809e+00 1.8650000000e+00
3.730500000e-07 1.8650114807e+00 1.8650000000e+00
3.740500000e-07 1.8650114805e+00 1.8650000000e+00
3.750500000e-07 1.8650114803e+00 1.8650000000e+00
3.760500000e-07 1.8650114800e+00 1.8650000000e+00
3.770500000e-07 1.8650114797e+00 1.8650000000e+00
3.780500000e-07 1.8650114794e+00 1.8650000000e+00
3.790500000e-07 1.8650114791e+00 1.8650000000e+00
3.800500000e-07 1.8650114788e+00 1.8650000000e+00
3.810500000e-07 1.8650114785e+00 1.8650000000e+00
3.820500000e-07 1.8650114782e+00 1.8650000000e+00
3.830500000e-07 1.8650114779e+00 1.8650000000e+00
3.840500000e-07 1.8650114776e+00 1.8650000000e+00
3.850500000e-07 1.8650114773e+00 1.8650000000e+00
3.860500000e-07 1.8650114771e+00 1.8650000000e+00
3.870500000e-07 1.8650114768e+00 1.8650000000e+00
3.880500000e-07 1.8650114766e+00 1.8650000000e+00
3.890500000e-07 1.8650114764e+00 1.8650000000e+00
3.900500000e-07 1.8650114762e+00 1.8650000000e+00
3.910500000e-07 1.8650114760e+00 1.8650000000e+00
3.920500000e-07 1.8650114758e+00 1.8650000000e+00
3.930500000e-07 1.8650114757e+00 1.8650000000e+00
3.940500000e-07 1.8650114755e+00 1.8650000000e+00
3.950500000e-07 1.8650114754e+00 1.8650000000e+00
3.960500000e-07 1.8650114753e+00 1.8650000000e+00
3.970500000e-07 1.8650114752e+00 1.8650000000e+00
3.980500000e-07 1.8650114751e+00 1.8650000000e+00
3.990500000e-07 1.8650114750e+00 1.8650000000e+00
4.000500000e-07 1.8650114749e+00 1.8650000000e+00
4.010500000e-07 1.8650114749e+00 1.8650000000e+00
4.020500000e-07 1.8650114748e+00 1.8650000000e+00
4.030500000e-07 1.8650114748e+00 1.8650000000e+00
4.040500000e-07 1.8650114748e+00 1.8650000000e+00
4.050500000e-07 1.8650114748e+00 1.8650000000e+00
4.060500000e-07 1.8650114748e+00 1.8650000000e+00
4.070500000e-07 1.8650114748e+00 1.8650000000e+00
4.080500000e-07 1.8650114748e+00 1.8650000000e+00
4.090500000e-07 1.8650114748e+00 1.8650000000e+00
4.100500000e-07 1.8650114748e+00 1.8650000000e+00
4.110500000e-07 1.8650114748e+00 1.8650000000e+00
4.120500000e-07 1.8650114748e+00 1.8650000000e+00
4.130500000e-07 1.8650114749e+00 1.8650000000e+00
4.140500000e-07 1.8650114749e+00 1.8650000000e+00
4.150500000e-07 1.8650114749e+00 1.8650000000e+00
4.160500000e-07 1.8650114750e+00 1.8650000000e+00
4.170500000e-07 1.8650114750e+00 1.8650000000e+00
4.180500000e-07 1.8650114750e+00 1.8650000000e+00
4.190500000e-07 1.8650114750e+00 1.8650000000e+00
4.200500000e-07 1.8650114751e+00 1.8650000000e+00
4.210500000e-07 1.8650114751e+00 1.8650000000e+00
4.220500000e-07 1.8650114751e+00 1.8650000000e+00
4.230500000e-07 1.8650114752e+00 1.8650000000e+00
4.240500000e-07 1.8650114752e+00 1.8650000000e+00
4.250500000e-07 1.8650114752e+00 1.8650000000e+00
4.260500000e-07 1.8650114752e+00 1.8650000000e+00
4.270500000e-07 1.8650114753e+00 1.8650000000e+00
4.280500000e-07 1.8650114753e+00 1.8650000000e+00
4.290500000e-07 1.8650114753e+00 1.8650000000e+00
4.300500000e-07 1.8650114753e+00 1.8650000000e+00
4.310500000e-07 1.8650114753e+00 1.8650000000e+00
4.320500000e-07 1.8650114754e+00 1.8650000000e+00
4.330500000e-07 1.8650114754e+00 1.8650000000e+00
4.340500000e-07 1.8650114754e+00 1.8650000000e+00
4.350500000e-07 1.8650114754e+00 1.8650000000e+00
4.360500000e-07 1.8650114754e+00 1.8650000000e+00
4.370500000e-07 1.8650114754e+00 1.8650000000e+00
4.380500000e-07 1.8650114754e+00 1.8650000000e+00
4.390500000e-07 1.8650114754e+00 1.8650000000e+00
4.400500000e-07 1.8650114754e+00 1.8650000000e+00
4.410500000e-07 1.8650114754e+00 1.8650000000e+00
4.420500000e-07 1.8650114754e+00 1.8650000000e+00
4.430500000e-07 1.8650114754e+00 1.8650000000e+00
4.440500000e-07 1.8650114754e+00 1.8650000000e+00
4.450500000e-07 1.8650114754e+00 1.8650000000e+00
4.460500000e-07 1.8650114754e+00 1.8650000000e+00
4.470500000e-07 1.8650114754e+00 1.8650000000e+00
4.480500000e-07 1.8650114754e+00 1.8650000000e+00
4.490500000e-07 1.8650114754e+00 1.8650000000e+00
4.500500000e-07 1.8650114754e+00 1.8650000000e+00
4.510500000e-07 1.8650114754e+00 1.8650000000e+00
4.520500000e-07 1.8650114754e+00 1.8650000000e+00
4.530500000e-07 1.8650114754e+00 1.8650000000e+00
4.540500000e-07 1.8650114754e+00 1.8650000000e+00
4.550500000e-07 1.8650114754e+00 1.8650000000e+00
4.560500000e-07 1.8650114754e+00 1.8650000000e+00
4.570500000e-07 1.8650114754e+00 1.8650000000e+00
4.580500000e-07 1.8650114754e+00 1.8650000000e+00
4.590500000e-07 1.8650114754e+00 1.8650000000e+00
4.600500000e-07 1.8650114754e+00 1.8650000000e+00
4.610500000e-07 1.8650114754e+00 1.8650000000e+00
4.620500000e-07 1.8650114754e+00 1.8650000000e+00
4.630500000e-07 1.8650114754e+00 1.8650000000e+00
4.640500000e-07 1.8650114754e+00 1.8650000000e+00
4.650500000e-07 1.8650114754e+00 1.8650000000e+00
4.660500000e-07 1.8650114753e+00 1.8650000000e+00
4.670500000e-07 1.8650114753e+00 1.8650000000e+00
4.680500000e-07 1.8650114753e+00 1.8650000000e+00
4.690500000e-07 1.8650114753e+00 1.8650000000e+00
4.700500000e-07 1.8650114753e+00 1.8650000000e+00
4.710500000e-07 1.8650114753e+00 1.8650000000e+00
4.720500000e-07 1.8650114753e+00 1.8650000000e+00
4.730500000e-07 1.8650114753e+00 1.8650000000e+00
4.740500000e-07 1.8650114753e+00 1.8650000000e+00
4.750500000e-07 1.8650114753e+00 1.8650000000e+00
4.760500000e-07 1.8650114753e+00 1.8650000000e+00
4.770500000e-07 1.8650114753e+00 1.8650000000e+00
4.780500000e-07 1.8650114753e+00 1.8650000000e+00
4.790500000e-07 1.8650114753e+00 1.8650000000e+00
4.800500000e-07 1.8650114754e+00 1.8650000000e+00
4.810500000e-07 1.8650114754e+00 1.8650000000e+00
4.820500000e-07 1.8650114754e+00 1.8650000000e+00
4.830500000e-07 1.8650114754e+00 1.8650000000e+00
4.840500000e-07 1.8650114754e+00 1.8650000000e+00
4.850500000e-07 1.8650114754e+00 1.8650000000e+00
4.860500000e-07 1.8650114754e+00 1.8650000000e+00
4.870500000e-07 1.8650114754e+00 1.8650000000e+00
4.880500000e-07 1.8650114754e+00 1.8650000000e+00
4.890500000e-07 1.8650114754e+00 1.8650000000e+00
4.900500000e-07 1.8650114754e+00 1.8650000000e+00
4.910500000e-07 1.8650114754e+00 1.8650000000e+00
4.920500000e-07 1.8650114754e+00 1.8650000000e+00
4.930500000e-07 1.8650114754e+00 1.8650000000e+00
4.940500000e-07 1.8650114754e+00 1.8650000000e+00
4.950500000e-07 1.8650114754e+00 1.8650000000e+00
4.960500000e-07 1.8650114754e+00 1.8650000000e+00
4.970500000e-07 1.8650114754e+00 1.8650000000e+00
4.980500000e-07 1.8650114754e+00 1.8650000000e+00
4.990500000e-07 1.8650114754e+00 1.8650000000e+00
5.000500000e-07 1.8650114754e+00 1.8650000000e+00
5.010500000e-07 1.8650114754e+00 1.8650000000e+00
5.020500000e-07 1.8650114754e+00 1.8650000000e+00
5.030500000e-07 1.8650114754e+00 1.8650000000e+00
5.040500000e-07 1.8650114754e+00 1.8650000000e+00
5.050500000e-07 1.8650114754e+00 1.8650000000e+00
5.060500000e-07 1.8650114754e+00 1.8650000000e+00
5.070500000e-07 1.8650114754e+00 1.8650000000e+00
5.080500000e-07 1.8650114754e+00 1.8650000000e+00
5.090500000e-07 1.8650114754e+00 1.8650000000e+00
5.100500000e-07 1.8650114754e+00 1.8650000000e+00
5.110500000e-07 1.8650114754e+00 1.8650000000e+00
5.120500000e-07 1.8650114754e+00 1.8650000000e+00
5.130500000e-07 1.8650114754e+00 1.8650000000e+00
5.140500000e-07 1.8650114754e+00 1.8650000000e+00
5.150500000e-07 1.8650114754e+00 1.8650000000e+00
5.160500000e-07 1.8650114754e+00 1.8650000000e+00
5.170500000e-07 1.8650114754e+00 1.8650000000e+00
5.180500000e-07 1.8650114754e+00 1.8650000000e+00
5.190500000e-07 1.8650114754e+00 1.8650000000e+00
5.200500000e-07 1.8650114754e+00 1.8650000000e+00
5.210500000e-07 1.8650114754e+00 1.8650000000e+00
5.220500000e-07 1.8650114754e+00 1.8650000000e+00
5.230500000e-07 1.8650114754e+00 1.8650000000e+00
5.240500000e-07 1.8650114754e+00 1.8650000000e+00
5.250500000e-07 1.8650114754e+00 1.8650000000e+00
5.260500000e-07 1.8650114754e+00 1.8650000000e+00
5.270500000e-07 1.8650114754e+00 1.8650000000e+00
5.280500000e-07 1.8650114754e+00 1.8650000000e+00
5.290500000e-07 1.8650114754e+00 1.8650000000e+00
5.300500000e-07 1.8650114754e+00 1.8650000000e+00
5.310500000e-07 1.8650114754e+00 1.8650000000e+00
5.320500000e-07 1.8650114754e+00 1.8650000000e+00
5.330500000e-07 1.8650114754e+00 1.8650000000e+00
5.340500000e-07 1.8650114754e+00 1.8650000000e+00
5.350500000e-07 1.8650114754e+00 1.8650000000e+00
5.360500000e-07 1.8650114754e+00 1.8650000000e+00
5.370500000e-07 1.8650114754e+00 1.8650000000e+00
5.380500000e-07 1.8650114754e+00 1.8650000000e+00
5.390500000e-07 1.8650114754e+00 1.8650000000e+00
5.400500000e-07 1.8650114754e+00 1.8650000000e+00
5.410500000e-07 1.8650114754e+00 1.8650000000e+00
5.420500000e-07 1.8650114754e+00 1.8650000000e+00
5.430500000e-07 1.8650114754e+00 1.8650000000e+00
5.440500000e-07 1.8650114754e+00 1.8650000000e+00
5.450500000e-07 1.8650114754e+00 1.8650000000e+00
5.460500000e-07 1.8650114754e+00 1.8650000000e+00
5.470500000e-07 1.8650114754e+00 1.8650000000e+00
5.480500000e-07 1.8650114754e+00 1.8650000000e+00
5.490500000e-07 1.8650114754e+00 1.8650000000e+00
5.500500000e-07 1.8650114754e+00 1.8650000000e+00
5.510500000e-07 1.8650114754e+00 1.8650000000e+00
5.520500000e-07 1.8650114754e+00 1.8650000000e+00
5.530500000e-07 1.8650114754e+00 1.8650000000e+00
5.540500000e-07 1.8650114754e+00 1.8650000000e+00
5.550500000e-07 1.8650114754e+00 1.8650000000e+00
5.560500000e-07 1.8650114754e+00 1.8650000000e+00
5.570500000e-07 1.8650114754e+00 1.8650000000e+00
5.580500000e-07 1.8650114754e+00 1.8650000000e+00
5.590500000e-07 1.8650114754e+00 1.8650000000e+00
5.600500000e-07 1.8650114754e+00 1.8650000000e+00
5.610500000e-07 1.8650114754e+00 1.8650000000e+00
5.620500000e-07 1.8650114754e+00 1.8650000000e+00
5.630500000e-07 1.8650114754e+00 1.8650000000e+00
5.640500000e-07 1.8650114754e+00 1.8650000000e+00
5.650500000e-07 1.8650114754e+00 1.8650000000e+00
5.660500000e-07 1.8650114754e+00 1.8650000000e+00
5.670500000e-07 1.8650114754e+00 1.8650000000e+00
5.680500000e-07 1.8650114754e+00 1.8650000000e+00
5.690500000e-07 1.8650114754e+00 1.8650000000e+00
5.700500000e-07 1.8650114754e+00 1.8650000000e+00
5.710500000e-07 1.8650114754e+00 1.8650000000e+00
5.720500000e-07 1.8650114754e+00 1.8650000000e+00
5.730500000e-07 1.8650114754e+00 1.8650000000e+00
5.740500000e-07 1.8650114754e+00 1.8650000000e+00
5.750500000e-07 1.8650114754e+00 1.8650000000e+00
5.760500000e-07 1.8650114754e+00 1.8650000000e+00
5.770500000e-07 1.8650114754e+00 1.8650000000e+00
5.780500000e-07 1.8650114754e+00 1.8650000000e+00
5.790500000e-07 1.8650114754e+00 1.8650000000e+00
5.800500000e-07 1.8650114754e+00 1.8650000000e+00
5.810500000e-07 1.8650114754e+00 1.8650000000e+00
5.820500000e-07 1.8650114754e+00 1.8650000000e+00
5.830500000e-07 1.8650114754e+00 1.8650000000e+00
5.840500000e-07 1.8650114754e+00 1.8650000000e+00
5.850500000e-07 1.8650114754e+00 1.8650000000e+00
5.860500000e-07 1.8650114754e+00 1.8650000000e+00
5.870500000e-07 1.8650114754e+00 1.8650000000e+00
5.880500000e-07 1.8650114754e+00 1.8650000000e+00
5.890500000e-07 1.8650114754e+00 1.8650000000e+00
5.900500000e-07 1.8650114754e+00 1.8650000000e+00
5.910500000e-07 1.8650114754e+00 1.8650000000e+00
5.920500000e-07 1.8650114754e+00 1.8650000000e+00
5.930500000e-07 1.8650114754e+00 1.8650000000e+00
5.940500000e-07 1.8650114754e+00 1.8650000000e+00
5.950500000e-07 1.8650114754e+00 1.8650000000e+00
5.960500000e-07 1.8650114754e+00 1.8650000000e+00
5.970500000e-07 1.8650114754e+00 1.8650000000e+00
5.980500000e-07 1.8650114754e+00 1.8650000000e+00
5.990500000e-07 1.8650114754e+00 1.8650000000e+00
6.000000000e-07 1.8650114754e+00 1.8650000000e+00
6.001000000e-07 1.8650021685e+00 1.8550000000e+00
6.003000000e-07 1.8649892242e+00 1.8350000000e+00
6.006500000e-07 1.8649905518e+00 1.8000000000e+00
6.010000000e-07 1.8650131419e+00 1.7650000000e+00
6.010700000e-07 1.8650256529e+00 1.7650000000e+00
6.012100000e-07 1.8650476227e+00 1.7650000000e+00
6.014900000e-07 1.8650684755e+00 1.7650000000e+00
6.020500000e-07 1.8649840166e+00 1.7650000000e+00
6.030500000e-07 1.8643114234e+00 1.7650000000e+00
6.040500000e-07 1.8629144855e+00 1.7650000000e+00
6.050500000e-07 1.8608177279e+00 1.7650000000e+00
6.060500000e-07 1.8581004128e+00 1.7650000000e+00
6.070500000e-07 1.8548522761e+00 1.7650000000e+00
6.080500000e-07 1.8511604198e+00 1.7650000000e+00
6.090500000e-07 1.8471052299e+00 1.7650000000e+00
6.100500000e-07 1.8427599748e+00 1.7650000000e+00
6.110500000e-07 1.8381913905e+00 1.7650000000e+00
6.120500000e-07 1.8334603413e+00 1.7650000000e+00
6.130500000e-07 1.8286224097e+00 1.7650000000e+00
6.140500000e-07 1.8237283635e+00 1.7650000000e+00
6.150500000e-07 1.8188245149e+00 1.7650000000e+00
6.160500000e-07 1.8139529848e+00 1.7650000000e+00
6.170500000e-07 1.8091518940e+00 1.7650000000e+00
6.180500000e-07 1.8044554991e+00 1.7650000000e+00
6.190500000e-07 1.7998942908e+00 1.7650000000e+00
6.200500000e-07 1.7954950687e+00 1.7650000000e+00
6.210500000e-07 1.7912810075e+00 1.7650000000e+00
6.220500000e-07 1.7872717249e+00 1.7650000000e+00
6.230500000e-07 1.7834833600e+00 1.7650000000e+00
6.240500000e-07 1.7799286698e+00 1.7650000000e+00
6.250500000e-07 1.7766171473e+00 1.7650000000e+00
6.260500000e-07 1.7735551655e+00 1.7650000000e+00
6.270500000e-07 1.7707461450e+00 1.7650000000e+00
6.280500000e-07 1.7681907469e+00 1.7650000000e+00
6.290500000e-07 1.7658870870e+00 1.7650000000e+00
6.300500000e-07 1.7638309669e+00 1.7650000000e+00
6.310500000e-07 1.7620161192e+00 1.7650000000e+00
6.320500000e-07 1.7604344616e+00 1.7650000000e+00
6.330500000e-07 1.7590763539e+00 1.7650000000e+00
6.340500000e-07 1.7579308542e+00 1.7650000000e+00
6.350500000e-07 1.7569859700e+00 1.7650000000e+00
6.360500000e-07 1.7562288999e+00 1.7650000000e+00
6.370500000e-07 1.7556462618e+00 1.7650000000e+00
6.380500000e-07 1.7552243070e+00 1.7650000000e+00
6.390500000e-07 1.7549491159e+00 1.7650000000e+00
6.400500000e-07 1.7548067757e+00 1.7650000000e+00
6.410500000e-07 1.7547835377e+00 1.7650000000e+00
6.420500000e-07 1.7548659559e+00 1.7650000000e+00
6.430500000e-07 1.7550410048e+00 1.7650000000e+00
6.440500000e-07 1.7552961788e+00 1.7650000000e+00
6.450500000e-07 1.7556195728e+00 1.7650000000e+00
6.460500000e-07 1.7559999460e+00 1.7650000000e+00
6.470500000e-07 1.7564267696e+00 1.7650000000e+00
6.480500000e-07 1.7568902595e+00 1.7650000000e+00
6.490500000e-07 1.7573813965e+00 1.7650000000e+00
6.500500000e-07 1.7578919344e+00 1.7650000000e+00
6.510500000e-07 1.7584143976e+00 1.7650000000e+00
6.520500000e-07 1.7589420702e+00 1.7650000000e+00
6.530500000e-07 1.7594689772e+00 1.7650000000e+00
6.540500000e-07 1.7599898599e+00 1.7650000000e+00
6.550500000e-07 1.7605001453e+00 1.7650000000e+00
6.560500000e-07 1.7609959124e+00 1.7650000000e+00
6.570500000e-07 1.7614738548e+00 1.7650000000e+00
6.580500000e-07 1.7619312412e+00 1.7650000000e+00
6.590500000e-07 1.7623658747e+00 1.7650000000e+00
6.600500000e-07 1.7627760511e+00 1.7650000000e+00
6.610500000e-07 1.7631605171e+00 1.7650000000e+00
6.620500000e-07 1.7635184291e+00 1.7650000000e+00
6.630500000e-07 1.7638493121e+00 1.7650000000e+00
6.640500000e-07 1.7641530208e+00 1.7650000000e+00
6.650500000e-07 1.7644297014e+00 1.7650000000e+00
6.660500000e-07 1.7646797547e+00 1.7650000000e+00
6.670500000e-07 1.7649038021e+00 1.7650000000e+00
6.680500000e-07 1.7651026530e+00 1.7650000000e+00
6.690500000e-07 1.7652772736e+00 1.7650000000e+00
6.700500000e-07 1.7654287595e+00 1.7650000000e+00
6.710500000e-07 1.7655583084e+00 1.7650000000e+00
6.720500000e-07 1.7656671969e+00 1.7650000000e+00
6.730500000e-07 1.7657567576e+00 1.7650000000e+00
6.740500000e-07 1.7658283597e+00 1.7650000000e+00
6.750500000e-07 1.7658833912e+00 1.7650000000e+00
6.760500000e-07 1.7659232422e+00 1.7650000000e+00
6.770500000e-07 1.7659492917e+00 1.7650000000e+00
6.780500000e-07 1.7659628946e+00 1.7650000000e+00
6.790500000e-07 1.7659653712e+00 1.7650000000e+00
6.800500000e-07 1.7659579985e+00 1.7650000000e+00
6.810500000e-07 1.7659420022e+00 1.7650000000e+00
6.820500000e-07 1.7659185508e+00 1.7650000000e+00
6.830500000e-07 1.7658887505e+00 1.7650000000e+00
6.840500000e-07 1.7658536417e+00 1.7650000000e+00
6.850500000e-07 1.7658141963e+00 1.7650000000e+00
6.860500000e-07 1.7657713159e+00 1.7650000000e+00
6.870500000e-07 1.7657258312e+00 1.7650000000e+00
6.880500000e-07 1.7656785021e+00 1.7650000000e+00
6.890500000e-07 1.7656300181e+00 1.7650000000e+00
6.900500000e-07 1.7655809999e+00 1.7650000000e+00
6.910500000e-07 1.7655320010e+00 1.7650000000e+00
6.920500000e-07 1.7654835103e+00 1.7650000000e+00
6.930500000e-07 1.7654359545e+00 1.7650000000e+00
6.940500000e-07 1.7653897013e+00 1.7650000000e+00
6.950500000e-07 1.7653450623e+00 1.7650000000e+00
6.960500000e-07 1.7653022968e+00 1.7650000000e+00
6.970500000e-07 1.7652616148e+00 1.7650000000e+00
6.980500000e-07 1.7652231813e+00 1.7650000000e+00
6.990500000e-07 1.7651871192e+00 1.7650000000e+00
7.000500000e-07 1.7651535135e+00 1.7650000000e+00
7.010500000e-07 1.7651224147e+00 1.7650000000e+00
7.020500000e-07 1.7650938420e+00 1.7650000000e+00
7.030500000e-07 1.7650677873e+00 1.7650000000e+00
7.040500000e-07 1.7650442180e+00 1.7650000000e+00
7.050500000e-07 1.7650230806e+00 1.7650000000e+00
7.060500000e-07 1.7650043032e+00 1.7650000000e+00
7.070500000e-07 1.7649877987e+00 1.7650000000e+00
7.080500000e-07 1.7649734674e+00 1.7650000000e+00
7.090500000e-07 1.7649611994e+00 1.7650000000e+00
7.100500000e-07 1.7649508768e+00 1.7650000000e+00
7.110500000e-07 1.7649423762e+00 1.7650000000e+00
7.120500000e-07 1.7649355701e+00 1.7650000000e+00
7.130500000e-07 1.7649303290e+00 1.7650000000e+00
7.140500000e-07 1.7649265226e+00 1.7650000000e+00
7.150500000e-07 1.7649240216e+00 1.7650000000e+00
7.160500000e-07 1.7649226987e+00 1.7650000000e+00
7.170500000e-07 1.7649224296e+00 1.7650000000e+00
7.180500000e-07 1.7649230939e+00 1.7650000000e+00
7.190500000e-07 1.7649245759e+00 1.7650000000e+00
7.200500000e-07 1.7649267652e+00 1.7650000000e+00
7.210500000e-07 1.7649295572e+00 1.7650000000e+00
7.220500000e-07 1.7649328536e+00 1.7650000000e+00
7.230500000e-07 1.7649365623e+00 1.7650000000e+00
7.240500000e-07 1.7649405979e+00 1.7650000000e+00
7.250500000e-07 1.7649448818e+00 1.7650000000e+00
7.260500000e-07 1.7649493419e+00 1.7650000000e+00
7.270500000e-07 1.7649539130e+00 1.7650000000e+00
7.280500000e-07 1.7649585361e+00 1.7650000000e+00
7.290500000e-07 1.7649631588e+00 1.7650000000e+00
7.300500000e-07 1.7649677348e+00 1.7650000000e+00
7.310500000e-07 1.7649722236e+00 1.7650000000e+00
7.320500000e-07 1.7649765903e+00 1.7650000000e+00
7.330500000e-07 1.7649808054e+00 1.7650000000e+00
7.340500000e-07 1.7649848443e+00 1.7650000000e+00
7.350500000e-07 1.7649886870e+00 1.7650000000e+00
7.360500000e-07 1.7649923180e+00 1.7650000000e+00
7.370500000e-07 1.7649957254e+00 1.7650000000e+00
7.380500000e-07 1.7649989013e+00 1.7650000000e+00
7.390500000e-07 1.7650018408e+00 1.7650000000e+00
7.400500000e-07 1.7650045420e+00 1.7650000000e+00
7.410500000e-07 1.7650070057e+00 1.7650000000e+00
7.420500000e-07 1.7650092348e+00 1.7650000000e+00
7.430500000e-07 1.7650112345e+00 1.7650000000e+00
7.440500000e-07 1.7650130114e+00 1.7650000000e+00
7.450500000e-07 1.7650145738e+00 1.7650000000e+00
7.460500000e-07 1.7650159310e+00 1.7650000000e+00
7.470500000e-07 1.7650170933e+00 1.7650000000e+00
7.480500000e-07 1.7650180720e+00 1.7650000000e+00
7.490500000e-07 1.7650188786e+00 1.7650000000e+00
7.500500000e-07 1.7650195251e+00 1.7650000000e+00
7.510500000e-07 1.7650200237e+00 1.7650000000e+00
7.520500000e-07 1.7650203867e+00 1.7650000000e+00
7.530500000e-07 1.7650206263e+00 1.7650000000e+00
7.540500000e-07 1.7650207546e+00 1.7650000000e+00
7.550500000e-07 1.7650207832e+00 1.7650000000e+00
7.560500000e-07 1.7650207235e+00 1.7650000000e+00
7.570500000e-07 1.7650205864e+00 1.7650000000e+00
7.580500000e-07 1.7650203823e+00 1.7650000000e+00
7.590500000e-07 1.7650201211e+00 1.7650000000e+00
7.600500000e-07 1.7650198120e+00 1.7650000000e+00
7.610500000e-07 1.7650194639e+00 1.7650000000e+00
7.620500000e-07 1.7650190847e+00 1.7650000000e+00
7.630500000e-07 1.7650186819e+00 1.7650000000e+00
7.640500000e-07 1.7650182622e+00 1.7650000000e+00
7.650500000e-07 1.7650178319e+00 1.7650000000e+00
7.660500000e-07 1.7650173965e+00 1.7650000000e+00
7.670500000e-07 1.7650169610e+00 1.7650000000e+00
7.680500000e-07 1.7650165297e+00 1.7650000000e+00
7.690500000e-07 1.7650161065e+00 1.7650000000e+00
7.700500000e-07 1.7650156947e+00 1.7650000000e+00
7.710500000e-07 1.7650152971e+00 1.7650000000e+00
7.720500000e-07 1.7650149160e+00 1.7650000000e+00
7.730500000e-07 1.7650145534e+00 1.7650000000e+00
7.740500000e-07 1.7650142106e+00 1.7650000000e+00
7.750500000e-07 1.7650138889e+00 1.7650000000e+00
7.760500000e-07 1.7650135889e+00 1.7650000000e+00
7.770500000e-07 1.7650133112e+00 1.7650000000e+00
7.780500000e-07 1.7650130560e+00 1.7650000000e+00
7.790500000e-07 1.7650128231e+00 1.7650000000e+00
7.800500000e-07 1.7650126124e+00 1.7650000000e+00
7.810500000e-07 1.7650124233e+00 1.7650000000e+00
7.820500000e-07 1.7650122551e+00 1.7650000000e+00
7.830500000e-07 1.7650121073e+00 1.7650000000e+00
7.840500000e-07 1.7650119788e+00 1.7650000000e+00
7.850500000e-07 1.7650118686e+00 1.7650000000e+00
7.860500000e-07 1.7650117758e+00 1.7650000000e+00
7.870500000e-07 1.7650116993e+00 1.7650000000e+00
7.880500000e-07 1.7650116379e+00 1.7650000000e+00
7.890500000e-07 1.7650115905e+00 1.7650000000e+00
7.900500000e-07 1.7650115558e+00 1.7650000000e+00
7.910500000e-07 1.7650115329e+00 1.7650000000e+00
7.920500000e-07 1.7650115204e+00 1.7650000000e+00
7.930500000e-07 1.7650115174e+00 1.7650000000e+00
7.940500000e-07 1.7650115228e+00 1.7650000000e+00
7.950500000e-07 1.7650115355e+00 1.7650000000e+00
7.960500000e-07 1.7650115545e+00 1.7650000000e+00
7.970500000e-07 1.7650115790e+00 1.7650000000e+00
7.980500000e-07 1.7650116079e+00 1.7650000000e+00
7.990500000e-07 1.7650116406e+00 1.7650000000e+00
8.000500000e-07 1.7650116762e+00 1.7650000000e+00
8.010500000e-07 1.7650117141e+00 1.7650000000e+00
8.020500000e-07 1.7650117536e+00 1.7650000000e+00
8.030500000e-07 1.7650117941e+00 1.7650000000e+00
8.040500000e-07 1.7650118351e+00 1.7650000000e+00
8.050500000e-07 1.7650118762e+00 1.7650000000e+00
8.060500000e-07 1.7650119168e+00 1.7650000000e+00
8.070500000e-07 1.7650119567e+00 1.7650000000e+00
8.080500000e-07 1.7650119956e+00 1.7650000000e+00
8.090500000e-07 1.7650120331e+00 1.7650000000e+00
8.100500000e-07 1.7650120690e+00 1.7650000000e+00
8.110500000e-07 1.7650121033e+00 1.7650000000e+00
8.120500000e-07 1.7650121356e+00 1.7650000000e+00
8.130500000e-07 1.7650121660e+00 1.7650000000e+00
8.140500000e-07 1.7650121943e+00 1.7650000000e+00
8.150500000e-07 1.7650122206e+00 1.7650000000e+00
8.160500000e-07 1.7650122447e+00 1.7650000000e+00
8.170500000e-07 1.7650122667e+00 1.7650000000e+00
8.180500000e-07 1.7650122866e+00 1.7650000000e+00
8.190500000e-07 1.7650123045e+00 1.7650000000e+00
8.200500000e-07 1.7650123204e+00 1.7650000000e+00
8.210500000e-07 1.7650123344e+00 1.7650000000e+00
8.220500000e-07 1.7650123466e+00 1.7650000000e+00
8.230500000e-07 1.7650123570e+00 1.7650000000e+00
8.240500000e-07 1.7650123658e+00 1.7650000000e+00
8.250500000e-07 1.7650123731e+00 1.7650000000e+00
8.260500000e-07 1.7650123789e+00 1.7650000000e+00
8.270500000e-07 1.7650123835e+00 1.7650000000e+00
8.280500000e-07 1.7650123868e+00 1.7650000000e+00
8.290500000e-07 1.7650123890e+00 1.7650000000e+00
8.300500000e-07 1.7650123902e+00 1.7650000000e+00
8.310500000e-07 1.7650123905e+00 1.7650000000e+00
8.320500000e-07 1.7650123900e+00 1.7650000000e+00
8.330500000e-07 1.7650123888e+00 1.7650000000e+00
8.340500000e-07 1.7650123870e+00 1.7650000000e+00
8.350500000e-07 1.7650123847e+00 1.7650000000e+00
8.360500000e-07 1.7650123820e+00 1.7650000000e+00
8.370500000e-07 1.7650123790e+00 1.7650000000e+00
8.380500000e-07 1.7650123756e+00 1.7650000000e+00
8.390500000e-07 1.7650123721e+00 1.7650000000e+00
8.400500000e-07 1.7650123683e+00 1.7650000000e+00
8.410500000e-07 1.7650123645e+00 1.7650000000e+00
8.420500000e-07 1.7650123607e+00 1.7650000000e+00
8.430500000e-07 1.7650123568e+00 1.7650000000e+00
8.440500000e-07 1.7650123530e+00 1.7650000000e+00
8.450500000e-07 1.7650123492e+00 1.7650000000e+00
8.460500000e-07 1.7650123455e+00 1.7650000000e+00
8.470500000e-07 1.7650123420e+00 1.7650000000e+00
8.480500000e-07 1.7650123386e+00 1.7650000000e+00
8.490500000e-07 1.7650123354e+00 1.7650000000e+00
8.500500000e-07 1.7650123323e+00 1.7650000000e+00
8.510500000e-07 1.7650123294e+00 1.7650000000e+00
8.520500000e-07 1.7650123268e+00 1.7650000000e+00
8.530500000e-07 1.7650123243e+00 1.7650000000e+00
8.540500000e-07 1.7650123220e+00 1.7650000000e+00
8.550500000e-07 1.7650123199e+00 1.7650000000e+00
8.560500000e-07 1.7650123180e+00 1.7650000000e+00
8.570500000e-07 1.7650123163e+00 1.7650000000e+00
8.580500000e-07 1.7650123148e+00 1.7650000000e+00
8.590500000e-07 1.7650123135e+00 1.7650000000e+00
8.600500000e-07 1.7650123124e+00 1.7650000000e+00
8.610500000e-07 1.7650123114e+00 1.7650000000e+00
8.620500000e-07 1.7650123105e+00 1.7650000000e+00
8.630500000e-07 1.7650123098e+00 1.7650000000e+00
8.640500000e-07 1.7650123093e+00 1.7650000000e+00
8.650500000e-07 1.7650123088e+00 1.7650000000e+00
8.660500000e-07 1.7650123085e+00 1.7650000000e+00
8.670500000e-07 1.7650123083e+00 1.7650000000e+00
8.680500000e-07 1.7650123082e+00 1.7650000000e+00
8.690500000e-07 1.7650123082e+00 1.7650000000e+00
8.700500000e-07 1.7650123082e+00 1.7650000000e+00
8.710500000e-07 1.7650123083e+00 1.7650000000e+00
8.720500000e-07 1.7650123085e+00 1.7650000000e+00
8.730500000e-07 1.7650123087e+00 1.7650000000e+00
8.740500000e-07 1.7650123089e+00 1.7650000000e+00
8.750500000e-07 1.7650123092e+00 1.7650000000e+00
8.760500000e-07 1.7650123095e+00 1.7650000000e+00
8.770500000e-07 1.7650123099e+00 1.7650000000e+00
8.780500000e-07 1.7650123102e+00 1.7650000000e+00
8.790500000e-07 1.7650123106e+00 1.7650000000e+00
8.800500000e-07 1.7650123109e+00 1.7650000000e+00
8.810500000e-07 1.7650123113e+00 1.7650000000e+00
8.820500000e-07 1.7650123117e+00 1.7650000000e+00
8.830500000e-07 1.7650123120e+00 1.7650000000e+00
8.840500000e-07 1.7650123124e+00 1.7650000000e+00
8.850500000e-07 1.7650123127e+00 1.7650000000e+00
8.860500000e-07 1.7650123130e+00 1.7650000000e+00
8.870500000e-07 1.7650123133e+00 1.7650000000e+00
8.880500000e-07 1.7650123136e+00 1.7650000000e+00
8.890500000e-07 1.7650123139e+00 1.7650000000e+00
8.900500000e-07 1.7650123141e+00 1.7650000000e+00
8.910500000e-07 1.7650123144e+00 1.7650000000e+00
8.920500000e-07 1.7650123146e+00 1.7650000000e+00
8.930500000e-07 1.7650123148e+00 1.7650000000e+00
8.940500000e-07 1.7650123150e+00 1.7650000000e+00
8.950500000e-07 1.7650123151e+00 1.7650000000e+00
8.960500000e-07 1.7650123153e+00 1.7650000000e+00
8.970500000e-07 1.7650123154e+00 1.7650000000e+00
8.980500000e-07 1.7650123155e+00 1.7650000000e+00
8.990500000e-07 1.7650123156e+00 1.7650000000e+00
9.000500000e-07 1.7650123157e+00 1.7650000000e+00
9.010500000e-07 1.7650123158e+00 1.7650000000e+00
9.020500000e-07 1.7650123158e+00 1.7650000000e+00
9.030500000e-07 1.7650123159e+00 1.7650000000e+00
9.040500000e-07 1.7650123159e+00 1.7650000000e+00
9.050500000e-07 1.7650123159e+00 1.7650000000e+00
9.060500000e-07 1.7650123159e+00 1.7650000000e+00
9.070500000e-07 1.7650123159e+00 1.7650000000e+00
9.080500000e-07 1.7650123159e+00 1.7650000000e+00
9.090500000e-07 1.7650123159e+00 1.7650000000e+00
9.100500000e-07 1.7650123159e+00 1.7650000000e+00
9.110500000e-07 1.7650123159e+00 1.7650000000e+00
9.120500000e-07 1.7650123159e+00 1.7650000000e+00
9.130500000e-07 1.7650123158e+00 1.7650000000e+00
9.140500000e-07 1.7650123158e+00 1.7650000000e+00
9.150500000e-07 1.7650123158e+00 1.7650000000e+00
9.160500000e-07 1.7650123157e+00 1.7650000000e+00
9.170500000e-07 1.7650123157e+00 1.7650000000e+00
9.180500000e-07 1.7650123157e+00 1.7650000000e+00
9.190500000e-07 1.7650123156e+00 1.7650000000e+00
9.200500000e-07 1.7650123156e+00 1.7650000000e+00
9.210500000e-07 1.7650123155e+00 1.7650000000e+00
9.220500000e-07 1.7650123155e+00 1.7650000000e+00
9.230500000e-07 1.7650123155e+00 1.7650000000e+00
9.240500000e-07 1.7650123154e+00 1.7650000000e+00
9.250500000e-07 1.7650123154e+00 1.7650000000e+00
9.260500000e-07 1.7650123154e+00 1.7650000000e+00
9.270500000e-07 1.7650123153e+00 1.7650000000e+00
9.280500000e-07 1.7650123153e+00 1.7650000000e+00
9.290500000e-07 1.7650123153e+00 1.7650000000e+00
9.300500000e-07 1.7650123152e+00 1.7650000000e+00
9.310500000e-07 1.7650123152e+00 1.7650000000e+00
9.320500000e-07 1.7650123152e+00 1.7650000000e+00
9.330500000e-07 1.7650123152e+00 1.7650000000e+00
9.340500000e-07 1.7650123152e+00 1.7650000000e+00
9.350500000e-07 1.7650123152e+00 1.7650000000e+00
9.360500000e-07 1.7650123152e+00 1.7650000000e+00
9.370500000e-07 1.7650123151e+00 1.7650000000e+00
9.380500000e-07 1.7650123151e+00 1.7650000000e+00
9.390500000e-07 1.7650123151e+00 1.7650000000e+00
9.400500000e-07 1.7650123151e+00 1.7650000000e+00
9.410500000e-07 1.7650123151e+00 1.7650000000e+00
9.420500000e-07 1.7650123151e+00 1.7650000000e+00
9.430500000e-07 1.7650123151e+00 1.7650000000e+00
9.440500000e-07 1.7650123151e+00 1.7650000000e+00
9.450500000e-07 1.7650123151e+00 1.7650000000e+00
9.460500000e-07 1.7650123151e+00 1.7650000000e+00
9.470500000e-07 1.7650123152e+00 1.7650000000e+00
9.480500000e-07 1.7650123152e+00 1.7650000000e+00
9.490500000e-07 1.7650123152e+00 1.7650000000e+00
9.500500000e-07 1.7650123152e+00 1.7650000000e+00
9.510500000e-07 1.7650123152e+00 1.7650000000e+00
9.520500000e-07 1.7650123152e+00 1.7650000000e+00
9.530500000e-07 1.7650123152e+00 1.7650000000e+00
9.540500000e-07 1.7650123152e+00 1.7650000000e+00
9.550500000e-07 1.7650123152e+00 1.7650000000e+00
9.560500000e-07 1.7650123152e+00 1.7650000000e+00
9.570500000e-07 1.7650123152e+00 1.7650000000e+00
9.580500000e-07 1.7650123152e+00 1.7650000000e+00
9.590500000e-07 1.7650123152e+00 1.7650000000e+00
9.600500000e-07 1.7650123152e+00 1.7650000000e+00
9.610500000e-07 1.7650123152e+00 1.7650000000e+00
9.620500000e-07 1.7650123152e+00 1.7650000000e+00
9.630500000e-07 1.7650123153e+00 1.7650000000e+00
9.640500000e-07 1.7650123153e+00 1.7650000000e+00
9.650500000e-07 1.7650123153e+00 1.7650000000e+00
9.660500000e-07 1.7650123153e+00 1.7650000000e+00
9.670500000e-07 1.7650123153e+00 1.7650000000e+00
9.680500000e-07 1.7650123153e+00 1.7650000000e+00
9.690500000e-07 1.7650123153e+00 1.7650000000e+00
9.700500000e-07 1.7650123153e+00 1.7650000000e+00
9.710500000e-07 1.7650123153e+00 1.7650000000e+00
9.720500000e-07 1.7650123153e+00 1.7650000000e+00
9.730500000e-07 1.7650123153e+00 1.7650000000e+00
9.740500000e-07 1.7650123153e+00 1.7650000000e+00
9.750500000e-07 1.7650123153e+00 1.7650000000e+00
9.760500000e-07 1.7650123153e+00 1.7650000000e+00
9.770500000e-07 1.7650123153e+00 1.7650000000e+00
9.780500000e-07 1.7650123153e+00 1.7650000000e+00
9.790500000e-07 1.7650123153e+00 1.7650000000e+00
9.800500000e-07 1.7650123153e+00 1.7650000000e+00
9.810500000e-07 1.7650123153e+00 1.7650000000e+00
9.820500000e-07 1.7650123152e+00 1.7650000000e+00
9.830500000e-07 1.7650123152e+00 1.7650000000e+00
9.840500000e-07 1.7650123152e+00 1.7650000000e+00
9.850500000e-07 1.7650123152e+00 1.7650000000e+00
9.860500000e-07 1.7650123152e+00 1.7650000000e+00
9.870500000e-07 1.7650123152e+00 1.7650000000e+00
9.880500000e-07 1.7650123152e+00 1.7650000000e+00
9.890500000e-07 1.7650123152e+00 1.7650000000e+00
9.900500000e-07 1.7650123152e+00 1.7650000000e+00
9.910500000e-07 1.7650123152e+00 1.7650000000e+00
9.920500000e-07 1.7650123152e+00 1.7650000000e+00
9.930500000e-07 1.7650123152e+00 1.7650000000e+00
9.940500000e-07 1.7650123152e+00 1.7650000000e+00
9.950500000e-07 1.7650123152e+00 1.7650000000e+00
9.960500000e-07 1.7650123152e+00 1.7650000000e+00
9.970500000e-07 1.7650123152e+00 1.7650000000e+00
9.980500000e-07 1.7650123152e+00 1.7650000000e+00
9.990500000e-07 1.7650123152e+00 1.7650000000e+00
1.000050000e-06 1.7650123152e+00 1.7650000000e+00
1.001050000e-06 1.7650123152e+00 1.7650000000e+00
1.002050000e-06 1.7650123152e+00 1.7650000000e+00
1.003050000e-06 1.7650123152e+00 1.7650000000e+00
1.004050000e-06 1.7650123152e+00 1.7650000000e+00
1.005050000e-06 1.7650123152e+00 1.7650000000e+00
1.006050000e-06 1.7650123152e+00 1.7650000000e+00
1.007050000e-06 1.7650123152e+00 1.7650000000e+00
1.008050000e-06 1.7650123152e+00 1.7650000000e+00
1.009050000e-06 1.7650123152e+00 1.7650000000e+00
1.010050000e-06 1.7650123152e+00 1.7650000000e+00
1.011050000e-06 1.7650123152e+00 1.7650000000e+00
1.012050000e-06 1.7650123152e+00 1.7650000000e+00
1.013050000e-06 1.7650123152e+00 1.7650000000e+00
1.014050000e-06 1.7650123152e+00 1.7650000000e+00
1.015050000e-06 1.7650123152e+00 1.7650000000e+00
1.016050000e-06 1.7650123152e+00 1.7650000000e+00
1.017050000e-06 1.7650123152e+00 1.7650000000e+00
1.018050000e-06 1.7650123152e+00 1.7650000000e+00
1.019050000e-06 1.7650123152e+00 1.7650000000e+00
1.020050000e-06 1.7650123152e+00 1.7650000000e+00
1.021050000e-06 1.7650123152e+00 1.7650000000e+00
1.022050000e-06 1.7650123152e+00 1.7650000000e+00
1.023050000e-06 1.7650123152e+00 1.7650000000e+00
1.024050000e-06 1.7650123152e+00 1.7650000000e+00
1.025050000e-06 1.7650123152e+00 1.7650000000e+00
1.026050000e-06 1.7650123152e+00 1.7650000000e+00
1.027050000e-06 1.7650123152e+00 1.7650000000e+00
1.028050000e-06 1.7650123152e+00 1.7650000000e+00
1.029050000e-06 1.7650123152e+00 1.7650000000e+00
1.030050000e-06 1.7650123152e+00 1.7650000000e+00
1.031050000e-06 1.7650123152e+00 1.7650000000e+00
1.032050000e-06 1.7650123152e+00 1.7650000000e+00
1.033050000e-06 1.7650123152e+00 1.7650000000e+00
1.034050000e-06 1.7650123152e+00 1.7650000000e+00
1.035050000e-06 1.7650123152e+00 1.7650000000e+00
1.036050000e-06 1.7650123152e+00 1.7650000000e+00
1.037050000e-06 1.7650123152e+00 1.7650000000e+00
1.038050000e-06 1.7650123152e+00 1.7650000000e+00
1.039050000e-06 1.7650123152e+00 1.7650000000e+00
1.040050000e-06 1.7650123152e+00 1.7650000000e+00
1.041050000e-06 1.7650123152e+00 1.7650000000e+00
1.042050000e-06 1.7650123152e+00 1.7650000000e+00
1.043050000e-06 1.7650123152e+00 1.7650000000e+00
1.044050000e-06 1.7650123152e+00 1.7650000000e+00
1.045050000e-06 1.7650123152e+00 1.7650000000e+00
1.046050000e-06 1.7650123152e+00 1.7650000000e+00
1.047050000e-06 1.7650123152e+00 1.7650000000e+00
1.048050000e-06 1.7650123152e+00 1.7650000000e+00
1.049050000e-06 1.7650123152e+00 1.7650000000e+00
1.050050000e-06 1.7650123152e+00 1.7650000000e+00
1.051050000e-06 1.7650123152e+00 1.7650000000e+00
1.052050000e-06 1.7650123152e+00 1.7650000000e+00
1.053050000e-06 1.7650123152e+00 1.7650000000e+00
1.054050000e-06 1.7650123152e+00 1.7650000000e+00
1.055050000e-06 1.7650123152e+00 1.7650000000e+00
1.056050000e-06 1.7650123152e+00 1.7650000000e+00
1.057050000e-06 1.7650123152e+00 1.7650000000e+00
1.058050000e-06 1.7650123152e+00 1.7650000000e+00
1.059050000e-06 1.7650123152e+00 1.7650000000e+00
1.060050000e-06 1.7650123152e+00 1.7650000000e+00
1.061050000e-06 1.7650123152e+00 1.7650000000e+00
1.062050000e-06 1.7650123152e+00 1.7650000000e+00
1.063050000e-06 1.7650123152e+00 1.7650000000e+00
1.064050000e-06 1.7650123152e+00 1.7650000000e+00
1.065050000e-06 1.7650123152e+00 1.7650000000e+00
1.066050000e-06 1.7650123152e+00 1.7650000000e+00
1.067050000e-06 1.7650123152e+00 1.7650000000e+00
1.068050000e-06 1.7650123152e+00 1.7650000000e+00
1.069050000e-06 1.7650123152e+00 1.7650000000e+00
1.070050000e-06 1.7650123152e+00 1.7650000000e+00
1.071050000e-06 1.7650123152e+00 1.7650000000e+00
1.072050000e-06 1.7650123152e+00 1.7650000000e+00
1.073050000e-06 1.7650123152e+00 1.7650000000e+00
1.074050000e-06 1.7650123152e+00 1.7650000000e+00
1.075050000e-06 1.7650123152e+00 1.7650000000e+00
1.076050000e-06 1.7650123152e+00 1.7650000000e+00
1.077050000e-06 1.7650123152e+00 1.7650000000e+00
1.078050000e-06 1.7650123152e+00 1.7650000000e+00
1.079050000e-06 1.7650123152e+00 1.7650000000e+00
1.080050000e-06 1.7650123152e+00 1.7650000000e+00
1.081050000e-06 1.7650123152e+00 1.7650000000e+00
1.082050000e-06 1.7650123152e+00 1.7650000000e+00
1.083050000e-06 1.7650123152e+00 1.7650000000e+00
1.084050000e-06 1.7650123152e+00 1.7650000000e+00
1.085050000e-06 1.7650123152e+00 1.7650000000e+00
1.086050000e-06 1.7650123152e+00 1.7650000000e+00
1.087050000e-06 1.7650123152e+00 1.7650000000e+00
1.088050000e-06 1.7650123152e+00 1.7650000000e+00
1.089050000e-06 1.7650123152e+00 1.7650000000e+00
1.090050000e-06 1.7650123152e+00 1.7650000000e+00
1.091050000e-06 1.7650123152e+00 1.7650000000e+00
1.092050000e-06 1.7650123152e+00 1.7650000000e+00
1.093050000e-06 1.7650123152e+00 1.7650000000e+00
1.094050000e-06 1.7650123152e+00 1.7650000000e+00
1.095050000e-06 1.7650123152e+00 1.7650000000e+00
1.096050000e-06 1.7650123152e+00 1.7650000000e+00
1.097050000e-06 1.7650123152e+00 1.7650000000e+00
1.098050000e-06 1.7650123152e+00 1.7650000000e+00
1.099050000e-06 1.7650123152e+00 1.7650000000e+00
1.100000000e-06 1.7650123152e+00 1.7650000000e+00
