# time_s vout_v
0.000000000000000000e+00 9.850023369227756120e-01
5.000000000000000182e-11 9.850023369227003389e-01
1.000000000000000036e-10 9.850023369226277303e-01
2.000000000000000073e-10 9.850023369224811809e-01
4.000000000000000146e-10 9.850023369228867454e-01
8.000000000000000291e-10 9.850023369241509563e-01
1.600000000000000058e-09 9.850023369282209229e-01
3.200000000000000117e-09 9.850023369392126860e-01
6.400000000000000233e-09 9.850023369440835674e-01
1.139999999999999951e-08 9.850023369538719598e-01
1.640000000000000127e-08 9.850023369750108282e-01
2.139999999999999972e-08 9.850023369893263769e-01
2.640000000000000148e-08 9.850023369984687305e-01
3.140000000000000324e-08 9.850023370011998791e-01
3.640000000000000169e-08 9.850023369972529252e-01
4.139999999999998690e-08 9.850023369882210389e-01
4.639999999999999197e-08 9.850023369787714866e-01
5.139999999999999042e-08 9.850023369711826682e-01
5.639999999999998887e-08 9.850023369639149262e-01
6.139999999999999394e-08 9.850023369569727016e-01
6.639999999999999901e-08 9.850023369524704142e-01
7.140000000000000407e-08 9.850023369532575623e-01
7.640000000000000914e-08 9.850023369600962031e-01
8.140000000000001421e-08 9.850023369696455644e-01
8.640000000000001928e-08 9.850023369802130002e-01
9.140000000000002435e-08 9.850023369904609138e-01
9.640000000000002941e-08 9.850023369998498479e-01
1.013999999999999948e-07 9.850023370077032325e-01
1.063999999999999998e-07 9.850023370123904831e-01
1.114000000000000049e-07 9.850023370148971447e-01
1.163999999999999967e-07 9.850023370143098367e-01
1.213999999999999886e-07 9.850023370076105289e-01
1.263999999999999936e-07 9.850023369954097330e-01
1.314000000000001046e-07 9.850023369835785303e-01
1.364000000000001097e-07 9.850023369757356928e-01
1.414000000000000883e-07 9.850023369686601304e-01
1.464000000000000933e-07 9.850023369610095836e-01
1.514000000000000984e-07 9.850023369544070873e-01
1.564000000000001035e-07 9.850023369475130464e-01
1.614000000000001085e-07 9.850023369408793528e-01
1.664000000000000871e-07 9.850023369365494830e-01
1.714000000000000922e-07 9.850023369349121261e-01
1.764000000000000973e-07 9.850023369390364936e-01
1.814000000000001023e-07 9.850023369495242154e-01
1.864000000000001074e-07 9.850023369609800516e-01
1.914000000000001125e-07 9.850023369702054499e-01
1.964000000000000911e-07 9.850023369754342673e-01
2.014000000000000961e-07 9.850023369752713975e-01
2.064000000000001012e-07 9.850023369713745147e-01
2.114000000000001063e-07 9.850023369680246388e-01
2.164000000000001113e-07 9.850023369686584651e-01
2.214000000000000899e-07 9.850023369723017730e-01
2.264000000000000950e-07 9.850023369761599090e-01
2.314000000000002059e-07 9.850023369794684847e-01
2.364000000000002110e-07 9.850023369805211981e-01
2.414000000000000837e-07 9.850023369769338455e-01
2.464000000000000888e-07 9.850023369700053877e-01
2.514000000000000939e-07 9.850023369631699666e-01
2.564000000000002048e-07 9.850023369582183719e-01
2.614000000000002099e-07 9.850023369530377382e-01
2.664000000000002149e-07 9.850023369486946567e-01
2.714000000000002200e-07 9.850023369482698854e-01
2.764000000000002251e-07 9.850023369524438799e-01
2.814000000000001772e-07 9.850023369607557866e-01
2.864000000000001823e-07 9.850023369681195629e-01
2.914000000000001873e-07 9.850023369731127909e-01
2.964000000000001924e-07 9.850023369777286542e-01
3.014000000000001975e-07 9.850023369801000905e-01
3.064000000000002026e-07 9.850023369793392547e-01
3.114000000000002076e-07 9.850023369760764202e-01
3.164000000000002127e-07 9.850023369730539491e-01
3.214000000000002178e-07 9.850023369726199629e-01
3.264000000000002228e-07 9.850023369745225521e-01
3.314000000000001750e-07 9.850023369762732628e-01
3.364000000000001800e-07 9.850023369788556415e-01
3.414000000000001851e-07 9.850023369847897836e-01
3.464000000000001902e-07 9.850023369900964276e-01
3.514000000000001952e-07 9.850023369940171802e-01
3.564000000000003062e-07 9.850023369978210264e-01
3.614000000000003112e-07 9.850023369974093557e-01
3.664000000000003163e-07 9.850023369909430837e-01
3.714000000000003214e-07 9.850023369818029506e-01
3.764000000000003264e-07 9.850023369734605128e-01
3.814000000000002786e-07 9.850023369670668494e-01
3.864000000000002836e-07 9.850023369632476822e-01
3.914000000000002887e-07 9.850023369633718051e-01
3.964000000000002938e-07 9.850023369658328365e-01
4.014000000000002988e-07 9.850023369687010977e-01
4.064000000000003039e-07 9.850023369729562495e-01
4.114000000000003090e-07 9.850023369776741422e-01
4.164000000000003140e-07 9.850023369825371411e-01
4.214000000000003191e-07 9.850023369880438473e-01
4.264000000000003242e-07 9.850023369925083871e-01
4.314000000000002763e-07 9.850023369930503980e-01
4.364000000000002814e-07 9.850023369877918267e-01
4.414000000000002864e-07 9.850023369792496597e-01
4.464000000000002915e-07 9.850023369707043841e-01
4.514000000000002966e-07 9.850023369631885073e-01
4.564000000000004075e-07 9.850023369574710808e-01
4.614000000000004126e-07 9.850023369576468291e-01
4.664000000000004177e-07 9.850023369649036908e-01
4.714000000000004227e-07 9.850023369731817358e-01
4.764000000000003749e-07 9.850023369766576220e-01
4.814000000000003799e-07 9.850023369737798129e-01
4.864000000000003320e-07 9.850023369693718944e-01
4.914000000000002842e-07 9.850023369677404217e-01
4.964000000000002363e-07 9.850023369712354038e-01
5.014000000000001884e-07 9.850023369779651317e-01
5.064000000000001406e-07 9.850023369827018982e-01
5.114000000000000927e-07 9.850023369863812883e-01
5.164000000000000448e-07 9.850023369871127032e-01
5.213999999999999969e-07 9.850023369824324471e-01
5.263999999999999491e-07 9.850023369760478875e-01
5.313999999999999012e-07 9.850023369699342224e-01
5.363999999999998533e-07 9.850023369657574523e-01
5.413999999999998055e-07 9.850023369647373794e-01
5.463999999999997576e-07 9.850023369656440986e-01
5.513999999999997097e-07 9.850023369672761264e-01
5.563999999999996618e-07 9.850023369690010799e-01
5.613999999999996140e-07 9.850023369689540065e-01
5.663999999999995661e-07 9.850023369653007066e-01
5.713999999999995182e-07 9.850023369597332712e-01
5.763999999999994704e-07 9.850023369548663865e-01
5.813999999999994225e-07 9.850023369531688555e-01
5.863999999999993746e-07 9.850023369556710762e-01
5.913999999999993267e-07 9.850023369637104231e-01
5.963999999999992789e-07 9.850023369746898627e-01
6.013999999999992310e-07 9.850023369819853603e-01
6.063999999999991831e-07 9.850023369854045141e-01
6.113999999999991353e-07 9.850023369864246980e-01
6.163999999999990874e-07 9.850023369847384913e-01
6.213999999999990395e-07 9.850023369808474927e-01
6.263999999999989916e-07 9.850023369737487267e-01
6.313999999999989438e-07 9.850023369642501025e-01
6.363999999999988959e-07 9.850023369567260101e-01
6.413999999999988480e-07 9.850023369525338079e-01
6.463999999999988001e-07 9.850023369502924897e-01
6.513999999999987523e-07 9.850023369518435823e-01
6.563999999999987044e-07 9.850023369592790790e-01
6.613999999999986565e-07 9.850023369692002539e-01
6.663999999999986087e-07 9.850023369758227343e-01
6.713999999999985608e-07 9.850023369769280723e-01
6.763999999999985129e-07 9.850023369728803102e-01
6.813999999999984650e-07 9.850023369675254825e-01
6.863999999999984172e-07 9.850023369651217386e-01
6.913999999999983693e-07 9.850023369656365491e-01
6.963999999999983214e-07 9.850023369717725297e-01
7.013999999999982736e-07 9.850023369828548869e-01
7.063999999999982257e-07 9.850023369918673444e-01
7.113999999999981778e-07 9.850023369940231754e-01
7.163999999999981299e-07 9.850023369868947665e-01
7.213999999999980821e-07 9.850023369745740665e-01
7.263999999999980342e-07 9.850023369653407856e-01
7.313999999999979863e-07 9.850023369632193715e-01
7.363999999999979385e-07 9.850023369676542684e-01
7.413999999999978906e-07 9.850023369757747727e-01
7.463999999999978427e-07 9.850023369853360133e-01
7.513999999999977948e-07 9.850023369922127348e-01
7.563999999999977470e-07 9.850023369911355964e-01
7.613999999999976991e-07 9.850023369837452858e-01
7.663999999999976512e-07 9.850023369764975278e-01
7.713999999999976034e-07 9.850023369710541044e-01
7.763999999999975555e-07 9.850023369655537264e-01
7.813999999999975076e-07 9.850023369599182343e-01
7.863999999999974597e-07 9.850023369571691001e-01
7.913999999999974119e-07 9.850023369594491651e-01
7.963999999999973640e-07 9.850023369656135674e-01
8.013999999999973161e-07 9.850023369739171475e-01
8.063999999999972683e-07 9.850023369815382734e-01
8.113999999999972204e-07 9.850023369871152568e-01
8.163999999999971725e-07 9.850023369889027158e-01
8.213999999999971246e-07 9.850023369841209853e-01
8.263999999999970768e-07 9.850023369776589321e-01
8.313999999999970289e-07 9.850023369763727388e-01
8.363999999999969810e-07 9.850023369786132799e-01
8.413999999999969331e-07 9.850023369785488869e-01
8.463999999999968853e-07 9.850023369753424518e-01
8.513999999999968374e-07 9.850023369726487177e-01
8.563999999999967895e-07 9.850023369705699361e-01
8.613999999999967417e-07 9.850023369705901422e-01
8.663999999999966938e-07 9.850023369753359015e-01
8.713999999999966459e-07 9.850023369802831663e-01
8.763999999999965980e-07 9.850023369819659314e-01
8.813999999999965502e-07 9.850023369818081687e-01
8.863999999999965023e-07 9.850023369808001972e-01
8.913999999999964544e-07 9.850023369799879580e-01
8.963999999999964066e-07 9.850023369792278993e-01
9.013999999999963587e-07 9.850023369780742666e-01
9.063999999999963108e-07 9.850023369766564008e-01
9.113999999999962629e-07 9.850023369753106994e-01
9.163999999999962151e-07 9.850023369761680136e-01
9.213999999999961672e-07 9.850023369795344319e-01
9.263999999999961193e-07 9.850023369817523244e-01
9.313999999999960715e-07 9.850023369816681695e-01
9.363999999999960236e-07 9.850023369798236450e-01
9.413999999999959757e-07 9.850023369769077553e-01
9.463999999999959278e-07 9.850023369736204959e-01
9.513999999999958800e-07 9.850023369703978515e-01
9.563999999999958321e-07 9.850023369693318154e-01
9.613999999999957842e-07 9.850023369735444456e-01
9.663999999999957364e-07 9.850023369821012675e-01
9.713999999999956885e-07 9.850023369894683745e-01
9.763999999999956406e-07 9.850023369942487728e-01
9.813999999999955927e-07 9.850023369963490927e-01
9.863999999999955449e-07 9.850023369925214878e-01
9.913999999999954970e-07 9.850023369848970312e-01
9.956999999999977259e-07 9.850023369746770951e-01
9.999999999999999547e-07 9.850023369626030867e-01
1.000099999999999962e-06 9.850852989798452031e-01
1.000299999999999977e-06 9.851688661044426532e-01
1.000649999999999898e-06 9.849465000902278833e-01
1.001000000000000030e-06 9.847989311906165666e-01
1.001070000000000056e-06 9.848162824392113768e-01
1.001209999999999897e-06 9.849166068542887231e-01
1.001490000000000003e-06 9.853532096535246865e-01
1.002050000000000003e-06 9.866564074510348892e-01
1.003020798158877997e-06 9.899682181609659182e-01
1.004962394476633985e-06 1.000467954941234083e+00
1.008845587112147020e-06 1.033618510499286991e+00
1.013845587112146972e-06 1.091298911395160109e+00
1.018845587112146925e-06 1.157341729984874945e+00
1.023845587112146030e-06 1.226872613431029047e+00
1.028845587112145982e-06 1.297798891814045064e+00
1.033845587112145934e-06 1.369320406558601988e+00
1.038845587112146098e-06 1.441120986198461962e+00
1.043845587112146050e-06 1.513047525787384995e+00
1.048845587112146002e-06 1.584998869429758983e+00
1.053845587112145954e-06 1.656805419556893089e+00
1.058845587112145906e-06 1.728014133702471922e+00
1.063845587112146070e-06 1.797391608844203015e+00
1.068845587112146022e-06 1.861909336947003002e+00
1.073845587112145974e-06 1.916373839431227077e+00
1.078845587112145927e-06 1.956373843998360895e+00
1.083845587112146090e-06 1.981687784747425907e+00
1.088845587112146043e-06 1.995204210083497909e+00
1.093845587112145995e-06 2.000384044330492106e+00
1.098845587112145947e-06 2.000349219590622951e+00
1.103845587112145899e-06 1.997566081057196907e+00
1.108845587112146063e-06 1.993804438480913932e+00
1.113845587112146015e-06 1.990187596392301916e+00
1.118845587112145967e-06 1.987294535754478009e+00
1.123845587112145072e-06 1.985314843874874002e+00
1.128845587112145024e-06 1.984188229839412010e+00
1.133845587112144976e-06 1.983727624669264999e+00
1.138845587112144929e-06 1.983710387551860022e+00
1.143845587112145093e-06 1.983935306651188002e+00
1.148845587112145045e-06 1.984249778362680017e+00
1.153845587112144997e-06 1.984555343633557900e+00
1.158845587112144949e-06 1.984800703714606041e+00
1.163845587112144901e-06 1.984969206405615028e+00
1.168845587112145065e-06 1.985065849185728037e+00
1.173845587112145017e-06 1.985106332359219961e+00
1.178845587112144969e-06 1.985109275146484942e+00
1.183845587112144921e-06 1.985091486050051035e+00
1.188845587112145085e-06 1.985065765682592964e+00
1.193845587112145037e-06 1.985040435220781996e+00
1.198845587112144989e-06 1.985019904434595084e+00
1.203845587112144942e-06 1.985005674909992024e+00
1.208845587112145105e-06 1.984997415054013947e+00
1.213845587112145058e-06 1.984993863269707060e+00
1.218845587112145010e-06 1.984993489097566011e+00
1.223845587112144962e-06 1.984994892056088034e+00
1.228845587112144067e-06 1.984996997605940949e+00
1.233845587112144019e-06 1.984999099317509064e+00
1.238845587112143971e-06 1.985000818549139012e+00
1.243845587112143923e-06 1.985002020148203039e+00
1.248845587112144087e-06 1.985002725835232962e+00
1.253845587112144039e-06 1.985003036542074106e+00
1.258845587112143991e-06 1.985003078676937038e+00
1.263845587112143944e-06 1.985002968445968907e+00
1.268845587112143896e-06 1.985002796408003034e+00
1.273845587112144060e-06 1.985002622077685963e+00
1.278845587112144012e-06 1.985002478238091062e+00
1.283845587112143964e-06 1.985002376720240047e+00
1.288845587112143916e-06 1.985002316552127111e+00
1.293845587112144080e-06 1.985002289398368092e+00
1.298845587112144032e-06 1.985002285022041013e+00
1.303845587112143984e-06 1.985002293592045053e+00
1.308845587112143936e-06 1.985002307698026991e+00
1.313845587112144100e-06 1.985002322081848902e+00
1.318845587112144052e-06 1.985002334131459101e+00
1.323845587112144004e-06 1.985002342669659026e+00
1.328845587112143957e-06 1.985002347868108030e+00
1.333845587112143062e-06 1.985002350221036105e+00
1.338845587112143014e-06 1.985002350708467977e+00
1.343845587112142966e-06 1.985002349990615089e+00
1.348845587112142918e-06 1.985002348842852093e+00
1.353845587112143082e-06 1.985002347612778939e+00
1.358845587112143034e-06 1.985002346635057036e+00
1.363845587112142986e-06 1.985002345905152010e+00
1.368845587112142938e-06 1.985002345512042021e+00
1.373845587112143102e-06 1.985002345282266933e+00
1.378845587112143054e-06 1.985002345255624912e+00
1.383845587112143006e-06 1.985002345284291092e+00
1.388845587112142959e-06 1.985002345409154989e+00
1.393845587112142911e-06 1.985002345477377972e+00
1.398845587112143075e-06 1.985002345553799064e+00
1.403845587112143027e-06 1.985002345579450100e+00
1.408845587112142979e-06 1.985002345685437986e+00
1.413845587112142931e-06 1.985002345677089108e+00
1.418845587112143095e-06 1.985002345689669934e+00
1.423845587112143047e-06 1.985002345664691026e+00
1.428845587112142999e-06 1.985002345667665091e+00
1.433845587112142951e-06 1.985002345612774999e+00
1.438845587112142056e-06 1.985002345627685960e+00
1.443845587112142008e-06 1.985002345615197950e+00
1.448845587112141961e-06 1.985002345652455924e+00
1.453845587112141913e-06 1.985002345630328957e+00
1.458845587112142077e-06 1.985002345662862933e+00
1.463845587112142029e-06 1.985002345636937005e+00
1.468845587112141981e-06 1.985002345641895927e+00
1.473845587112141933e-06 1.985002345606732055e+00
1.478845587112142097e-06 1.985002345632288945e+00
1.483845587112142049e-06 1.985002345587586037e+00
1.488845587112142001e-06 1.985002345617397967e+00
1.493845587112141953e-06 1.985002345626939890e+00
1.498845587112141905e-06 1.985002345671831092e+00
1.503845587112142069e-06 1.985002345653541944e+00
1.508845587112142021e-06 1.985002345680743074e+00
1.513845587112141974e-06 1.985002345651504907e+00
1.518845587112141926e-06 1.985002345673569923e+00
1.523845587112142090e-06 1.985002345646446953e+00
1.528845587112142042e-06 1.985002345671184054e+00
1.533845587112141994e-06 1.985002345644163002e+00
1.538845587112141946e-06 1.985002345669226065e+00
1.543845587112141051e-06 1.985002345644728106e+00
1.548845587112141003e-06 1.985002345666160073e+00
1.553845587112140955e-06 1.985002345631387000e+00
1.558845587112140907e-06 1.985002345646478039e+00
1.563845587112141071e-06 1.985002345615610952e+00
1.568845587112141023e-06 1.985002345641597055e+00
1.573845587112140976e-06 1.985002345620999975e+00
1.578845587112140928e-06 1.985002345651736944e+00
1.583845587112141092e-06 1.985002345629603981e+00
1.588845587112141044e-06 1.985002345652548961e+00
1.593845587112140996e-06 1.985002345621214914e+00
1.598845587112140948e-06 1.985002345641958987e+00
1.603845587112140900e-06 1.985002345617183916e+00
1.608845587112141064e-06 1.985002345644879984e+00
1.613845587112141016e-06 1.985002345621623032e+00
1.618845587112140968e-06 1.985002345646484034e+00
1.623845587112140920e-06 1.985002345621851072e+00
1.628845587112141084e-06 1.985002345648491096e+00
1.633845587112141036e-06 1.985002345624133913e+00
1.638845587112140988e-06 1.985002345651518008e+00
1.643845587112140941e-06 1.985002345629184983e+00
1.648845587112140046e-06 1.985002345653142042e+00
1.653845587112139998e-06 1.985002345622943976e+00
1.658845587112139950e-06 1.985002345644309107e+00
1.663845587112139902e-06 1.985002345620495046e+00
1.668845587112140066e-06 1.985002345648422928e+00
1.673845587112140018e-06 1.985002345623585907e+00
1.678845587112139970e-06 1.985002345647056909e+00
1.683845587112139922e-06 1.985002345621680986e+00
1.688845587112140086e-06 1.985002345649452105e+00
1.693845587112140038e-06 1.985002345627546960e+00
1.698845587112139990e-06 1.985002345656297962e+00
1.703845587112139943e-06 1.985002345636347032e+00
1.708845587112139895e-06 1.985002345662608025e+00
1.713845587112140059e-06 1.985002345634403920e+00
1.718845587112140011e-06 1.985002345657727041e+00
1.723845587112139963e-06 1.985002345634774956e+00
1.728845587112139915e-06 1.985002345660656031e+00
1.733845587112140079e-06 1.985002345635207943e+00
1.738845587112140031e-06 1.985002345661633028e+00
1.743845587112139983e-06 1.985002345636400989e+00
1.748845587112139935e-06 1.985002345660725975e+00
1.753845587112139040e-06 1.985002345637308929e+00
1.758845587112138993e-06 1.985002345663954060e+00
1.763845587112138945e-06 1.985002345638716026e+00
1.768845587112138897e-06 1.985002345662868928e+00
1.773845587112139061e-06 1.985002345636696086e+00
1.778845587112139013e-06 1.985002345661394108e+00
1.783845587112138965e-06 1.985002345637510990e+00
1.788845587112138917e-06 1.985002345664895973e+00
1.793845587112139081e-06 1.985002345638303023e+00
1.798845587112139033e-06 1.985002345656406986e+00
1.803845587112138985e-06 1.985002345625018982e+00
1.808845587112138937e-06 1.985002345647131072e+00
1.813845587112139101e-06 1.985002345620966890e+00
1.818845587112139053e-06 1.985002345646142974e+00
1.823845587112139005e-06 1.985002345623247955e+00
1.828845587112138958e-06 1.985002345653076983e+00
1.833845587112138910e-06 1.985002345630022980e+00
1.838845587112139074e-06 1.985002345652082889e+00
1.843845587112139026e-06 1.985002345625116904e+00
1.848845587112138978e-06 1.985002345649582001e+00
1.853845587112138930e-06 1.985002345621907027e+00
1.858845587112138035e-06 1.985002345643523958e+00
1.863845587112137987e-06 1.985002345616730057e+00
1.868845587112137939e-06 1.985002345644121036e+00
1.873845587112138103e-06 1.985002345625326958e+00
1.878845587112138055e-06 1.985002345656462053e+00
1.883845587112138007e-06 1.985002345634055976e+00
1.888845587112137960e-06 1.985002345659959921e+00
1.893845587112137912e-06 1.985002345635564991e+00
1.898845587112138076e-06 1.985002345662175927e+00
1.903845587112138028e-06 1.985002345639246935e+00
1.908845587112137980e-06 1.985002345663259060e+00
1.913845587112137932e-06 1.985002345633952059e+00
1.918845587112137884e-06 1.985002345655503930e+00
1.923845587112137836e-06 1.985002345628428033e+00
1.928845587112137788e-06 1.985002345649764965e+00
1.933845587112138164e-06 1.985002345620892950e+00
1.938845587112138116e-06 1.985002345646414978e+00
1.943845587112138068e-06 1.985002345625793030e+00
1.948845587112138020e-06 1.985002345655499045e+00
1.953845587112137973e-06 1.985002345632612020e+00
1.958845587112137925e-06 1.985002345655046962e+00
1.963845587112137030e-06 1.985002345624812037e+00
1.968845587112136982e-06 1.985002345648072097e+00
1.973845587112136934e-06 1.985002345625102027e+00
1.978845587112136886e-06 1.985002345652365996e+00
1.983845587112136838e-06 1.985002345626704967e+00
1.988845587112136790e-06 1.985002345652320033e+00
1.993845587112137166e-06 1.985002345629885978e+00
1.998845587112137118e-06 1.985002345654605094e+00
2.003845587112137070e-06 1.985002345628767095e+00
2.008845587112137022e-06 1.985002345654069078e+00
2.013845587112136975e-06 1.985002345627900899e+00
2.018845587112136927e-06 1.985002345651665001e+00
2.023845587112136879e-06 1.985002345625535014e+00
2.028845587112136831e-06 1.985002345650074940e+00
2.033845587112137207e-06 1.985002345624270914e+00
2.038845587112137159e-06 1.985002345648299027e+00
2.043845587112137111e-06 1.985002345626035947e+00
2.048845587112137063e-06 1.985002345654208966e+00
2.053845587112137015e-06 1.985002345627580933e+00
2.058845587112136967e-06 1.985002345650612066e+00
2.063845587112136072e-06 1.985002345624095055e+00
2.068845587112136024e-06 1.985002345648180899e+00
2.073845587112135977e-06 1.985002345624689912e+00
2.078845587112135929e-06 1.985002345649544919e+00
2.083845587112135881e-06 1.985002345621946995e+00
2.088845587112135833e-06 1.985002345646212030e+00
2.093845587112136209e-06 1.985002345619856889e+00
2.098845587112136161e-06 1.985002345642792987e+00
2.103845587112136113e-06 1.985002345617520980e+00
2.108845587112136065e-06 1.985002345646571964e+00
2.113845587112136017e-06 1.985002345630545895e+00
2.118845587112135969e-06 1.985002345668311019e+00
2.123845587112135921e-06 1.985002345656365019e+00
2.128845587112135874e-06 1.985002345693128945e+00
2.133845587112135826e-06 1.985002345650421107e+00
2.138845587112136201e-06 1.985002345663303025e+00
2.143845587112136153e-06 1.985002345654516054e+00
2.148845587112136106e-06 1.985002345682995939e+00
2.153845587112136058e-06 1.985002345653283928e+00
2.158845587112136010e-06 1.985002345672189916e+00
2.163845587112135962e-06 1.985002345642228994e+00
2.168845587112135067e-06 1.985002345667360002e+00
2.173845587112135019e-06 1.985002345644828914e+00
2.178845587112134971e-06 1.985002345669921064e+00
2.183845587112134923e-06 1.985002345643746002e+00
2.188845587112134876e-06 1.985002345667415957e+00
2.193845587112134828e-06 1.985002345641269983e+00
2.198845587112135203e-06 1.985002345662739032e+00
2.203845587112135155e-06 1.985002345629919063e+00
2.208845587112135108e-06 1.985002345649311994e+00
2.213845587112135060e-06 1.985002345623237074e+00
2.218845587112135012e-06 1.985002345648833044e+00
2.223845587112134964e-06 1.985002345622280950e+00
2.228845587112134916e-06 1.985002345645509925e+00
2.233845587112134868e-06 1.985002345622467024e+00
2.238845587112134820e-06 1.985002345651531996e+00
2.243845587112135196e-06 1.985002345628793075e+00
2.248845587112135148e-06 1.985002345654635070e+00
2.253845587112135100e-06 1.985002345628954945e+00
2.258845587112135052e-06 1.985002345652242983e+00
2.263845587112135004e-06 1.985002345627506992e+00
2.268845587112134957e-06 1.985002345656061040e+00
2.273845587112134062e-06 1.985002345634385046e+00
2.278845587112134014e-06 1.985002345659840906e+00
2.283845587112133966e-06 1.985002345631283971e+00
2.288845587112133918e-06 1.985002345653009037e+00
2.293845587112133870e-06 1.985002345627858933e+00
2.298845587112133822e-06 1.985002345650777045e+00
2.303845587112134198e-06 1.985002345622848940e+00
2.308845587112134150e-06 1.985002345648267941e+00
2.313845587112134102e-06 1.985002345622586040e+00
2.318845587112134054e-06 1.985002345645231037e+00
2.323845587112134007e-06 1.985002345623662068e+00
2.328845587112133959e-06 1.985002345658922085e+00
2.333845587112133911e-06 1.985002345642169930e+00
2.338845587112133863e-06 1.985002345667475021e+00
2.343845587112133815e-06 1.985002345638221977e+00
2.348845587112134191e-06 1.985002345661190937e+00
2.353845587112134143e-06 1.985002345635695997e+00
2.358845587112134095e-06 1.985002345659041101e+00
2.363845587112134047e-06 1.985002345632832954e+00
2.368845587112133999e-06 1.985002345660539014e+00
2.373845587112133951e-06 1.985002345636142973e+00
2.378845587112133056e-06 1.985002345658567036e+00
2.383845587112133009e-06 1.985002345635620058e+00
2.388845587112132961e-06 1.985002345665644929e+00
2.393845587112132913e-06 1.985002345643473110e+00
2.398845587112132865e-06 1.985002345668003043e+00
2.403845587112132817e-06 1.985002345637977950e+00
2.408845587112133193e-06 1.985002345659615086e+00
2.413845587112133145e-06 1.985002345633464005e+00
2.418845587112133097e-06 1.985002345653273048e+00
2.423845587112133049e-06 1.985002345623962050e+00
2.428845587112133001e-06 1.985002345649754973e+00
2.433845587112132953e-06 1.985002345625251019e+00
2.438845587112132905e-06 1.985002345651083022e+00
2.443845587112132858e-06 1.985002345630213050e+00
2.448845587112132810e-06 1.985002345659881096e+00
2.453845587112133185e-06 1.985002345637163934e+00
2.458845587112133137e-06 1.985002345659629963e+00
2.463845587112133090e-06 1.985002345630471066e+00
2.468845587112133042e-06 1.985002345655400013e+00
2.473845587112132994e-06 1.985002345629361065e+00
2.478845587112132946e-06 1.985002345650924926e+00
2.483845587112132051e-06 1.985002345625489939e+00
2.488845587112132003e-06 1.985002345654335087e+00
2.493845587112131955e-06 1.985002345630169085e+00
2.498845587112131907e-06 1.985002345653982037e+00
2.503845587112131860e-06 1.985002345631349030e+00
2.508845587112131812e-06 1.985002345656680989e+00
2.513845587112132187e-06 1.985002345628775977e+00
2.518845587112132139e-06 1.985002345653049893e+00
2.523845587112132092e-06 1.985002345626853959e+00
2.528845587112132044e-06 1.985002345651105005e+00
2.533845587112131996e-06 1.985002345627387976e+00
2.538845587112131948e-06 1.985002345653277933e+00
2.543845587112131900e-06 1.985002345629141907e+00
2.548845587112131852e-06 1.985002345654361955e+00
2.553845587112131804e-06 1.985002345625408893e+00
2.558845587112132180e-06 1.985002345645880961e+00
2.563845587112132132e-06 1.985002345616956099e+00
2.568845587112132084e-06 1.985002345637433940e+00
2.573845587112132036e-06 1.985002345609286900e+00
2.578845587112131989e-06 1.985002345635088039e+00
2.583845587112131941e-06 1.985002345615562991e+00
2.588845587112131046e-06 1.985002345646817101e+00
2.593845587112130998e-06 1.985002345621716957e+00
2.598845587112130950e-06 1.985002345644800048e+00
2.603845587112130902e-06 1.985002345621881048e+00
2.608845587112130854e-06 1.985002345649437894e+00
2.613845587112130806e-06 1.985002345624949038e+00
2.618845587112131182e-06 1.985002345648579913e+00
2.623845587112131134e-06 1.985002345621025066e+00
2.628845587112131086e-06 1.985002345645556998e+00
2.633845587112131038e-06 1.985002345623809950e+00
2.638845587112130991e-06 1.985002345652526978e+00
2.643845587112130943e-06 1.985002345627546960e+00
2.648845587112130895e-06 1.985002345652473021e+00
2.653845587112130847e-06 1.985002345631158960e+00
2.658845587112130799e-06 1.985002345659691025e+00
2.663845587112131175e-06 1.985002345634343079e+00
2.668845587112131127e-06 1.985002345656045941e+00
2.673845587112131079e-06 1.985002345626001086e+00
2.678845587112131031e-06 1.985002345648835043e+00
2.683845587112130983e-06 1.985002345625259013e+00
2.688845587112130935e-06 1.985002345652761013e+00
2.693845587112130040e-06 1.985002345628988030e+00
2.698845587112129993e-06 1.985002345649643063e+00
2.703845587112129945e-06 1.985002345620235920e+00
2.708845587112129897e-06 1.985002345645235922e+00
2.713845587112129849e-06 1.985002345619969910e+00
2.718845587112129801e-06 1.985002345646246003e+00
2.723845587112130177e-06 1.985002345624556908e+00
2.728845587112130129e-06 1.985002345652238098e+00
2.733845587112130081e-06 1.985002345627880915e+00
2.738845587112130033e-06 1.985002345654272027e+00
2.743845587112129985e-06 1.985002345632818077e+00
2.748845587112129937e-06 1.985002345660833001e+00
2.753845587112129890e-06 1.985002345635282994e+00
2.758845587112129842e-06 1.985002345660128009e+00
2.763845587112129794e-06 1.985002345638458898e+00
2.768845587112130169e-06 1.985002345664601986e+00
2.773845587112130122e-06 1.985002345634997889e+00
2.778845587112130074e-06 1.985002345654746092e+00
2.783845587112130026e-06 1.985002345626494025e+00
2.788845587112129978e-06 1.985002345650028976e+00
2.793845587112129930e-06 1.985002345628070097e+00
2.798845587112129035e-06 1.985002345657955969e+00
2.803845587112128987e-06 1.985002345633257947e+00
2.808845587112128939e-06 1.985002345657800982e+00
2.813845587112128892e-06 1.985002345636966092e+00
2.818845587112128844e-06 1.985002345665902945e+00
2.823845587112128796e-06 1.985002345642022048e+00
2.828845587112129171e-06 1.985002345672445045e+00
2.833845587112129124e-06 1.985002345657874034e+00
2.838845587112129076e-06 1.985002345691295966e+00
2.843845587112129028e-06 1.985002345666522006e+00
2.848845587112128980e-06 1.985002345686398106e+00
2.853845587112128932e-06 1.985002345655128897e+00
2.858845587112128884e-06 1.985002345673325008e+00
2.863845587112128836e-06 1.985002345640626942e+00
2.868845587112128788e-06 1.985002345659985901e+00
2.873845587112129164e-06 1.985002345632991050e+00
2.878845587112129116e-06 1.985002345653970934e+00
2.883845587112129068e-06 1.985002345624998998e+00
2.888845587112129020e-06 1.985002345652608025e+00
2.893845587112128973e-06 1.985002345633992915e+00
2.898845587112128925e-06 1.985002345662715939e+00
2.903845587112128030e-06 1.985002345636063925e+00
2.908845587112127982e-06 1.985002345658154033e+00
2.913845587112127934e-06 1.985002345630247023e+00
2.918845587112127886e-06 1.985002345651398103e+00
2.923845587112127838e-06 1.985002345623932962e+00
2.928845587112127790e-06 1.985002345651128985e+00
2.933845587112128166e-06 1.985002345630247023e+00
2.938845587112128118e-06 1.985002345659566014e+00
2.943845587112128070e-06 1.985002345636565080e+00
2.948845587112128023e-06 1.985002345659182987e+00
2.953845587112127975e-06 1.985002345629254927e+00
2.958845587112127927e-06 1.985002345652473910e+00
2.963845587112127879e-06 1.985002345625501041e+00
2.968845587112127831e-06 1.985002345644752975e+00
2.973845587112128207e-06 1.985002345618313901e+00
2.978845587112128159e-06 1.985002345645477950e+00
2.983845587112128111e-06 1.985002345620243025e+00
2.988845587112128063e-06 1.985002345641871058e+00
2.993845587112128015e-06 1.985002345614873986e+00
2.997422793556063871e-06 1.985002345682391978e+00
3.001000000000000151e-06 1.985002345689657943e+00
3.001099999999999947e-06 1.984908830343983022e+00
3.001299999999999962e-06 1.984819525810908925e+00
3.001649999999999882e-06 1.984937463770624966e+00
3.001999999999999803e-06 1.985074323973424981e+00
3.002070000000000041e-06 1.985100739340192044e+00
3.002210000000000094e-06 1.985138003896661951e+00
3.002490000000000200e-06 1.985123693871390094e+00
3.003049999999999988e-06 1.984749958766842015e+00
3.004169999999999140e-06 1.982637630991346045e+00
3.006398785068531173e-06 1.973622320752913106e+00
3.008997121030349981e-06 1.956703279234099924e+00
3.013997121030349933e-06 1.912001867363334107e+00
3.018997121030349885e-06 1.857151444755672065e+00
3.023997121030349838e-06 1.796589552758959929e+00
3.028997121030349790e-06 1.732620509270792031e+00
3.033997121030350165e-06 1.666555576176325992e+00
3.038997121030350117e-06 1.599159284133907954e+00
3.043997121030350070e-06 1.530916887326720044e+00
3.048997121030350022e-06 1.462145808788515966e+00
3.053997121030349974e-06 1.393066786054268036e+00
3.058997121030349926e-06 1.323870844535353086e+00
3.063997121030349031e-06 1.254843213293183934e+00
3.068997121030348983e-06 1.186668729926745991e+00
3.073997121030348935e-06 1.121095767066766946e+00
3.078997121030348887e-06 1.061527899032109978e+00
3.083997121030348840e-06 1.012570178288243028e+00
3.088997121030348792e-06 9.780441661262144759e-01
3.093997121030349167e-06 9.588191961151583120e-01
3.098997121030349119e-06 9.524667491605292025e-01
3.103997121030349072e-06 9.547410177977272427e-01
3.108997121030349024e-06 9.613847950394702746e-01
3.113997121030348976e-06 9.691756835012168558e-01
3.118997121030348928e-06 9.761636356084986144e-01
3.123997121030348880e-06 9.814692834901992402e-01
3.128997121030348832e-06 9.849351260778321793e-01
3.133997121030349208e-06 9.868040401871869260e-01
3.138997121030349160e-06 9.874880936580371360e-01
3.143997121030349112e-06 9.874149245430287047e-01
3.148997121030349064e-06 9.869469966658239724e-01
3.153997121030349016e-06 9.863490670998484866e-01
3.158997121030348969e-06 9.857868020233929718e-01
3.163997121030348074e-06 9.853435554030445243e-01
3.168997121030348026e-06 9.850433585126595615e-01
3.173997121030347978e-06 9.848738399282201961e-01
3.178997121030347930e-06 9.848050832084086492e-01
3.183997121030347882e-06 9.848029966881561847e-01
3.188997121030347834e-06 9.848372960023739076e-01
3.193997121030348210e-06 9.848851505604708789e-01
3.198997121030348162e-06 9.849318187625278886e-01
3.203997121030348114e-06 9.849695521935932785e-01
3.208997121030348066e-06 9.849957546280073695e-01
3.213997121030348018e-06 9.850110742250600682e-01
3.218997121030347971e-06 9.850177944459524992e-01
3.223997121030347923e-06 9.850186768482595001e-01
3.228997121030347875e-06 9.850162496478486185e-01
3.233997121030347827e-06 9.850124665705198845e-01
3.238997121030348203e-06 9.850086233941667269e-01
3.243997121030348155e-06 9.850054308250014712e-01
3.248997121030348107e-06 9.850031568373162072e-01
3.253997121030348059e-06 9.850017830971780075e-01
3.258997121030348011e-06 9.850011396111572060e-01
3.263997121030347963e-06 9.850010049134380052e-01
3.268997121030347068e-06 9.850011688537264609e-01
3.273997121030347020e-06 9.850014649830638458e-01
3.278997121030346973e-06 9.850017798527779256e-01
3.283997121030346925e-06 9.850020489186900319e-01
3.288997121030346877e-06 9.850022453930282751e-01
3.293997121030346829e-06 9.850023677883653628e-01
3.298997121030347205e-06 9.850024283953086046e-01
3.303997121030347157e-06 9.850024448930239096e-01
3.308997121030347109e-06 9.850024346377137530e-01
3.313997121030347061e-06 9.850024117498329401e-01
3.318997121030347013e-06 9.850023860764738348e-01
3.323997121030346965e-06 9.850023634804438988e-01
3.328997121030346917e-06 9.850023465602895101e-01
3.333997121030346869e-06 9.850023357420185643e-01
3.338997121030346822e-06 9.850023301322703428e-01
3.343997121030347197e-06 9.850023283309327082e-01
3.348997121030347149e-06 9.850023288907403529e-01
3.353997121030347101e-06 9.850023306197394080e-01
3.358997121030347054e-06 9.850023326913472932e-01
3.363997121030347006e-06 9.850023345695191335e-01
3.368997121030346958e-06 9.850023360156024976e-01
3.373997121030346063e-06 9.850023369876250712e-01
3.378997121030346015e-06 9.850023374956555777e-01
3.383997121030345967e-06 9.850023376655151486e-01
3.388997121030345919e-06 9.850023376306397127e-01
3.393997121030345871e-06 9.850023375006606852e-01
3.398997121030345824e-06 9.850023373331268095e-01
3.403997121030346199e-06 9.850023371784117909e-01
3.408997121030346151e-06 9.850023370534076728e-01
3.413997121030346104e-06 9.850023369775547932e-01
3.418997121030346056e-06 9.850023369362771453e-01
3.423997121030346008e-06 9.850023369244197413e-01
3.428997121030345960e-06 9.850023369363491987e-01
3.433997121030345912e-06 9.850023369514504523e-01
3.438997121030345864e-06 9.850023369654384853e-01
3.443997121030345816e-06 9.850023369807366924e-01
3.448997121030346192e-06 9.850023369881562019e-01
3.453997121030346144e-06 9.850023369943173845e-01
3.458997121030346096e-06 9.850023369927591865e-01
3.463997121030346048e-06 9.850023369870675172e-01
3.468997121030346000e-06 9.850023369769582704e-01
3.473997121030345953e-06 9.850023369713277743e-01
3.478997121030345058e-06 9.850023369652830540e-01
3.483997121030345010e-06 9.850023369591103251e-01
3.488997121030344962e-06 9.850023369502888260e-01
3.493997121030344914e-06 9.850023369482532321e-01
3.498997121030344866e-06 9.850023369499218973e-01
3.503997121030344818e-06 9.850023369559667286e-01
3.508997121030345194e-06 9.850023369602628476e-01
3.513997121030345146e-06 9.850023369651783600e-01
3.518997121030345098e-06 9.850023369666003337e-01
3.523997121030345050e-06 9.850023369709248744e-01
3.528997121030345002e-06 9.850023369730283029e-01
3.533997121030344955e-06 9.850023369743423629e-01
3.538997121030344907e-06 9.850023369738810652e-01
3.543997121030344859e-06 9.850023369767798576e-01
3.548997121030344811e-06 9.850023369784649541e-01
3.553997121030345187e-06 9.850023369814795426e-01
3.558997121030345139e-06 9.850023369826838016e-01
3.563997121030345091e-06 9.850023369855287481e-01
3.568997121030345043e-06 9.850023369844533860e-01
3.573997121030344995e-06 9.850023369857576760e-01
3.578997121030344947e-06 9.850023369888930569e-01
3.583997121030344052e-06 9.850023369938872841e-01
3.588997121030344004e-06 9.850023369927001227e-01
3.593997121030343957e-06 9.850023369896345748e-01
3.598997121030343909e-06 9.850023369846195864e-01
3.603997121030343861e-06 9.850023369837053178e-01
3.608997121030343813e-06 9.850023369819478347e-01
3.613997121030344189e-06 9.850023369817531016e-01
3.618997121030344141e-06 9.850023369817949570e-01
3.623997121030344093e-06 9.850023369840926746e-01
3.628997121030344045e-06 9.850023369800623430e-01
3.633997121030343997e-06 9.850023369759123293e-01
3.638997121030343949e-06 9.850023369747430424e-01
3.643997121030343901e-06 9.850023369782561211e-01
3.648997121030343854e-06 9.850023369786943261e-01
3.653997121030343806e-06 9.850023369831356623e-01
3.658997121030344181e-06 9.850023369874747470e-01
3.663997121030344133e-06 9.850023369919519434e-01
3.668997121030344086e-06 9.850023369918711191e-01
3.673997121030344038e-06 9.850023369921997451e-01
3.678997121030343990e-06 9.850023369918873284e-01
3.683997121030343942e-06 9.850023369918670113e-01
3.688997121030343047e-06 9.850023369865363865e-01
3.693997121030342999e-06 9.850023369831569786e-01
3.698997121030342951e-06 9.850023369815414931e-01
3.703997121030342903e-06 9.850023369851002020e-01
3.708997121030342856e-06 9.850023369859565170e-01
3.713997121030342808e-06 9.850023369847668020e-01
3.718997121030343183e-06 9.850023369815030794e-01
3.723997121030343135e-06 9.850023369831069076e-01
3.728997121030343088e-06 9.850023369823769359e-01
3.733997121030343040e-06 9.850023369806069073e-01
3.738997121030342992e-06 9.850023369780737115e-01
3.743997121030342944e-06 9.850023369813620810e-01
3.748997121030342896e-06 9.850023369851982347e-01
3.753997121030342848e-06 9.850023369892730862e-01
3.758997121030342800e-06 9.850023369866489631e-01
3.763997121030343176e-06 9.850023369839132625e-01
3.768997121030343128e-06 9.850023369825364750e-01
3.773997121030343080e-06 9.850023369850161581e-01
3.778997121030343032e-06 9.850023369845056775e-01
3.783997121030342985e-06 9.850023369837817011e-01
3.788997121030342937e-06 9.850023369806807372e-01
3.793997121030342042e-06 9.850023369827115571e-01
3.798997121030341994e-06 9.850023369870868351e-01
3.803997121030341946e-06 9.850023369937275231e-01
3.808997121030341898e-06 9.850023369945524188e-01
3.813997121030341850e-06 9.850023369931845130e-01
3.818997121030342649e-06 9.850023369898627257e-01
3.823997121030342602e-06 9.850023369896961922e-01
3.828997121030343401e-06 9.850023369887995761e-01
3.833997121030343353e-06 9.850023369894621572e-01
3.838997121030341611e-06 9.850023369884401969e-01
3.843997121030342410e-06 9.850023369909434168e-01
3.848997121030342362e-06 9.850023369894345127e-01
3.853997121030342314e-06 9.850023369859454148e-01
3.858997121030342266e-06 9.850023369818834418e-01
3.863997121030342219e-06 9.850023369821228059e-01
3.868997121030342171e-06 9.850023369803390105e-01
3.873997121030342123e-06 9.850023369822805686e-01
3.878997121030342075e-06 9.850023369853474486e-01
3.883997121030342027e-06 9.850023369876639290e-01
3.888997121030341979e-06 9.850023369838002418e-01
3.893997121030341931e-06 9.850023369816108820e-01
3.898997121030341883e-06 9.850023369826296227e-01
3.903997121030341836e-06 9.850023369865456013e-01
3.908997121030341788e-06 9.850023369836010678e-01
3.913997121030341740e-06 9.850023369837722642e-01
3.918997121030341692e-06 9.850023369842916265e-01
3.923997121030341644e-06 9.850023369843852183e-01
3.928997121030341596e-06 9.850023369821512276e-01
3.933997121030342395e-06 9.850023369822806796e-01
3.938997121030342348e-06 9.850023369808929008e-01
3.943997121030340606e-06 9.850023369807479057e-01
3.948997121030341405e-06 9.850023369783116323e-01
3.953997121030341357e-06 9.850023369786476968e-01
3.958997121030341309e-06 9.850023369775685600e-01
3.963997121030341261e-06 9.850023369792394456e-01
3.968997121030341213e-06 9.850023369789554506e-01
3.973997121030341165e-06 9.850023369780673832e-01
3.978997121030341118e-06 9.850023369773324156e-01
3.983997121030341070e-06 9.850023369800495754e-01
3.988997121030341022e-06 9.850023369789767669e-01
3.993997121030340974e-06 9.850023369829367104e-01
3.998997121030340926e-06 9.850023369883029734e-01
4.003997121030340878e-06 9.850023369931331096e-01
4.008997121030340830e-06 9.850023369937890294e-01
4.013997121030340782e-06 9.850023369944311824e-01
4.018997121030340735e-06 9.850023369919277405e-01
4.023997121030340687e-06 9.850023369906381054e-01
4.028997121030340639e-06 9.850023369874962853e-01
4.033997121030340591e-06 9.850023369896007130e-01
4.038997121030341390e-06 9.850023369920049010e-01
4.043997121030339648e-06 9.850023369938766260e-01
4.048997121030339600e-06 9.850023369913224469e-01
4.053997121030340399e-06 9.850023369897272785e-01
4.058997121030340352e-06 9.850023369879385982e-01
4.063997121030340304e-06 9.850023369901584891e-01
4.068997121030340256e-06 9.850023369903431192e-01
4.073997121030340208e-06 9.850023369901479420e-01
4.078997121030340160e-06 9.850023369881721891e-01
4.083997121030340112e-06 9.850023369902386472e-01
4.088997121030340064e-06 9.850023369900045012e-01
4.093997121030340016e-06 9.850023369902020098e-01
4.098997121030339969e-06 9.850023369886754532e-01
4.103997121030339921e-06 9.850023369875702262e-01
4.108997121030339873e-06 9.850023369847621391e-01
4.113997121030339825e-06 9.850023369870938295e-01
4.118997121030339777e-06 9.850023369875949841e-01
4.123997121030339729e-06 9.850023369866389711e-01
4.128997121030339681e-06 9.850023369835089193e-01
4.133997121030339633e-06 9.850023369847707988e-01
4.138997121030339586e-06 9.850023369852566324e-01
4.143997121030340385e-06 9.850023369871955259e-01
4.148997121030338643e-06 9.850023369874232326e-01
4.153997121030338595e-06 9.850023369886033997e-01
4.158997121030339394e-06 9.850023369863364353e-01
4.163997121030339346e-06 9.850023369868772249e-01
4.168997121030339298e-06 9.850023369858733613e-01
4.173997121030339251e-06 9.850023369837144216e-01
4.178997121030339203e-06 9.850023369803119211e-01
4.183997121030339155e-06 9.850023369817404451e-01
4.188997121030339107e-06 9.850023369813687424e-01
4.193997121030339059e-06 9.850023369825859909e-01
4.198997121030339011e-06 9.850023369817164642e-01
4.203997121030338963e-06 9.850023369828280195e-01
4.208997121030338915e-06 9.850023369851917954e-01
4.213997121030338868e-06 9.850023369905334114e-01
4.218997121030338820e-06 9.850023369929040706e-01
4.223997121030338772e-06 9.850023369955825947e-01
4.228997121030338724e-06 9.850023369929417072e-01
4.233997121030338676e-06 9.850023369907879855e-01
4.238997121030338628e-06 9.850023369877080048e-01
4.243997121030338580e-06 9.850023369875167134e-01
4.248997121030339379e-06 9.850023369870859469e-01
4.253997121030337638e-06 9.850023369891254266e-01
4.258997121030337590e-06 9.850023369884884916e-01
4.263997121030338389e-06 9.850023369883402768e-01
4.268997121030338341e-06 9.850023369852807242e-01
4.273997121030338293e-06 9.850023369836385934e-01
4.278997121030338245e-06 9.850023369805368523e-01
4.283997121030338197e-06 9.850023369801985673e-01
4.288997121030338149e-06 9.850023369815434915e-01
4.293997121030338102e-06 9.850023369866998113e-01
4.298997121030338054e-06 9.850023369877867196e-01
4.303997121030338006e-06 9.850023369892151326e-01
4.308997121030337958e-06 9.850023369885525515e-01
4.313997121030337910e-06 9.850023369913892823e-01
4.318997121030337862e-06 9.850023369950293706e-01
4.323997121030337814e-06 9.850023369990505984e-01
4.328997121030337766e-06 9.850023369975945409e-01
4.333997121030337719e-06 9.850023369955783759e-01
4.338997121030337671e-06 9.850023369912628279e-01
4.343997121030337623e-06 9.850023369903273540e-01
4.348997121030338422e-06 9.850023369879751245e-01
4.353997121030338374e-06 9.850023369855875899e-01
4.358997121030336632e-06 9.850023369815571472e-01
4.363997121030336584e-06 9.850023369805563922e-01
4.368997121030337384e-06 9.850023369787171967e-01
4.373997121030337336e-06 9.850023369796325756e-01
4.378997121030337288e-06 9.850023369773441839e-01
4.383997121030337240e-06 9.850023369752579638e-01
4.388997121030337192e-06 9.850023369727092248e-01
4.393997121030337144e-06 9.850023369746843116e-01
4.398997121030337096e-06 9.850023369756275571e-01
4.403997121030337048e-06 9.850023369764356884e-01
4.408997121030337001e-06 9.850023369733102996e-01
4.413997121030336953e-06 9.850023369727559652e-01
4.418997121030336905e-06 9.850023369736332635e-01
4.423997121030336857e-06 9.850023369776251814e-01
4.428997121030336809e-06 9.850023369782799909e-01
4.433997121030336761e-06 9.850023369790786854e-01
4.438997121030336713e-06 9.850023369757442415e-01
4.443997121030336665e-06 9.850023369740761314e-01
4.448997121030336618e-06 9.850023369725641187e-01
4.453997121030337417e-06 9.850023369735498857e-01
4.458997121030337369e-06 9.850023369735297907e-01
4.463997121030335627e-06 9.850023369763332148e-01
4.468997121030335579e-06 9.850023369766529591e-01
4.473997121030336378e-06 9.850023369804415951e-01
4.478997121030336330e-06 9.850023369846359067e-01
4.483997121030336282e-06 9.850023369873336376e-01
4.488997121030336235e-06 9.850023369873324164e-01
4.493997121030336187e-06 9.850023369928392336e-01
4.498997121030336139e-06 9.850023369946783180e-01
4.503997121030336091e-06 9.850023369940179574e-01
4.508997121030336043e-06 9.850023369918632365e-01
4.513997121030335995e-06 9.850023369922187300e-01
4.518997121030335947e-06 9.850023369860632094e-01
4.523997121030335899e-06 9.850023369775542381e-01
4.528997121030335852e-06 9.850023369711604637e-01
4.533997121030335804e-06 9.850023369703417853e-01
4.538997121030335756e-06 9.850023369685985131e-01
4.543997121030335708e-06 9.850023369727535227e-01
4.548997121030335660e-06 9.850023369759767222e-01
4.553997121030335612e-06 9.850023369768590165e-01
4.558997121030336411e-06 9.850023369745153357e-01
4.563997121030336364e-06 9.850023369759023373e-01
4.568997121030334622e-06 9.850023369770962711e-01
4.573997121030335421e-06 9.850023369805982476e-01
4.578997121030335373e-06 9.850023369822492603e-01
4.583997121030335325e-06 9.850023369848897037e-01
4.588997121030335277e-06 9.850023369871501178e-01
4.593997121030335229e-06 9.850023369925257066e-01
4.598997121030335181e-06 9.850023369917372262e-01
4.603997121030335134e-06 9.850023369907312532e-01
4.608997121030335086e-06 9.850023369911977689e-01
4.613997121030335038e-06 9.850023369937503936e-01
4.618997121030334990e-06 9.850023369912614957e-01
4.623997121030334942e-06 9.850023369893809999e-01
4.628997121030334894e-06 9.850023369840099630e-01
4.633997121030334846e-06 9.850023369787848093e-01
4.638997121030334798e-06 9.850023369725775524e-01
4.643997121030334751e-06 9.850023369694108633e-01
4.648997121030334703e-06 9.850023369681890628e-01
4.653997121030334655e-06 9.850023369723207578e-01
4.658997121030334607e-06 9.850023369728267975e-01
4.663997121030335406e-06 9.850023369738211132e-01
4.668997121030335358e-06 9.850023369766264247e-01
4.673997121030333616e-06 9.850023369821053754e-01
4.678997121030334415e-06 9.850023369814401297e-01
4.683997121030334368e-06 9.850023369809745022e-01
4.688997121030334320e-06 9.850023369796812034e-01
4.693997121030334272e-06 9.850023369798873718e-01
4.698997121030334224e-06 9.850023369790394945e-01
4.703997121030334176e-06 9.850023369817622054e-01
4.708997121030334128e-06 9.850023369818371455e-01
4.713997121030334080e-06 9.850023369809305374e-01
4.718997121030334032e-06 9.850023369788891703e-01
4.723997121030333985e-06 9.850023369818511343e-01
4.728997121030333937e-06 9.850023369819415064e-01
4.733997121030333889e-06 9.850023369816618413e-01
4.738997121030333841e-06 9.850023369806091278e-01
4.743997121030333793e-06 9.850023369833713627e-01
4.748997121030333745e-06 9.850023369843322607e-01
4.753997121030333697e-06 9.850023369857164868e-01
4.758997121030333650e-06 9.850023369846364618e-01
4.763997121030333602e-06 9.850023369861645728e-01
4.768997121030334401e-06 9.850023369863076805e-01
4.773997121030334353e-06 9.850023369876840240e-01
4.778997121030332611e-06 9.850023369860244626e-01
4.783997121030333410e-06 9.850023369835182452e-01
4.788997121030333362e-06 9.850023369798305284e-01
4.793997121030333314e-06 9.850023369822287211e-01
4.798997121030333267e-06 9.850023369844804755e-01
4.803997121030333219e-06 9.850023369886233837e-01
4.808997121030333171e-06 9.850023369903111448e-01
4.813997121030333123e-06 9.850023369908267323e-01
4.818997121030333075e-06 9.850023369879575830e-01
4.823997121030333027e-06 9.850023369887940250e-01
4.828997121030332979e-06 9.850023369892088043e-01
4.833997121030332931e-06 9.850023369891474090e-01
4.838997121030332884e-06 9.850023369847341614e-01
4.843997121030332836e-06 9.850023369833307285e-01
4.848997121030332788e-06 9.850023369819538299e-01
4.853997121030332740e-06 9.850023369806885087e-01
4.858997121030332692e-06 9.850023369768279302e-01
4.863997121030332644e-06 9.850023369787285210e-01
4.868997121030332596e-06 9.850023369820327668e-01
4.873997121030333395e-06 9.850023369847361598e-01
4.878997121030333348e-06 9.850023369834620679e-01
4.883997121030331606e-06 9.850023369873718293e-01
4.888997121030332405e-06 9.850023369903552206e-01
4.893997121030332357e-06 9.850023369919717053e-01
4.898997121030332309e-06 9.850023369907786597e-01
4.903997121030332261e-06 9.850023369923868177e-01
4.908997121030332213e-06 9.850023369916284244e-01
4.913997121030332165e-06 9.850023369893298186e-01
4.918997121030332118e-06 9.850023369833851294e-01
4.923997121030332070e-06 9.850023369821512276e-01
4.928997121030332022e-06 9.850023369821289121e-01
4.933997121030331974e-06 9.850023369845871679e-01
4.938997121030331926e-06 9.850023369850140487e-01
4.943997121030331878e-06 9.850023369864714384e-01
4.948997121030331830e-06 9.850023369854334909e-01
4.953997121030331783e-06 9.850023369851835797e-01
4.958997121030331735e-06 9.850023369812530571e-01
4.963997121030331687e-06 9.850023369782293647e-01
4.968997121030331639e-06 9.850023369754407065e-01
4.973997121030331591e-06 9.850023369801347295e-01
4.978997121030332390e-06 9.850023369855605004e-01
4.983997121030330648e-06 9.850023369881609758e-01
4.988997121030330600e-06 9.850023369842231258e-01
4.993997121030331400e-06 9.850023369799114636e-01
4.996998560515165057e-06 9.850023369732352485e-01
5.000000000000000409e-06 9.850023369683813534e-01
