# time_s vout_v
0.000000000000000000e+00 9.850023369394307338e-01
5.000000000000000182e-11 9.850023369393751116e-01
1.000000000000000036e-10 9.850023369393317019e-01
2.000000000000000073e-10 9.850023369392393313e-01
4.000000000000000146e-10 9.850023369397310491e-01
8.000000000000000291e-10 9.850023369411445850e-01
1.600000000000000058e-09 9.850023369451740285e-01
3.200000000000000117e-09 9.850023369550023888e-01
6.400000000000000233e-09 9.850023369563029041e-01
1.139999999999999951e-08 9.850023369604936629e-01
1.640000000000000127e-08 9.850023369736502499e-01
2.139999999999999972e-08 9.850023369745269930e-01
2.640000000000000148e-08 9.850023369706644161e-01
3.140000000000000324e-08 9.850023369669055340e-01
3.640000000000000169e-08 9.850023369636579096e-01
4.139999999999998690e-08 9.850023369599134604e-01
4.639999999999999197e-08 9.850023369548976948e-01
5.139999999999999042e-08 9.850023369490084058e-01
5.639999999999998887e-08 9.850023369439810939e-01
6.139999999999999394e-08 9.850023369433322795e-01
6.639999999999999901e-08 9.850023369474327772e-01
7.140000000000000407e-08 9.850023369511256011e-01
7.640000000000000914e-08 9.850023369537476148e-01
8.140000000000001421e-08 9.850023369582623367e-01
8.640000000000001928e-08 9.850023369618531310e-01
9.140000000000002435e-08 9.850023369597821210e-01
9.640000000000002941e-08 9.850023369560503284e-01
1.013999999999999948e-07 9.850023369563544184e-01
1.063999999999999998e-07 9.850023369588595257e-01
1.114000000000000049e-07 9.850023369611556889e-01
1.163999999999999967e-07 9.850023369638343240e-01
1.213999999999999886e-07 9.850023369659876016e-01
1.263999999999999936e-07 9.850023369672448181e-01
1.314000000000001046e-07 9.850023369704823395e-01
1.364000000000001097e-07 9.850023369736599088e-01
1.414000000000000883e-07 9.850023369728254652e-01
1.464000000000000933e-07 9.850023369693606812e-01
1.514000000000000984e-07 9.850023369661466965e-01
1.564000000000001035e-07 9.850023369650133809e-01
1.614000000000001085e-07 9.850023369654760108e-01
1.664000000000000871e-07 9.850023369655199756e-01
1.714000000000000922e-07 9.850023369633134074e-01
1.764000000000000973e-07 9.850023369590268363e-01
1.814000000000001023e-07 9.850023369561982101e-01
1.864000000000001074e-07 9.850023369560896302e-01
1.914000000000001125e-07 9.850023369576998977e-01
1.964000000000000911e-07 9.850023369610766411e-01
2.014000000000000961e-07 9.850023369623216452e-01
2.064000000000001012e-07 9.850023369587246336e-01
2.114000000000001063e-07 9.850023369554669062e-01
2.164000000000001113e-07 9.850023369560312325e-01
2.214000000000000899e-07 9.850023369586469180e-01
2.264000000000000950e-07 9.850023369610465540e-01
2.314000000000002059e-07 9.850023369640139581e-01
2.364000000000002110e-07 9.850023369703654330e-01
2.414000000000000837e-07 9.850023369771168102e-01
2.464000000000000888e-07 9.850023369810396723e-01
2.514000000000000939e-07 9.850023369830822606e-01
2.564000000000002048e-07 9.850023369827639597e-01
2.614000000000002099e-07 9.850023369798436290e-01
2.664000000000002149e-07 9.850023369770491977e-01
2.714000000000002200e-07 9.850023369758945657e-01
2.764000000000002251e-07 9.850023369749624225e-01
2.814000000000001772e-07 9.850023369740665835e-01
2.864000000000001823e-07 9.850023369733830192e-01
2.914000000000001873e-07 9.850023369719246302e-01
2.964000000000001924e-07 9.850023369707326948e-01
3.014000000000001975e-07 9.850023369700068310e-01
3.064000000000002026e-07 9.850023369691343067e-01
3.114000000000002076e-07 9.850023369694991260e-01
3.164000000000002127e-07 9.850023369702021192e-01
3.214000000000002178e-07 9.850023369695892761e-01
3.264000000000002228e-07 9.850023369667770812e-01
3.314000000000001750e-07 9.850023369640298343e-01
3.364000000000001800e-07 9.850023369648488458e-01
3.414000000000001851e-07 9.850023369665101836e-01
3.464000000000001902e-07 9.850023369673552853e-01
3.514000000000001952e-07 9.850023369686722319e-01
3.564000000000003062e-07 9.850023369678988505e-01
3.614000000000003112e-07 9.850023369657023853e-01
3.664000000000003163e-07 9.850023369654048455e-01
3.714000000000003214e-07 9.850023369652453065e-01
3.764000000000003264e-07 9.850023369629062886e-01
3.814000000000002786e-07 9.850023369606579760e-01
3.864000000000002836e-07 9.850023369596436762e-01
3.914000000000002887e-07 9.850023369596753176e-01
3.964000000000002938e-07 9.850023369613249979e-01
4.014000000000002988e-07 9.850023369625733327e-01
4.064000000000003039e-07 9.850023369630613868e-01
4.114000000000003090e-07 9.850023369639420157e-01
4.164000000000003140e-07 9.850023369658895689e-01
4.214000000000003191e-07 9.850023369691929265e-01
4.264000000000003242e-07 9.850023369711164989e-01
4.314000000000002763e-07 9.850023369704997700e-01
4.364000000000002814e-07 9.850023369700172671e-01
4.414000000000002864e-07 9.850023369677783913e-01
4.464000000000002915e-07 9.850023369608338353e-01
4.514000000000002966e-07 9.850023369530855888e-01
4.564000000000004075e-07 9.850023369480003232e-01
4.614000000000004126e-07 9.850023369469883550e-01
4.664000000000004177e-07 9.850023369502107773e-01
4.714000000000004227e-07 9.850023369544294027e-01
4.764000000000003749e-07 9.850023369584213206e-01
4.814000000000003799e-07 9.850023369634532955e-01
4.864000000000003320e-07 9.850023369696312425e-01
4.914000000000002842e-07 9.850023369727212152e-01
4.964000000000002363e-07 9.850023369712024301e-01
5.014000000000001884e-07 9.850023369683019725e-01
5.064000000000001406e-07 9.850023369667912920e-01
5.114000000000000927e-07 9.850023369672501472e-01
5.164000000000000448e-07 9.850023369679322682e-01
5.213999999999999969e-07 9.850023369687798125e-01
5.263999999999999491e-07 9.850023369693259312e-01
5.313999999999999012e-07 9.850023369680277474e-01
5.363999999999998533e-07 9.850023369645762861e-01
5.413999999999998055e-07 9.850023369613332136e-01
5.463999999999997576e-07 9.850023369602592949e-01
5.513999999999997097e-07 9.850023369611455859e-01
5.563999999999996618e-07 9.850023369629821168e-01
5.613999999999996140e-07 9.850023369640578119e-01
5.663999999999995661e-07 9.850023369627288750e-01
5.713999999999995182e-07 9.850023369584526289e-01
5.763999999999994704e-07 9.850023369560827469e-01
5.813999999999994225e-07 9.850023369588626343e-01
5.863999999999993746e-07 9.850023369619084201e-01
5.913999999999993267e-07 9.850023369627827208e-01
5.963999999999992789e-07 9.850023369639762105e-01
6.013999999999992310e-07 9.850023369671113693e-01
6.063999999999991831e-07 9.850023369702060050e-01
6.113999999999991353e-07 9.850023369693431396e-01
6.163999999999990874e-07 9.850023369653601035e-01
6.213999999999990395e-07 9.850023369621287994e-01
6.263999999999989916e-07 9.850023369617506575e-01
6.313999999999989438e-07 9.850023369646326854e-01
6.363999999999988959e-07 9.850023369689021591e-01
6.413999999999988480e-07 9.850023369726954581e-01
6.463999999999988001e-07 9.850023369735950718e-01
6.513999999999987523e-07 9.850023369710053656e-01
6.563999999999987044e-07 9.850023369684128838e-01
6.613999999999986565e-07 9.850023369673970297e-01
6.663999999999986087e-07 9.850023369672225027e-01
6.713999999999985608e-07 9.850023369672566975e-01
6.763999999999985129e-07 9.850023369676579321e-01
6.813999999999984650e-07 9.850023369675620089e-01
6.863999999999984172e-07 9.850023369631445425e-01
6.913999999999983693e-07 9.850023369542902918e-01
6.963999999999983214e-07 9.850023369457229228e-01
7.013999999999982736e-07 9.850023369403807516e-01
7.063999999999982257e-07 9.850023369382466809e-01
7.113999999999981778e-07 9.850023369405195295e-01
7.163999999999981299e-07 9.850023369465493728e-01
7.213999999999980821e-07 9.850023369530875872e-01
7.263999999999980342e-07 9.850023369585452215e-01
7.313999999999979863e-07 9.850023369596272449e-01
7.363999999999979385e-07 9.850023369570891640e-01
7.413999999999978906e-07 9.850023369543395857e-01
7.463999999999978427e-07 9.850023369527388661e-01
7.513999999999977948e-07 9.850023369535909623e-01
7.563999999999977470e-07 9.850023369560400033e-01
7.613999999999976991e-07 9.850023369587012079e-01
7.663999999999976512e-07 9.850023369607658896e-01
7.713999999999976034e-07 9.850023369621526692e-01
7.763999999999975555e-07 9.850023369630024339e-01
7.813999999999975076e-07 9.850023369635922954e-01
7.863999999999974597e-07 9.850023369638827297e-01
7.913999999999974119e-07 9.850023369645656279e-01
7.963999999999973640e-07 9.850023369670218853e-01
8.013999999999973161e-07 9.850023369686061736e-01
8.063999999999972683e-07 9.850023369649796301e-01
8.113999999999972204e-07 9.850023369568491338e-01
8.163999999999971725e-07 9.850023369496451187e-01
8.213999999999971246e-07 9.850023369465905621e-01
8.263999999999970768e-07 9.850023369461786693e-01
8.313999999999970289e-07 9.850023369476457180e-01
8.363999999999969810e-07 9.850023369515228389e-01
8.413999999999969331e-07 9.850023369555108710e-01
8.463999999999968853e-07 9.850023369579639088e-01
8.513999999999968374e-07 9.850023369611667912e-01
8.563999999999967895e-07 9.850023369633578163e-01
8.613999999999967417e-07 9.850023369616450752e-01
8.663999999999966938e-07 9.850023369595095613e-01
8.713999999999966459e-07 9.850023369606792922e-01
8.763999999999965980e-07 9.850023369645409810e-01
8.813999999999965502e-07 9.850023369671595530e-01
8.863999999999965023e-07 9.850023369655324101e-01
8.913999999999964544e-07 9.850023369594542721e-01
8.963999999999964066e-07 9.850023369549805174e-01
9.013999999999963587e-07 9.850023369561454745e-01
9.063999999999963108e-07 9.850023369572887821e-01
9.113999999999962629e-07 9.850023369574614218e-01
9.163999999999962151e-07 9.850023369584309796e-01
9.213999999999961672e-07 9.850023369583206234e-01
9.263999999999961193e-07 9.850023369563846165e-01
9.313999999999960715e-07 9.850023369535174655e-01
9.363999999999960236e-07 9.850023369519123051e-01
9.413999999999959757e-07 9.850023369532306949e-01
9.463999999999959278e-07 9.850023369570153342e-01
9.513999999999958800e-07 9.850023369605490631e-01
9.563999999999958321e-07 9.850023369611735635e-01
9.613999999999957842e-07 9.850023369591524025e-01
9.663999999999957364e-07 9.850023369569986809e-01
9.713999999999956885e-07 9.850023369555891417e-01
9.763999999999956406e-07 9.850023369556223374e-01
9.813999999999955927e-07 9.850023369566541787e-01
9.863999999999955449e-07 9.850023369586030642e-01
9.913999999999954970e-07 9.850023369626795811e-01
9.956999999999977259e-07 9.850023369629502534e-01
9.999999999999999547e-07 9.850023369569101961e-01
1.000099999999999962e-06 9.850824765828906093e-01
1.000299999999999977e-06 9.851415811107326892e-01
1.000649999999999898e-06 9.847596440328917344e-01
1.001000000000000030e-06 9.843321859694884601e-01
1.001070000000000056e-06 9.842868784044365160e-01
1.001209999999999897e-06 9.842675603213850710e-01
1.001490000000000003e-06 9.845130028595528993e-01
1.002050000000000003e-06 9.855849576010897728e-01
1.003020336342103947e-06 9.886831687811244995e-01
1.004961009026312894e-06 9.990772855794176621e-01
1.008842354394729942e-06 1.033382159138884093e+00
1.013842354394730106e-06 1.094847533461503986e+00
1.018842354394730058e-06 1.166344927731399972e+00
1.023842354394730010e-06 1.242213821530542939e+00
1.028842354394729962e-06 1.319890972038264110e+00
1.033842354394729067e-06 1.398351125913112947e+00
1.038842354394729019e-06 1.477170064099772917e+00
1.043842354394728972e-06 1.556136005982035053e+00
1.048842354394728924e-06 1.635068432088464974e+00
1.053842354394729088e-06 1.713568261906047052e+00
1.058842354394729040e-06 1.790483621967505989e+00
1.063842354394728992e-06 1.862722495732598960e+00
1.068842354394728944e-06 1.924304929706083911e+00
1.073842354394728896e-06 1.969136183799705009e+00
1.078842354394729060e-06 1.996003495740374944e+00
1.083842354394729012e-06 2.008328581782710121e+00
1.088842354394728964e-06 2.010635025684902821e+00
1.093842354394728916e-06 2.007039588877462144e+00
1.098842354394729080e-06 2.000803732183079831e+00
1.103842354394729032e-06 1.994216575395405977e+00
1.108842354394728984e-06 1.988669350682199077e+00
1.113842354394728937e-06 1.984781380861823985e+00
1.118842354394729100e-06 1.982595556901332934e+00
1.123842354394729053e-06 1.981809395165436971e+00
1.128842354394729005e-06 1.981977325451351968e+00
1.133842354394728957e-06 1.982657064422084003e+00
1.138842354394728062e-06 1.983496645723630047e+00
1.143842354394728014e-06 1.984264429504944971e+00
1.148842354394727966e-06 1.984843108972518033e+00
1.153842354394727918e-06 1.985202587300078925e+00
1.158842354394728082e-06 1.985368279287079929e+00
1.163842354394728034e-06 1.985391867772966945e+00
1.168842354394727986e-06 1.985330173908357976e+00
1.173842354394727939e-06 1.985231849409138993e+00
1.178842354394728103e-06 1.985131670412461080e+00
1.183842354394728055e-06 1.985049734894376083e+00
1.188842354394728007e-06 1.984993992796064921e+00
1.193842354394727959e-06 1.984963892001917030e+00
1.198842354394727911e-06 1.984954191231248943e+00
1.203842354394728075e-06 1.984957959577587028e+00
1.208842354394728027e-06 1.984968666452068042e+00
1.213842354394727979e-06 1.984981251180208961e+00
1.218842354394727931e-06 1.984992478596985022e+00
1.223842354394728095e-06 1.985000766762494040e+00
1.228842354394728047e-06 1.985005785633235931e+00
1.233842354394727999e-06 1.985007976343182046e+00
1.238842354394727952e-06 1.985008136330397077e+00
1.243842354394727057e-06 1.985007110349763959e+00
1.248842354394727009e-06 1.985005607754912971e+00
1.253842354394726961e-06 1.985004123983580060e+00
1.258842354394726913e-06 1.985002936981443922e+00
1.263842354394727077e-06 1.985002147882447110e+00
1.268842354394727029e-06 1.985001737099916008e+00
1.273842354394726981e-06 1.985001620959647939e+00
1.278842354394726933e-06 1.985001694549874962e+00
1.283842354394727097e-06 1.985001862066394063e+00
1.288842354394727049e-06 1.985002050518231087e+00
1.293842354394727001e-06 1.985002214713643021e+00
1.298842354394726954e-06 1.985002333279815012e+00
1.303842354394726906e-06 1.985002403187682063e+00
1.308842354394727070e-06 1.985002431753946084e+00
1.313842354394727022e-06 1.985002431428130043e+00
1.318842354394726974e-06 1.985002414684529981e+00
1.323842354394726926e-06 1.985002391870605010e+00
1.328842354394727090e-06 1.985002369949010026e+00
1.333842354394727042e-06 1.985002352821565896e+00
1.338842354394726994e-06 1.985002341657529090e+00
1.343842354394726946e-06 1.985002336067936080e+00
1.348842354394726051e-06 1.985002334726776896e+00
1.353842354394726003e-06 1.985002336048198091e+00
1.358842354394725956e-06 1.985002338664606070e+00
1.363842354394725908e-06 1.985002341494874090e+00
1.368842354394726072e-06 1.985002343891473897e+00
1.373842354394726024e-06 1.985002345544168101e+00
1.378842354394725976e-06 1.985002346495088110e+00
1.383842354394725928e-06 1.985002346882815960e+00
1.388842354394726092e-06 1.985002346896137970e+00
1.393842354394726044e-06 1.985002346655420968e+00
1.398842354394725996e-06 1.985002346322267908e+00
1.403842354394725948e-06 1.985002345954762104e+00
1.408842354394725900e-06 1.985002345711671001e+00
1.413842354394726064e-06 1.985002345537659085e+00
1.418842354394726016e-06 1.985002345460086914e+00
1.423842354394725969e-06 1.985002345433402038e+00
1.428842354394725921e-06 1.985002345486071018e+00
1.433842354394726085e-06 1.985002345506593935e+00
1.438842354394726037e-06 1.985002345564643056e+00
1.443842354394725989e-06 1.985002345544951030e+00
1.448842354394725941e-06 1.985002345557999037e+00
1.453842354394725046e-06 1.985002345546533986e+00
1.458842354394724998e-06 1.985002345583549932e+00
1.463842354394724950e-06 1.985002345574294003e+00
1.468842354394724902e-06 1.985002345602163043e+00
1.473842354394725066e-06 1.985002345602326912e+00
1.478842354394725018e-06 1.985002345627179920e+00
1.483842354394724971e-06 1.985002345603557927e+00
1.488842354394724923e-06 1.985002345621091902e+00
1.493842354394725087e-06 1.985002345597413953e+00
1.498842354394725039e-06 1.985002345616726060e+00
1.503842354394724991e-06 1.985002345592107975e+00
1.508842354394724943e-06 1.985002345609303998e+00
1.513842354394724895e-06 1.985002345581994065e+00
1.518842354394725059e-06 1.985002345594309103e+00
1.523842354394725011e-06 1.985002345567765003e+00
1.528842354394724963e-06 1.985002345592622897e+00
1.533842354394724915e-06 1.985002345576972971e+00
1.538842354394725079e-06 1.985002345604800045e+00
1.543842354394725031e-06 1.985002345591740047e+00
1.548842354394724984e-06 1.985002345614939046e+00
1.553842354394724936e-06 1.985002345592608020e+00
1.558842354394724041e-06 1.985002345615870079e+00
1.563842354394723993e-06 1.985002345595406004e+00
1.568842354394723945e-06 1.985002345611448948e+00
1.573842354394723897e-06 1.985002345583366079e+00
1.578842354394724061e-06 1.985002345598031903e+00
1.583842354394724013e-06 1.985002345572667970e+00
1.588842354394723965e-06 1.985002345596545092e+00
1.593842354394723917e-06 1.985002345583618100e+00
1.598842354394724081e-06 1.985002345609977015e+00
1.603842354394724033e-06 1.985002345589762074e+00
1.608842354394723986e-06 1.985002345613174013e+00
1.613842354394723938e-06 1.985002345599895079e+00
1.618842354394724102e-06 1.985002345633021914e+00
1.623842354394724054e-06 1.985002345596621032e+00
1.628842354394724006e-06 1.985002345613400054e+00
1.633842354394723958e-06 1.985002345598315010e+00
1.638842354394723910e-06 1.985002345626897036e+00
1.643842354394724074e-06 1.985002345607715935e+00
1.648842354394724026e-06 1.985002345627858045e+00
1.653842354394723978e-06 1.985002345601593943e+00
1.658842354394723930e-06 1.985002345614701902e+00
1.663842354394723035e-06 1.985002345614891084e+00
1.668842354394722988e-06 1.985002345648053002e+00
1.673842354394722940e-06 1.985002345604578000e+00
1.678842354394723104e-06 1.985002345611960095e+00
1.683842354394723056e-06 1.985002345612508101e+00
1.688842354394723008e-06 1.985002345643894106e+00
1.693842354394722960e-06 1.985002345595056950e+00
1.698842354394722912e-06 1.985002345598823936e+00
1.703842354394723076e-06 1.985002345599204965e+00
1.708842354394723028e-06 1.985002345637087995e+00
1.713842354394722980e-06 1.985002345598191997e+00
1.718842354394722932e-06 1.985002345607036034e+00
1.723842354394723096e-06 1.985002345608271046e+00
1.728842354394723048e-06 1.985002345644383048e+00
1.733842354394723000e-06 1.985002345603060991e+00
1.738842354394722953e-06 1.985002345608769092e+00
1.743842354394722905e-06 1.985002345599985896e+00
1.748842354394723069e-06 1.985002345620284103e+00
1.753842354394723021e-06 1.985002345591657891e+00
1.758842354394722973e-06 1.985002345607912000e+00
1.763842354394722925e-06 1.985002345590783035e+00
1.768842354394722030e-06 1.985002345619587993e+00
1.773842354394721982e-06 1.985002345577145055e+00
1.778842354394721934e-06 1.985002345589405914e+00
1.783842354394722098e-06 1.985002345597814077e+00
1.788842354394722050e-06 1.985002345641220023e+00
1.793842354394722003e-06 1.985002345605620055e+00
1.798842354394721955e-06 1.985002345617826958e+00
1.803842354394721907e-06 1.985002345597218998e+00
1.808842354394722071e-06 1.985002345624691023e+00
1.813842354394722023e-06 1.985002345608815943e+00
1.818842354394721975e-06 1.985002345631099896e+00
1.823842354394721927e-06 1.985002345608154917e+00
1.828842354394722091e-06 1.985002345627185028e+00
1.833842354394722043e-06 1.985002345607802976e+00
1.838842354394721995e-06 1.985002345632000065e+00
1.843842354394721947e-06 1.985002345608783969e+00
1.848842354394721899e-06 1.985002345623438025e+00
1.853842354394722063e-06 1.985002345594546025e+00
1.858842354394722015e-06 1.985002345607717933e+00
1.863842354394721968e-06 1.985002345603938068e+00
1.868842354394721073e-06 1.985002345633507970e+00
1.873842354394721025e-06 1.985002345594204076e+00
1.878842354394720977e-06 1.985002345606917018e+00
1.883842354394720929e-06 1.985002345605624052e+00
1.888842354394721093e-06 1.985002345633821053e+00
1.893842354394721045e-06 1.985002345588287920e+00
1.898842354394720997e-06 1.985002345599244045e+00
1.903842354394720949e-06 1.985002345603370966e+00
1.908842354394721113e-06 1.985002345639520049e+00
1.913842354394721065e-06 1.985002345600866080e+00
1.918842354394721017e-06 1.985002345611974084e+00
1.923842354394720970e-06 1.985002345608404939e+00
1.928842354394720922e-06 1.985002345636653009e+00
1.933842354394720874e-06 1.985002345595211937e+00
1.938842354394720826e-06 1.985002345608531060e+00
1.943842354394721202e-06 1.985002345614518049e+00
1.948842354394721154e-06 1.985002345651599054e+00
1.953842354394721106e-06 1.985002345605721974e+00
1.958842354394721058e-06 1.985002345610749064e+00
1.963842354394721010e-06 1.985002345610511920e+00
1.968842354394720962e-06 1.985002345641458943e+00
1.973842354394720067e-06 1.985002345593178008e+00
1.978842354394720019e-06 1.985002345596653006e+00
1.983842354394719972e-06 1.985002345601063034e+00
1.988842354394719924e-06 1.985002345646327937e+00
1.993842354394719876e-06 1.985002345609842012e+00
1.998842354394719828e-06 1.985002345612481900e+00
2.003842354394720204e-06 1.985002345602830953e+00
2.008842354394720156e-06 1.985002345629232945e+00
2.013842354394720108e-06 1.985002345583025019e+00
2.018842354394720060e-06 1.985002345593464002e+00
2.023842354394720012e-06 1.985002345596315942e+00
2.028842354394719964e-06 1.985002345628483988e+00
2.033842354394719916e-06 1.985002345584516048e+00
2.038842354394719869e-06 1.985002345592721928e+00
2.043842354394719821e-06 1.985002345589524042e+00
2.048842354394720196e-06 1.985002345617816077e+00
2.053842354394720148e-06 1.985002345577218108e+00
2.058842354394720101e-06 1.985002345591520889e+00
2.063842354394720053e-06 1.985002345589198081e+00
2.068842354394720005e-06 1.985002345618998021e+00
2.073842354394719957e-06 1.985002345584131911e+00
2.078842354394719062e-06 1.985002345606206031e+00
2.083842354394719014e-06 1.985002345611984076e+00
2.088842354394718966e-06 1.985002345644439004e+00
2.093842354394718918e-06 1.985002345603432028e+00
2.098842354394718871e-06 1.985002345616430963e+00
2.103842354394718823e-06 1.985002345595884954e+00
2.108842354394719198e-06 1.985002345618801955e+00
2.113842354394719150e-06 1.985002345598009033e+00
2.118842354394719103e-06 1.985002345620962894e+00
2.123842354394719055e-06 1.985002345598912976e+00
2.128842354394719007e-06 1.985002345615783925e+00
2.133842354394718959e-06 1.985002345594027995e+00
2.138842354394718911e-06 1.985002345617185027e+00
2.143842354394718863e-06 1.985002345595143991e+00
2.148842354394718815e-06 1.985002345613726904e+00
2.153842354394719191e-06 1.985002345594202078e+00
2.158842354394719143e-06 1.985002345616680097e+00
2.163842354394719095e-06 1.985002345592469908e+00
2.168842354394719047e-06 1.985002345609812036e+00
2.173842354394719000e-06 1.985002345611512009e+00
2.178842354394718952e-06 1.985002345644814037e+00
2.183842354394718057e-06 1.985002345605711094e+00
2.188842354394718009e-06 1.985002345617808972e+00
2.193842354394717961e-06 1.985002345617356001e+00
2.198842354394717913e-06 1.985002345649053979e+00
2.203842354394717865e-06 1.985002345606609042e+00
2.208842354394717817e-06 1.985002345612900010e+00
2.213842354394718193e-06 1.985002345608501972e+00
2.218842354394718145e-06 1.985002345639770960e+00
2.223842354394718097e-06 1.985002345600523022e+00
2.228842354394718049e-06 1.985002345615286101e+00
2.233842354394718002e-06 1.985002345592544959e+00
2.238842354394717954e-06 1.985002345612036923e+00
2.243842354394717906e-06 1.985002345587741912e+00
2.248842354394717858e-06 1.985002345608229968e+00
2.253842354394717810e-06 1.985002345593998019e+00
2.258842354394718186e-06 1.985002345621790010e+00
2.263842354394718138e-06 1.985002345602010054e+00
2.268842354394718090e-06 1.985002345628749998e+00
2.273842354394718042e-06 1.985002345614893970e+00
2.278842354394717994e-06 1.985002345634441889e+00
2.283842354394717946e-06 1.985002345605948904e+00
2.288842354394717051e-06 1.985002345619480968e+00
2.293842354394717004e-06 1.985002345595374917e+00
2.298842354394716956e-06 1.985002345614210961e+00
2.303842354394716908e-06 1.985002345612588925e+00
2.308842354394716860e-06 1.985002345643696042e+00
2.313842354394716812e-06 1.985002345604542917e+00
2.318842354394717188e-06 1.985002345612868924e+00
2.323842354394717140e-06 1.985002345605435981e+00
2.328842354394717092e-06 1.985002345629226062e+00
2.333842354394717044e-06 1.985002345580503036e+00
2.338842354394716996e-06 1.985002345592790096e+00
2.343842354394716948e-06 1.985002345602624896e+00
2.348842354394716900e-06 1.985002345642393085e+00
2.353842354394716853e-06 1.985002345601257101e+00
2.358842354394716805e-06 1.985002345609923946e+00
2.363842354394717180e-06 1.985002345609951924e+00
2.368842354394717133e-06 1.985002345639242938e+00
2.373842354394717085e-06 1.985002345589510053e+00
2.378842354394717037e-06 1.985002345590050066e+00
2.383842354394716989e-06 1.985002345582840055e+00
2.388842354394716941e-06 1.985002345615278108e+00
2.393842354394716046e-06 1.985002345579653937e+00
2.398842354394715998e-06 1.985002345594254924e+00
2.403842354394715950e-06 1.985002345594353956e+00
2.408842354394715903e-06 1.985002345631009968e+00
2.413842354394715855e-06 1.985002345601891038e+00
2.418842354394715807e-06 1.985002345622282949e+00
2.423842354394716182e-06 1.985002345598082085e+00
2.428842354394716135e-06 1.985002345614623964e+00
2.433842354394716087e-06 1.985002345612304042e+00
2.438842354394716039e-06 1.985002345636976084e+00
2.443842354394715991e-06 1.985002345588658956e+00
2.448842354394715943e-06 1.985002345593446016e+00
2.453842354394715895e-06 1.985002345591371009e+00
2.458842354394715847e-06 1.985002345628037013e+00
2.463842354394715799e-06 1.985002345590771933e+00
2.468842354394716175e-06 1.985002345600761053e+00
2.473842354394716127e-06 1.985002345598023910e+00
2.478842354394716079e-06 1.985002345628440912e+00
2.483842354394716031e-06 1.985002345584631955e+00
2.488842354394715984e-06 1.985002345592524975e+00
2.493842354394715936e-06 1.985002345592091100e+00
2.498842354394715041e-06 1.985002345627600917e+00
2.503842354394714993e-06 1.985002345591547979e+00
2.508842354394714945e-06 1.985002345607282948e+00
2.513842354394714897e-06 1.985002345611291963e+00
2.518842354394714849e-06 1.985002345645139110e+00
2.523842354394714801e-06 1.985002345601784013e+00
2.528842354394715177e-06 1.985002345610008101e+00
2.533842354394715129e-06 1.985002345608201990e+00
2.538842354394715081e-06 1.985002345635572985e+00
2.543842354394715033e-06 1.985002345585558103e+00
2.548842354394714986e-06 1.985002345587957961e+00
2.553842354394714938e-06 1.985002345582715044e+00
2.558842354394714890e-06 1.985002345612933983e+00
2.563842354394714842e-06 1.985002345575112015e+00
2.568842354394714794e-06 1.985002345594494066e+00
2.573842354394715170e-06 1.985002345600723084e+00
2.578842354394715122e-06 1.985002345632709053e+00
2.583842354394715074e-06 1.985002345585769046e+00
2.588842354394715026e-06 1.985002345593307016e+00
2.593842354394714978e-06 1.985002345600179963e+00
2.598842354394714930e-06 1.985002345643104071e+00
2.603842354394714036e-06 1.985002345607902008e+00
2.608842354394713988e-06 1.985002345621811992e+00
2.613842354394713940e-06 1.985002345602598028e+00
2.618842354394713892e-06 1.985002345627628006e+00
2.623842354394713844e-06 1.985002345605052065e+00
2.628842354394713796e-06 1.985002345622141950e+00
2.633842354394714172e-06 1.985002345595689111e+00
2.638842354394714124e-06 1.985002345614633068e+00
2.643842354394714076e-06 1.985002345598311013e+00
2.648842354394714028e-06 1.985002345626448061e+00
2.653842354394713980e-06 1.985002345608271046e+00
2.658842354394713932e-06 1.985002345628775089e+00
2.663842354394713885e-06 1.985002345608392949e+00
2.668842354394713837e-06 1.985002345629196974e+00
2.673842354394713789e-06 1.985002345608912089e+00
2.678842354394714164e-06 1.985002345633150922e+00
2.683842354394714117e-06 1.985002345609010010e+00
2.688842354394714069e-06 1.985002345622161934e+00
2.693842354394714021e-06 1.985002345594516937e+00
2.698842354394713973e-06 1.985002345610370922e+00
2.703842354394713925e-06 1.985002345613690045e+00
2.708842354394713030e-06 1.985002345647878919e+00
2.713842354394712982e-06 1.985002345603013030e+00
2.718842354394712934e-06 1.985002345608350982e+00
2.723842354394712887e-06 1.985002345605765051e+00
2.728842354394712839e-06 1.985002345635811905e+00
2.733842354394712791e-06 1.985002345589164996e+00
2.738842354394713166e-06 1.985002345597872919e+00
2.743842354394713119e-06 1.985002345602290941e+00
2.748842354394713071e-06 1.985002345641520005e+00
2.753842354394713023e-06 1.985002345606361907e+00
2.758842354394712975e-06 1.985002345621291964e+00
2.763842354394712927e-06 1.985002345599772955e+00
2.768842354394712879e-06 1.985002345623029019e+00
2.773842354394712831e-06 1.985002345604534035e+00
2.778842354394713207e-06 1.985002345623769981e+00
2.783842354394713159e-06 1.985002345597355999e+00
2.788842354394713111e-06 1.985002345620449971e+00
2.793842354394713063e-06 1.985002345608765095e+00
2.798842354394713016e-06 1.985002345639248045e+00
2.803842354394712968e-06 1.985002345621430075e+00
2.808842354394712073e-06 1.985002345636299070e+00
2.813842354394712025e-06 1.985002345604961915e+00
2.818842354394711977e-06 1.985002345618565034e+00
2.823842354394711929e-06 1.985002345595265005e+00
2.828842354394711881e-06 1.985002345616271979e+00
2.833842354394711833e-06 1.985002345592095985e+00
2.838842354394712209e-06 1.985002345607890906e+00
2.843842354394712161e-06 1.985002345606418084e+00
2.848842354394712113e-06 1.985002345636790899e+00
2.853842354394712065e-06 1.985002345597848050e+00
2.858842354394712018e-06 1.985002345607600915e+00
2.863842354394711970e-06 1.985002345602218998e+00
2.868842354394711922e-06 1.985002345629810039e+00
2.873842354394711874e-06 1.985002345580255012e+00
2.878842354394711826e-06 1.985002345584272909e+00
2.883842354394712202e-06 1.985002345587963068e+00
2.888842354394712154e-06 1.985002345629161891e+00
2.893842354394712106e-06 1.985002345594274020e+00
2.898842354394712058e-06 1.985002345609482965e+00
2.903842354394712010e-06 1.985002345614836905e+00
2.908842354394711962e-06 1.985002345647508992e+00
2.913842354394711067e-06 1.985002345598606110e+00
2.918842354394711020e-06 1.985002345604538920e+00
2.923842354394710972e-06 1.985002345608519958e+00
2.928842354394710924e-06 1.985002345644149901e+00
2.933842354394710876e-06 1.985002345599174989e+00
2.938842354394710828e-06 1.985002345606607932e+00
2.943842354394711204e-06 1.985002345609641061e+00
2.948842354394711156e-06 1.985002345647792987e+00
2.953842354394711108e-06 1.985002345607955077e+00
2.958842354394711060e-06 1.985002345617769892e+00
2.963842354394711012e-06 1.985002345597814966e+00
2.968842354394710964e-06 1.985002345627439935e+00
2.973842354394710917e-06 1.985002345607598029e+00
2.978842354394710869e-06 1.985002345619887976e+00
2.983842354394710821e-06 1.985002345615612951e+00
2.988842354394711196e-06 1.985002345644252042e+00
2.993842354394711149e-06 1.985002345598086970e+00
2.997421177197354803e-06 1.985002345611948993e+00
3.001000000000000151e-06 1.985002345602000062e+00
3.001099999999999947e-06 1.984909754327903952e+00
3.001299999999999962e-06 1.984829227890877013e+00
3.001649999999999882e-06 1.985004679980798992e+00
3.001999999999999803e-06 1.985246418866702944e+00
3.002070000000000041e-06 1.985298592037830989e+00
3.002210000000000094e-06 1.985389582019515098e+00
3.002490000000000200e-06 1.985491497920345960e+00
3.003049999999999988e-06 1.985353912589193026e+00
3.004169999999999140e-06 1.983626026338185966e+00
3.006342026274625131e-06 1.975191185538361927e+00
3.009286454304443888e-06 1.955351627960596916e+00
3.014286454304443840e-06 1.907613025219053959e+00
3.019286454304443792e-06 1.848830951818452917e+00
3.024286454304444167e-06 1.783695864415796084e+00
3.029286454304444120e-06 1.714675598991515892e+00
3.034286454304444072e-06 1.643195058590138036e+00
3.039286454304444024e-06 1.570100770823732006e+00
3.044286454304443976e-06 1.495942258746064901e+00
3.049286454304443928e-06 1.421090444520971996e+00
3.054286454304443033e-06 1.345818023210211933e+00
3.059286454304442985e-06 1.270401024196611051e+00
3.064286454304442937e-06 1.195380018145969059e+00
3.069286454304442890e-06 1.122315880588891090e+00
3.074286454304442842e-06 1.054862571996084908e+00
3.079286454304442794e-06 9.988419667746638586e-01
3.084286454304443170e-06 9.598873743892138988e-01
3.089286454304443122e-06 9.400093065829961958e-01
3.094286454304443074e-06 9.364543193564548451e-01
3.099286454304443026e-06 9.435795523899507264e-01
3.104286454304442978e-06 9.555337145532148968e-01
3.109286454304442930e-06 9.678931018462181290e-01
3.114286454304442882e-06 9.780856914385641643e-01
3.119286454304442834e-06 9.851170032999585491e-01
3.124286454304443210e-06 9.890499901617422207e-01
3.129286454304443162e-06 9.905053684018932936e-01
3.134286454304443114e-06 9.902906852881070421e-01
3.139286454304443066e-06 9.891688352913559079e-01
3.144286454304443019e-06 9.877412837287814495e-01
3.149286454304442971e-06 9.864084089734312943e-01
3.154286454304442076e-06 9.853809189916231670e-01
3.159286454304442028e-06 9.847222157478232596e-01
3.164286454304441980e-06 9.843990007718224078e-01
3.169286454304441932e-06 9.843286921495671971e-01
3.174286454304441884e-06 9.844161148338596012e-01
3.179286454304441836e-06 9.845769755553975822e-01
3.184286454304441789e-06 9.847492513724570573e-01
3.189286454304442164e-06 9.848954022918622320e-01
3.194286454304442116e-06 9.849989854742510209e-01
3.199286454304442068e-06 9.850586849079877583e-01
3.204286454304442021e-06 9.850820638857020750e-01
3.209286454304441973e-06 9.850803040777939001e-01
3.214286454304441925e-06 9.850645429544430121e-01
3.219286454304441877e-06 9.850437779487750678e-01
3.224286454304441829e-06 9.850240908163510056e-01
3.229286454304442205e-06 9.850087436265553276e-01
3.234286454304442157e-06 9.849987779988897962e-01
3.239286454304442109e-06 9.849937672573065850e-01
3.244286454304442061e-06 9.849925319590520090e-01
3.249286454304442013e-06 9.849936830854356673e-01
3.254286454304441965e-06 9.849959780725031644e-01
3.259286454304441070e-06 9.849984904297661714e-01
3.264286454304441023e-06 9.850006517007349194e-01
3.269286454304440975e-06 9.850022031798288946e-01
3.274286454304440927e-06 9.850031135484240696e-01
3.279286454304440879e-06 9.850034856133689232e-01
3.284286454304440831e-06 9.850034805045615460e-01
3.289286454304441207e-06 9.850032609942187545e-01
3.294286454304441159e-06 9.850029609898052207e-01
3.299286454304441111e-06 9.850026716810144078e-01
3.304286454304441063e-06 9.850024433884745356e-01
3.309286454304441015e-06 9.850022929734080224e-01
3.314286454304440967e-06 9.850022155710583815e-01
3.319286454304440920e-06 9.850021943624359677e-01
3.324286454304440872e-06 9.850022093125562206e-01
3.329286454304440824e-06 9.850022419573032373e-01
3.334286454304441199e-06 9.850022785832592831e-01
3.339286454304441152e-06 9.850023105030900616e-01
3.344286454304441104e-06 9.850023337376839772e-01
3.349286454304441056e-06 9.850023475783028504e-01
3.354286454304441008e-06 9.850023534851094498e-01
3.359286454304440960e-06 9.850023537274730234e-01
3.364286454304440065e-06 9.850023507061972383e-01
3.369286454304440017e-06 9.850023463650395827e-01
3.374286454304439969e-06 9.850023421227096510e-01
3.379286454304439922e-06 9.850023387154235310e-01
3.384286454304439874e-06 9.850023364618895050e-01
3.389286454304439826e-06 9.850023352785119979e-01
3.394286454304440201e-06 9.850023349351937352e-01
3.399286454304440154e-06 9.850023351077670242e-01
3.404286454304440106e-06 9.850023355480659326e-01
3.409286454304440058e-06 9.850023360660320471e-01
3.414286454304440010e-06 9.850023365316101787e-01
3.419286454304439962e-06 9.850023368575215876e-01
3.424286454304439914e-06 9.850023370614842122e-01
3.429286454304439866e-06 9.850023371550714613e-01
3.434286454304439818e-06 9.850023371761843505e-01
3.439286454304440194e-06 9.850023371467666600e-01
3.444286454304440146e-06 9.850023370981459969e-01
3.449286454304440098e-06 9.850023370436100656e-01
3.454286454304440051e-06 9.850023369992514377e-01
3.459286454304440003e-06 9.850023369624124614e-01
3.464286454304439955e-06 9.850023369403060336e-01
3.469286454304439060e-06 9.850023369309132137e-01
3.474286454304439012e-06 9.850023369372301607e-01
3.479286454304438964e-06 9.850023369455260802e-01
3.484286454304438916e-06 9.850023369554233854e-01
3.489286454304438868e-06 9.850023369591330846e-01
3.494286454304438820e-06 9.850023369581329957e-01
3.499286454304439196e-06 9.850023369495534142e-01
3.504286454304439148e-06 9.850023369468965395e-01
3.509286454304439100e-06 9.850023369440824572e-01
3.514286454304439053e-06 9.850023369573623899e-01
3.519286454304439005e-06 9.850023369637290749e-01
3.524286454304438957e-06 9.850023369702183285e-01
3.529286454304438909e-06 9.850023369750298130e-01
3.534286454304438861e-06 9.850023369813268870e-01
3.539286454304438813e-06 9.850023369788393213e-01
3.544286454304439189e-06 9.850023369736680134e-01
3.549286454304439141e-06 9.850023369658412742e-01
3.554286454304439093e-06 9.850023369642102455e-01
3.559286454304439045e-06 9.850023369644798077e-01
3.564286454304438997e-06 9.850023369709355325e-01
3.569286454304438949e-06 9.850023369746638835e-01
3.574286454304438055e-06 9.850023369781288896e-01
3.579286454304438007e-06 9.850023369758070801e-01
3.584286454304437959e-06 9.850023369715535937e-01
3.589286454304437911e-06 9.850023369620117819e-01
3.594286454304437863e-06 9.850023369571420107e-01
3.599286454304437815e-06 9.850023369536898832e-01
3.604286454304438191e-06 9.850023369545938268e-01
3.609286454304438143e-06 9.850023369561171638e-01
3.614286454304438095e-06 9.850023369668189366e-01
3.619286454304438047e-06 9.850023369743806656e-01
3.624286454304437999e-06 9.850023369790575911e-01
3.629286454304437951e-06 9.850023369818329266e-01
3.634286454304437904e-06 9.850023369892333402e-01
3.639286454304437856e-06 9.850023369902104475e-01
3.644286454304437808e-06 9.850023369856001354e-01
3.649286454304438184e-06 9.850023369749767443e-01
3.654286454304438136e-06 9.850023369664124839e-01
3.659286454304438088e-06 9.850023369551524910e-01
3.664286454304438040e-06 9.850023369470682910e-01
3.669286454304437992e-06 9.850023369412854723e-01
3.674286454304437944e-06 9.850023369476298418e-01
3.679286454304437049e-06 9.850023369543496887e-01
3.684286454304437001e-06 9.850023369595624079e-01
3.689286454304436953e-06 9.850023369587281863e-01
3.694286454304436906e-06 9.850023369576852428e-01
3.699286454304436858e-06 9.850023369586254907e-01
3.704286454304436810e-06 9.850023369696507825e-01
3.709286454304437186e-06 9.850023369753795333e-01
3.714286454304437138e-06 9.850023369762667125e-01
3.719286454304437090e-06 9.850023369699066889e-01
3.724286454304437042e-06 9.850023369651269567e-01
3.729286454304436994e-06 9.850023369596725420e-01
3.734286454304436946e-06 9.850023369575308108e-01
3.739286454304436898e-06 9.850023369565107378e-01
3.744286454304436850e-06 9.850023369639964166e-01
3.749286454304436803e-06 9.850023369701613740e-01
3.754286454304437178e-06 9.850023369757777703e-01
3.759286454304437130e-06 9.850023369756176761e-01
3.764286454304437082e-06 9.850023369762421765e-01
3.769286454304437035e-06 9.850023369728293510e-01
3.774286454304436987e-06 9.850023369693496900e-01
3.779286454304436939e-06 9.850023369643267079e-01
3.784286454304436044e-06 9.850023369654923311e-01
3.789286454304435996e-06 9.850023369643844395e-01
3.794286454304435948e-06 9.850023369625672265e-01
3.799286454304435900e-06 9.850023369564416820e-01
3.804286454304435852e-06 9.850023369583632560e-01
3.809286454304435805e-06 9.850023369642689763e-01
3.814286454304436180e-06 9.850023369729783429e-01
3.819286454304437403e-06 9.850023369745966040e-01
3.824286454304437355e-06 9.850023369737075374e-01
3.829286454304435613e-06 9.850023369689798747e-01
3.834286454304436412e-06 9.850023369653667649e-01
3.839286454304436364e-06 9.850023369563460918e-01
3.844286454304436316e-06 9.850023369503084769e-01
3.849286454304436269e-06 9.850023369467895140e-01
3.854286454304436221e-06 9.850023369515515936e-01
3.859286454304436173e-06 9.850023369572533660e-01
3.864286454304436125e-06 9.850023369695878328e-01
3.869286454304436077e-06 9.850023369807480167e-01
3.874286454304436029e-06 9.850023369895741787e-01
3.879286454304435981e-06 9.850023369882255908e-01
3.884286454304435934e-06 9.850023369823370789e-01
3.889286454304435886e-06 9.850023369725724454e-01
3.894286454304435838e-06 9.850023369649693050e-01
3.899286454304435790e-06 9.850023369540104046e-01
3.904286454304435742e-06 9.850023369506250015e-01
3.909286454304435694e-06 9.850023369484797175e-01
3.914286454304435646e-06 9.850023369515003013e-01
3.919286454304435598e-06 9.850023369596928591e-01
3.924286454304436398e-06 9.850023369738098999e-01
3.929286454304436350e-06 9.850023369800765538e-01
3.934286454304434608e-06 9.850023369802705098e-01
3.939286454304435407e-06 9.850023369734572931e-01
3.944286454304435359e-06 9.850023369683897911e-01
3.949286454304435311e-06 9.850023369595775069e-01
3.954286454304435263e-06 9.850023369537115325e-01
3.959286454304435215e-06 9.850023369523106531e-01
3.964286454304435168e-06 9.850023369621673242e-01
3.969286454304435120e-06 9.850023369690699138e-01
3.974286454304435072e-06 9.850023369741905954e-01
3.979286454304435024e-06 9.850023369737315182e-01
3.984286454304434976e-06 9.850023369705612764e-01
3.989286454304434928e-06 9.850023369644149707e-01
3.994286454304434880e-06 9.850023369635438897e-01
3.999286454304434832e-06 9.850023369597911138e-01
4.004286454304434785e-06 9.850023369584133270e-01
4.009286454304434737e-06 9.850023369565059639e-01
4.014286454304434689e-06 9.850023369598578382e-01
4.019286454304434641e-06 9.850023369623986946e-01
4.024286454304434593e-06 9.850023369673388540e-01
4.029286454304435392e-06 9.850023369681977226e-01
4.034286454304433650e-06 9.850023369689649977e-01
4.039286454304433602e-06 9.850023369687969099e-01
4.044286454304434402e-06 9.850023369711117249e-01
4.049286454304434354e-06 9.850023369659629546e-01
4.054286454304434306e-06 9.850023369640025228e-01
4.059286454304434258e-06 9.850023369661342620e-01
4.064286454304434210e-06 9.850023369753700964e-01
4.069286454304434162e-06 9.850023369751234048e-01
4.074286454304434114e-06 9.850023369667734174e-01
4.079286454304434067e-06 9.850023369570060083e-01
4.084286454304434019e-06 9.850023369587629363e-01
4.089286454304433971e-06 9.850023369629148373e-01
4.094286454304433923e-06 9.850023369683589269e-01
4.099286454304433875e-06 9.850023369656145666e-01
4.104286454304433827e-06 9.850023369593562395e-01
4.109286454304433779e-06 9.850023369503916326e-01
4.114286454304433731e-06 9.850023369497374892e-01
4.119286454304433684e-06 9.850023369529248285e-01
4.124286454304433636e-06 9.850023369639103743e-01
4.129286454304433588e-06 9.850023369722892275e-01
4.134286454304434387e-06 9.850023369770979365e-01
4.139286454304432645e-06 9.850023369762961334e-01
4.144286454304432597e-06 9.850023369759066671e-01
4.149286454304433396e-06 9.850023369689572261e-01
4.154286454304433348e-06 9.850023369610785284e-01
4.159286454304433301e-06 9.850023369521665462e-01
4.164286454304433253e-06 9.850023369532582285e-01
4.169286454304433205e-06 9.850023369569799181e-01
4.174286454304433157e-06 9.850023369660698691e-01
4.179286454304433109e-06 9.850023369749340008e-01
4.184286454304433061e-06 9.850023369845413157e-01
4.189286454304433013e-06 9.850023369836957698e-01
4.194286454304432965e-06 9.850023369758609260e-01
4.199286454304432918e-06 9.850023369640680260e-01
4.204286454304432870e-06 9.850023369615336089e-01
4.209286454304432822e-06 9.850023369646437876e-01
4.214286454304432774e-06 9.850023369699498765e-01
4.219286454304432726e-06 9.850023369670243278e-01
4.224286454304432678e-06 9.850023369640782400e-01
4.229286454304432630e-06 9.850023369605425128e-01
4.234286454304432582e-06 9.850023369625898750e-01
4.239286454304433382e-06 9.850023369612075363e-01
4.244286454304431640e-06 9.850023369604388179e-01
4.249286454304431592e-06 9.850023369604912205e-01
4.254286454304432391e-06 9.850023369691728314e-01
4.259286454304432343e-06 9.850023369756251146e-01
4.264286454304432295e-06 9.850023369803773132e-01
4.269286454304432247e-06 9.850023369775759985e-01
4.274286454304432200e-06 9.850023369720777300e-01
4.279286454304432152e-06 9.850023369612034285e-01
4.284286454304432104e-06 9.850023369542780793e-01
4.289286454304432056e-06 9.850023369530200856e-01
4.294286454304432008e-06 9.850023369624775205e-01
4.299286454304431960e-06 9.850023369686917718e-01
4.304286454304431912e-06 9.850023369748580615e-01
4.309286454304431864e-06 9.850023369777741733e-01
4.314286454304431817e-06 9.850023369770724013e-01
4.319286454304431769e-06 9.850023369679310470e-01
4.324286454304431721e-06 9.850023369645298787e-01
4.329286454304431673e-06 9.850023369662788131e-01
4.334286454304431625e-06 9.850023369757259228e-01
4.339286454304431577e-06 9.850023369812337393e-01
4.344286454304432376e-06 9.850023369833138531e-01
4.349286454304430634e-06 9.850023369807826557e-01
4.354286454304430587e-06 9.850023369784290939e-01
4.359286454304431386e-06 9.850023369655621641e-01
4.364286454304431338e-06 9.850023369520108929e-01
4.369286454304431290e-06 9.850023369431527565e-01
4.374286454304431242e-06 9.850023369462892475e-01
4.379286454304431194e-06 9.850023369530261919e-01
4.384286454304431146e-06 9.850023369661284889e-01
4.389286454304431098e-06 9.850023369752917146e-01
4.394286454304431051e-06 9.850023369822179520e-01
4.399286454304431003e-06 9.850023369845989363e-01
4.404286454304430955e-06 9.850023369868221579e-01
4.409286454304430907e-06 9.850023369812269669e-01
4.414286454304430859e-06 9.850023369768888815e-01
4.419286454304430811e-06 9.850023369735154688e-01
4.424286454304430763e-06 9.850023369738126755e-01
4.429286454304430715e-06 9.850023369712334054e-01
4.434286454304430668e-06 9.850023369700502407e-01
4.439286454304430620e-06 9.850023369646434546e-01
4.444286454304431419e-06 9.850023369605909185e-01
4.449286454304431371e-06 9.850023369530738204e-01
4.454286454304429629e-06 9.850023369487745928e-01
4.459286454304429581e-06 9.850023369456015754e-01
4.464286454304430380e-06 9.850023369500614523e-01
4.469286454304430333e-06 9.850023369550545693e-01
4.474286454304430285e-06 9.850023369623767122e-01
4.479286454304430237e-06 9.850023369644290705e-01
4.484286454304430189e-06 9.850023369674524298e-01
4.489286454304430141e-06 9.850023369661300432e-01
4.494286454304430093e-06 9.850023369641753845e-01
4.499286454304430045e-06 9.850023369597816769e-01
4.504286454304429997e-06 9.850023369591907052e-01
4.509286454304429950e-06 9.850023369558017494e-01
4.514286454304429902e-06 9.850023369528686512e-01
4.519286454304429854e-06 9.850023369480763735e-01
4.524286454304429806e-06 9.850023369496196946e-01
4.529286454304429758e-06 9.850023369531495376e-01
4.534286454304429710e-06 9.850023369664812067e-01
4.539286454304429662e-06 9.850023369756117919e-01
4.544286454304429614e-06 9.850023369791196526e-01
4.549286454304430414e-06 9.850023369820817276e-01
4.554286454304430366e-06 9.850023369906414361e-01
4.559286454304428624e-06 9.850023369907945359e-01
4.564286454304429423e-06 9.850023369853702082e-01
4.569286454304429375e-06 9.850023369767003656e-01
4.574286454304429327e-06 9.850023369709069998e-01
4.579286454304429279e-06 9.850023369595474199e-01
4.584286454304429231e-06 9.850023369542936225e-01
4.589286454304429184e-06 9.850023369564667730e-01
4.594286454304429136e-06 9.850023369676775831e-01
4.599286454304429088e-06 9.850023369739265844e-01
4.604286454304429040e-06 9.850023369796561123e-01
4.609286454304428992e-06 9.850023369836868881e-01
4.614286454304428944e-06 9.850023369878827539e-01
4.619286454304428896e-06 9.850023369843764476e-01
4.624286454304428848e-06 9.850023369785049221e-01
4.629286454304428801e-06 9.850023369678430063e-01
4.634286454304428753e-06 9.850023369622643576e-01
4.639286454304428705e-06 9.850023369620442004e-01
4.644286454304428657e-06 9.850023369715920074e-01
4.649286454304428609e-06 9.850023369760351200e-01
4.654286454304429408e-06 9.850023369731298883e-01
4.659286454304429360e-06 9.850023369617963986e-01
4.664286454304427618e-06 9.850023369527846073e-01
4.669286454304428418e-06 9.850023369446503363e-01
4.674286454304428370e-06 9.850023369463967171e-01
4.679286454304428322e-06 9.850023369512701521e-01
4.684286454304428274e-06 9.850023369616656144e-01
4.689286454304428226e-06 9.850023369685980690e-01
4.694286454304428178e-06 9.850023369734759449e-01
4.699286454304428130e-06 9.850023369724596467e-01
4.704286454304428083e-06 9.850023369707483489e-01
4.709286454304428035e-06 9.850023369658236216e-01
4.714286454304427987e-06 9.850023369614643309e-01
4.719286454304427939e-06 9.850023369527665107e-01
4.724286454304427891e-06 9.850023369545481966e-01
4.729286454304427843e-06 9.850023369645868332e-01
4.734286454304427795e-06 9.850023369821240271e-01
4.739286454304427747e-06 9.850023369926004246e-01
4.744286454304427700e-06 9.850023369958502695e-01
4.749286454304427652e-06 9.850023369915053006e-01
4.754286454304427604e-06 9.850023369865784639e-01
4.759286454304428403e-06 9.850023369742484380e-01
4.764286454304428355e-06 9.850023369627678438e-01
4.769286454304426613e-06 9.850023369533904560e-01
4.774286454304427412e-06 9.850023369537276308e-01
4.779286454304427364e-06 9.850023369600156009e-01
4.784286454304427317e-06 9.850023369742578749e-01
4.789286454304427269e-06 9.850023369780162019e-01
4.794286454304427221e-06 9.850023369718858834e-01
4.799286454304427173e-06 9.850023369607441293e-01
4.804286454304427125e-06 9.850023369556571984e-01
4.809286454304427077e-06 9.850023369567515452e-01
4.814286454304427029e-06 9.850023369696319087e-01
4.819286454304426981e-06 9.850023369780915861e-01
4.824286454304426934e-06 9.850023369820581909e-01
4.829286454304426886e-06 9.850023369766633952e-01
4.834286454304426838e-06 9.850023369672362694e-01
4.839286454304426790e-06 9.850023369573447374e-01
4.844286454304426742e-06 9.850023369572078469e-01
4.849286454304426694e-06 9.850023369605098722e-01
4.854286454304426646e-06 9.850023369702922693e-01
4.859286454304426599e-06 9.850023369734521861e-01
4.864286454304427398e-06 9.850023369706466525e-01
4.869286454304427350e-06 9.850023369632884274e-01
4.874286454304425608e-06 9.850023369630688252e-01
4.879286454304426407e-06 9.850023369669337336e-01
4.884286454304426359e-06 9.850023369735296797e-01
4.889286454304426311e-06 9.850023369699822950e-01
4.894286454304426263e-06 9.850023369610080293e-01
4.899286454304426216e-06 9.850023369488949410e-01
4.904286454304426168e-06 9.850023369480002122e-01
4.909286454304426120e-06 9.850023369516581750e-01
4.914286454304426072e-06 9.850023369590831246e-01
4.919286454304426024e-06 9.850023369637780357e-01
4.924286454304425976e-06 9.850023369710717569e-01
4.929286454304425928e-06 9.850023369715930066e-01
4.934286454304425880e-06 9.850023369666889295e-01
4.939286454304425833e-06 9.850023369595951594e-01
4.944286454304425785e-06 9.850023369603790879e-01
4.949286454304425737e-06 9.850023369607279200e-01
4.954286454304425689e-06 9.850023369631609738e-01
4.959286454304425641e-06 9.850023369643737814e-01
4.964286454304425593e-06 9.850023369680700469e-01
4.969286454304426392e-06 9.850023369667322282e-01
4.974286454304424650e-06 9.850023369671427886e-01
4.979286454304424603e-06 9.850023369688954977e-01
4.984286454304425402e-06 9.850023369790207317e-01
4.989286454304425354e-06 9.850023369845446464e-01
4.994286454304425306e-06 9.850023369874439938e-01
4.997143227152212857e-06 9.850023369852138888e-01
5.000000000000000409e-06 9.850023369762002101e-01
