# time_s vout_v
0.000000000000000000e+00 9.850023369394307338e-01
5.000000000000000182e-11 9.850023369394281803e-01
1.000000000000000036e-10 9.850023369394340644e-01
2.000000000000000073e-10 9.850023369394385053e-01
4.000000000000000146e-10 9.850023369401140760e-01
8.000000000000000291e-10 9.850023369418779984e-01
1.600000000000000058e-09 9.850023369462318490e-01
3.200000000000000117e-09 9.850023369550889862e-01
6.400000000000000233e-09 9.850023369535729767e-01
1.139999999999999951e-08 9.850023369566862641e-01
1.640000000000000127e-08 9.850023369750993130e-01
2.139999999999999972e-08 9.850023369867265677e-01
2.640000000000000148e-08 9.850023369916139915e-01
3.140000000000000324e-08 9.850023369901267367e-01
3.640000000000000169e-08 9.850023369848521781e-01
4.139999999999998690e-08 9.850023369783603711e-01
4.639999999999999197e-08 9.850023369712700427e-01
5.139999999999999042e-08 9.850023369668464701e-01
5.639999999999998887e-08 9.850023369672191720e-01
6.139999999999999394e-08 9.850023369677727292e-01
6.639999999999999901e-08 9.850023369653043703e-01
7.140000000000000407e-08 9.850023369614405722e-01
7.640000000000000914e-08 9.850023369593333689e-01
8.140000000000001421e-08 9.850023369595511946e-01
8.640000000000001928e-08 9.850023369603325696e-01
9.140000000000002435e-08 9.850023369631830672e-01
9.640000000000002941e-08 9.850023369679010710e-01
1.013999999999999948e-07 9.850023369704603571e-01
1.063999999999999998e-07 9.850023369694528297e-01
1.114000000000000049e-07 9.850023369673935880e-01
1.163999999999999967e-07 9.850023369662154193e-01
1.213999999999999886e-07 9.850023369636780046e-01
1.263999999999999936e-07 9.850023369599728573e-01
1.314000000000001046e-07 9.850023369595681810e-01
1.364000000000001097e-07 9.850023369629666847e-01
1.414000000000000883e-07 9.850023369660388939e-01
1.464000000000000933e-07 9.850023369685518837e-01
1.514000000000000984e-07 9.850023369706641940e-01
1.564000000000001035e-07 9.850023369710430021e-01
1.614000000000001085e-07 9.850023369724607569e-01
1.664000000000000871e-07 9.850023369760790848e-01
1.714000000000000922e-07 9.850023369767244574e-01
1.764000000000000973e-07 9.850023369702711751e-01
1.814000000000001023e-07 9.850023369613291058e-01
1.864000000000001074e-07 9.850023369569562703e-01
1.914000000000001125e-07 9.850023369582701083e-01
1.964000000000000911e-07 9.850023369626987879e-01
2.014000000000000961e-07 9.850023369652426419e-01
2.064000000000001012e-07 9.850023369641152104e-01
2.114000000000001063e-07 9.850023369617035840e-01
2.164000000000001113e-07 9.850023369571461185e-01
2.214000000000000899e-07 9.850023369533061901e-01
2.264000000000000950e-07 9.850023369536540230e-01
2.314000000000002059e-07 9.850023369547142860e-01
2.364000000000002110e-07 9.850023369559482989e-01
2.414000000000000837e-07 9.850023369609532953e-01
2.464000000000000888e-07 9.850023369682689989e-01
2.514000000000000939e-07 9.850023369721778721e-01
2.564000000000002048e-07 9.850023369707656684e-01
2.614000000000002099e-07 9.850023369673177598e-01
2.664000000000002149e-07 9.850023369642014748e-01
2.714000000000002200e-07 9.850023369605520607e-01
2.764000000000002251e-07 9.850023369588134514e-01
2.814000000000001772e-07 9.850023369614221425e-01
2.864000000000001823e-07 9.850023369652544103e-01
2.914000000000001873e-07 9.850023369692222364e-01
2.964000000000001924e-07 9.850023369723654998e-01
3.014000000000001975e-07 9.850023369734471901e-01
3.064000000000002026e-07 9.850023369744668189e-01
3.114000000000002076e-07 9.850023369762171965e-01
3.164000000000002127e-07 9.850023369779109528e-01
3.214000000000002178e-07 9.850023369772173965e-01
3.264000000000002228e-07 9.850023369764516756e-01
3.314000000000001750e-07 9.850023369790530392e-01
3.364000000000001800e-07 9.850023369821164776e-01
3.414000000000001851e-07 9.850023369814703278e-01
3.464000000000001902e-07 9.850023369748301949e-01
3.514000000000001952e-07 9.850023369682353591e-01
3.564000000000003062e-07 9.850023369676700336e-01
3.614000000000003112e-07 9.850023369692800790e-01
3.664000000000003163e-07 9.850023369702005649e-01
3.714000000000003214e-07 9.850023369696003783e-01
3.764000000000003264e-07 9.850023369664241413e-01
3.814000000000002786e-07 9.850023369641077720e-01
3.864000000000002836e-07 9.850023369646717653e-01
3.914000000000002887e-07 9.850023369674666407e-01
3.964000000000002938e-07 9.850023369712952448e-01
4.014000000000002988e-07 9.850023369759358660e-01
4.064000000000003039e-07 9.850023369796846451e-01
4.114000000000003090e-07 9.850023369782794358e-01
4.164000000000003140e-07 9.850023369723510669e-01
4.214000000000003191e-07 9.850023369655468430e-01
4.264000000000003242e-07 9.850023369607282531e-01
4.314000000000002763e-07 9.850023369604323786e-01
4.364000000000002814e-07 9.850023369640791282e-01
4.414000000000002864e-07 9.850023369668925444e-01
4.464000000000002915e-07 9.850023369695284359e-01
4.514000000000002966e-07 9.850023369731994993e-01
4.564000000000004075e-07 9.850023369744403956e-01
4.614000000000004126e-07 9.850023369728388989e-01
4.664000000000004177e-07 9.850023369694830278e-01
4.714000000000004227e-07 9.850023369674478779e-01
4.764000000000003749e-07 9.850023369708036380e-01
4.814000000000003799e-07 9.850023369760624314e-01
4.864000000000003320e-07 9.850023369760263492e-01
4.914000000000002842e-07 9.850023369731615297e-01
4.964000000000002363e-07 9.850023369743822199e-01
5.014000000000001884e-07 9.850023369769039805e-01
5.064000000000001406e-07 9.850023369744980162e-01
5.114000000000000927e-07 9.850023369707884280e-01
5.164000000000000448e-07 9.850023369705712684e-01
5.213999999999999969e-07 9.850023369705867005e-01
5.263999999999999491e-07 9.850023369679808960e-01
5.313999999999999012e-07 9.850023369640701354e-01
5.363999999999998533e-07 9.850023369618806646e-01
5.413999999999998055e-07 9.850023369634237635e-01
5.463999999999997576e-07 9.850023369666242035e-01
5.513999999999997097e-07 9.850023369681651930e-01
5.563999999999996618e-07 9.850023369679254959e-01
5.613999999999996140e-07 9.850023369675011686e-01
5.663999999999995661e-07 9.850023369656268901e-01
5.713999999999995182e-07 9.850023369607801005e-01
5.763999999999994704e-07 9.850023369544450569e-01
5.813999999999994225e-07 9.850023369509238735e-01
5.863999999999993746e-07 9.850023369556472064e-01
5.913999999999993267e-07 9.850023369673127638e-01
5.963999999999992789e-07 9.850023369815146257e-01
6.013999999999992310e-07 9.850023369943324836e-01
6.063999999999991831e-07 9.850023369993802236e-01
6.113999999999991353e-07 9.850023369955318575e-01
6.163999999999990874e-07 9.850023369882917601e-01
6.213999999999990395e-07 9.850023369811697904e-01
6.263999999999989916e-07 9.850023369761838898e-01
6.313999999999989438e-07 9.850023369742977319e-01
6.363999999999988959e-07 9.850023369730455114e-01
6.413999999999988480e-07 9.850023369711391474e-01
6.463999999999988001e-07 9.850023369672114004e-01
6.513999999999987523e-07 9.850023369613428725e-01
6.563999999999987044e-07 9.850023369568258191e-01
6.613999999999986565e-07 9.850023369548687180e-01
6.663999999999986087e-07 9.850023369555747088e-01
6.713999999999985608e-07 9.850023369597087353e-01
6.763999999999985129e-07 9.850023369664255846e-01
6.813999999999984650e-07 9.850023369703896359e-01
6.863999999999984172e-07 9.850023369678948537e-01
6.913999999999983693e-07 9.850023369637913584e-01
6.963999999999983214e-07 9.850023369638366555e-01
7.013999999999982736e-07 9.850023369674218987e-01
7.063999999999982257e-07 9.850023369709985932e-01
7.113999999999981778e-07 9.850023369727940459e-01
7.163999999999981299e-07 9.850023369722492594e-01
7.213999999999980821e-07 9.850023369716598420e-01
7.263999999999980342e-07 9.850023369748222013e-01
7.313999999999979863e-07 9.850023369799695283e-01
7.363999999999979385e-07 9.850023369830208653e-01
7.413999999999978906e-07 9.850023369824713049e-01
7.463999999999978427e-07 9.850023369791278682e-01
7.513999999999977948e-07 9.850023369760388947e-01
7.563999999999977470e-07 9.850023369749680846e-01
7.613999999999976991e-07 9.850023369747740176e-01
7.663999999999976512e-07 9.850023369749135727e-01
7.713999999999976034e-07 9.850023369736221612e-01
7.763999999999975555e-07 9.850023369687512798e-01
7.813999999999975076e-07 9.850023369634072212e-01
7.863999999999974597e-07 9.850023369619571589e-01
7.913999999999974119e-07 9.850023369636248249e-01
7.963999999999973640e-07 9.850023369639863136e-01
8.013999999999973161e-07 9.850023369616934810e-01
8.063999999999972683e-07 9.850023369590883426e-01
8.113999999999972204e-07 9.850023369583161825e-01
8.163999999999971725e-07 9.850023369594237410e-01
8.213999999999971246e-07 9.850023369588211120e-01
8.263999999999970768e-07 9.850023369587656008e-01
8.313999999999970289e-07 9.850023369651494942e-01
8.363999999999969810e-07 9.850023369734332013e-01
8.413999999999969331e-07 9.850023369762772596e-01
8.463999999999968853e-07 9.850023369724960620e-01
8.513999999999968374e-07 9.850023369665381612e-01
8.563999999999967895e-07 9.850023369634887116e-01
8.613999999999967417e-07 9.850023369641276449e-01
8.663999999999966938e-07 9.850023369655270811e-01
8.713999999999966459e-07 9.850023369645465321e-01
8.763999999999965980e-07 9.850023369626360603e-01
8.813999999999965502e-07 9.850023369637744830e-01
8.863999999999965023e-07 9.850023369665700246e-01
8.913999999999964544e-07 9.850023369666157658e-01
8.963999999999964066e-07 9.850023369646827565e-01
9.013999999999963587e-07 9.850023369622793457e-01
9.063999999999963108e-07 9.850023369611465851e-01
9.113999999999962629e-07 9.850023369652458616e-01
9.163999999999962151e-07 9.850023369719536070e-01
9.213999999999961672e-07 9.850023369739884238e-01
9.263999999999961193e-07 9.850023369717519905e-01
9.313999999999960715e-07 9.850023369698397424e-01
9.363999999999960236e-07 9.850023369695306563e-01
9.413999999999959757e-07 9.850023369708751364e-01
9.463999999999959278e-07 9.850023369713863941e-01
9.513999999999958800e-07 9.850023369683927887e-01
9.563999999999958321e-07 9.850023369633026382e-01
9.613999999999957842e-07 9.850023369601933476e-01
9.663999999999957364e-07 9.850023369595453104e-01
9.713999999999956885e-07 9.850023369578103649e-01
9.763999999999956406e-07 9.850023369561023978e-01
9.813999999999955927e-07 9.850023369567236786e-01
9.863999999999955449e-07 9.850023369564195885e-01
9.913999999999954970e-07 9.850023369548238650e-01
9.956999999999977259e-07 9.850023369526244021e-01
9.999999999999999547e-07 9.850023369459904865e-01
1.000099999999999962e-06 9.850825675716782248e-01
1.000299999999999977e-06 9.851426321796873387e-01
1.000649999999999898e-06 9.847721840278883532e-01
1.001000000000000030e-06 9.843788297524531661e-01
1.001070000000000056e-06 9.843443985807280860e-01
1.001209999999999897e-06 9.843491342818497802e-01
1.001490000000000003e-06 9.846544638343371902e-01
1.002050000000000003e-06 9.858807963510356487e-01
1.003020328689421943e-06 9.893383612459190068e-01
1.004960986068264976e-06 1.000800662785453987e+00
1.008842300825952102e-06 1.038506355356811905e+00
1.013842300825952054e-06 1.106200859769771894e+00
1.018842300825952006e-06 1.185189416995203970e+00
1.023842300825951958e-06 1.269185664187836959e+00
1.028842300825951910e-06 1.355278456670941045e+00
1.033842300825952074e-06 1.442277965999025025e+00
1.038842300825952026e-06 1.529676254331846952e+00
1.043842300825951979e-06 1.617173446645405077e+00
1.048842300825951931e-06 1.704324779681438029e+00
1.053842300825951036e-06 1.789828430625342026e+00
1.058842300825950988e-06 1.869954025899333905e+00
1.063842300825950940e-06 1.937270202385859008e+00
1.068842300825951104e-06 1.984291356715569110e+00
1.073842300825951056e-06 2.009907108691280975e+00
1.078842300825951008e-06 2.018839450869288843e+00
1.083842300825950960e-06 2.016931543720961173e+00
1.088842300825950912e-06 2.009293636230335078e+00
1.093842300825951076e-06 1.999832221642735108e+00
1.098842300825951028e-06 1.991187786388108005e+00
1.103842300825950981e-06 1.984801791005835980e+00
1.108842300825950933e-06 1.981071560586658009e+00
1.113842300825951097e-06 1.979694520494466037e+00
1.118842300825951049e-06 1.979994047027028081e+00
1.123842300825951001e-06 1.981215890985857930e+00
1.128842300825950953e-06 1.982720036596695934e+00
1.133842300825950905e-06 1.984073715868029941e+00
1.138842300825951069e-06 1.985056166417427104e+00
1.143842300825951021e-06 1.985617532407019104e+00
1.148842300825950973e-06 1.985816389865173948e+00
1.153842300825950925e-06 1.985762725506241999e+00
1.158842300825950030e-06 1.985572824290114058e+00
1.163842300825949983e-06 1.985343095695059068e+00
1.168842300825949935e-06 1.985137882170318058e+00
1.173842300825950099e-06 1.984989835649280110e+00
1.178842300825950051e-06 1.984905973037496052e+00
1.183842300825950003e-06 1.984877131862972988e+00
1.188842300825949955e-06 1.984886387258754992e+00
1.193842300825949907e-06 1.984915989473418962e+00
1.198842300825950071e-06 1.984951264881799959e+00
1.203842300825950023e-06 1.984982519292397996e+00
1.208842300825949975e-06 1.985004887905496007e+00
1.213842300825949927e-06 1.985017422066793991e+00
1.218842300825950091e-06 1.985021587914927110e+00
1.223842300825950043e-06 1.985020012230992892e+00
1.228842300825949996e-06 1.985015403871166040e+00
1.233842300825949948e-06 1.985009994399300037e+00
1.238842300825949900e-06 1.985005238567713048e+00
1.243842300825950064e-06 1.985001861742617946e+00
1.248842300825950016e-06 1.984999989323761094e+00
1.253842300825949968e-06 1.984999389536403980e+00
1.258842300825949073e-06 1.984999654383919010e+00
1.263842300825949025e-06 1.985000371489987980e+00
1.268842300825948977e-06 1.985001200726622894e+00
1.273842300825948929e-06 1.985001924439111054e+00
1.278842300825949093e-06 1.985002433948064970e+00
1.283842300825949045e-06 1.985002713570231059e+00
1.288842300825948998e-06 1.985002799563658993e+00
1.293842300825948950e-06 1.985002755554831966e+00
1.298842300825948902e-06 1.985002644008659001e+00
1.303842300825949066e-06 1.985002516981930087e+00
1.308842300825949018e-06 1.985002406824057930e+00
1.313842300825948970e-06 1.985002329961516931e+00
1.318842300825948922e-06 1.985002288185262920e+00
1.323842300825949086e-06 1.985002275951311068e+00
1.328842300825949038e-06 1.985002283228529008e+00
1.333842300825948990e-06 1.985002300593506908e+00
1.338842300825948942e-06 1.985002320021215017e+00
1.343842300825948894e-06 1.985002336766851894e+00
1.348842300825949058e-06 1.985002348356931900e+00
1.353842300825949010e-06 1.985002354568430105e+00
1.358842300825948963e-06 1.985002356291710957e+00
1.363842300825948068e-06 1.985002355072992053e+00
1.368842300825948020e-06 1.985002352375710100e+00
1.373842300825947972e-06 1.985002349433198976e+00
1.378842300825947924e-06 1.985002346909106041e+00
1.383842300825948088e-06 1.985002345157538040e+00
1.388842300825948040e-06 1.985002344262370100e+00
1.393842300825947992e-06 1.985002344018224063e+00
1.398842300825947944e-06 1.985002344215480052e+00
1.403842300825947896e-06 1.985002344609376967e+00
1.408842300825948060e-06 1.985002345071364083e+00
1.413842300825948013e-06 1.985002345419988989e+00
1.418842300825947965e-06 1.985002345678493985e+00
1.423842300825947917e-06 1.985002345784933064e+00
1.428842300825948081e-06 1.985002345848889904e+00
1.433842300825948033e-06 1.985002345791426093e+00
1.438842300825947985e-06 1.985002345749643959e+00
1.443842300825947937e-06 1.985002345708362981e+00
1.448842300825948101e-06 1.985002345700165982e+00
1.453842300825948053e-06 1.985002345646643906e+00
1.458842300825948005e-06 1.985002345651625921e+00
1.463842300825947957e-06 1.985002345616194930e+00
1.468842300825947062e-06 1.985002345610860086e+00
1.473842300825947015e-06 1.985002345551617919e+00
1.478842300825946967e-06 1.985002345568114945e+00
1.483842300825946919e-06 1.985002345577888905e+00
1.488842300825947083e-06 1.985002345627796982e+00
1.493842300825947035e-06 1.985002345621210917e+00
1.498842300825946987e-06 1.985002345657177036e+00
1.503842300825946939e-06 1.985002345633942067e+00
1.508842300825947103e-06 1.985002345646317945e+00
1.513842300825947055e-06 1.985002345612352892e+00
1.518842300825947007e-06 1.985002345632260967e+00
1.523842300825946959e-06 1.985002345608936070e+00
1.528842300825946911e-06 1.985002345633557930e+00
1.533842300825947075e-06 1.985002345610400898e+00
1.538842300825947027e-06 1.985002345632397969e+00
1.543842300825946980e-06 1.985002345604524931e+00
1.548842300825946932e-06 1.985002345626083020e+00
1.553842300825947096e-06 1.985002345597282947e+00
1.558842300825947048e-06 1.985002345613942953e+00
1.563842300825947000e-06 1.985002345589637951e+00
1.568842300825946952e-06 1.985002345620914044e+00
1.573842300825946057e-06 1.985002345611732055e+00
1.578842300825946009e-06 1.985002345648519073e+00
1.583842300825945961e-06 1.985002345607052021e+00
1.588842300825945913e-06 1.985002345627695064e+00
1.593842300825946077e-06 1.985002345634989007e+00
1.598842300825946029e-06 1.985002345670481949e+00
1.603842300825945982e-06 1.985002345621325937e+00
1.608842300825945934e-06 1.985002345632630005e+00
1.613842300825946098e-06 1.985002345632403076e+00
1.618842300825946050e-06 1.985002345669554025e+00
1.623842300825946002e-06 1.985002345626740938e+00
1.628842300825945954e-06 1.985002345639514054e+00
1.633842300825945906e-06 1.985002345636120102e+00
1.638842300825946070e-06 1.985002345669323098e+00
1.643842300825946022e-06 1.985002345617409070e+00
1.648842300825945974e-06 1.985002345622083109e+00
1.653842300825945926e-06 1.985002345618787079e+00
1.658842300825946090e-06 1.985002345654258926e+00
1.663842300825946042e-06 1.985002345609643948e+00
1.668842300825945995e-06 1.985002345627375986e+00
1.673842300825945947e-06 1.985002345634713894e+00
1.678842300825945052e-06 1.985002345675755064e+00
1.683842300825945004e-06 1.985002345627834952e+00
1.688842300825944956e-06 1.985002345631132981e+00
1.693842300825944908e-06 1.985002345620926922e+00
1.698842300825945072e-06 1.985002345652411071e+00
1.703842300825945024e-06 1.985002345631676102e+00
1.708842300825944976e-06 1.985002345659014011e+00
1.713842300825944928e-06 1.985002345620068942e+00
1.718842300825945092e-06 1.985002345638662069e+00
1.723842300825945044e-06 1.985002345632765897e+00
1.728842300825944997e-06 1.985002345659468981e+00
1.733842300825944949e-06 1.985002345613364971e+00
1.738842300825944901e-06 1.985002345629822029e+00
1.743842300825945065e-06 1.985002345629383935e+00
1.748842300825945017e-06 1.985002345661738055e+00
1.753842300825944969e-06 1.985002345607336016e+00
1.758842300825944921e-06 1.985002345609846008e+00
1.763842300825945085e-06 1.985002345606837082e+00
1.768842300825945037e-06 1.985002345645686894e+00
1.773842300825944989e-06 1.985002345625070941e+00
1.778842300825944941e-06 1.985002345646148081e+00
1.783842300825944046e-06 1.985002345625686004e+00
1.788842300825943999e-06 1.985002345653384070e+00
1.793842300825943951e-06 1.985002345625493936e+00
1.798842300825943903e-06 1.985002345643410937e+00
1.803842300825944067e-06 1.985002345619997000e+00
1.808842300825944019e-06 1.985002345644728994e+00
1.813842300825943971e-06 1.985002345623883890e+00
1.818842300825943923e-06 1.985002345652586042e+00
1.823842300825944087e-06 1.985002345609159002e+00
1.828842300825944039e-06 1.985002345625684006e+00
1.833842300825943991e-06 1.985002345624309994e+00
1.838842300825943943e-06 1.985002345658213097e+00
1.843842300825943896e-06 1.985002345613787966e+00
1.848842300825944059e-06 1.985002345624178099e+00
1.853842300825944012e-06 1.985002345614391039e+00
1.858842300825943964e-06 1.985002345647115085e+00
1.863842300825943916e-06 1.985002345607675078e+00
1.868842300825944080e-06 1.985002345621901032e+00
1.873842300825944032e-06 1.985002345618052111e+00
1.878842300825943984e-06 1.985002345651849964e+00
1.883842300825943936e-06 1.985002345628640086e+00
1.888842300825943041e-06 1.985002345644760968e+00
1.893842300825942993e-06 1.985002345609689023e+00
1.898842300825942945e-06 1.985002345623924969e+00
1.903842300825942898e-06 1.985002345598275042e+00
1.908842300825943061e-06 1.985002345623855025e+00
1.913842300825943014e-06 1.985002345603223972e+00
1.918842300825942966e-06 1.985002345632560061e+00
1.923842300825942918e-06 1.985002345617369990e+00
1.928842300825942870e-06 1.985002345646512900e+00
1.933842300825942822e-06 1.985002345622544961e+00
1.938842300825943198e-06 1.985002345644671040e+00
1.943842300825943150e-06 1.985002345621833086e+00
1.948842300825943102e-06 1.985002345643712029e+00
1.953842300825943054e-06 1.985002345615592079e+00
1.958842300825943006e-06 1.985002345635320964e+00
1.963842300825942958e-06 1.985002345612314034e+00
1.968842300825942910e-06 1.985002345639425014e+00
1.973842300825942863e-06 1.985002345616190933e+00
1.978842300825942815e-06 1.985002345640840993e+00
1.983842300825943190e-06 1.985002345619919950e+00
1.988842300825943143e-06 1.985002345642455923e+00
1.993842300825943095e-06 1.985002345615600072e+00
1.998842300825943047e-06 1.985002345639192978e+00
2.003842300825942999e-06 1.985002345620556108e+00
2.008842300825942951e-06 1.985002345650130007e+00
2.013842300825942056e-06 1.985002345627326026e+00
2.018842300825942008e-06 1.985002345649973021e+00
2.023842300825941960e-06 1.985002345627070008e+00
2.028842300825941913e-06 1.985002345646851962e+00
2.033842300825941865e-06 1.985002345615634045e+00
2.038842300825941817e-06 1.985002345633908094e+00
2.043842300825942192e-06 1.985002345605616947e+00
2.048842300825942145e-06 1.985002345625686004e+00
2.053842300825942097e-06 1.985002345605050955e+00
2.058842300825942049e-06 1.985002345636788013e+00
2.063842300825942001e-06 1.985002345621067921e+00
2.068842300825941953e-06 1.985002345649180100e+00
2.073842300825941905e-06 1.985002345626565967e+00
2.078842300825941857e-06 1.985002345647977950e+00
2.083842300825941809e-06 1.985002345619903963e+00
2.088842300825942185e-06 1.985002345636357024e+00
2.093842300825942137e-06 1.985002345602058016e+00
2.098842300825942089e-06 1.985002345617274955e+00
2.103842300825942041e-06 1.985002345593829931e+00
2.108842300825941994e-06 1.985002345624161002e+00
2.113842300825941946e-06 1.985002345609790053e+00
2.118842300825941051e-06 1.985002345643708921e+00
2.123842300825941003e-06 1.985002345604941931e+00
2.128842300825940955e-06 1.985002345620574982e+00
2.133842300825940907e-06 1.985002345615114905e+00
2.138842300825940859e-06 1.985002345648875899e+00
2.143842300825940811e-06 1.985002345607103980e+00
2.148842300825941187e-06 1.985002345622181030e+00
2.153842300825941139e-06 1.985002345622354003e+00
2.158842300825941091e-06 1.985002345661831091e+00
2.163842300825941043e-06 1.985002345620231035e+00
2.168842300825940996e-06 1.985002345630491050e+00
2.173842300825940948e-06 1.985002345621623032e+00
2.178842300825940900e-06 1.985002345652437050e+00
2.183842300825940852e-06 1.985002345607673968e+00
2.188842300825940804e-06 1.985002345617153052e+00
2.193842300825941180e-06 1.985002345609075958e+00
2.198842300825941132e-06 1.985002345643481991e+00
2.203842300825941084e-06 1.985002345627224996e+00
2.208842300825941036e-06 1.985002345652822076e+00
2.213842300825940988e-06 1.985002345631547982e+00
2.218842300825940940e-06 1.985002345656238010e+00
2.223842300825940046e-06 1.985002345631841081e+00
2.228842300825939998e-06 1.985002345652161049e+00
2.233842300825939950e-06 1.985002345621293962e+00
2.238842300825939902e-06 1.985002345636281085e+00
2.243842300825939854e-06 1.985002345607294050e+00
2.248842300825939806e-06 1.985002345634548915e+00
2.253842300825940182e-06 1.985002345622445041e+00
2.258842300825940134e-06 1.985002345658996026e+00
2.263842300825940086e-06 1.985002345612522978e+00
2.268842300825940038e-06 1.985002345615068942e+00
2.273842300825939990e-06 1.985002345606108998e+00
2.278842300825939942e-06 1.985002345645132005e+00
2.283842300825939895e-06 1.985002345609973018e+00
2.288842300825939847e-06 1.985002345627248976e+00
2.293842300825939799e-06 1.985002345625267894e+00
2.298842300825940174e-06 1.985002345661069034e+00
2.303842300825940127e-06 1.985002345612165042e+00
2.308842300825940079e-06 1.985002345615560992e+00
2.313842300825940031e-06 1.985002345607429053e+00
2.318842300825939983e-06 1.985002345641466048e+00
2.323842300825939935e-06 1.985002345622794095e+00
2.328842300825939040e-06 1.985002345643140043e+00
2.333842300825938992e-06 1.985002345613922081e+00
2.338842300825938944e-06 1.985002345633491094e+00
2.343842300825938897e-06 1.985002345605650032e+00
2.348842300825938849e-06 1.985002345628068987e+00
2.353842300825938801e-06 1.985002345613662067e+00
2.358842300825939176e-06 1.985002345654252043e+00
2.363842300825939129e-06 1.985002345615682895e+00
2.368842300825939081e-06 1.985002345626418974e+00
2.373842300825939033e-06 1.985002345623458897e+00
2.378842300825938985e-06 1.985002345662020051e+00
2.383842300825938937e-06 1.985002345617632891e+00
2.388842300825938889e-06 1.985002345630137999e+00
2.393842300825938841e-06 1.985002345628664067e+00
2.398842300825938794e-06 1.985002345661230017e+00
2.403842300825939169e-06 1.985002345611976082e+00
2.408842300825939121e-06 1.985002345621651898e+00
2.413842300825939073e-06 1.985002345620880959e+00
2.418842300825939026e-06 1.985002345658761991e+00
2.423842300825938978e-06 1.985002345614848007e+00
2.428842300825938930e-06 1.985002345627425946e+00
2.433842300825938035e-06 1.985002345627389975e+00
2.438842300825937987e-06 1.985002345663773093e+00
2.443842300825937939e-06 1.985002345617749020e+00
2.448842300825937891e-06 1.985002345628233966e+00
2.453842300825937843e-06 1.985002345623168907e+00
2.458842300825937796e-06 1.985002345653527955e+00
2.463842300825938171e-06 1.985002345607876029e+00
2.468842300825938123e-06 1.985002345623829045e+00
2.473842300825938075e-06 1.985002345623158027e+00
2.478842300825938028e-06 1.985002345655072054e+00
2.483842300825937980e-06 1.985002345627220111e+00
2.488842300825937932e-06 1.985002345644014010e+00
2.493842300825937884e-06 1.985002345619933939e+00
2.498842300825937836e-06 1.985002345643215982e+00
2.503842300825938212e-06 1.985002345615954900e+00
2.508842300825938164e-06 1.985002345637834065e+00
2.513842300825938116e-06 1.985002345621192932e+00
2.518842300825938068e-06 1.985002345656555978e+00
2.523842300825938020e-06 1.985002345611184937e+00
2.528842300825937972e-06 1.985002345617774999e+00
2.533842300825937924e-06 1.985002345609695018e+00
2.538842300825937030e-06 1.985002345640924926e+00
2.543842300825936982e-06 1.985002345616756037e+00
2.548842300825936934e-06 1.985002345635060061e+00
2.553842300825936886e-06 1.985002345608966934e+00
2.558842300825936838e-06 1.985002345633573917e+00
2.563842300825936790e-06 1.985002345610634045e+00
2.568842300825937166e-06 1.985002345633485987e+00
2.573842300825937118e-06 1.985002345609899965e+00
2.578842300825937070e-06 1.985002345633630982e+00
2.583842300825937022e-06 1.985002345608557928e+00
2.588842300825936974e-06 1.985002345629127030e+00
2.593842300825936927e-06 1.985002345603847917e+00
2.598842300825936879e-06 1.985002345629534037e+00
2.603842300825936831e-06 1.985002345608275043e+00
2.608842300825937206e-06 1.985002345633513077e+00
2.613842300825937159e-06 1.985002345614546027e+00
2.618842300825937111e-06 1.985002345647945976e+00
2.623842300825937063e-06 1.985002345610094920e+00
2.628842300825937015e-06 1.985002345625985098e+00
2.633842300825936967e-06 1.985002345622149056e+00
2.638842300825936072e-06 1.985002345657767009e+00
2.643842300825936024e-06 1.985002345618587904e+00
2.648842300825935976e-06 1.985002345638124055e+00
2.653842300825935929e-06 1.985002345640580979e+00
2.658842300825935881e-06 1.985002345676956104e+00
2.663842300825935833e-06 1.985002345631053045e+00
2.668842300825936208e-06 1.985002345639649945e+00
2.673842300825936161e-06 1.985002345626780906e+00
2.678842300825936113e-06 1.985002345645827004e+00
2.683842300825936065e-06 1.985002345614107044e+00
2.688842300825936017e-06 1.985002345637375987e+00
2.693842300825935969e-06 1.985002345623058995e+00
2.698842300825935921e-06 1.985002345654742983e+00
2.703842300825935873e-06 1.985002345631214027e+00
2.708842300825935825e-06 1.985002345654568012e+00
2.713842300825936201e-06 1.985002345610602958e+00
2.718842300825936153e-06 1.985002345625457965e+00
2.723842300825936105e-06 1.985002345625608067e+00
2.728842300825936057e-06 1.985002345666208923e+00
2.733842300825936010e-06 1.985002345624147013e+00
2.738842300825935962e-06 1.985002345633086973e+00
2.743842300825935067e-06 1.985002345627153053e+00
2.748842300825935019e-06 1.985002345663412937e+00
2.753842300825934971e-06 1.985002345620028974e+00
2.758842300825934923e-06 1.985002345627238984e+00
2.763842300825934875e-06 1.985002345618656072e+00
2.768842300825934827e-06 1.985002345654599099e+00
2.773842300825935203e-06 1.985002345616107000e+00
2.778842300825935155e-06 1.985002345635954901e+00
2.783842300825935107e-06 1.985002345638904986e+00
2.788842300825935060e-06 1.985002345672050916e+00
2.793842300825935012e-06 1.985002345621901032e+00
2.798842300825934964e-06 1.985002345628926079e+00
2.803842300825934916e-06 1.985002345613821939e+00
2.808842300825934868e-06 1.985002345630306086e+00
2.813842300825934820e-06 1.985002345598440909e+00
2.818842300825935196e-06 1.985002345619365061e+00
2.823842300825935148e-06 1.985002345595817008e+00
2.828842300825935100e-06 1.985002345618330999e+00
2.833842300825935052e-06 1.985002345597242979e+00
2.838842300825935004e-06 1.985002345625638043e+00
2.843842300825934956e-06 1.985002345604889973e+00
2.848842300825934062e-06 1.985002345634554022e+00
2.853842300825934014e-06 1.985002345621762032e+00
2.858842300825933966e-06 1.985002345654081957e+00
2.863842300825933918e-06 1.985002345609381047e+00
2.868842300825933870e-06 1.985002345621097009e+00
2.873842300825933822e-06 1.985002345610761054e+00
2.878842300825934198e-06 1.985002345635922039e+00
2.883842300825934150e-06 1.985002345613017027e+00
2.888842300825934102e-06 1.985002345638104959e+00
2.893842300825934054e-06 1.985002345617524089e+00
2.898842300825934006e-06 1.985002345639039989e+00
2.903842300825933958e-06 1.985002345611585062e+00
2.908842300825933911e-06 1.985002345640886068e+00
2.913842300825933863e-06 1.985002345630632048e+00
2.918842300825933815e-06 1.985002345665749068e+00
2.923842300825934190e-06 1.985002345619661046e+00
2.928842300825934143e-06 1.985002345629804932e+00
2.933842300825934095e-06 1.985002345625374920e+00
2.938842300825934047e-06 1.985002345656027956e+00
2.943842300825933999e-06 1.985002345606750929e+00
2.948842300825933951e-06 1.985002345616331931e+00
2.953842300825933056e-06 1.985002345614147012e+00
2.958842300825933008e-06 1.985002345653122946e+00
2.963842300825932960e-06 1.985002345612415064e+00
2.968842300825932913e-06 1.985002345622872033e+00
2.973842300825932865e-06 1.985002345613869013e+00
2.978842300825932817e-06 1.985002345644695021e+00
2.983842300825933193e-06 1.985002345624969022e+00
2.988842300825933145e-06 1.985002345646800004e+00
2.993842300825933097e-06 1.985002345619802044e+00
2.997421150412965989e-06 1.985002345666484036e+00
3.001000000000000151e-06 1.985002345666500911e+00
3.001099999999999947e-06 1.984909724664654096e+00
3.001299999999999962e-06 1.984828859328864992e+00
3.001649999999999882e-06 1.985000194197672041e+00
3.001999999999999803e-06 1.985229532427362997e+00
3.002070000000000041e-06 1.985277675157522959e+00
3.002210000000000094e-06 1.985359562833846070e+00
3.002490000000000200e-06 1.985436691929244102e+00
3.003049999999999988e-06 1.985221806341811002e+00
3.004169999999999140e-06 1.983231185726268997e+00
3.006230844987242084e-06 1.974551788187858037e+00
3.009182531046077083e-06 1.953239293475512950e+00
3.014182531046077035e-06 1.901823684551775973e+00
3.019182531046076987e-06 1.838308765600751071e+00
3.024182531046076939e-06 1.767733498901502109e+00
3.029182531046076892e-06 1.692752327115347954e+00
3.034182531046076844e-06 1.614910031270520019e+00
3.039182531046076796e-06 1.535134010562799078e+00
3.044182531046077171e-06 1.454037759975449928e+00
3.049182531046077124e-06 1.372049009138240017e+00
3.054182531046077076e-06 1.289513261325933025e+00
3.059182531046077028e-06 1.206905492235802901e+00
3.064182531046076980e-06 1.125602121462937921e+00
3.069182531046076932e-06 1.049429539838637959e+00
3.074182531046076037e-06 9.855505590726444387e-01
3.079182531046075989e-06 9.418661546185492783e-01
3.084182531046075941e-06 9.218414809554573708e-01
3.089182531046075894e-06 9.221541368729608834e-01
3.094182531046075846e-06 9.351956128376073263e-01
3.099182531046075798e-06 9.530511369479657269e-01
3.104182531046076174e-06 9.699109848662901268e-01
3.109182531046076126e-06 9.826644547045549904e-01
3.114182531046076078e-06 9.904453634217382785e-01
3.119182531046076030e-06 9.938059999961476043e-01
3.124182531046075982e-06 9.939525707354771589e-01
3.129182531046075934e-06 9.922113317405564237e-01
3.134182531046075886e-06 9.897206315474008642e-01
3.139182531046075838e-06 9.872958171508744440e-01
3.144182531046075791e-06 9.854039867483330717e-01
3.149182531046076166e-06 9.842112771410508332e-01
3.154182531046076118e-06 9.836734363520603930e-01
3.159182531046076070e-06 9.836302736843280936e-01
3.164182531046076023e-06 9.838860216964870897e-01
3.169182531046075975e-06 9.842643722239931003e-01
3.174182531046075927e-06 9.846368784434541555e-01
3.179182531046075032e-06 9.849296146103311278e-01
3.184182531046074984e-06 9.851157301781363618e-01
3.189182531046074936e-06 9.852013820898221086e-01
3.194182531046074888e-06 9.852107377959613554e-01
3.199182531046074840e-06 9.851735456559088666e-01
3.204182531046074793e-06 9.851167299063308125e-01
3.209182531046075168e-06 9.850600613432045627e-01
3.214182531046075120e-06 9.850150788769020949e-01
3.219182531046075072e-06 9.849861453465805772e-01
3.224182531046075025e-06 9.849725276951033504e-01
3.229182531046074977e-06 9.849706620362584930e-01
3.234182531046074929e-06 9.849760553970349219e-01
3.239182531046074881e-06 9.849845927845773952e-01
3.244182531046074833e-06 9.849932216264215556e-01
3.249182531046075209e-06 9.850001375246986157e-01
3.254182531046075161e-06 9.850046347699585869e-01
3.259182531046075113e-06 9.850067961011101936e-01
3.264182531046075065e-06 9.850071477905771866e-01
3.269182531046075017e-06 9.850063686779397809e-01
3.274182531046074969e-06 9.850050872064779472e-01
3.279182531046074074e-06 9.850037742826429632e-01
3.284182531046074027e-06 9.850027116341371070e-01
3.289182531046073979e-06 9.850020131139958224e-01
3.294182531046073931e-06 9.850016706247255449e-01
3.299182531046073883e-06 9.850016066695463923e-01
3.304182531046073835e-06 9.850017187457672518e-01
3.309182531046074211e-06 9.850019109444771992e-01
3.314182531046074163e-06 9.850021106067653465e-01
3.319182531046074115e-06 9.850022738101970043e-01
3.324182531046074067e-06 9.850023822306211985e-01
3.329182531046074019e-06 9.850024364281303457e-01
3.334182531046073971e-06 9.850024477597749684e-01
3.339182531046073924e-06 9.850024317061872869e-01
3.344182531046073876e-06 9.850024029121758895e-01
3.349182531046073828e-06 9.850023725798074947e-01
3.354182531046074203e-06 9.850023475428297814e-01
3.359182531046074156e-06 9.850023307246004167e-01
3.364182531046074108e-06 9.850023221679939933e-01
3.369182531046074060e-06 9.850023202041449100e-01
3.374182531046074012e-06 9.850023224872322958e-01
3.379182531046073964e-06 9.850023267923455617e-01
3.384182531046073069e-06 9.850023314007564368e-01
3.389182531046073021e-06 9.850023352495331785e-01
3.394182531046072973e-06 9.850023378608754321e-01
3.399182531046072926e-06 9.850023392098008479e-01
3.404182531046072878e-06 9.850023395307068164e-01
3.409182531046072830e-06 9.850023392011835188e-01
3.414182531046073205e-06 9.850023385435380252e-01
3.419182531046073158e-06 9.850023378177023003e-01
3.424182531046073110e-06 9.850023372223181140e-01
3.429182531046073062e-06 9.850023368389367873e-01
3.434182531046073014e-06 9.850023366492398624e-01
3.439182531046072966e-06 9.850023366041814610e-01
3.444182531046072918e-06 9.850023366552228543e-01
3.449182531046072870e-06 9.850023367538950358e-01
3.454182531046072822e-06 9.850023368522768941e-01
3.459182531046073198e-06 9.850023369253013694e-01
3.464182531046073150e-06 9.850023369762501702e-01
3.469182531046073102e-06 9.850023370030090986e-01
3.474182531046073055e-06 9.850023370079064033e-01
3.479182531046073007e-06 9.850023369977883858e-01
3.484182531046072959e-06 9.850023369857617839e-01
3.489182531046072064e-06 9.850023369740510404e-01
3.494182531046072016e-06 9.850023369676915719e-01
3.499182531046071968e-06 9.850023369625798830e-01
3.504182531046071920e-06 9.850023369587421751e-01
3.509182531046071872e-06 9.850023369591914824e-01
3.514182531046071825e-06 9.850023369655307448e-01
3.519182531046072200e-06 9.850023369692884057e-01
3.524182531046072152e-06 9.850023369718720057e-01
3.529182531046072104e-06 9.850023369724607569e-01
3.534182531046072057e-06 9.850023369746737645e-01
3.539182531046072009e-06 9.850023369768396986e-01
3.544182531046071961e-06 9.850023369811706786e-01
3.549182531046071913e-06 9.850023369841268694e-01
3.554182531046071865e-06 9.850023369857173750e-01
3.559182531046071817e-06 9.850023369840527065e-01
3.564182531046072193e-06 9.850023369828828645e-01
3.569182531046072145e-06 9.850023369793269312e-01
3.574182531046072097e-06 9.850023369744684842e-01
3.579182531046072049e-06 9.850023369667640916e-01
3.584182531046072001e-06 9.850023369622891156e-01
3.589182531046071953e-06 9.850023369633337245e-01
3.594182531046071059e-06 9.850023369688515329e-01
3.599182531046071011e-06 9.850023369699120179e-01
3.604182531046070963e-06 9.850023369688752917e-01
3.609182531046070915e-06 9.850023369678566620e-01
3.614182531046070867e-06 9.850023369722400446e-01
3.619182531046070819e-06 9.850023369753734270e-01
3.624182531046071195e-06 9.850023369770271042e-01
3.629182531046071147e-06 9.850023369756671920e-01
3.634182531046071099e-06 9.850023369735243506e-01
3.639182531046071051e-06 9.850023369722128441e-01
3.644182531046071003e-06 9.850023369753555524e-01
3.649182531046070955e-06 9.850023369750982027e-01
3.654182531046070908e-06 9.850023369728621025e-01
3.659182531046070860e-06 9.850023369700207088e-01
3.664182531046070812e-06 9.850023369709519638e-01
3.669182531046071188e-06 9.850023369724266731e-01
3.674182531046071140e-06 9.850023369769496107e-01
3.679182531046071092e-06 9.850023369816766072e-01
3.684182531046071044e-06 9.850023369873391887e-01
3.689182531046070996e-06 9.850023369882128232e-01
3.694182531046070948e-06 9.850023369867146883e-01
3.699182531046070053e-06 9.850023369866346412e-01
3.704182531046070005e-06 9.850023369887392910e-01
3.709182531046069958e-06 9.850023369841270915e-01
3.714182531046069910e-06 9.850023369766277570e-01
3.719182531046069862e-06 9.850023369698287512e-01
3.724182531046069814e-06 9.850023369686862207e-01
3.729182531046070190e-06 9.850023369705270815e-01
3.734182531046070142e-06 9.850023369763083458e-01
3.739182531046070094e-06 9.850023369795370964e-01
3.744182531046070046e-06 9.850023369819513874e-01
3.749182531046069998e-06 9.850023369835183562e-01
3.754182531046069950e-06 9.850023369852364263e-01
3.759182531046069902e-06 9.850023369834488562e-01
3.764182531046069854e-06 9.850023369817115793e-01
3.769182531046069807e-06 9.850023369791065520e-01
3.774182531046070182e-06 9.850023369779943305e-01
3.779182531046070134e-06 9.850023369768701187e-01
3.784182531046070086e-06 9.850023369788666328e-01
3.789182531046070039e-06 9.850023369800563477e-01
3.794182531046069991e-06 9.850023369821280239e-01
3.799182531046069943e-06 9.850023369835311238e-01
3.804182531046069048e-06 9.850023369874536527e-01
3.809182531046069000e-06 9.850023369898205372e-01
3.814182531046068952e-06 9.850023369893313729e-01
3.819182531046069328e-06 9.850023369847047405e-01
3.824182531046069280e-06 9.850023369805129825e-01
3.829182531046069232e-06 9.850023369731701894e-01
3.834182531046069184e-06 9.850023369662017636e-01
3.839182531046069136e-06 9.850023369603829737e-01
3.844182531046069088e-06 9.850023369567895148e-01
3.849182531046069041e-06 9.850023369559801623e-01
3.854182531046068993e-06 9.850023369649133498e-01
3.859182531046068945e-06 9.850023369743634571e-01
3.864182531046068897e-06 9.850023369820820607e-01
3.869182531046068849e-06 9.850023369867679790e-01
3.874182531046068801e-06 9.850023369902626280e-01
3.879182531046068753e-06 9.850023369909763904e-01
3.884182531046068706e-06 9.850023369922140670e-01
3.889182531046068658e-06 9.850023369904977733e-01
3.894182531046068610e-06 9.850023369884663982e-01
3.899182531046069409e-06 9.850023369839852050e-01
3.904182531046069361e-06 9.850023369760743108e-01
3.909182531046067619e-06 9.850023369642124660e-01
3.914182531046068418e-06 9.850023369573567278e-01
3.919182531046068370e-06 9.850023369567602050e-01
3.924182531046068323e-06 9.850023369630543923e-01
3.929182531046068275e-06 9.850023369680407370e-01
3.934182531046068227e-06 9.850023369710571020e-01
3.939182531046068179e-06 9.850023369711845556e-01
3.944182531046068131e-06 9.850023369750904312e-01
3.949182531046068083e-06 9.850023369806552020e-01
3.954182531046068035e-06 9.850023369848582844e-01
3.959182531046067987e-06 9.850023369855296362e-01
3.964182531046067940e-06 9.850023369865069656e-01
3.969182531046067892e-06 9.850023369826744757e-01
3.974182531046067844e-06 9.850023369771541137e-01
3.979182531046067796e-06 9.850023369697191722e-01
3.984182531046067748e-06 9.850023369622604719e-01
3.989182531046067700e-06 9.850023369552366459e-01
3.994182531046067652e-06 9.850023369542265650e-01
3.999182531046067604e-06 9.850023369558508213e-01
4.004182531046068404e-06 9.850023369606839552e-01
4.009182531046068356e-06 9.850023369637668225e-01
4.014182531046066614e-06 9.850023369660454442e-01
4.019182531046067413e-06 9.850023369679424823e-01
4.024182531046067365e-06 9.850023369720664057e-01
4.029182531046067317e-06 9.850023369740968926e-01
4.034182531046067269e-06 9.850023369763778458e-01
4.039182531046067221e-06 9.850023369768005077e-01
4.044182531046067174e-06 9.850023369789944194e-01
4.049182531046067126e-06 9.850023369818261543e-01
4.054182531046067078e-06 9.850023369874604251e-01
4.059182531046067030e-06 9.850023369874719714e-01
4.064182531046066982e-06 9.850023369820298802e-01
4.069182531046066934e-06 9.850023369733881262e-01
4.074182531046066886e-06 9.850023369641986992e-01
4.079182531046066839e-06 9.850023369541885954e-01
4.084182531046066791e-06 9.850023369496834214e-01
4.089182531046066743e-06 9.850023369505096493e-01
4.094182531046066695e-06 9.850023369572070697e-01
4.099182531046066647e-06 9.850023369618468028e-01
4.104182531046066599e-06 9.850023369676890184e-01
4.109182531046067398e-06 9.850023369722601396e-01
4.114182531046067350e-06 9.850023369744224100e-01
4.119182531046065608e-06 9.850023369739678847e-01
4.124182531046066408e-06 9.850023369780729343e-01
4.129182531046066360e-06 9.850023369817901830e-01
4.134182531046066312e-06 9.850023369803362350e-01
4.139182531046066264e-06 9.850023369705525056e-01
4.144182531046066216e-06 9.850023369609189894e-01
4.149182531046066168e-06 9.850023369558759123e-01
4.154182531046066120e-06 9.850023369593343681e-01
4.159182531046066073e-06 9.850023369639535620e-01
4.164182531046066025e-06 9.850023369680235286e-01
4.169182531046065977e-06 9.850023369712539445e-01
4.174182531046065929e-06 9.850023369774089099e-01
4.179182531046065881e-06 9.850023369778796445e-01
4.184182531046065833e-06 9.850023369718678978e-01
4.189182531046065785e-06 9.850023369653672090e-01
4.194182531046065737e-06 9.850023369641534021e-01
4.199182531046065690e-06 9.850023369626983438e-01
4.204182531046065642e-06 9.850023369593398082e-01
4.209182531046065594e-06 9.850023369517358907e-01
4.214182531046066393e-06 9.850023369478749791e-01
4.219182531046064651e-06 9.850023369480394031e-01
4.224182531046064603e-06 9.850023369543318141e-01
4.229182531046065402e-06 9.850023369603179146e-01
4.234182531046065354e-06 9.850023369654551386e-01
4.239182531046065307e-06 9.850023369689140385e-01
4.244182531046065259e-06 9.850023369750865454e-01
4.249182531046065211e-06 9.850023369807621165e-01
4.254182531046065163e-06 9.850023369859245426e-01
4.259182531046065115e-06 9.850023369865611444e-01
4.264182531046065067e-06 9.850023369851654831e-01
4.269182531046065019e-06 9.850023369820757324e-01
4.274182531046064972e-06 9.850023369812755947e-01
4.279182531046064924e-06 9.850023369821544472e-01
4.284182531046064876e-06 9.850023369867388912e-01
4.289182531046064828e-06 9.850023369870265499e-01
4.294182531046064780e-06 9.850023369855046562e-01
4.299182531046064732e-06 9.850023369851096389e-01
4.304182531046064684e-06 9.850023369864806533e-01
4.309182531046064636e-06 9.850023369850187116e-01
4.314182531046064589e-06 9.850023369838373233e-01
4.319182531046065388e-06 9.850023369810660956e-01
4.324182531046063646e-06 9.850023369825249286e-01
4.329182531046063598e-06 9.850023369858679212e-01
4.334182531046064397e-06 9.850023369893747827e-01
4.339182531046064349e-06 9.850023369893314840e-01
4.344182531046064301e-06 9.850023369883329494e-01
4.349182531046064253e-06 9.850023369844517207e-01
4.354182531046064206e-06 9.850023369783801330e-01
4.359182531046064158e-06 9.850023369671445650e-01
4.364182531046064110e-06 9.850023369589137046e-01
4.369182531046064062e-06 9.850023369562135311e-01
4.374182531046064014e-06 9.850023369597155076e-01
4.379182531046063966e-06 9.850023369644853588e-01
4.384182531046063918e-06 9.850023369707124887e-01
4.389182531046063870e-06 9.850023369727901601e-01
4.394182531046063823e-06 9.850023369723167610e-01
4.399182531046063775e-06 9.850023369705268594e-01
4.404182531046063727e-06 9.850023369721973010e-01
4.409182531046063679e-06 9.850023369730166456e-01
4.414182531046063631e-06 9.850023369738538648e-01
4.419182531046063583e-06 9.850023369759938197e-01
4.424182531046064382e-06 9.850023369812050955e-01
4.429182531046062640e-06 9.850023369806595319e-01
4.434182531046062593e-06 9.850023369793350358e-01
4.439182531046063392e-06 9.850023369752056723e-01
4.444182531046063344e-06 9.850023369672994411e-01
4.449182531046063296e-06 9.850023369571984100e-01
4.454182531046063248e-06 9.850023369505438442e-01
4.459182531046063200e-06 9.850023369484475211e-01
4.464182531046063152e-06 9.850023369542623142e-01
4.469182531046063104e-06 9.850023369602997070e-01
4.474182531046063057e-06 9.850023369649458793e-01
4.479182531046063009e-06 9.850023369679645757e-01
4.484182531046062961e-06 9.850023369743395873e-01
4.489182531046062913e-06 9.850023369784909333e-01
4.494182531046062865e-06 9.850023369810135820e-01
4.499182531046062817e-06 9.850023369825343655e-01
4.504182531046062769e-06 9.850023369872319412e-01
4.509182531046062722e-06 9.850023369887835889e-01
4.514182531046062674e-06 9.850023369871550027e-01
4.519182531046062626e-06 9.850023369855158695e-01
4.524182531046062578e-06 9.850023369888203373e-01
4.529182531046063377e-06 9.850023369919117533e-01
4.534182531046061635e-06 9.850023369915862359e-01
4.539182531046061587e-06 9.850023369845416488e-01
4.544182531046062386e-06 9.850023369799942863e-01
4.549182531046062339e-06 9.850023369782796578e-01
4.554182531046062291e-06 9.850023369788578620e-01
4.559182531046062243e-06 9.850023369759678404e-01
4.564182531046062195e-06 9.850023369709081100e-01
4.569182531046062147e-06 9.850023369651833560e-01
4.574182531046062099e-06 9.850023369651820238e-01
4.579182531046062051e-06 9.850023369682336938e-01
4.584182531046062003e-06 9.850023369742945123e-01
4.589182531046061956e-06 9.850023369790541494e-01
4.594182531046061908e-06 9.850023369837489495e-01
4.599182531046061860e-06 9.850023369853364574e-01
4.604182531046061812e-06 9.850023369859164379e-01
4.609182531046061764e-06 9.850023369816951480e-01
4.614182531046061716e-06 9.850023369753727609e-01
4.619182531046061668e-06 9.850023369674998364e-01
4.624182531046061620e-06 9.850023369601540457e-01
4.629182531046062420e-06 9.850023369511826665e-01
4.634182531046062372e-06 9.850023369473990265e-01
4.639182531046060630e-06 9.850023369494991243e-01
4.644182531046060582e-06 9.850023369570368725e-01
4.649182531046061381e-06 9.850023369621162539e-01
4.654182531046061333e-06 9.850023369679754559e-01
4.659182531046061285e-06 9.850023369732611167e-01
4.664182531046061237e-06 9.850023369775607884e-01
4.669182531046061190e-06 9.850023369766263137e-01
4.674182531046061142e-06 9.850023369720543043e-01
4.679182531046061094e-06 9.850023369646970783e-01
4.684182531046061046e-06 9.850023369596142553e-01
4.689182531046060998e-06 9.850023369531967221e-01
4.694182531046060950e-06 9.850023369467230117e-01
4.699182531046060902e-06 9.850023369427070019e-01
4.704182531046060855e-06 9.850023369465296108e-01
4.709182531046060807e-06 9.850023369513695171e-01
4.714182531046060759e-06 9.850023369592800782e-01
4.719182531046060711e-06 9.850023369677394225e-01
4.724182531046060663e-06 9.850023369752457514e-01
4.729182531046060615e-06 9.850023369779842275e-01
4.734182531046061414e-06 9.850023369807873186e-01
4.739182531046061366e-06 9.850023369832244802e-01
4.744182531046059625e-06 9.850023369865088529e-01
4.749182531046059577e-06 9.850023369879804536e-01
4.754182531046060376e-06 9.850023369895190006e-01
4.759182531046060328e-06 9.850023369877988211e-01
4.764182531046060280e-06 9.850023369867157985e-01
4.769182531046060232e-06 9.850023369868432521e-01
4.774182531046060184e-06 9.850023369884436386e-01
4.779182531046060136e-06 9.850023369863185607e-01
4.784182531046060089e-06 9.850023369851664823e-01
4.789182531046060041e-06 9.850023369825448016e-01
4.794182531046059993e-06 9.850023369789522310e-01
4.799182531046059945e-06 9.850023369753431179e-01
4.804182531046059897e-06 9.850023369783622584e-01
4.809182531046059849e-06 9.850023369827665132e-01
4.814182531046059801e-06 9.850023369855966937e-01
4.819182531046059753e-06 9.850023369827649589e-01
4.824182531046059706e-06 9.850023369755717129e-01
4.829182531046059658e-06 9.850023369640189541e-01
4.834182531046059610e-06 9.850023369544749219e-01
4.839182531046060409e-06 9.850023369460950695e-01
4.844182531046060361e-06 9.850023369447993282e-01
4.849182531046058619e-06 9.850023369498511761e-01
4.854182531046059418e-06 9.850023369580368504e-01
4.859182531046059370e-06 9.850023369638218895e-01
4.864182531046059323e-06 9.850023369705204201e-01
4.869182531046059275e-06 9.850023369715872334e-01
4.874182531046059227e-06 9.850023369671475626e-01
4.879182531046059179e-06 9.850023369597257217e-01
4.884182531046059131e-06 9.850023369550234831e-01
4.889182531046059083e-06 9.850023369529821160e-01
4.894182531046059035e-06 9.850023369572354914e-01
4.899182531046058988e-06 9.850023369619164137e-01
4.904182531046058940e-06 9.850023369685038110e-01
4.909182531046058892e-06 9.850023369745907198e-01
4.914182531046058844e-06 9.850023369804805640e-01
4.919182531046058796e-06 9.850023369838221132e-01
4.924182531046058748e-06 9.850023369874857382e-01
4.929182531046058700e-06 9.850023369875140489e-01
4.934182531046058652e-06 9.850023369858285083e-01
4.939182531046058605e-06 9.850023369814872032e-01
4.944182531046059404e-06 9.850023369761635728e-01
4.949182531046059356e-06 9.850023369685961816e-01
4.954182531046057614e-06 9.850023369615104052e-01
4.959182531046058413e-06 9.850023369531804018e-01
4.964182531046058365e-06 9.850023369488979386e-01
4.969182531046058317e-06 9.850023369469921297e-01
4.974182531046058269e-06 9.850023369503843051e-01
4.979182531046058222e-06 9.850023369549498753e-01
4.984182531046058174e-06 9.850023369611344837e-01
4.989182531046058126e-06 9.850023369659577366e-01
4.994182531046058078e-06 9.850023369703164722e-01
4.997091265523028396e-06 9.850023369700967590e-01
5.000000000000000409e-06 9.850023369700381393e-01
