# time_s vout_v
0.000000000000000000e+00 9.850023369206155621e-01
5.000000000000000182e-11 9.850023369205855861e-01
1.000000000000000036e-10 9.850023369205240797e-01
2.000000000000000073e-10 9.850023369204033985e-01
4.000000000000000146e-10 9.850023369209254254e-01
8.000000000000000291e-10 9.850023369225231473e-01
1.600000000000000058e-09 9.850023369269641504e-01
3.200000000000000117e-09 9.850023369386172734e-01
6.400000000000000233e-09 9.850023369448315247e-01
1.139999999999999951e-08 9.850023369546451191e-01
1.640000000000000127e-08 9.850023369741061074e-01
2.139999999999999972e-08 9.850023369853220245e-01
2.640000000000000148e-08 9.850023369911256044e-01
3.140000000000000324e-08 9.850023369884473023e-01
3.640000000000000169e-08 9.850023369774987270e-01
4.139999999999998690e-08 9.850023369660025896e-01
4.639999999999999197e-08 9.850023369600356959e-01
5.139999999999999042e-08 9.850023369613717383e-01
5.639999999999998887e-08 9.850023369679812291e-01
6.139999999999999394e-08 9.850023369729401512e-01
6.639999999999999901e-08 9.850023369740205093e-01
7.140000000000000407e-08 9.850023369737456180e-01
7.640000000000000914e-08 9.850023369718262645e-01
8.140000000000001421e-08 9.850023369670747320e-01
8.640000000000001928e-08 9.850023369605850343e-01
9.140000000000002435e-08 9.850023369564711029e-01
9.640000000000002941e-08 9.850023369586510258e-01
1.013999999999999948e-07 9.850023369659919315e-01
1.063999999999999998e-07 9.850023369731784051e-01
1.114000000000000049e-07 9.850023369771022663e-01
1.163999999999999967e-07 9.850023369808822427e-01
1.213999999999999886e-07 9.850023369850292587e-01
1.263999999999999936e-07 9.850023369826654829e-01
1.314000000000001046e-07 9.850023369714353549e-01
1.364000000000001097e-07 9.850023369587901367e-01
1.414000000000000883e-07 9.850023369517245664e-01
1.464000000000000933e-07 9.850023369515933380e-01
1.514000000000000984e-07 9.850023369567662002e-01
1.564000000000001035e-07 9.850023369623811531e-01
1.614000000000001085e-07 9.850023369637910253e-01
1.664000000000000871e-07 9.850023369622290526e-01
1.714000000000000922e-07 9.850023369640056314e-01
1.764000000000000973e-07 9.850023369723114319e-01
1.814000000000001023e-07 9.850023369819307373e-01
1.864000000000001074e-07 9.850023369878638801e-01
1.914000000000001125e-07 9.850023369909335358e-01
1.964000000000000911e-07 9.850023369923319727e-01
2.014000000000000961e-07 9.850023369930630546e-01
2.064000000000001012e-07 9.850023369943173845e-01
2.114000000000001063e-07 9.850023369947156215e-01
2.164000000000001113e-07 9.850023369917870752e-01
2.214000000000000899e-07 9.850023369835715359e-01
2.264000000000000950e-07 9.850023369711203847e-01
2.314000000000002059e-07 9.850023369587853628e-01
2.364000000000002110e-07 9.850023369498637216e-01
2.414000000000000837e-07 9.850023369453067001e-01
2.464000000000000888e-07 9.850023369474869561e-01
2.514000000000000939e-07 9.850023369553269070e-01
2.564000000000002048e-07 9.850023369620974911e-01
2.614000000000002099e-07 9.850023369659829386e-01
2.664000000000002149e-07 9.850023369674252294e-01
2.714000000000002200e-07 9.850023369664958617e-01
2.764000000000002251e-07 9.850023369653839733e-01
2.814000000000001772e-07 9.850023369652711747e-01
2.864000000000001823e-07 9.850023369663536421e-01
2.914000000000001873e-07 9.850023369686927710e-01
2.964000000000001924e-07 9.850023369727948230e-01
3.014000000000001975e-07 9.850023369771637727e-01
3.064000000000002026e-07 9.850023369788766248e-01
3.114000000000002076e-07 9.850023369775492421e-01
3.164000000000002127e-07 9.850023369772559212e-01
3.214000000000002178e-07 9.850023369816958141e-01
3.264000000000002228e-07 9.850023369880633872e-01
3.314000000000001750e-07 9.850023369913110116e-01
3.364000000000001800e-07 9.850023369883619262e-01
3.414000000000001851e-07 9.850023369796148121e-01
3.464000000000001902e-07 9.850023369693463593e-01
3.514000000000001952e-07 9.850023369613332136e-01
3.564000000000003062e-07 9.850023369579501420e-01
3.614000000000003112e-07 9.850023369604566925e-01
3.664000000000003163e-07 9.850023369666516260e-01
3.714000000000003214e-07 9.850023369740728008e-01
3.764000000000003264e-07 9.850023369803176942e-01
3.814000000000002786e-07 9.850023369835148035e-01
3.864000000000002836e-07 9.850023369839889797e-01
3.914000000000002887e-07 9.850023369832630049e-01
3.964000000000002938e-07 9.850023369820535279e-01
4.014000000000002988e-07 9.850023369801220730e-01
4.064000000000003039e-07 9.850023369780190885e-01
4.114000000000003090e-07 9.850023369762497261e-01
4.164000000000003140e-07 9.850023369740722456e-01
4.214000000000003191e-07 9.850023369680748209e-01
4.264000000000003242e-07 9.850023369573669418e-01
4.314000000000002763e-07 9.850023369487875824e-01
4.364000000000002814e-07 9.850023369472471479e-01
4.414000000000002864e-07 9.850023369516660576e-01
4.464000000000002915e-07 9.850023369592372235e-01
4.514000000000002966e-07 9.850023369647914473e-01
4.564000000000004075e-07 9.850023369668085005e-01
4.614000000000004126e-07 9.850023369664004935e-01
4.664000000000004177e-07 9.850023369652005645e-01
4.714000000000004227e-07 9.850023369664404616e-01
4.764000000000003749e-07 9.850023369700323661e-01
4.814000000000003799e-07 9.850023369756378822e-01
4.864000000000003320e-07 9.850023369824418840e-01
4.914000000000002842e-07 9.850023369876237389e-01
4.964000000000002363e-07 9.850023369914594484e-01
5.014000000000001884e-07 9.850023369927963790e-01
5.064000000000001406e-07 9.850023369881516500e-01
5.114000000000000927e-07 9.850023369793657890e-01
5.164000000000000448e-07 9.850023369717770816e-01
5.213999999999999969e-07 9.850023369681697449e-01
5.263999999999999491e-07 9.850023369673654994e-01
5.313999999999999012e-07 9.850023369659274275e-01
5.363999999999998533e-07 9.850023369605899193e-01
5.413999999999998055e-07 9.850023369522065142e-01
5.463999999999997576e-07 9.850023369461898826e-01
5.513999999999997097e-07 9.850023369458924538e-01
5.563999999999996618e-07 9.850023369505250814e-01
5.613999999999996140e-07 9.850023369563253306e-01
5.663999999999995661e-07 9.850023369608396084e-01
5.713999999999995182e-07 9.850023369636108361e-01
5.763999999999994704e-07 9.850023369650341420e-01
5.813999999999994225e-07 9.850023369661212724e-01
5.863999999999993746e-07 9.850023369653418959e-01
5.913999999999993267e-07 9.850023369641631721e-01
5.963999999999992789e-07 9.850023369664019368e-01
6.013999999999992310e-07 9.850023369694116404e-01
6.063999999999991831e-07 9.850023369710777521e-01
6.113999999999991353e-07 9.850023369747515911e-01
6.163999999999990874e-07 9.850023369806306661e-01
6.213999999999990395e-07 9.850023369851302890e-01
6.263999999999989916e-07 9.850023369847923371e-01
6.313999999999989438e-07 9.850023369789091543e-01
6.363999999999988959e-07 9.850023369709358656e-01
6.413999999999988480e-07 9.850023369663611916e-01
6.463999999999988001e-07 9.850023369656144556e-01
6.513999999999987523e-07 9.850023369645528604e-01
6.563999999999987044e-07 9.850023369642900706e-01
6.613999999999986565e-07 9.850023369671427886e-01
6.663999999999986087e-07 9.850023369724978384e-01
6.713999999999985608e-07 9.850023369782278104e-01
6.763999999999985129e-07 9.850023369799795203e-01
6.813999999999984650e-07 9.850023369767628711e-01
6.863999999999984172e-07 9.850023369702826104e-01
6.913999999999983693e-07 9.850023369630123149e-01
6.963999999999983214e-07 9.850023369566287545e-01
7.013999999999982736e-07 9.850023369510070292e-01
7.063999999999982257e-07 9.850023369487056479e-01
7.113999999999981778e-07 9.850023369518063898e-01
7.163999999999981299e-07 9.850023369578307930e-01
7.213999999999980821e-07 9.850023369634891557e-01
7.263999999999980342e-07 9.850023369671703222e-01
7.313999999999979863e-07 9.850023369689573371e-01
7.363999999999979385e-07 9.850023369697603615e-01
7.413999999999978906e-07 9.850023369708107435e-01
7.463999999999978427e-07 9.850023369726437217e-01
7.513999999999977948e-07 9.850023369735716461e-01
7.563999999999977470e-07 9.850023369715704691e-01
7.613999999999976991e-07 9.850023369666508488e-01
7.663999999999976512e-07 9.850023369631544234e-01
7.713999999999976034e-07 9.850023369654774541e-01
7.763999999999975555e-07 9.850023369716477406e-01
7.813999999999975076e-07 9.850023369762814784e-01
7.863999999999974597e-07 9.850023369761125025e-01
7.913999999999974119e-07 9.850023369728648781e-01
7.963999999999973640e-07 9.850023369699202336e-01
8.013999999999973161e-07 9.850023369684358654e-01
8.063999999999972683e-07 9.850023369688147845e-01
8.113999999999972204e-07 9.850023369714144827e-01
8.163999999999971725e-07 9.850023369750753321e-01
8.213999999999971246e-07 9.850023369769342896e-01
8.263999999999970768e-07 9.850023369738856172e-01
8.313999999999970289e-07 9.850023369662508355e-01
8.363999999999969810e-07 9.850023369598995826e-01
8.413999999999969331e-07 9.850023369579720134e-01
8.463999999999968853e-07 9.850023369611914381e-01
8.513999999999968374e-07 9.850023369691170982e-01
8.563999999999967895e-07 9.850023369754401514e-01
8.613999999999967417e-07 9.850023369756542024e-01
8.663999999999966938e-07 9.850023369704857812e-01
8.713999999999966459e-07 9.850023369618585711e-01
8.763999999999965980e-07 9.850023369525613415e-01
8.813999999999965502e-07 9.850023369455913613e-01
8.863999999999965023e-07 9.850023369430899178e-01
8.913999999999964544e-07 9.850023369481916147e-01
8.963999999999964066e-07 9.850023369592981748e-01
9.013999999999963587e-07 9.850023369698958087e-01
9.063999999999963108e-07 9.850023369749275615e-01
9.113999999999962629e-07 9.850023369735666501e-01
9.163999999999962151e-07 9.850023369673543971e-01
9.213999999999961672e-07 9.850023369577918242e-01
9.263999999999961193e-07 9.850023369501653692e-01
9.313999999999960715e-07 9.850023369494542713e-01
9.363999999999960236e-07 9.850023369550426899e-01
9.413999999999959757e-07 9.850023369616568436e-01
9.463999999999959278e-07 9.850023369656790706e-01
9.513999999999958800e-07 9.850023369671118134e-01
9.563999999999958321e-07 9.850023369672491480e-01
9.613999999999957842e-07 9.850023369689713260e-01
9.663999999999957364e-07 9.850023369720309896e-01
9.713999999999956885e-07 9.850023369746956359e-01
9.763999999999956406e-07 9.850023369787532790e-01
9.813999999999955927e-07 9.850023369824975061e-01
9.863999999999955449e-07 9.850023369792965111e-01
9.913999999999954970e-07 9.850023369710579901e-01
9.956999999999977259e-07 9.850023369625156011e-01
9.999999999999999547e-07 9.850023369542878493e-01
1.000099999999999962e-06 9.850840668604190498e-01
1.000299999999999977e-06 9.851567921173490783e-01
1.000649999999999898e-06 9.848591366672612146e-01
1.001000000000000030e-06 9.845685355987868759e-01
1.001070000000000056e-06 9.845514913883151031e-01
1.001209999999999897e-06 9.845839161070699674e-01
1.001490000000000003e-06 9.848985961715902571e-01
1.002050000000000003e-06 9.860116327862963326e-01
1.003020611091580022e-06 9.890550810743029553e-01
1.004961833274740059e-06 9.990461858359503955e-01
1.008844277641059075e-06 1.031338292305828075e+00
1.013844277641059027e-06 1.088314690796376105e+00
1.018844277641058979e-06 1.153986330880788946e+00
1.023844277641058931e-06 1.223338009989413999e+00
1.028844277641058036e-06 1.294180517929891971e+00
1.033844277641057989e-06 1.365663057615501996e+00
1.038844277641057941e-06 1.437445645533711014e+00
1.043844277641058105e-06 1.509365571996212907e+00
1.048844277641058057e-06 1.581320365828063901e+00
1.053844277641058009e-06 1.653152293875612022e+00
1.058844277641057961e-06 1.724449027923798061e+00
1.063844277641057913e-06 1.794080539747807013e+00
1.068844277641058077e-06 1.859232085157525916e+00
1.073844277641058029e-06 1.914843693500362098e+00
1.078844277641057981e-06 1.956191013103387943e+00
1.083844277641057933e-06 1.982568398384175978e+00
1.088844277641058097e-06 1.996685665170482071e+00
1.093844277641058049e-06 2.002041227371567977e+00
1.098844277641058002e-06 2.001863376180515797e+00
1.103844277641057954e-06 1.998747338152045083e+00
1.108844277641057906e-06 1.994579325185342977e+00
1.113844277641058070e-06 1.990574942723478014e+00
1.118844277641058022e-06 1.987370510726879091e+00
1.123844277641057974e-06 1.985181343574262014e+00
1.128844277641057926e-06 1.983945626558085928e+00
1.133844277641057031e-06 1.983457897047345986e+00
1.138844277641056983e-06 1.983469071346884105e+00
1.143844277641056935e-06 1.983751786107466053e+00
1.148844277641057099e-06 1.984132010195021056e+00
1.153844277641057051e-06 1.984496920879361026e+00
1.158844277641057004e-06 1.984787573730425914e+00
1.163844277641056956e-06 1.984985227973917965e+00
1.168844277641056908e-06 1.985096391686665962e+00
1.173844277641057072e-06 1.985140241189482069e+00
1.178844277641057024e-06 1.985139366094839986e+00
1.183844277641056976e-06 1.985114193388042070e+00
1.188844277641056928e-06 1.985080259350266996e+00
1.193844277641057092e-06 1.985047652650073102e+00
1.198844277641057044e-06 1.985021645278336022e+00
1.203844277641056996e-06 1.985003939192709899e+00
1.208844277641056948e-06 1.984993963971128039e+00
1.213844277641056900e-06 1.984990018407245094e+00
1.218844277641057064e-06 1.984990081268998896e+00
1.223844277641057016e-06 1.984992326956575015e+00
1.228844277641056969e-06 1.984995360996123059e+00
1.233844277641056074e-06 1.984998280237100898e+00
1.238844277641056026e-06 1.985000609756623069e+00
1.243844277641055978e-06 1.985002197293135096e+00
1.248844277641055930e-06 1.985003092302507044e+00
1.253844277641056094e-06 1.985003447523590037e+00
1.258844277641056046e-06 1.985003443084552011e+00
1.263844277641055998e-06 1.985003242941359103e+00
1.268844277641055950e-06 1.985002971623015977e+00
1.273844277641055902e-06 1.985002710422590910e+00
1.278844277641056066e-06 1.985002501685080079e+00
1.283844277641056018e-06 1.985002359407550987e+00
1.288844277641055971e-06 1.985002279083617038e+00
1.293844277641055923e-06 1.985002247170039036e+00
1.298844277641056087e-06 1.985002247446058909e+00
1.303844277641056039e-06 1.985002265283025924e+00
1.308844277641055991e-06 1.985002289510489959e+00
1.313844277641055943e-06 1.985002312881209985e+00
1.318844277641055895e-06 1.985002331561265931e+00
1.323844277641056059e-06 1.985002344321495915e+00
1.328844277641056011e-06 1.985002351573152080e+00
1.333844277641055963e-06 1.985002354418690107e+00
1.338844277641055068e-06 1.985002354383335055e+00
1.343844277641055021e-06 1.985002352754694055e+00
1.348844277641054973e-06 1.985002350611211108e+00
1.353844277641054925e-06 1.985002348533702943e+00
1.358844277641055089e-06 1.985002346901429959e+00
1.363844277641055041e-06 1.985002345711841976e+00
1.368844277641054993e-06 1.985002345061648965e+00
1.373844277641054945e-06 1.985002344797714979e+00
1.378844277641054897e-06 1.985002344829797094e+00
1.383844277641055061e-06 1.985002344977873090e+00
1.388844277641055013e-06 1.985002345219007092e+00
1.393844277641054965e-06 1.985002345394567103e+00
1.398844277641054917e-06 1.985002345538527946e+00
1.403844277641055081e-06 1.985002345602782103e+00
1.408844277641055033e-06 1.985002345696821102e+00
1.413844277641054986e-06 1.985002345686647018e+00
1.418844277641054938e-06 1.985002345713104077e+00
1.423844277641055102e-06 1.985002345684691027e+00
1.428844277641055054e-06 1.985002345677510105e+00
1.433844277641055006e-06 1.985002345622741027e+00
1.438844277641054958e-06 1.985002345638001930e+00
1.443844277641054063e-06 1.985002345630126896e+00
1.448844277641054015e-06 1.985002345665499046e+00
1.453844277641053967e-06 1.985002345639337973e+00
1.458844277641053919e-06 1.985002345664542922e+00
1.463844277641054083e-06 1.985002345626974973e+00
1.468844277641054035e-06 1.985002345612564056e+00
1.473844277641053988e-06 1.985002345540473945e+00
1.478844277641053940e-06 1.985002345555475944e+00
1.483844277641054104e-06 1.985002345559806924e+00
1.488844277641054056e-06 1.985002345605110019e+00
1.493844277641054008e-06 1.985002345588434025e+00
1.498844277641053960e-06 1.985002345616388997e+00
1.503844277641053912e-06 1.985002345592637996e+00
1.508844277641054076e-06 1.985002345619149011e+00
1.513844277641054028e-06 1.985002345592667972e+00
1.518844277641053980e-06 1.985002345616170061e+00
1.523844277641053932e-06 1.985002345593894102e+00
1.528844277641054096e-06 1.985002345623853026e+00
1.533844277641054048e-06 1.985002345602707052e+00
1.538844277641054001e-06 1.985002345632115972e+00
1.543844277641053953e-06 1.985002345611527108e+00
1.548844277641053058e-06 1.985002345639812926e+00
1.553844277641053010e-06 1.985002345622451037e+00
1.558844277641052962e-06 1.985002345654028000e+00
1.563844277641052914e-06 1.985002345628732900e+00
1.568844277641053078e-06 1.985002345646317057e+00
1.573844277641053030e-06 1.985002345611061036e+00
1.578844277641052982e-06 1.985002345625703990e+00
1.583844277641052934e-06 1.985002345593150030e+00
1.588844277641053098e-06 1.985002345613676056e+00
1.593844277641053050e-06 1.985002345591865947e+00
1.598844277641053003e-06 1.985002345625042075e+00
1.603844277641052955e-06 1.985002345604834906e+00
1.608844277641052907e-06 1.985002345631571075e+00
1.613844277641053071e-06 1.985002345612183916e+00
1.618844277641053023e-06 1.985002345644854005e+00
1.623844277641052975e-06 1.985002345628334997e+00
1.628844277641052927e-06 1.985002345657908007e+00
1.633844277641053091e-06 1.985002345632723042e+00
1.638844277641053043e-06 1.985002345653712030e+00
1.643844277641052995e-06 1.985002345626031950e+00
1.648844277641052947e-06 1.985002345646766031e+00
1.653844277641052052e-06 1.985002345613011032e+00
1.658844277641052005e-06 1.985002345627346898e+00
1.663844277641051957e-06 1.985002345599766960e+00
1.668844277641051909e-06 1.985002345630874077e+00
1.673844277641052073e-06 1.985002345614460095e+00
1.678844277641052025e-06 1.985002345644552024e+00
1.683844277641051977e-06 1.985002345624991893e+00
1.688844277641051929e-06 1.985002345655120903e+00
1.693844277641052093e-06 1.985002345633660958e+00
1.698844277641052045e-06 1.985002345657542966e+00
1.703844277641051997e-06 1.985002345630201948e+00
1.708844277641051949e-06 1.985002345652451927e+00
1.713844277641051902e-06 1.985002345626937004e+00
1.718844277641052065e-06 1.985002345652455924e+00
1.723844277641052018e-06 1.985002345630032972e+00
1.728844277641051970e-06 1.985002345658201994e+00
1.733844277641051922e-06 1.985002345635616061e+00
1.738844277641052086e-06 1.985002345660344059e+00
1.743844277641052038e-06 1.985002345633422038e+00
1.748844277641051990e-06 1.985002345652892020e+00
1.753844277641051942e-06 1.985002345625084930e+00
1.758844277641051047e-06 1.985002345651712075e+00
1.763844277641050999e-06 1.985002345629629072e+00
1.768844277641050951e-06 1.985002345656178946e+00
1.773844277641050904e-06 1.985002345634728993e+00
1.778844277641051067e-06 1.985002345661390111e+00
1.783844277641051020e-06 1.985002345637459920e+00
1.788844277641050972e-06 1.985002345658898104e+00
1.793844277641050924e-06 1.985002345622000064e+00
1.798844277641051088e-06 1.985002345631009968e+00
1.803844277641051040e-06 1.985002345599006013e+00
1.808844277641050992e-06 1.985002345622798092e+00
1.813844277641050944e-06 1.985002345597258078e+00
1.818844277641050896e-06 1.985002345623946951e+00
1.823844277641051060e-06 1.985002345604355956e+00
1.828844277641051012e-06 1.985002345637256971e+00
1.833844277641050964e-06 1.985002345624343967e+00
1.838844277641050916e-06 1.985002345655888067e+00
1.843844277641051080e-06 1.985002345626142084e+00
1.848844277641051032e-06 1.985002345640703103e+00
1.853844277641050985e-06 1.985002345613195107e+00
1.858844277641050937e-06 1.985002345642234989e+00
1.863844277641050042e-06 1.985002345622292053e+00
1.868844277641049994e-06 1.985002345650983990e+00
1.873844277641049946e-06 1.985002345633748000e+00
1.878844277641049898e-06 1.985002345664562018e+00
1.883844277641050062e-06 1.985002345615300090e+00
1.888844277641050014e-06 1.985002345630179077e+00
1.893844277641049966e-06 1.985002345631794896e+00
1.898844277641049918e-06 1.985002345672634005e+00
1.903844277641050082e-06 1.985002345629294007e+00
1.908844277641050035e-06 1.985002345643793964e+00
1.913844277641049987e-06 1.985002345643319899e+00
1.918844277641049939e-06 1.985002345678652080e+00
1.923844277641049891e-06 1.985002345624119924e+00
1.928844277641049843e-06 1.985002345628416043e+00
1.933844277641049795e-06 1.985002345622034037e+00
1.938844277641050171e-06 1.985002345658180900e+00
1.943844277641050123e-06 1.985002345630465959e+00
1.948844277641050075e-06 1.985002345642735033e+00
1.953844277641050027e-06 1.985002345613616992e+00
1.958844277641049979e-06 1.985002345642697064e+00
1.963844277641049931e-06 1.985002345622963071e+00
1.968844277641049037e-06 1.985002345649486077e+00
1.973844277641048989e-06 1.985002345625900055e+00
1.978844277641048941e-06 1.985002345653730016e+00
1.983844277641048893e-06 1.985002345632574938e+00
1.988844277641048845e-06 1.985002345658660072e+00
1.993844277641048797e-06 1.985002345634693022e+00
1.998844277641049173e-06 1.985002345658384959e+00
2.003844277641049125e-06 1.985002345626436959e+00
2.008844277641049077e-06 1.985002345637268073e+00
2.013844277641049029e-06 1.985002345598334994e+00
2.018844277641048981e-06 1.985002345614224062e+00
2.023844277641048933e-06 1.985002345589711004e+00
2.028844277641048886e-06 1.985002345622324027e+00
2.033844277641048838e-06 1.985002345608646079e+00
2.038844277641048790e-06 1.985002345643630095e+00
2.043844277641049165e-06 1.985002345629375942e+00
2.048844277641049118e-06 1.985002345662064904e+00
2.053844277641049070e-06 1.985002345614840902e+00
2.058844277641049022e-06 1.985002345626458942e+00
2.063844277641048974e-06 1.985002345616825092e+00
2.068844277641048926e-06 1.985002345647520094e+00
2.073844277641048031e-06 1.985002345627431053e+00
2.078844277641047983e-06 1.985002345655491052e+00
2.083844277641047935e-06 1.985002345635002108e+00
2.088844277641047888e-06 1.985002345662427947e+00
2.093844277641047840e-06 1.985002345639417021e+00
2.098844277641047792e-06 1.985002345665829893e+00
2.103844277641048168e-06 1.985002345636315058e+00
2.108844277641048120e-06 1.985002345647987054e+00
2.113844277641048072e-06 1.985002345611617036e+00
2.118844277641048024e-06 1.985002345629812037e+00
2.123844277641047976e-06 1.985002345603517959e+00
2.128844277641047928e-06 1.985002345633493981e+00
2.133844277641047880e-06 1.985002345617667974e+00
2.138844277641047832e-06 1.985002345649544031e+00
2.143844277641048208e-06 1.985002345631784904e+00
2.148844277641048160e-06 1.985002345663543943e+00
2.153844277641048112e-06 1.985002345617356889e+00
2.158844277641048064e-06 1.985002345633072984e+00
2.163844277641048017e-06 1.985002345637354004e+00
2.168844277641047969e-06 1.985002345682409963e+00
2.173844277641047074e-06 1.985002345642965071e+00
2.178844277641047026e-06 1.985002345659879097e+00
2.183844277641046978e-06 1.985002345651482036e+00
2.188844277641046930e-06 1.985002345675612956e+00
2.193844277641046882e-06 1.985002345624754083e+00
2.198844277641046834e-06 1.985002345642145061e+00
2.203844277641047210e-06 1.985002345642044919e+00
2.208844277641047162e-06 1.985002345674534041e+00
2.213844277641047114e-06 1.985002345618877895e+00
2.218844277641047066e-06 1.985002345621383890e+00
2.223844277641047019e-06 1.985002345612570940e+00
2.228844277641046971e-06 1.985002345647659983e+00
2.233844277641046923e-06 1.985002345624568898e+00
2.238844277641046875e-06 1.985002345646708966e+00
2.243844277641046827e-06 1.985002345625026088e+00
2.248844277641047203e-06 1.985002345657739031e+00
2.253844277641047155e-06 1.985002345615306085e+00
2.258844277641047107e-06 1.985002345634883980e+00
2.263844277641047059e-06 1.985002345635813015e+00
2.268844277641047011e-06 1.985002345673468893e+00
2.273844277641046963e-06 1.985002345630731968e+00
2.278844277641046068e-06 1.985002345648932076e+00
2.283844277641046021e-06 1.985002345648861022e+00
2.288844277641045973e-06 1.985002345684119929e+00
2.293844277641045925e-06 1.985002345637570054e+00
2.298844277641045877e-06 1.985002345653076095e+00
2.303844277641045829e-06 1.985002345649619082e+00
2.308844277641046205e-06 1.985002345683192004e+00
2.313844277641046157e-06 1.985002345634998999e+00
2.318844277641046109e-06 1.985002345642933985e+00
2.323844277641046061e-06 1.985002345631784904e+00
2.328844277641046013e-06 1.985002345660803913e+00
2.333844277641045965e-06 1.985002345635966892e+00
2.338844277641045918e-06 1.985002345660793033e+00
2.343844277641045870e-06 1.985002345634520049e+00
2.348844277641045822e-06 1.985002345653041012e+00
2.353844277641046197e-06 1.985002345620332953e+00
2.358844277641046150e-06 1.985002345638414045e+00
2.363844277641046102e-06 1.985002345612304930e+00
2.368844277641046054e-06 1.985002345638392951e+00
2.373844277641046006e-06 1.985002345614049091e+00
2.378844277641045958e-06 1.985002345637544963e+00
2.383844277641045063e-06 1.985002345612943975e+00
2.388844277641045015e-06 1.985002345641446952e+00
2.393844277641044967e-06 1.985002345623128051e+00
2.398844277641044920e-06 1.985002345655894951e+00
2.403844277641044872e-06 1.985002345634963028e+00
2.408844277641044824e-06 1.985002345654762079e+00
2.413844277641045199e-06 1.985002345625840992e+00
2.418844277641045152e-06 1.985002345652641109e+00
2.423844277641045104e-06 1.985002345632256082e+00
2.428844277641045056e-06 1.985002345655791922e+00
2.433844277641045008e-06 1.985002345623267050e+00
2.438844277641044960e-06 1.985002345635439980e+00
2.443844277641044912e-06 1.985002345598712026e+00
2.448844277641044864e-06 1.985002345618640973e+00
2.453844277641044816e-06 1.985002345595509032e+00
2.458844277641045192e-06 1.985002345621597941e+00
2.463844277641045144e-06 1.985002345592973949e+00
2.468844277641045096e-06 1.985002345612904895e+00
2.473844277641045049e-06 1.985002345592449036e+00
2.478844277641045001e-06 1.985002345628612996e+00
2.483844277641044953e-06 1.985002345615326069e+00
2.488844277641044058e-06 1.985002345645890953e+00
2.493844277641044010e-06 1.985002345622236986e+00
2.498844277641043962e-06 1.985002345650926037e+00
2.503844277641043914e-06 1.985002345630761944e+00
2.508844277641043866e-06 1.985002345651615041e+00
2.513844277641043818e-06 1.985002345615966002e+00
2.518844277641044194e-06 1.985002345626232012e+00
2.523844277641044146e-06 1.985002345591037054e+00
2.528844277641044098e-06 1.985002345612814079e+00
2.533844277641044051e-06 1.985002345589246042e+00
2.538844277641044003e-06 1.985002345615962893e+00
2.543844277641043955e-06 1.985002345596291073e+00
2.548844277641043907e-06 1.985002345631635023e+00
2.553844277641043859e-06 1.985002345618323893e+00
2.558844277641043811e-06 1.985002345649446109e+00
2.563844277641044187e-06 1.985002345628718023e+00
2.568844277641044139e-06 1.985002345655880962e+00
2.573844277641044091e-06 1.985002345630441090e+00
2.578844277641044043e-06 1.985002345652085998e+00
2.583844277641043995e-06 1.985002345624677922e+00
2.588844277641043947e-06 1.985002345648638977e+00
2.593844277641043053e-06 1.985002345626968090e+00
2.598844277641043005e-06 1.985002345655028089e+00
2.603844277641042957e-06 1.985002345632320919e+00
2.608844277641042909e-06 1.985002345660650924e+00
2.613844277641042861e-06 1.985002345640118016e+00
2.618844277641042813e-06 1.985002345666623036e+00
2.623844277641043189e-06 1.985002345618098074e+00
2.628844277641043141e-06 1.985002345634006904e+00
2.633844277641043093e-06 1.985002345631653897e+00
2.638844277641043045e-06 1.985002345665457080e+00
2.643844277641042997e-06 1.985002345619296005e+00
2.648844277641042949e-06 1.985002345632213006e+00
2.653844277641042902e-06 1.985002345623114062e+00
2.658844277641042854e-06 1.985002345651160960e+00
2.663844277641042806e-06 1.985002345629272025e+00
2.668844277641043182e-06 1.985002345658936962e+00
2.673844277641043134e-06 1.985002345637713050e+00
2.678844277641043086e-06 1.985002345664198975e+00
2.683844277641043038e-06 1.985002345640831001e+00
2.688844277641042990e-06 1.985002345666200041e+00
2.693844277641042942e-06 1.985002345615271002e+00
2.698844277641042047e-06 1.985002345625674014e+00
2.703844277641041999e-06 1.985002345620255015e+00
2.708844277641041951e-06 1.985002345655201061e+00
2.713844277641041904e-06 1.985002345633354093e+00
2.718844277641041856e-06 1.985002345654389044e+00
2.723844277641041808e-06 1.985002345621426967e+00
2.728844277641042184e-06 1.985002345635485943e+00
2.733844277641042136e-06 1.985002345599915952e+00
2.738844277641042088e-06 1.985002345616587949e+00
2.743844277641042040e-06 1.985002345590910044e+00
2.748844277641041992e-06 1.985002345617215891e+00
2.753844277641041944e-06 1.985002345592050021e+00
2.758844277641041896e-06 1.985002345616065034e+00
2.763844277641041848e-06 1.985002345595189066e+00
2.768844277641041801e-06 1.985002345627171039e+00
2.773844277641042176e-06 1.985002345609174101e+00
2.778844277641042128e-06 1.985002345638394061e+00
2.783844277641042080e-06 1.985002345618589903e+00
2.788844277641042033e-06 1.985002345651567968e+00
2.793844277641041985e-06 1.985002345635664023e+00
2.798844277641041937e-06 1.985002345665537016e+00
2.803844277641041042e-06 1.985002345617852049e+00
2.808844277641040994e-06 1.985002345632832066e+00
2.813844277641040946e-06 1.985002345634373055e+00
2.818844277641040898e-06 1.985002345674383051e+00
2.823844277641040850e-06 1.985002345624153008e+00
2.828844277641040803e-06 1.985002345629955922e+00
2.833844277641041178e-06 1.985002345626774911e+00
2.838844277641041130e-06 1.985002345664256040e+00
2.843844277641041082e-06 1.985002345615521024e+00
2.848844277641041035e-06 1.985002345626361020e+00
2.853844277641040987e-06 1.985002345623074982e+00
2.858844277641040939e-06 1.985002345658283929e+00
2.863844277641040891e-06 1.985002345632046916e+00
2.868844277641040843e-06 1.985002345652153943e+00
2.873844277641040795e-06 1.985002345628479992e+00
2.878844277641041171e-06 1.985002345656724065e+00
2.883844277641041123e-06 1.985002345634024001e+00
2.888844277641041075e-06 1.985002345659258927e+00
2.893844277641041027e-06 1.985002345635908050e+00
2.898844277641040979e-06 1.985002345662800982e+00
2.903844277641040932e-06 1.985002345638293031e+00
2.908844277641040037e-06 1.985002345658944956e+00
2.913844277641039989e-06 1.985002345629155895e+00
2.918844277641039941e-06 1.985002345652451039e+00
2.923844277641039893e-06 1.985002345630910048e+00
2.928844277641039845e-06 1.985002345658003042e+00
2.933844277641039797e-06 1.985002345630243914e+00
2.938844277641040173e-06 1.985002345640944021e+00
2.943844277641040125e-06 1.985002345596605045e+00
2.948844277641040077e-06 1.985002345611474039e+00
2.953844277641040029e-06 1.985002345591426076e+00
2.958844277641039981e-06 1.985002345627804088e+00
2.963844277641039934e-06 1.985002345616377006e+00
2.968844277641039886e-06 1.985002345651524003e+00
2.973844277641039838e-06 1.985002345630785037e+00
2.978844277641039790e-06 1.985002345655517031e+00
2.983844277641040166e-06 1.985002345633545939e+00
2.988844277641040118e-06 1.985002345663658962e+00
2.993844277641040070e-06 1.985002345618902986e+00
2.997422138820519899e-06 1.985002345639790944e+00
3.001000000000000151e-06 1.985002345629478970e+00
3.001099999999999947e-06 1.984909233563755038e+00
3.001299999999999962e-06 1.984823813014142901e+00
3.001649999999999882e-06 1.984968841384167959e+00
3.001999999999999803e-06 1.985158876880227963e+00
3.002070000000000041e-06 1.985199043804622088e+00
3.002210000000000094e-06 1.985265409479691989e+00
3.002490000000000200e-06 1.985317000540298027e+00
3.003049999999999988e-06 1.985091287660287973e+00
3.004169999999999140e-06 1.983283618809484006e+00
3.006404597576025789e-06 1.974770532712180948e+00
3.009145187715787978e-06 1.957270756976841053e+00
3.014145187715787930e-06 1.912786086378734929e+00
3.019145187715787882e-06 1.858101431781264079e+00
3.024145187715787835e-06 1.797660586933186089e+00
3.029145187715788210e-06 1.733779201039707951e+00
3.034145187715788162e-06 1.667777179979192059e+00
3.039145187715788114e-06 1.600425531805006019e+00
3.044145187715788067e-06 1.532214188064378035e+00
3.049145187715788019e-06 1.463463579440750895e+00
3.054145187715787971e-06 1.394395445443241011e+00
3.059145187715787076e-06 1.325196716700725919e+00
3.064145187715787028e-06 1.256135035034577019e+00
3.069145187715786980e-06 1.187848378950109085e+00
3.074145187715786932e-06 1.122001334688746965e+00
3.079145187715786884e-06 1.061921024056053042e+00
3.084145187715786837e-06 1.012233343578526901e+00
3.089145187715786789e-06 9.769247493162419582e-01
3.094145187715787164e-06 9.571008589303876546e-01
3.099145187715787116e-06 9.504986651663628328e-01
3.104145187715787069e-06 9.528909108296433894e-01
3.109145187715787021e-06 9.599205985049948930e-01
3.114145187715786973e-06 9.682198272792623683e-01
3.119145187715786925e-06 9.757071425915014862e-01
3.124145187715786877e-06 9.814169106824859323e-01
3.129145187715786829e-06 9.851539980807684227e-01
3.134145187715787205e-06 9.871615603640819803e-01
3.139145187715787157e-06 9.878759169641734283e-01
3.144145187715787109e-06 9.877590067983376132e-01
3.149145187715787061e-06 9.872078265543827724e-01
3.154145187715787013e-06 9.865157270846561799e-01
3.159145187715786966e-06 9.858681717527137955e-01
3.164145187715786071e-06 9.853593699396913097e-01
3.169145187715786023e-06 9.850167128629477853e-01
3.174145187715785975e-06 9.848259442433379141e-01
3.179145187715785927e-06 9.847523665553682415e-01
3.184145187715785879e-06 9.847561702479492585e-01
3.189145187715785831e-06 9.848017897180293412e-01
3.194145187715786207e-06 9.848622942293577820e-01
3.199145187715786159e-06 9.849202675541490759e-01
3.204145187715786111e-06 9.849665986153509634e-01
3.209145187715786063e-06 9.849983472599951329e-01
3.214145187715786015e-06 9.850164783697508142e-01
3.219145187715785968e-06 9.850239297381756520e-01
3.224145187715785920e-06 9.850242016438250925e-01
3.229145187715785872e-06 9.850204848799475332e-01
3.234145187715785824e-06 9.850152357950038295e-01
3.239145187715786200e-06 9.850100738640981124e-01
3.244145187715786152e-06 9.850058723811409012e-01
3.249145187715786104e-06 9.850029410570436683e-01
3.254145187715786056e-06 9.850012251957842579e-01
3.259145187715786008e-06 9.850004799615141859e-01
3.264145187715785960e-06 9.850003992104795492e-01
3.269145187715785065e-06 9.850006975348456484e-01
3.274145187715785017e-06 9.850011511622798199e-01
3.279145187715784970e-06 9.850016098552136778e-01
3.284145187715784922e-06 9.850019901895766816e-01
3.289145187715784874e-06 9.850022602734568311e-01
3.294145187715784826e-06 9.850024220999422653e-01
3.299145187715785202e-06 9.850024958980586609e-01
3.304145187715785154e-06 9.850025082695802459e-01
3.309145187715785106e-06 9.850024847695902919e-01
3.314145187715785058e-06 9.850024457469522821e-01
3.319145187715785010e-06 9.850024050973099632e-01
3.324145187715784962e-06 9.850023707315289645e-01
3.329145187715784914e-06 9.850023459010126547e-01
3.334145187715784866e-06 9.850023306977028215e-01
3.339145187715784819e-06 9.850023234495817182e-01
3.344145187715785194e-06 9.850023218580830076e-01
3.349145187715785146e-06 9.850023236667742044e-01
3.354145187715785098e-06 9.850023270059161673e-01
3.359145187715785051e-06 9.850023305990860401e-01
3.364145187715785003e-06 9.850023336858078071e-01
3.369145187715784955e-06 9.850023359586623783e-01
3.374145187715784060e-06 9.850023373949573502e-01
3.379145187715784012e-06 9.850023381112164023e-01
3.384145187715783964e-06 9.850023382989411269e-01
3.389145187715783916e-06 9.850023381556054503e-01
3.394145187715783868e-06 9.850023378608174784e-01
3.399145187715783821e-06 9.850023375312400020e-01
3.404145187715784196e-06 9.850023372502390018e-01
3.409145187715784148e-06 9.850023370419209723e-01
3.414145187715784101e-06 9.850023369196457823e-01
3.419145187715784053e-06 9.850023368743260344e-01
3.424145187715784005e-06 9.850023368679293734e-01
3.429145187715783957e-06 9.850023368805660429e-01
3.434145187715783909e-06 9.850023369077794966e-01
3.439145187715783861e-06 9.850023369346713187e-01
3.444145187715783813e-06 9.850023369538559725e-01
3.449145187715784189e-06 9.850023369587161959e-01
3.454145187715784141e-06 9.850023369606316637e-01
3.459145187715784093e-06 9.850023369622612490e-01
3.464145187715784045e-06 9.850023369690023012e-01
3.469145187715783997e-06 9.850023369711446986e-01
3.474145187715783950e-06 9.850023369720177779e-01
3.479145187715783055e-06 9.850023369693933217e-01
3.484145187715783007e-06 9.850023369659531847e-01
3.489145187715782959e-06 9.850023369622920022e-01
3.494145187715782911e-06 9.850023369642376680e-01
3.499145187715782863e-06 9.850023369631439873e-01
3.504145187715782815e-06 9.850023369612005419e-01
3.509145187715783191e-06 9.850023369590663602e-01
3.514145187715783143e-06 9.850023369612299629e-01
3.519145187715783095e-06 9.850023369595113376e-01
3.524145187715783047e-06 9.850023369561525799e-01
3.529145187715782999e-06 9.850023369549836261e-01
3.534145187715782952e-06 9.850023369619117508e-01
3.539145187715782904e-06 9.850023369708590382e-01
3.544145187715782856e-06 9.850023369822932251e-01
3.549145187715782808e-06 9.850023369892634273e-01
3.554145187715783184e-06 9.850023369922729088e-01
3.559145187715783136e-06 9.850023369881950597e-01
3.564145187715783088e-06 9.850023369862350719e-01
3.569145187715783040e-06 9.850023369846274690e-01
3.574145187715782992e-06 9.850023369828578845e-01
3.579145187715782944e-06 9.850023369779493665e-01
3.584145187715782049e-06 9.850023369758158509e-01
3.589145187715782001e-06 9.850023369717803012e-01
3.594145187715781954e-06 9.850023369691570663e-01
3.599145187715781906e-06 9.850023369678454488e-01
3.604145187715781858e-06 9.850023369718848842e-01
3.609145187715781810e-06 9.850023369735531054e-01
3.614145187715782186e-06 9.850023369739895340e-01
3.619145187715782138e-06 9.850023369716162103e-01
3.624145187715782090e-06 9.850023369701732534e-01
3.629145187715782042e-06 9.850023369664026029e-01
3.634145187715781994e-06 9.850023369673895912e-01
3.639145187715781946e-06 9.850023369700176001e-01
3.644145187715781898e-06 9.850023369741852663e-01
3.649145187715781851e-06 9.850023369742115786e-01
3.654145187715781803e-06 9.850023369745594115e-01
3.659145187715782178e-06 9.850023369729256073e-01
3.664145187715782130e-06 9.850023369715780186e-01
3.669145187715782083e-06 9.850023369676671470e-01
3.674145187715782035e-06 9.850023369665951156e-01
3.679145187715781987e-06 9.850023369677228802e-01
3.684145187715781939e-06 9.850023369725348088e-01
3.689145187715781044e-06 9.850023369727030076e-01
3.694145187715780996e-06 9.850023369737238577e-01
3.699145187715780948e-06 9.850023369745810609e-01
3.704145187715780900e-06 9.850023369760658731e-01
3.709145187715780853e-06 9.850023369742738621e-01
3.714145187715780805e-06 9.850023369748197588e-01
3.719145187715781180e-06 9.850023369747182844e-01
3.724145187715781132e-06 9.850023369780990246e-01
3.729145187715781085e-06 9.850023369789526750e-01
3.734145187715781037e-06 9.850023369758964531e-01
3.739145187715780989e-06 9.850023369696720987e-01
3.744145187715780941e-06 9.850023369682632257e-01
3.749145187715780893e-06 9.850023369651134120e-01
3.754145187715780845e-06 9.850023369627917136e-01
3.759145187715780797e-06 9.850023369617978419e-01
3.764145187715781173e-06 9.850023369668547968e-01
3.769145187715781125e-06 9.850023369704192788e-01
3.774145187715781077e-06 9.850023369721960798e-01
3.779145187715781029e-06 9.850023369699399955e-01
3.784145187715780982e-06 9.850023369712654908e-01
3.789145187715780934e-06 9.850023369731891743e-01
3.794145187715780039e-06 9.850023369742898494e-01
3.799145187715779991e-06 9.850023369713669652e-01
3.804145187715779943e-06 9.850023369727320954e-01
3.809145187715779895e-06 9.850023369734414169e-01
3.814145187715779847e-06 9.850023369735297907e-01
3.819145187715780223e-06 9.850023369709327570e-01
3.824145187715780175e-06 9.850023369720256605e-01
3.829145187715780127e-06 9.850023369732762157e-01
3.834145187715780079e-06 9.850023369743833301e-01
3.839145187715780031e-06 9.850023369726151889e-01
3.844145187715779984e-06 9.850023369748386326e-01
3.849145187715779936e-06 9.850023369756465419e-01
3.854145187715779888e-06 9.850023369746221391e-01
3.859145187715779840e-06 9.850023369696974118e-01
3.864145187715779792e-06 9.850023369700028342e-01
3.869145187715779744e-06 9.850023369714737687e-01
3.874145187715779696e-06 9.850023369722427091e-01
3.879145187715779648e-06 9.850023369693320374e-01
3.884145187715779601e-06 9.850023369718319266e-01
3.889145187715780400e-06 9.850023369768806658e-01
3.894145187715780352e-06 9.850023369826494957e-01
3.899145187715778610e-06 9.850023369833029729e-01
3.904145187715779409e-06 9.850023369824673081e-01
3.909145187715779361e-06 9.850023369786906624e-01
3.914145187715779313e-06 9.850023369775795512e-01
3.919145187715779265e-06 9.850023369762777037e-01
3.924145187715779218e-06 9.850023369762815895e-01
3.929145187715779170e-06 9.850023369715319443e-01
3.934145187715779122e-06 9.850023369701355058e-01
3.939145187715779074e-06 9.850023369725678934e-01
3.944145187715779026e-06 9.850023369760265712e-01
3.949145187715778978e-06 9.850023369743347024e-01
3.954145187715778930e-06 9.850023369722352706e-01
3.959145187715778882e-06 9.850023369666843776e-01
3.964145187715778835e-06 9.850023369641929261e-01
3.969145187715778787e-06 9.850023369620559688e-01
3.974145187715778739e-06 9.850023369619672620e-01
3.979145187715778691e-06 9.850023369611299318e-01
3.984145187715778643e-06 9.850023369624731906e-01
3.989145187715778595e-06 9.850023369614101520e-01
3.994145187715779394e-06 9.850023369646827565e-01
3.999145187715777652e-06 9.850023369691602859e-01
4.004145187715777605e-06 9.850023369724157929e-01
4.009145187715778404e-06 9.850023369707116006e-01
4.014145187715778356e-06 9.850023369732221479e-01
4.019145187715778308e-06 9.850023369760841918e-01
4.024145187715778260e-06 9.850023369782123783e-01
4.029145187715778212e-06 9.850023369781257809e-01
4.034145187715778164e-06 9.850023369813121210e-01
4.039145187715778117e-06 9.850023369808180718e-01
4.044145187715778069e-06 9.850023369784266514e-01
4.049145187715778021e-06 9.850023369734600687e-01
4.054145187715777973e-06 9.850023369718181598e-01
4.059145187715777925e-06 9.850023369712931354e-01
4.064145187715777877e-06 9.850023369737709311e-01
4.069145187715777829e-06 9.850023369728677647e-01
4.074145187715777781e-06 9.850023369718300392e-01
4.079145187715777734e-06 9.850023369698113207e-01
4.084145187715777686e-06 9.850023369733525991e-01
4.089145187715777638e-06 9.850023369773731607e-01
4.094145187715777590e-06 9.850023369804520312e-01
4.099145187715778389e-06 9.850023369799468798e-01
4.104145187715776647e-06 9.850023369810700924e-01
4.109145187715776599e-06 9.850023369778659887e-01
4.114145187715777398e-06 9.850023369740359414e-01
4.119145187715777351e-06 9.850023369698779341e-01
4.124145187715777303e-06 9.850023369691615072e-01
4.129145187715777255e-06 9.850023369658257311e-01
4.134145187715777207e-06 9.850023369635597659e-01
4.139145187715777159e-06 9.850023369615019675e-01
4.144145187715777111e-06 9.850023369617129099e-01
4.149145187715777063e-06 9.850023369585158006e-01
4.154145187715777015e-06 9.850023369566226483e-01
4.159145187715776968e-06 9.850023369556913932e-01
4.164145187715776920e-06 9.850023369575972021e-01
4.169145187715776872e-06 9.850023369551199615e-01
4.174145187715776824e-06 9.850023369559646191e-01
4.179145187715776776e-06 9.850023369601536016e-01
4.184145187715776728e-06 9.850023369666047746e-01
4.189145187715776680e-06 9.850023369684400842e-01
4.194145187715776633e-06 9.850023369688419850e-01
4.199145187715776585e-06 9.850023369666999207e-01
4.204145187715777384e-06 9.850023369701825793e-01
4.209145187715775642e-06 9.850023369735517731e-01
4.214145187715775594e-06 9.850023369748271973e-01
4.219145187715776393e-06 9.850023369726729205e-01
4.224145187715776345e-06 9.850023369733800216e-01
4.229145187715776297e-06 9.850023369720832811e-01
4.234145187715776250e-06 9.850023369726083056e-01
4.239145187715776202e-06 9.850023369742385571e-01
4.244145187715776154e-06 9.850023369780723792e-01
4.249145187715776106e-06 9.850023369767176851e-01
4.254145187715776058e-06 9.850023369752139990e-01
4.259145187715776010e-06 9.850023369721403466e-01
4.264145187715775962e-06 9.850023369705848131e-01
4.269145187715775914e-06 9.850023369666398576e-01
4.274145187715775867e-06 9.850023369627557424e-01
4.279145187715775819e-06 9.850023369584026689e-01
4.284145187715775771e-06 9.850023369601397238e-01
4.289145187715775723e-06 9.850023369625540148e-01
4.294145187715775675e-06 9.850023369657235905e-01
4.299145187715775627e-06 9.850023369652078920e-01
4.304145187715775579e-06 9.850023369679989926e-01
4.309145187715776378e-06 9.850023369716962574e-01
4.314145187715774637e-06 9.850023369742881840e-01
4.319145187715774589e-06 9.850023369707674448e-01
4.324145187715775388e-06 9.850023369698049924e-01
4.329145187715775340e-06 9.850023369701594866e-01
4.334145187715775292e-06 9.850023369720944943e-01
4.339145187715775244e-06 9.850023369705069864e-01
4.344145187715775196e-06 9.850023369689870911e-01
4.349145187715775148e-06 9.850023369669312912e-01
4.354145187715775101e-06 9.850023369689195896e-01
4.359145187715775053e-06 9.850023369688289954e-01
4.364145187715775005e-06 9.850023369690749098e-01
4.369145187715774957e-06 9.850023369675370288e-01
4.374145187715774909e-06 9.850023369710149135e-01
4.379145187715774861e-06 9.850023369750847690e-01
4.384145187715774813e-06 9.850023369785563254e-01
4.389145187715774766e-06 9.850023369778948545e-01
4.394145187715774718e-06 9.850023369788333261e-01
4.399145187715774670e-06 9.850023369780597227e-01
4.404145187715774622e-06 9.850023369796235828e-01
4.409145187715775421e-06 9.850023369805701590e-01
4.414145187715775373e-06 9.850023369824800756e-01
4.419145187715773631e-06 9.850023369809323137e-01
4.424145187715773583e-06 9.850023369790484873e-01
4.429145187715774383e-06 9.850023369751335078e-01
4.434145187715774335e-06 9.850023369741334189e-01
4.439145187715774287e-06 9.850023369713331034e-01
4.444145187715774239e-06 9.850023369705280807e-01
4.449145187715774191e-06 9.850023369702997078e-01
4.454145187715774143e-06 9.850023369730932510e-01
4.459145187715774095e-06 9.850023369722856748e-01
4.464145187715774047e-06 9.850023369706496501e-01
4.469145187715774000e-06 9.850023369676804696e-01
4.474145187715773952e-06 9.850023369672258333e-01
4.479145187715773904e-06 9.850023369655985794e-01
4.484145187715773856e-06 9.850023369681023544e-01
4.489145187715773808e-06 9.850023369692216813e-01
4.494145187715773760e-06 9.850023369703994058e-01
4.499145187715773712e-06 9.850023369693625686e-01
4.504145187715773664e-06 9.850023369705848131e-01
4.509145187715773617e-06 9.850023369730138700e-01
4.514145187715774416e-06 9.850023369781968352e-01
4.519145187715774368e-06 9.850023369782724414e-01
4.524145187715772626e-06 9.850023369783728056e-01
4.529145187715772578e-06 9.850023369762880288e-01
4.534145187715773377e-06 9.850023369741752743e-01
4.539145187715773329e-06 9.850023369692884057e-01
4.544145187715773281e-06 9.850023369660730888e-01
4.549145187715773234e-06 9.850023369623205349e-01
4.554145187715773186e-06 9.850023369640416027e-01
4.559145187715773138e-06 9.850023369681388807e-01
4.564145187715773090e-06 9.850023369723918121e-01
4.569145187715773042e-06 9.850023369706478737e-01
4.574145187715772994e-06 9.850023369708569287e-01
4.579145187715772946e-06 9.850023369705065424e-01
4.584145187715772899e-06 9.850023369713075683e-01
4.589145187715772851e-06 9.850023369708352794e-01
4.594145187715772803e-06 9.850023369715069643e-01
4.599145187715772755e-06 9.850023369689028252e-01
4.604145187715772707e-06 9.850023369676326190e-01
4.609145187715772659e-06 9.850023369641435211e-01
4.614145187715772611e-06 9.850023369622300518e-01
4.619145187715773410e-06 9.850023369611070612e-01
4.624145187715773363e-06 9.850023369639633319e-01
4.629145187715771621e-06 9.850023369647085136e-01
4.634145187715772420e-06 9.850023369653301275e-01
4.639145187715772372e-06 9.850023369636263793e-01
4.644145187715772324e-06 9.850023369648682747e-01
4.649145187715772276e-06 9.850023369644925753e-01
4.654145187715772228e-06 9.850023369659152150e-01
4.659145187715772180e-06 9.850023369666316420e-01
4.664145187715772133e-06 9.850023369694150821e-01
4.669145187715772085e-06 9.850023369696996323e-01
4.674145187715772037e-06 9.850023369699244524e-01
4.679145187715771989e-06 9.850023369676841334e-01
4.684145187715771941e-06 9.850023369663524209e-01
4.689145187715771893e-06 9.850023369624727465e-01
4.694145187715771845e-06 9.850023369626790259e-01
4.699145187715771797e-06 9.850023369637290749e-01
4.704145187715771750e-06 9.850023369671440099e-01
4.709145187715771702e-06 9.850023369684623997e-01
4.714145187715771654e-06 9.850023369702817222e-01
4.719145187715771606e-06 9.850023369711253807e-01
4.724145187715772405e-06 9.850023369752909375e-01
4.729145187715772357e-06 9.850023369767491044e-01
4.734145187715770615e-06 9.850023369778074800e-01
4.739145187715771414e-06 9.850023369773963644e-01
4.744145187715771367e-06 9.850023369793340366e-01
4.749145187715771319e-06 9.850023369767147985e-01
4.754145187715771271e-06 9.850023369725335876e-01
4.759145187715771223e-06 9.850023369667416651e-01
4.764145187715771175e-06 9.850023369636657922e-01
4.769145187715771127e-06 9.850023369595760636e-01
4.774145187715771079e-06 9.850023369587240785e-01
4.779145187715771032e-06 9.850023369589044897e-01
4.784145187715770984e-06 9.850023369636566883e-01
4.789145187715770936e-06 9.850023369646540017e-01
4.794145187715770888e-06 9.850023369624479885e-01
4.799145187715770840e-06 9.850023369585251265e-01
4.804145187715770792e-06 9.850023369623612801e-01
4.809145187715770744e-06 9.850023369693189368e-01
4.814145187715770696e-06 9.850023369742659796e-01
4.819145187715770649e-06 9.850023369733875711e-01
4.824145187715770601e-06 9.850023369746901958e-01
4.829145187715771400e-06 9.850023369735223522e-01
4.834145187715771352e-06 9.850023369724834055e-01
4.839145187715769610e-06 9.850023369702501919e-01
4.844145187715770409e-06 9.850023369721386812e-01
4.849145187715770361e-06 9.850023369741607304e-01
4.854145187715770313e-06 9.850023369770951609e-01
4.859145187715770266e-06 9.850023369758159619e-01
4.864145187715770218e-06 9.850023369754258296e-01
4.869145187715770170e-06 9.850023369739194790e-01
4.874145187715770122e-06 9.850023369723208688e-01
4.879145187715770074e-06 9.850023369676296214e-01
4.884145187715770026e-06 9.850023369662104233e-01
4.889145187715769978e-06 9.850023369657369132e-01
4.894145187715769930e-06 9.850023369680497298e-01
4.899145187715769883e-06 9.850023369662771477e-01
4.904145187715769835e-06 9.850023369663458706e-01
4.909145187715769787e-06 9.850023369690756869e-01
4.914145187715769739e-06 9.850023369758880154e-01
4.919145187715769691e-06 9.850023369806010232e-01
4.924145187715769643e-06 9.850023369848137644e-01
4.929145187715769595e-06 9.850023369838245557e-01
4.934145187715770395e-06 9.850023369821171437e-01
4.939145187715768653e-06 9.850023369781762961e-01
4.944145187715768605e-06 9.850023369774586479e-01
4.949145187715769404e-06 9.850023369761397030e-01
4.954145187715769356e-06 9.850023369755086522e-01
4.959145187715769308e-06 9.850023369733111878e-01
4.964145187715769260e-06 9.850023369745688484e-01
4.969145187715769212e-06 9.850023369733886813e-01
4.974145187715769164e-06 9.850023369728060363e-01
4.979145187715769117e-06 9.850023369719694832e-01
4.984145187715769069e-06 9.850023369743304835e-01
4.989145187715769021e-06 9.850023369731767398e-01
4.994145187715768973e-06 9.850023369715783517e-01
4.997072593857884267e-06 9.850023369635485526e-01
5.000000000000000409e-06 9.850023369540787943e-01
