# time_s vout_v
0.000000000000000000e+00 9.848171199936359699e-01
5.000000000000000182e-11 9.848171199932964637e-01
1.000000000000000036e-10 9.848171199929462993e-01
2.000000000000000073e-10 9.848171199925833674e-01
4.000000000000000146e-10 9.848171199927716613e-01
8.000000000000000291e-10 9.848171199927505670e-01
1.600000000000000058e-09 9.848171199934234732e-01
3.200000000000000117e-09 9.848171199930358943e-01
6.400000000000000233e-09 9.848171199815540788e-01
1.139999999999999951e-08 9.848171199687201227e-01
1.640000000000000127e-08 9.848171199560612488e-01
2.139999999999999972e-08 9.848171199442756762e-01
2.640000000000000148e-08 9.848171199366082540e-01
3.140000000000000324e-08 9.848171199237725215e-01
3.640000000000000169e-08 9.848171199130335562e-01
4.139999999999998690e-08 9.848171199161244171e-01
4.639999999999999197e-08 9.848171199223882954e-01
5.139999999999999042e-08 9.848171199285588040e-01
5.639999999999998887e-08 9.848171199343183080e-01
6.139999999999999394e-08 9.848171199378803475e-01
6.639999999999999901e-08 9.848171199436923651e-01
7.140000000000000407e-08 9.848171199533325426e-01
7.640000000000000914e-08 9.848171199605311177e-01
8.140000000000001421e-08 9.848171199636253093e-01
8.640000000000001928e-08 9.848171199641072571e-01
9.140000000000002435e-08 9.848171199608397597e-01
9.640000000000002941e-08 9.848171199571716938e-01
1.013999999999999948e-07 9.848171199586830404e-01
1.063999999999999998e-07 9.848171199631197137e-01
1.114000000000000049e-07 9.848171199667675735e-01
1.163999999999999967e-07 9.848171199716496682e-01
1.213999999999999886e-07 9.848171199773799733e-01
1.263999999999999936e-07 9.848171199826504241e-01
1.314000000000001046e-07 9.848171199840233259e-01
1.364000000000001097e-07 9.848171199755223482e-01
1.414000000000000883e-07 9.848171199623141359e-01
1.464000000000000933e-07 9.848171199544487608e-01
1.514000000000000984e-07 9.848171199536909226e-01
1.564000000000001035e-07 9.848171199571278400e-01
1.614000000000001085e-07 9.848171199623071415e-01
1.664000000000000871e-07 9.848171199685367139e-01
1.714000000000000922e-07 9.848171199736454051e-01
1.764000000000000973e-07 9.848171199771081907e-01
1.814000000000001023e-07 9.848171199814065302e-01
1.864000000000001074e-07 9.848171199850747071e-01
1.914000000000001125e-07 9.848171199867047365e-01
1.964000000000000911e-07 9.848171199882990168e-01
2.014000000000000961e-07 9.848171199902252537e-01
2.064000000000001012e-07 9.848171199882022053e-01
2.114000000000001063e-07 9.848171199773706475e-01
2.164000000000001113e-07 9.848171199581746693e-01
2.214000000000000899e-07 9.848171199420433508e-01
2.264000000000000950e-07 9.848171199368600526e-01
2.314000000000002059e-07 9.848171199368601636e-01
2.364000000000002110e-07 9.848171199386521746e-01
2.414000000000000837e-07 9.848171199455832969e-01
2.464000000000000888e-07 9.848171199559913047e-01
2.514000000000000939e-07 9.848171199608222182e-01
2.564000000000002048e-07 9.848171199576272183e-01
2.614000000000002099e-07 9.848171199476176696e-01
2.664000000000002149e-07 9.848171199329001091e-01
2.714000000000002200e-07 9.848171199217662375e-01
2.764000000000002251e-07 9.848171199201350978e-01
2.814000000000001772e-07 9.848171199239090789e-01
2.864000000000001823e-07 9.848171199250220775e-01
2.914000000000001873e-07 9.848171199273519916e-01
2.964000000000001924e-07 9.848171199341141380e-01
3.014000000000001975e-07 9.848171199376137830e-01
3.064000000000002026e-07 9.848171199389413877e-01
3.114000000000002076e-07 9.848171199432252942e-01
3.164000000000002127e-07 9.848171199464409442e-01
3.214000000000002178e-07 9.848171199448606528e-01
3.264000000000002228e-07 9.848171199399133879e-01
3.314000000000001750e-07 9.848171199312570900e-01
3.364000000000001800e-07 9.848171199215390859e-01
3.414000000000001851e-07 9.848171199179639457e-01
3.464000000000001902e-07 9.848171199224909911e-01
3.514000000000001952e-07 9.848171199313219271e-01
3.564000000000003062e-07 9.848171199418490618e-01
3.614000000000003112e-07 9.848171199536311926e-01
3.664000000000003163e-07 9.848171199633424244e-01
3.714000000000003214e-07 9.848171199681577948e-01
3.764000000000003264e-07 9.848171199695802125e-01
3.814000000000002786e-07 9.848171199704447432e-01
3.864000000000002836e-07 9.848171199724313762e-01
3.914000000000002887e-07 9.848171199716559965e-01
3.964000000000002938e-07 9.848171199637986151e-01
4.014000000000002988e-07 9.848171199529147657e-01
4.064000000000003039e-07 9.848171199472096626e-01
4.114000000000003090e-07 9.848171199510693530e-01
4.164000000000003140e-07 9.848171199586904789e-01
4.214000000000003191e-07 9.848171199653541485e-01
4.264000000000003242e-07 9.848171199722296487e-01
4.314000000000002763e-07 9.848171199785500374e-01
4.364000000000002814e-07 9.848171199806922127e-01
4.414000000000002864e-07 9.848171199760687999e-01
4.464000000000002915e-07 9.848171199690387567e-01
4.514000000000002966e-07 9.848171199654209840e-01
4.564000000000004075e-07 9.848171199645607832e-01
4.614000000000004126e-07 9.848171199608802828e-01
4.664000000000004177e-07 9.848171199547514076e-01
4.714000000000004227e-07 9.848171199507048668e-01
4.764000000000003749e-07 9.848171199523514385e-01
4.814000000000003799e-07 9.848171199603656945e-01
4.864000000000003320e-07 9.848171199663200426e-01
4.914000000000002842e-07 9.848171199659455644e-01
4.964000000000002363e-07 9.848171199661690522e-01
5.014000000000001884e-07 9.848171199675055387e-01
5.064000000000001406e-07 9.848171199635250561e-01
5.114000000000000927e-07 9.848171199528307218e-01
5.164000000000000448e-07 9.848171199450848068e-01
5.213999999999999969e-07 9.848171199472315340e-01
5.263999999999999491e-07 9.848171199513989782e-01
5.313999999999999012e-07 9.848171199537271159e-01
5.363999999999998533e-07 9.848171199561989164e-01
5.413999999999998055e-07 9.848171199576152279e-01
5.463999999999997576e-07 9.848171199609664361e-01
5.513999999999997097e-07 9.848171199684971899e-01
5.563999999999996618e-07 9.848171199741548865e-01
5.613999999999996140e-07 9.848171199764302886e-01
5.663999999999995661e-07 9.848171199792477015e-01
5.713999999999995182e-07 9.848171199810247245e-01
5.763999999999994704e-07 9.848171199816930788e-01
5.813999999999994225e-07 9.848171199808785081e-01
5.863999999999993746e-07 9.848171199731836634e-01
5.913999999999993267e-07 9.848171199580363355e-01
5.963999999999992789e-07 9.848171199424573530e-01
6.013999999999992310e-07 9.848171199336878123e-01
6.063999999999991831e-07 9.848171199340888249e-01
6.113999999999991353e-07 9.848171199406124954e-01
6.163999999999990874e-07 9.848171199499100581e-01
6.213999999999990395e-07 9.848171199568275247e-01
6.263999999999989916e-07 9.848171199568920287e-01
6.313999999999989438e-07 9.848171199549171639e-01
6.363999999999988959e-07 9.848171199565822764e-01
6.413999999999988480e-07 9.848171199638146023e-01
6.463999999999988001e-07 9.848171199725523905e-01
6.513999999999987523e-07 9.848171199768299688e-01
6.563999999999987044e-07 9.848171199786595054e-01
6.613999999999986565e-07 9.848171199782039809e-01
6.663999999999986087e-07 9.848171199707647094e-01
6.713999999999985608e-07 9.848171199562200107e-01
6.763999999999985129e-07 9.848171199422836031e-01
6.813999999999984650e-07 9.848171199369523121e-01
6.863999999999984172e-07 9.848171199414803567e-01
6.913999999999983693e-07 9.848171199502491202e-01
6.963999999999983214e-07 9.848171199565854961e-01
7.013999999999982736e-07 9.848171199631060579e-01
7.063999999999982257e-07 9.848171199699208289e-01
7.113999999999981778e-07 9.848171199699912171e-01
7.163999999999981299e-07 9.848171199597162140e-01
7.213999999999980821e-07 9.848171199422849353e-01
7.263999999999980342e-07 9.848171199261404052e-01
7.313999999999979863e-07 9.848171199179204249e-01
7.363999999999979385e-07 9.848171199177372381e-01
7.413999999999978906e-07 9.848171199202202519e-01
7.463999999999978427e-07 9.848171199232211848e-01
7.513999999999977948e-07 9.848171199283747290e-01
7.563999999999977470e-07 9.848171199355889582e-01
7.613999999999976991e-07 9.848171199401080100e-01
7.663999999999976512e-07 9.848171199403854548e-01
7.713999999999976034e-07 9.848171199433600753e-01
7.763999999999975555e-07 9.848171199491716488e-01
7.813999999999975076e-07 9.848171199530481035e-01
7.863999999999974597e-07 9.848171199565541878e-01
7.913999999999974119e-07 9.848171199636660544e-01
7.963999999999973640e-07 9.848171199712815183e-01
8.013999999999973161e-07 9.848171199754891525e-01
8.063999999999972683e-07 9.848171199764369499e-01
8.113999999999972204e-07 9.848171199733376513e-01
8.163999999999971725e-07 9.848171199703047440e-01
8.213999999999971246e-07 9.848171199711474033e-01
8.263999999999970768e-07 9.848171199748292359e-01
8.313999999999970289e-07 9.848171199782365104e-01
8.363999999999969810e-07 9.848171199779114371e-01
8.413999999999969331e-07 9.848171199704562895e-01
8.463999999999968853e-07 9.848171199545732168e-01
8.513999999999968374e-07 9.848171199388222607e-01
8.563999999999967895e-07 9.848171199309077029e-01
8.613999999999967417e-07 9.848171199312717450e-01
8.663999999999966938e-07 9.848171199357578232e-01
8.713999999999966459e-07 9.848171199384549990e-01
8.763999999999965980e-07 9.848171199407104170e-01
8.813999999999965502e-07 9.848171199464420544e-01
8.863999999999965023e-07 9.848171199551123411e-01
8.913999999999964544e-07 9.848171199593754865e-01
8.963999999999964066e-07 9.848171199538561238e-01
9.013999999999963587e-07 9.848171199432920186e-01
9.063999999999963108e-07 9.848171199350177485e-01
9.113999999999962629e-07 9.848171199350301830e-01
9.163999999999962151e-07 9.848171199410741261e-01
9.213999999999961672e-07 9.848171199467945502e-01
9.263999999999961193e-07 9.848171199504829332e-01
9.313999999999960715e-07 9.848171199489085259e-01
9.363999999999960236e-07 9.848171199423965128e-01
9.413999999999959757e-07 9.848171199380869600e-01
9.463999999999959278e-07 9.848171199397522946e-01
9.513999999999958800e-07 9.848171199446733581e-01
9.563999999999958321e-07 9.848171199489665906e-01
9.613999999999957842e-07 9.848171199522373076e-01
9.663999999999957364e-07 9.848171199558840572e-01
9.713999999999956885e-07 9.848171199607141935e-01
9.763999999999956406e-07 9.848171199670485709e-01
9.813999999999955927e-07 9.848171199753534832e-01
9.863999999999955449e-07 9.848171199840110024e-01
9.913999999999954970e-07 9.848171199901524231e-01
9.956999999999977259e-07 9.848171200026651917e-01
9.999999999999999547e-07 9.848171200150460658e-01
1.000099999999999962e-06 9.848828661330542023e-01
1.000299999999999977e-06 9.849172684842141257e-01
1.000649999999999898e-06 9.845465360761033180e-01
1.001000000000000030e-06 9.841747802359964714e-01
1.001070000000000056e-06 9.841450128750987014e-01
1.001209999999999897e-06 9.841584152140224750e-01
1.001490000000000003e-06 9.844794587033739441e-01
1.002050000000000003e-06 9.857574486179476736e-01
1.003048670789234931e-06 9.895386768122346188e-01
1.005006810259688066e-06 1.001813181066701031e+00
1.008923089200596030e-06 1.041265378832832988e+00
1.013923089200595982e-06 1.110073490924758044e+00
1.018923089200595934e-06 1.189308177891376994e+00
1.023923089200596098e-06 1.273081690962627022e+00
1.028923089200596050e-06 1.358881982030734070e+00
1.033923089200596002e-06 1.445551934785332060e+00
1.038923089200595954e-06 1.532588568714704946e+00
1.043923089200595906e-06 1.619661665708767018e+00
1.048923089200596070e-06 1.706224408935103964e+00
1.053923089200596022e-06 1.790743138549127922e+00
1.058923089200595974e-06 1.869154666289740918e+00
1.063923089200595927e-06 1.934168579216581918e+00
1.068923089200596090e-06 1.979461502954755980e+00
1.073923089200596043e-06 2.004897352974766012e+00
1.078923089200595995e-06 2.014984900135256218e+00
1.083923089200595947e-06 2.014900476514616123e+00
1.088923089200595052e-06 2.009156978534147875e+00
1.093923089200595004e-06 2.001218489055148986e+00
1.098923089200594956e-06 1.993477373528740992e+00
1.103923089200594908e-06 1.987322038346994946e+00
1.108923089200595072e-06 1.983271435124539961e+00
1.113923089200595024e-06 1.981238982535993953e+00
1.118923089200594976e-06 1.980782181940665021e+00
1.123923089200594929e-06 1.981333586383333900e+00
1.128923089200595092e-06 1.982363359902229893e+00
1.133923089200595045e-06 1.983470205646278961e+00
1.138923089200594997e-06 1.984406610954255967e+00
1.143923089200594949e-06 1.985063031220063889e+00
1.148923089200594901e-06 1.985430468545382077e+00
1.153923089200595065e-06 1.985559789711144996e+00
1.158923089200595017e-06 1.985526307728133988e+00
1.163923089200594969e-06 1.985405086334018021e+00
1.168923089200594921e-06 1.985256453255449971e+00
1.173923089200595085e-06 1.985120690004152921e+00
1.178923089200595037e-06 1.985018613965221057e+00
1.183923089200594989e-06 1.984955806665327005e+00
1.188923089200594941e-06 1.984927887451237938e+00
1.193923089200594047e-06 1.984925587581205964e+00
1.198923089200593999e-06 1.984938567435450052e+00
1.203923089200593951e-06 1.984957892182924954e+00
1.208923089200593903e-06 1.984977150306586946e+00
1.213923089200594067e-06 1.984992648035039053e+00
1.218923089200594019e-06 1.985002967844968991e+00
1.223923089200593971e-06 1.985008294623598957e+00
1.228923089200593923e-06 1.985009697612873936e+00
1.233923089200594087e-06 1.985008557789802008e+00
1.238923089200594039e-06 1.985006164530850103e+00
1.243923089200593991e-06 1.985003508970847985e+00
1.248923089200593943e-06 1.985001214397337010e+00
1.253923089200593896e-06 1.984999573169687004e+00
1.258923089200594059e-06 1.984998627396522997e+00
1.263923089200594012e-06 1.984998267767206004e+00
1.268923089200593964e-06 1.984998316922671036e+00
1.273923089200593916e-06 1.984998593566589031e+00
1.278923089200594080e-06 1.984998948300453092e+00
1.283923089200594032e-06 1.984999279745333078e+00
1.288923089200593984e-06 1.984999533533867044e+00
1.293923089200593936e-06 1.984999693341191973e+00
1.298923089200593041e-06 1.984999767736119969e+00
1.303923089200592993e-06 1.984999778317575903e+00
1.308923089200592946e-06 1.984999749846892092e+00
1.313923089200592898e-06 1.984999704260153930e+00
1.318923089200593062e-06 1.984999657581872023e+00
1.323923089200593014e-06 1.984999619314657071e+00
1.328923089200592966e-06 1.984999593324020095e+00
1.333923089200592918e-06 1.984999579419918003e+00
1.338923089200593082e-06 1.984999575303806996e+00
1.343923089200593034e-06 1.984999577595010001e+00
1.348923089200592986e-06 1.984999583171145110e+00
1.353923089200592938e-06 1.984999589534071962e+00
1.358923089200593102e-06 1.984999595161041963e+00
1.363923089200593054e-06 1.984999599243784107e+00
1.368923089200593006e-06 1.984999601703230088e+00
1.373923089200592958e-06 1.984999602673165109e+00
1.378923089200592911e-06 1.984999602647149031e+00
1.383923089200593074e-06 1.984999601994847929e+00
1.388923089200593027e-06 1.984999601174636030e+00
1.393923089200592979e-06 1.984999600350108029e+00
1.398923089200592931e-06 1.984999599755415067e+00
1.403923089200592036e-06 1.984999599319178909e+00
1.408923089200591988e-06 1.984999599107214019e+00
1.413923089200591940e-06 1.984999599050164099e+00
1.418923089200592104e-06 1.984999599147573957e+00
1.423923089200592056e-06 1.984999599216584087e+00
1.428923089200592008e-06 1.984999599349962063e+00
1.433923089200591960e-06 1.984999599414867033e+00
1.438923089200591913e-06 1.984999599501892975e+00
1.443923089200592076e-06 1.984999599517641045e+00
1.448923089200592029e-06 1.984999599536696024e+00
1.453923089200591981e-06 1.984999599503793899e+00
1.458923089200591933e-06 1.984999599513088020e+00
1.463923089200592097e-06 1.984999599474374099e+00
1.468923089200592049e-06 1.984999599489928102e+00
1.473923089200592001e-06 1.984999599464728037e+00
1.478923089200591953e-06 1.984999599489327915e+00
1.483923089200591905e-06 1.984999599467611064e+00
1.488923089200592069e-06 1.984999599496674927e+00
1.493923089200592021e-06 1.984999599483149080e+00
1.498923089200591973e-06 1.984999599509879920e+00
1.503923089200591926e-06 1.984999599482988097e+00
1.508923089200591031e-06 1.984999599505528955e+00
1.513923089200590983e-06 1.984999599487214050e+00
1.518923089200590935e-06 1.984999599512673019e+00
1.523923089200591099e-06 1.984999599485671951e+00
1.528923089200591051e-06 1.984999599510284929e+00
1.533923089200591003e-06 1.984999599498133982e+00
1.538923089200590955e-06 1.984999599534869041e+00
1.543923089200590907e-06 1.984999599524841951e+00
1.548923089200591071e-06 1.984999599553650018e+00
1.553923089200591023e-06 1.984999599524293945e+00
1.558923089200590975e-06 1.984999599538173065e+00
1.563923089200590928e-06 1.984999599508769030e+00
1.568923089200591091e-06 1.984999599526243053e+00
1.573923089200591044e-06 1.984999599500774092e+00
1.578923089200590996e-06 1.984999599520443914e+00
1.583923089200590948e-06 1.984999599487182076e+00
1.588923089200590900e-06 1.984999599503511014e+00
1.593923089200591064e-06 1.984999599481902965e+00
1.598923089200591016e-06 1.984999599510121060e+00
1.603923089200590968e-06 1.984999599493082023e+00
1.608923089200590073e-06 1.984999599524249092e+00
1.613923089200590025e-06 1.984999599508475931e+00
1.618923089200589977e-06 1.984999599532766945e+00
1.623923089200589930e-06 1.984999599504956969e+00
1.628923089200590093e-06 1.984999599525058001e+00
1.633923089200590046e-06 1.984999599504849055e+00
1.638923089200589998e-06 1.984999599533221026e+00
1.643923089200589950e-06 1.984999599514396973e+00
1.648923089200589902e-06 1.984999599533832981e+00
1.653923089200590066e-06 1.984999599503548984e+00
1.658923089200590018e-06 1.984999599523356029e+00
1.663923089200589970e-06 1.984999599500554046e+00
1.668923089200589922e-06 1.984999599526038994e+00
1.673923089200590086e-06 1.984999599506038992e+00
1.678923089200590038e-06 1.984999599535125947e+00
1.683923089200589990e-06 1.984999599514813085e+00
1.688923089200589943e-06 1.984999599531747094e+00
1.693923089200589895e-06 1.984999599502460077e+00
1.698923089200590059e-06 1.984999599522585090e+00
1.703923089200590011e-06 1.984999599496308109e+00
1.708923089200589963e-06 1.984999599516054092e+00
1.713923089200589068e-06 1.984999599492923927e+00
1.718923089200589020e-06 1.984999599519148061e+00
1.723923089200588972e-06 1.984999599498322054e+00
1.728923089200588924e-06 1.984999599525451019e+00
1.733923089200589088e-06 1.984999599509283064e+00
1.738923089200589040e-06 1.984999599534776893e+00
1.743923089200588992e-06 1.984999599506493961e+00
1.748923089200588945e-06 1.984999599522524028e+00
1.753923089200588897e-06 1.984999599497373035e+00
1.758923089200589061e-06 1.984999599520951952e+00
1.763923089200589013e-06 1.984999599498062040e+00
1.768923089200588965e-06 1.984999599521594105e+00
1.773923089200588917e-06 1.984999599497897060e+00
1.778923089200589081e-06 1.984999599519821079e+00
1.783923089200589033e-06 1.984999599496932943e+00
1.788923089200588985e-06 1.984999599523110003e+00
1.793923089200588937e-06 1.984999599506567902e+00
1.798923089200589101e-06 1.984999599537399018e+00
1.803923089200589053e-06 1.984999599520171021e+00
1.808923089200589005e-06 1.984999599546007021e+00
1.813923089200588957e-06 1.984999599521291014e+00
1.818923089200588063e-06 1.984999599534873038e+00
1.823923089200588015e-06 1.984999599500816947e+00
1.828923089200587967e-06 1.984999599518046054e+00
1.833923089200587919e-06 1.984999599492861089e+00
1.838923089200588083e-06 1.984999599516729107e+00
1.843923089200588035e-06 1.984999599496324985e+00
1.848923089200587987e-06 1.984999599521289015e+00
1.853923089200587939e-06 1.984999599497605072e+00
1.858923089200588103e-06 1.984999599520300029e+00
1.863923089200588055e-06 1.984999599496096945e+00
1.868923089200588007e-06 1.984999599516664937e+00
1.873923089200587960e-06 1.984999599494861044e+00
1.878923089200587912e-06 1.984999599518610935e+00
1.883923089200588076e-06 1.984999599492248024e+00
1.888923089200588028e-06 1.984999599512879964e+00
1.893923089200587980e-06 1.984999599489662980e+00
1.898923089200587932e-06 1.984999599514998048e+00
1.903923089200588096e-06 1.984999599496525047e+00
1.908923089200587836e-06 1.984999599524635006e+00
1.913923089200587788e-06 1.984999599506656942e+00
1.918923089200588164e-06 1.984999599530204994e+00
1.923923089200588116e-06 1.984999599500016920e+00
1.928923089200588068e-06 1.984999599515919977e+00
1.933923089200588020e-06 1.984999599490929079e+00
1.938923089200587972e-06 1.984999599516023894e+00
1.943923089200587925e-06 1.984999599495973932e+00
1.948923089200587030e-06 1.984999599523278979e+00
1.953923089200586982e-06 1.984999599504831069e+00
1.958923089200586934e-06 1.984999599531720893e+00
1.963923089200586886e-06 1.984999599508437074e+00
1.968923089200586838e-06 1.984999599524204905e+00
1.973923089200586790e-06 1.984999599496745981e+00
1.978923089200587166e-06 1.984999599520409053e+00
1.983923089200587118e-06 1.984999599495993916e+00
1.988923089200587070e-06 1.984999599514936985e+00
1.993923089200587022e-06 1.984999599489335909e+00
1.998923089200586974e-06 1.984999599514517099e+00
2.003923089200586927e-06 1.984999599496847011e+00
2.008923089200586879e-06 1.984999599527087932e+00
2.013923089200586831e-06 1.984999599508882939e+00
2.018923089200587206e-06 1.984999599533793013e+00
2.023923089200587159e-06 1.984999599510606005e+00
2.028923089200587111e-06 1.984999599529972070e+00
2.033923089200587063e-06 1.984999599501841905e+00
2.038923089200587015e-06 1.984999599521815039e+00
2.043923089200586967e-06 1.984999599498660894e+00
2.048923089200586072e-06 1.984999599524343017e+00
2.053923089200586024e-06 1.984999599502327072e+00
2.058923089200585976e-06 1.984999599521600988e+00
2.063923089200585929e-06 1.984999599497565104e+00
2.068923089200585881e-06 1.984999599524247982e+00
2.073923089200585833e-06 1.984999599501642065e+00
2.078923089200586209e-06 1.984999599520679059e+00
2.083923089200586161e-06 1.984999599491727107e+00
2.088923089200586113e-06 1.984999599511660051e+00
2.093923089200586065e-06 1.984999599490588018e+00
2.098923089200586017e-06 1.984999599519891023e+00
2.103923089200585969e-06 1.984999599504867929e+00
2.108923089200585921e-06 1.984999599531448000e+00
2.113923089200585873e-06 1.984999599505637979e+00
2.118923089200585826e-06 1.984999599526739988e+00
2.123923089200586201e-06 1.984999599503366019e+00
2.128923089200586153e-06 1.984999599525530956e+00
2.133923089200586105e-06 1.984999599502826895e+00
2.138923089200586058e-06 1.984999599524241098e+00
2.143923089200586010e-06 1.984999599497180078e+00
2.148923089200585962e-06 1.984999599517085045e+00
2.153923089200585067e-06 1.984999599494501998e+00
2.158923089200585019e-06 1.984999599520137936e+00
2.163923089200584971e-06 1.984999599497671907e+00
2.168923089200584923e-06 1.984999599521666935e+00
2.173923089200584875e-06 1.984999599501390044e+00
2.178923089200584828e-06 1.984999599526970915e+00
2.183923089200585203e-06 1.984999599502432988e+00
2.188923089200585155e-06 1.984999599523028069e+00
2.193923089200585107e-06 1.984999599503554091e+00
2.198923089200585060e-06 1.984999599531412029e+00
2.203923089200585012e-06 1.984999599506273027e+00
2.208923089200584964e-06 1.984999599522494051e+00
2.213923089200584916e-06 1.984999599493963096e+00
2.218923089200584868e-06 1.984999599513632917e+00
2.223923089200584820e-06 1.984999599490627098e+00
2.228923089200585196e-06 1.984999599518928903e+00
2.233923089200585148e-06 1.984999599504426948e+00
2.238923089200585100e-06 1.984999599534992054e+00
2.243923089200585052e-06 1.984999599515729019e+00
2.248923089200585004e-06 1.984999599543892934e+00
2.253923089200584957e-06 1.984999599526235947e+00
2.258923089200584062e-06 1.984999599546539040e+00
2.263923089200584014e-06 1.984999599514690072e+00
2.268923089200583966e-06 1.984999599530770986e+00
2.273923089200583918e-06 1.984999599500437029e+00
2.278923089200583870e-06 1.984999599516610091e+00
2.283923089200583822e-06 1.984999599490435918e+00
2.288923089200584198e-06 1.984999599509295054e+00
2.293923089200584150e-06 1.984999599485165023e+00
2.298923089200584102e-06 1.984999599516164004e+00
2.303923089200584054e-06 1.984999599503574075e+00
2.308923089200584006e-06 1.984999599534124970e+00
2.313923089200583959e-06 1.984999599512939028e+00
2.318923089200583911e-06 1.984999599532422110e+00
2.323923089200583863e-06 1.984999599506457102e+00
2.328923089200583815e-06 1.984999599529436054e+00
2.333923089200584191e-06 1.984999599503822987e+00
2.338923089200584143e-06 1.984999599520314906e+00
2.343923089200584095e-06 1.984999599495119060e+00
2.348923089200584047e-06 1.984999599521249047e+00
2.353923089200583999e-06 1.984999599499110978e+00
2.358923089200583951e-06 1.984999599523169067e+00
2.363923089200583056e-06 1.984999599502629941e+00
2.368923089200583008e-06 1.984999599527180081e+00
2.373923089200582961e-06 1.984999599506727108e+00
2.378923089200582913e-06 1.984999599532973891e+00
2.383923089200582865e-06 1.984999599508254109e+00
2.388923089200582817e-06 1.984999599526940051e+00
2.393923089200583193e-06 1.984999599505858914e+00
2.398923089200583145e-06 1.984999599534728043e+00
2.403923089200583097e-06 1.984999599510127943e+00
2.408923089200583049e-06 1.984999599526253045e+00
2.413923089200583001e-06 1.984999599498779022e+00
2.418923089200582953e-06 1.984999599521428015e+00
2.423923089200582905e-06 1.984999599498852962e+00
2.428923089200582857e-06 1.984999599519329916e+00
2.433923089200582810e-06 1.984999599497252021e+00
2.438923089200583185e-06 1.984999599528386005e+00
2.443923089200583137e-06 1.984999599511259039e+00
2.448923089200583090e-06 1.984999599532784931e+00
2.453923089200583042e-06 1.984999599504301937e+00
2.458923089200582994e-06 1.984999599522403013e+00
2.463923089200582946e-06 1.984999599497988987e+00
2.468923089200582051e-06 1.984999599521154012e+00
2.473923089200582003e-06 1.984999599494462919e+00
2.478923089200581955e-06 1.984999599513401991e+00
2.483923089200581907e-06 1.984999599489821964e+00
2.488923089200581860e-06 1.984999599517351054e+00
2.493923089200581812e-06 1.984999599501308998e+00
2.498923089200582187e-06 1.984999599526688030e+00
2.503923089200582139e-06 1.984999599498465050e+00
2.508923089200582092e-06 1.984999599516090951e+00
2.513923089200582044e-06 1.984999599493775913e+00
2.518923089200581996e-06 1.984999599523590064e+00
2.523923089200581948e-06 1.984999599507772050e+00
2.528923089200581900e-06 1.984999599528965986e+00
2.533923089200581852e-06 1.984999599499035927e+00
2.538923089200581804e-06 1.984999599518298075e+00
2.543923089200582180e-06 1.984999599494861933e+00
2.548923089200582132e-06 1.984999599518848079e+00
2.553923089200582084e-06 1.984999599495137934e+00
2.558923089200582036e-06 1.984999599516324098e+00
2.563923089200581988e-06 1.984999599491783062e+00
2.568923089200581941e-06 1.984999599513185053e+00
2.573923089200581046e-06 1.984999599491608979e+00
2.578923089200580998e-06 1.984999599522506930e+00
2.583923089200580950e-06 1.984999599504521983e+00
2.588923089200580902e-06 1.984999599526086955e+00
2.593923089200580854e-06 1.984999599499386091e+00
2.598923089200580806e-06 1.984999599518082025e+00
2.603923089200581182e-06 1.984999599494690070e+00
2.608923089200581134e-06 1.984999599521956037e+00
2.613923089200581086e-06 1.984999599501783951e+00
2.618923089200581038e-06 1.984999599526702019e+00
2.623923089200580990e-06 1.984999599506958923e+00
2.628923089200580943e-06 1.984999599533636916e+00
2.633923089200580895e-06 1.984999599510006929e+00
2.638923089200580847e-06 1.984999599527885961e+00
2.643923089200580799e-06 1.984999599502359047e+00
2.648923089200581175e-06 1.984999599524710945e+00
2.653923089200581127e-06 1.984999599498038059e+00
2.658923089200581079e-06 1.984999599519605029e+00
2.663923089200581031e-06 1.984999599498872946e+00
2.668923089200580983e-06 1.984999599522401015e+00
2.673923089200580935e-06 1.984999599498832978e+00
2.678923089200580040e-06 1.984999599525584024e+00
2.683923089200579993e-06 1.984999599508177948e+00
2.688923089200579945e-06 1.984999599529621017e+00
2.693923089200579897e-06 1.984999599495784084e+00
2.698923089200579849e-06 1.984999599508588952e+00
2.703923089200579801e-06 1.984999599483803001e+00
2.708923089200580177e-06 1.984999599510381074e+00
2.713923089200580129e-06 1.984999599490484989e+00
2.718923089200580081e-06 1.984999599516070967e+00
2.723923089200580033e-06 1.984999599492635936e+00
2.728923089200579985e-06 1.984999599513288082e+00
2.733923089200579937e-06 1.984999599490522071e+00
2.738923089200579889e-06 1.984999599518068036e+00
2.743923089200579842e-06 1.984999599499889911e+00
2.748923089200579794e-06 1.984999599522059066e+00
2.753923089200580169e-06 1.984999599492315081e+00
2.758923089200580121e-06 1.984999599508650903e+00
2.763923089200580074e-06 1.984999599484142063e+00
2.768923089200580026e-06 1.984999599509061019e+00
2.773923089200579978e-06 1.984999599486261923e+00
2.778923089200579930e-06 1.984999599506344969e+00
2.783923089200579035e-06 1.984999599480230081e+00
2.788923089200578987e-06 1.984999599504571943e+00
2.793923089200578939e-06 1.984999599486999999e+00
2.798923089200578891e-06 1.984999599516781066e+00
2.803923089200578844e-06 1.984999599501664935e+00
2.808923089200578796e-06 1.984999599531475090e+00
2.813923089200579171e-06 1.984999599508979973e+00
2.818923089200579123e-06 1.984999599529200021e+00
2.823923089200579076e-06 1.984999599502973000e+00
2.828923089200579028e-06 1.984999599522998093e+00
2.833923089200578980e-06 1.984999599501872103e+00
2.838923089200578932e-06 1.984999599527546010e+00
2.843923089200578884e-06 1.984999599499162937e+00
2.848923089200578836e-06 1.984999599514297941e+00
2.853923089200578788e-06 1.984999599489537081e+00
2.858923089200579164e-06 1.984999599515743007e+00
2.863923089200579116e-06 1.984999599499611023e+00
2.868923089200579068e-06 1.984999599530473890e+00
2.873923089200579020e-06 1.984999599512988100e+00
2.878923089200578973e-06 1.984999599542728976e+00
2.883923089200578925e-06 1.984999599521332092e+00
2.888923089200578030e-06 1.984999599539156057e+00
2.893923089200577982e-06 1.984999599513151081e+00
2.898923089200577934e-06 1.984999599535961945e+00
2.903923089200577886e-06 1.984999599511571899e+00
2.908923089200577838e-06 1.984999599527750069e+00
2.913923089200577790e-06 1.984999599497961009e+00
2.918923089200578166e-06 1.984999599520512970e+00
2.923923089200578118e-06 1.984999599498292078e+00
2.928923089200578070e-06 1.984999599523221026e+00
2.933923089200578022e-06 1.984999599502673018e+00
2.938923089200577975e-06 1.984999599524035929e+00
2.943923089200577927e-06 1.984999599493586064e+00
2.948923089200577879e-06 1.984999599511392043e+00
2.953923089200577831e-06 1.984999599490036903e+00
2.958923089200578207e-06 1.984999599517774049e+00
2.963923089200578159e-06 1.984999599498753042e+00
2.968923089200578111e-06 1.984999599525798075e+00
2.973923089200578063e-06 1.984999599509432056e+00
2.978923089200578015e-06 1.984999599535085979e+00
2.983923089200577967e-06 1.984999599507399015e+00
2.988923089200577072e-06 1.984999599526610981e+00
2.993923089200577024e-06 1.984999599502373924e+00
2.997461544600288800e-06 1.984999599499333023e+00
3.001000000000000151e-06 1.984999599457828889e+00
3.001099999999999947e-06 1.984905201490231086e+00
3.001299999999999962e-06 1.984809603963961999e+00
3.001649999999999882e-06 1.984934480315903027e+00
3.001999999999999803e-06 1.985117292762859087e+00
3.002070000000000041e-06 1.985159618337484000e+00
3.002210000000000094e-06 1.985228690030655940e+00
3.002490000000000200e-06 1.985275130928251919e+00
3.003049999999999988e-06 1.984992961114574017e+00
3.004169999999999140e-06 1.982887936461324108e+00
3.006409999999999139e-06 1.973108239571496947e+00
3.009913572482909866e-06 1.946522892794011916e+00
3.014913572482909818e-06 1.893380225084074109e+00
3.019913572482910194e-06 1.829346574102719947e+00
3.024913572482910146e-06 1.758846502526008049e+00
3.029913572482910098e-06 1.684264590998862943e+00
3.034913572482910050e-06 1.607011281237411104e+00
3.039913572482910002e-06 1.527950407375971986e+00
3.044913572482909954e-06 1.447666186142851030e+00
3.049913572482909059e-06 1.366585910871308984e+00
3.054913572482909011e-06 1.285108970954186081e+00
3.059913572482908964e-06 1.203929624713425905e+00
3.064913572482908916e-06 1.124922106774878916e+00
3.069913572482908868e-06 1.052381024674760024e+00
3.074913572482908820e-06 9.927208792306504437e-01
3.079913572482909196e-06 9.514404152297794015e-01
3.084913572482909148e-06 9.298678861951789054e-01
3.089913572482909100e-06 9.248208301345811622e-01
3.094913572482909052e-06 9.308467364238636188e-01
3.099913572482909004e-06 9.425649643920306353e-01
3.104913572482908956e-06 9.558256119202784840e-01
3.109913572482908908e-06 9.679470707068509316e-01
3.114913572482908860e-06 9.775419945756136375e-01
3.119913572482908813e-06 9.841962762517465491e-01
3.124913572482909188e-06 9.881236278869486300e-01
3.129913572482909140e-06 9.898664162257491128e-01
3.134913572482909093e-06 9.900738855655293325e-01
3.139913572482909045e-06 9.893587774500959275e-01
3.144913572482908997e-06 9.882207827219597895e-01
3.149913572482908949e-06 9.870171333691120097e-01
3.154913572482908054e-06 9.859659240285443271e-01
3.159913572482908006e-06 9.851704174560000915e-01
3.164913572482907958e-06 9.846503459455269169e-01
3.169913572482907910e-06 9.843734985792907954e-01
3.174913572482907863e-06 9.842824263280983699e-01
3.179913572482907815e-06 9.843141051683510501e-01
3.184913572482908190e-06 9.844122951415713585e-01
3.189913572482908142e-06 9.845336665714611302e-01
3.194913572482908095e-06 9.846492973706884033e-01
3.199913572482908047e-06 9.847432533734955529e-01
3.204913572482907999e-06 9.848096896068113670e-01
3.209913572482907951e-06 9.848495654417503964e-01
3.214913572482907903e-06 9.848676487667304968e-01
3.219913572482907855e-06 9.848701717204629835e-01
3.224913572482907807e-06 9.848632302348080403e-01
3.229913572482908183e-06 9.848518761487171647e-01
3.234913572482908135e-06 9.848397513201407882e-01
3.239913572482908087e-06 9.848290999751243557e-01
3.244913572482908039e-06 9.848209955576686658e-01
3.249913572482907991e-06 9.848156598794619576e-01
3.254913572482907944e-06 9.848127829906898612e-01
3.259913572482907049e-06 9.848117946690634339e-01
3.264913572482907001e-06 9.848120631194664520e-01
3.269913572482906953e-06 9.848130212504920822e-01
3.274913572482906905e-06 9.848142292131009112e-01
3.279913572482906857e-06 9.848153912221804251e-01
3.284913572482906809e-06 9.848163421772440085e-01
3.289913572482907185e-06 9.848170194568778291e-01
3.294913572482907137e-06 9.848174299232256290e-01
3.299913572482907089e-06 9.848176199078130244e-01
3.304913572482907041e-06 9.848176513106999819e-01
3.309913572482906993e-06 9.848175853749409070e-01
3.314913572482906946e-06 9.848174731862331388e-01
3.319913572482906898e-06 9.848173518387172143e-01
3.324913572482906850e-06 9.848172443516123309e-01
3.329913572482906802e-06 9.848171620058319142e-01
3.334913572482907178e-06 9.848171073757688854e-01
3.339913572482907130e-06 9.848170775271146704e-01
3.344913572482907082e-06 9.848170668427419505e-01
3.349913572482907034e-06 9.848170690162347807e-01
3.354913572482906986e-06 9.848170783479699431e-01
3.359913572482906938e-06 9.848170903746317206e-01
3.364913572482906043e-06 9.848171020657152663e-01
3.369913572482905996e-06 9.848171117010575681e-01
3.374913572482905948e-06 9.848171186010555855e-01
3.379913572482905900e-06 9.848171228362804230e-01
3.384913572482905852e-06 9.848171248534441924e-01
3.389913572482905804e-06 9.848171252358609573e-01
3.394913572482906180e-06 9.848171246180809080e-01
3.399913572482906132e-06 9.848171235271947488e-01
3.404913572482906084e-06 9.848171223379293959e-01
3.409913572482906036e-06 9.848171212580228984e-01
3.414913572482905988e-06 9.848171204173258309e-01
3.419913572482905940e-06 9.848171198560522477e-01
3.424913572482905892e-06 9.848171195508629294e-01
3.429913572482905845e-06 9.848171194226267300e-01
3.434913572482905797e-06 9.848171194171539966e-01
3.439913572482906172e-06 9.848171194961424790e-01
3.444913572482906124e-06 9.848171196187250898e-01
3.449913572482906077e-06 9.848171197462817217e-01
3.454913572482906029e-06 9.848171198596662457e-01
3.459913572482905981e-06 9.848171199420397981e-01
3.464913572482905933e-06 9.848171199959322442e-01
3.469913572482905038e-06 9.848171200205770859e-01
3.474913572482904990e-06 9.848171200286205407e-01
3.479913572482904942e-06 9.848171200229320910e-01
3.484913572482904894e-06 9.848171200131874414e-01
3.489913572482904847e-06 9.848171200027797667e-01
3.494913572482904799e-06 9.848171199985616964e-01
3.499913572482905174e-06 9.848171199893455130e-01
3.504913572482905126e-06 9.848171199805558773e-01
3.509913572482905079e-06 9.848171199690423094e-01
3.514913572482905031e-06 9.848171199610419313e-01
3.519913572482904983e-06 9.848171199558453104e-01
3.524913572482904935e-06 9.848171199547226529e-01
3.529913572482904887e-06 9.848171199500000972e-01
3.534913572482904839e-06 9.848171199487429917e-01
3.539913572482904791e-06 9.848171199478634730e-01
3.544913572482905167e-06 9.848171199504200946e-01
3.549913572482905119e-06 9.848171199515034502e-01
3.554913572482905071e-06 9.848171199580978419e-01
3.559913572482905023e-06 9.848171199608560800e-01
3.564913572482904976e-06 9.848171199632641537e-01
3.569913572482904928e-06 9.848171199623482197e-01
3.574913572482904033e-06 9.848171199598325654e-01
3.579913572482903985e-06 9.848171199542778975e-01
3.584913572482903937e-06 9.848171199521968955e-01
3.589913572482903889e-06 9.848171199492022909e-01
3.594913572482903841e-06 9.848171199523358954e-01
3.599913572482903793e-06 9.848171199507361750e-01
3.604913572482904169e-06 9.848171199473654269e-01
3.609913572482904121e-06 9.848171199435219458e-01
3.614913572482904073e-06 9.848171199450385105e-01
3.619913572482904025e-06 9.848171199491697614e-01
3.624913572482903978e-06 9.848171199641860829e-01
3.629913572482903930e-06 9.848171199806763365e-01
3.634913572482903882e-06 9.848171199948062560e-01
3.639913572482903834e-06 9.848171199983992707e-01
3.644913572482904210e-06 9.848171199954875998e-01
3.649913572482904162e-06 9.848171199843238632e-01
3.654913572482904114e-06 9.848171199748595450e-01
3.659913572482904066e-06 9.848171199637089090e-01
3.664913572482904018e-06 9.848171199593778180e-01
3.669913572482903970e-06 9.848171199629928152e-01
3.674913572482903075e-06 9.848171199757973504e-01
3.679913572482903027e-06 9.848171199858207769e-01
3.684913572482902980e-06 9.848171199938037246e-01
3.689913572482902932e-06 9.848171199885259464e-01
3.694913572482902884e-06 9.848171199779304219e-01
3.699913572482902836e-06 9.848171199673690923e-01
3.704913572482903212e-06 9.848171199619798477e-01
3.709913572482903164e-06 9.848171199552071542e-01
3.714913572482903116e-06 9.848171199510715734e-01
3.719913572482903068e-06 9.848171199444528678e-01
3.724913572482903020e-06 9.848171199444771817e-01
3.729913572482902972e-06 9.848171199454051061e-01
3.734913572482902924e-06 9.848171199444022417e-01
3.739913572482902877e-06 9.848171199388365826e-01
3.744913572482902829e-06 9.848171199407760312e-01
3.749913572482903204e-06 9.848171199452812052e-01
3.754913572482903156e-06 9.848171199552294697e-01
3.759913572482903109e-06 9.848171199613716675e-01
3.764913572482903061e-06 9.848171199632431705e-01
3.769913572482903013e-06 9.848171199592979930e-01
3.774913572482902965e-06 9.848171199597944847e-01
3.779913572482902070e-06 9.848171199589803582e-01
3.784913572482902022e-06 9.848171199574419221e-01
3.789913572482901974e-06 9.848171199535302733e-01
3.794913572482901926e-06 9.848171199540227683e-01
3.799913572482901879e-06 9.848171199532801401e-01
3.804913572482901831e-06 9.848171199536208675e-01
3.809913572482902206e-06 9.848171199483900518e-01
3.814913572482902158e-06 9.848171199467674608e-01
3.819913572482902111e-06 9.848171199448176871e-01
3.824913572482902063e-06 9.848171199461825953e-01
3.829913572482902015e-06 9.848171199490901584e-01
3.834913572482901967e-06 9.848171199566398970e-01
3.839913572482901919e-06 9.848171199562304468e-01
3.844913572482901871e-06 9.848171199491086991e-01
3.849913572482901823e-06 9.848171199388563446e-01
3.854913572482901775e-06 9.848171199389231800e-01
3.859913572482901728e-06 9.848171199457854685e-01
3.864913572482901680e-06 9.848171199638234841e-01
3.869913572482901632e-06 9.848171199798509967e-01
3.874913572482901584e-06 9.848171199921507135e-01
3.879913572482902383e-06 9.848171199992986624e-01
3.884913572482900641e-06 9.848171200057261876e-01
3.889913572482900593e-06 9.848171200056975438e-01
3.894913572482901392e-06 9.848171200014635973e-01
3.899913572482901345e-06 9.848171200015596316e-01
3.904913572482901297e-06 9.848171199995002789e-01
3.909913572482901249e-06 9.848171199833842815e-01
3.914913572482901201e-06 9.848171199769397699e-01
3.919913572482901153e-06 9.848171199730122449e-01
3.924913572482901105e-06 9.848171199741033721e-01
3.929913572482901057e-06 9.848171199716524438e-01
3.934913572482901009e-06 9.848171199671522658e-01
3.939913572482900962e-06 9.848171199580051383e-01
3.944913572482900914e-06 9.848171199556159383e-01
3.949913572482900866e-06 9.848171199538785503e-01
3.954913572482900818e-06 9.848171199502840922e-01
3.959913572482900770e-06 9.848171199431775547e-01
3.964913572482900722e-06 9.848171199439341716e-01
3.969913572482900674e-06 9.848171199444717416e-01
3.974913572482900627e-06 9.848171199433702894e-01
3.979913572482900579e-06 9.848171199381728913e-01
3.984913572482901378e-06 9.848171199386589469e-01
3.989913572482899636e-06 9.848171199381069441e-01
3.994913572482899588e-06 9.848171199361109851e-01
3.999913572482900387e-06 9.848171199328920045e-01
4.004913572482900339e-06 9.848171199401374309e-01
4.009913572482900291e-06 9.848171199498534367e-01
4.014913572482900244e-06 9.848171199645835427e-01
4.019913572482900196e-06 9.848171199762558725e-01
4.024913572482900148e-06 9.848171199817208343e-01
4.029913572482900100e-06 9.848171199779620633e-01
4.034913572482900052e-06 9.848171199742781212e-01
4.039913572482900004e-06 9.848171199634763173e-01
4.044913572482899956e-06 9.848171199521877917e-01
4.049913572482899908e-06 9.848171199412099064e-01
4.054913572482899861e-06 9.848171199378478180e-01
4.059913572482899813e-06 9.848171199398909614e-01
4.064913572482899765e-06 9.848171199524654584e-01
4.069913572482899717e-06 9.848171199652541175e-01
4.074913572482899669e-06 9.848171199775559437e-01
4.079913572482899621e-06 9.848171199821265098e-01
4.084913572482900420e-06 9.848171199817643551e-01
4.089913572482900373e-06 9.848171199738301462e-01
4.094913572482898631e-06 9.848171199667440368e-01
4.099913572482898583e-06 9.848171199578911184e-01
4.104913572482899382e-06 9.848171199558003464e-01
4.109913572482899334e-06 9.848171199591890801e-01
4.114913572482899286e-06 9.848171199688853239e-01
4.119913572482899238e-06 9.848171199740988202e-01
4.124913572482899190e-06 9.848171199766009298e-01
4.129913572482899142e-06 9.848171199722750568e-01
4.134913572482899095e-06 9.848171199721240665e-01
4.139913572482899047e-06 9.848171199707734802e-01
4.144913572482898999e-06 9.848171199690750610e-01
4.149913572482898951e-06 9.848171199697148825e-01
4.154913572482898903e-06 9.848171199811117660e-01
4.159913572482898855e-06 9.848171199930214614e-01
4.164913572482898807e-06 9.848171200017942217e-01
4.169913572482898760e-06 9.848171200087877386e-01
4.174913572482898712e-06 9.848171200028228434e-01
4.179913572482898664e-06 9.848171199884439009e-01
4.184913572482898616e-06 9.848171199804549580e-01
4.189913572482899415e-06 9.848171199664178532e-01
4.194913572482899367e-06 9.848171199636334139e-01
4.199913572482897625e-06 9.848171199639330631e-01
4.204913572482897577e-06 9.848171199709383483e-01
4.209913572482898377e-06 9.848171199722695057e-01
4.214913572482898329e-06 9.848171199685109567e-01
4.219913572482898281e-06 9.848171199594332181e-01
4.224913572482898233e-06 9.848171199562509859e-01
4.229913572482898185e-06 9.848171199532884668e-01
4.234913572482898137e-06 9.848171199552854249e-01
4.239913572482898089e-06 9.848171199602084869e-01
4.244913572482898041e-06 9.848171199685940014e-01
4.249913572482897994e-06 9.848171199678817933e-01
4.254913572482897946e-06 9.848171199646129637e-01
4.259913572482897898e-06 9.848171199616968519e-01
4.264913572482897850e-06 9.848171199626826189e-01
4.269913572482897802e-06 9.848171199591768676e-01
4.274913572482897754e-06 9.848171199607348436e-01
4.279913572482897706e-06 9.848171199648736440e-01
4.284913572482897658e-06 9.848171199710205048e-01
4.289913572482897611e-06 9.848171199722610680e-01
4.294913572482898410e-06 9.848171199727874248e-01
4.299913572482898362e-06 9.848171199645544549e-01
4.304913572482896620e-06 9.848171199540178833e-01
4.309913572482897419e-06 9.848171199434038181e-01
4.314913572482897371e-06 9.848171199423325639e-01
4.319913572482897323e-06 9.848171199454520686e-01
4.324913572482897275e-06 9.848171199539053067e-01
4.329913572482897228e-06 9.848171199608314330e-01
4.334913572482897180e-06 9.848171199670825438e-01
4.339913572482897132e-06 9.848171199661966968e-01
4.344913572482897084e-06 9.848171199674764509e-01
4.349913572482897036e-06 9.848171199671583720e-01
4.354913572482896988e-06 9.848171199650855856e-01
4.359913572482896940e-06 9.848171199595002756e-01
4.364913572482896893e-06 9.848171199575143087e-01
4.369913572482896845e-06 9.848171199511929208e-01
4.374913572482896797e-06 9.848171199493953587e-01
4.379913572482896749e-06 9.848171199505363349e-01
4.384913572482896701e-06 9.848171199578807933e-01
4.389913572482896653e-06 9.848171199651265528e-01
4.394913572482896605e-06 9.848171199724032876e-01
4.399913572482897404e-06 9.848171199716775348e-01
4.404913572482897357e-06 9.848171199713563473e-01
4.409913572482895615e-06 9.848171199710697987e-01
4.414913572482896414e-06 9.848171199739872428e-01
4.419913572482896366e-06 9.848171199724313762e-01
4.424913572482896318e-06 9.848171199726813985e-01
4.429913572482896270e-06 9.848171199764462758e-01
4.434913572482896222e-06 9.848171199881320392e-01
4.439913572482896174e-06 9.848171199934083742e-01
4.444913572482896127e-06 9.848171199944630860e-01
4.449913572482896079e-06 9.848171199916293528e-01
4.454913572482896031e-06 9.848171199888875460e-01
4.459913572482895983e-06 9.848171199806603493e-01
4.464913572482895935e-06 9.848171199758175565e-01
4.469913572482895887e-06 9.848171199681220456e-01
4.474913572482895839e-06 9.848171199630775252e-01
4.479913572482895791e-06 9.848171199603160675e-01
4.484913572482895744e-06 9.848171199585997737e-01
4.489913572482895696e-06 9.848171199508529705e-01
4.494913572482895648e-06 9.848171199487958383e-01
4.499913572482895600e-06 9.848171199466888570e-01
4.504913572482896399e-06 9.848171199476332127e-01
4.509913572482896351e-06 9.848171199535826759e-01
4.514913572482894609e-06 9.848171199715811674e-01
4.519913572482895408e-06 9.848171199886731619e-01
4.524913572482895361e-06 9.848171199978796864e-01
4.529913572482895313e-06 9.848171200000801484e-01
4.534913572482895265e-06 9.848171199872551851e-01
4.539913572482895217e-06 9.848171199695704425e-01
4.544913572482895169e-06 9.848171199619415450e-01
4.549913572482895121e-06 9.848171199489347272e-01
4.554913572482895073e-06 9.848171199448209068e-01
4.559913572482895026e-06 9.848171199407155241e-01
4.564913572482894978e-06 9.848171199440538537e-01
4.569913572482894930e-06 9.848171199474657911e-01
4.574913572482894882e-06 9.848171199509503371e-01
4.579913572482894834e-06 9.848171199466916326e-01
4.584913572482894786e-06 9.848171199443193080e-01
4.589913572482894738e-06 9.848171199441007051e-01
4.594913572482894690e-06 9.848171199486859262e-01
4.599913572482894643e-06 9.848171199487827376e-01
4.604913572482894595e-06 9.848171199508748419e-01
4.609913572482895394e-06 9.848171199509555551e-01
4.614913572482893652e-06 9.848171199487746330e-01
4.619913572482893604e-06 9.848171199405405529e-01
4.624913572482894403e-06 9.848171199368106477e-01
4.629913572482894355e-06 9.848171199351872795e-01
4.634913572482894307e-06 9.848171199392773412e-01
4.639913572482894260e-06 9.848171199418042088e-01
4.644913572482894212e-06 9.848171199444651913e-01
4.649913572482894164e-06 9.848171199460042935e-01
4.654913572482894116e-06 9.848171199555992850e-01
4.659913572482894068e-06 9.848171199636338580e-01
4.664913572482894020e-06 9.848171199664579323e-01
4.669913572482893972e-06 9.848171199615844973e-01
4.674913572482893924e-06 9.848171199625557204e-01
4.679913572482893877e-06 9.848171199634619954e-01
4.684913572482893829e-06 9.848171199659032649e-01
4.689913572482893781e-06 9.848171199662737463e-01
4.694913572482893733e-06 9.848171199668245279e-01
4.699913572482893685e-06 9.848171199619897287e-01
4.704913572482893637e-06 9.848171199586063240e-01
4.709913572482893589e-06 9.848171199548508836e-01
4.714913572482894389e-06 9.848171199548734212e-01
4.719913572482892647e-06 9.848171199529747177e-01
4.724913572482892599e-06 9.848171199566566614e-01
4.729913572482893398e-06 9.848171199561546185e-01
4.734913572482893350e-06 9.848171199528023001e-01
4.739913572482893302e-06 9.848171199478621407e-01
4.744913572482893254e-06 9.848171199485773464e-01
4.749913572482893206e-06 9.848171199475502791e-01
4.754913572482893159e-06 9.848171199464504921e-01
4.759913572482893111e-06 9.848171199429199829e-01
4.764913572482893063e-06 9.848171199460485914e-01
4.769913572482893015e-06 9.848171199471656978e-01
4.774913572482892967e-06 9.848171199459997416e-01
4.779913572482892919e-06 9.848171199414433863e-01
4.784913572482892871e-06 9.848171199438687795e-01
4.789913572482892823e-06 9.848171199453381597e-01
4.794913572482892776e-06 9.848171199482183003e-01
4.799913572482892728e-06 9.848171199539023091e-01
4.804913572482892680e-06 9.848171199667665743e-01
4.809913572482892632e-06 9.848171199734694348e-01
4.814913572482892584e-06 9.848171199766319051e-01
4.819913572482893383e-06 9.848171199748091409e-01
4.824913572482891641e-06 9.848171199732905778e-01
4.829913572482891593e-06 9.848171199673703136e-01
4.834913572482892393e-06 9.848171199674785603e-01
4.839913572482892345e-06 9.848171199721738045e-01
4.844913572482892297e-06 9.848171199761805994e-01
4.849913572482892249e-06 9.848171199698244616e-01
4.854913572482892201e-06 9.848171199655930685e-01
4.859913572482892153e-06 9.848171199614982330e-01
4.864913572482892105e-06 9.848171199624836669e-01
4.869913572482892057e-06 9.848171199639922380e-01
4.874913572482892010e-06 9.848171199655602059e-01
4.879913572482891962e-06 9.848171199612203441e-01
4.884913572482891914e-06 9.848171199581357005e-01
4.889913572482891866e-06 9.848171199535613596e-01
4.894913572482891818e-06 9.848171199542774534e-01
4.899913572482891770e-06 9.848171199542232745e-01
4.904913572482891722e-06 9.848171199550785904e-01
4.909913572482891674e-06 9.848171199524263786e-01
4.914913572482891627e-06 9.848171199554610622e-01
4.919913572482891579e-06 9.848171199583036772e-01
4.924913572482892378e-06 9.848171199582553825e-01
4.929913572482890636e-06 9.848171199529094366e-01
4.934913572482890588e-06 9.848171199511420726e-01
4.939913572482891387e-06 9.848171199446287272e-01
4.944913572482891339e-06 9.848171199407133036e-01
4.949913572482891292e-06 9.848171199413608967e-01
4.954913572482891244e-06 9.848171199507370632e-01
4.959913572482891196e-06 9.848171199613463545e-01
4.964913572482891148e-06 9.848171199761155403e-01
4.969913572482891100e-06 9.848171199815359822e-01
4.974913572482891052e-06 9.848171199770336948e-01
4.979913572482891004e-06 9.848171199675966880e-01
4.984913572482890956e-06 9.848171199667884457e-01
4.989913572482890909e-06 9.848171199656591268e-01
4.994913572482890861e-06 9.848171199629203176e-01
4.997456786241445635e-06 9.848171199563480194e-01
5.000000000000000409e-06 9.848171199527375741e-01
