# time_s vout_v
0.000000000000000000e+00 1.149985222942973007e+00
5.000000000000000182e-11 1.149985222943008978e+00
1.000000000000000036e-10 1.149985222943034069e+00
2.000000000000000073e-10 1.149985222943080032e+00
4.000000000000000146e-10 1.149985222943040952e+00
8.000000000000000291e-10 1.149985222943187058e+00
1.600000000000000058e-09 1.149985222941632967e+00
3.200000000000000117e-09 1.149985222935506979e+00
6.400000000000000233e-09 1.149985222934085893e+00
1.139999999999999951e-08 1.149985222947355945e+00
1.640000000000000127e-08 1.149985222950387964e+00
2.139999999999999972e-08 1.149985222929039930e+00
2.640000000000000148e-08 1.149985222903969984e+00
3.140000000000000324e-08 1.149985222887307978e+00
3.640000000000000169e-08 1.149985222879712943e+00
4.139999999999998690e-08 1.149985222878326052e+00
4.639999999999999197e-08 1.149985222879011948e+00
5.139999999999999042e-08 1.149985222881243052e+00
5.639999999999998887e-08 1.149985222885893110e+00
6.139999999999999394e-08 1.149985222891775072e+00
6.639999999999999901e-08 1.149985222896322989e+00
7.140000000000000407e-08 1.149985222899051029e+00
7.640000000000000914e-08 1.149985222901098947e+00
8.140000000000001421e-08 1.149985222898455950e+00
8.640000000000001928e-08 1.149985222892091041e+00
9.140000000000002435e-08 1.149985222890496983e+00
9.640000000000002941e-08 1.149985222893316950e+00
1.013999999999999948e-07 1.149985222896324988e+00
1.063999999999999998e-07 1.149985222897786041e+00
1.114000000000000049e-07 1.149985222896543924e+00
1.163999999999999967e-07 1.149985222896515058e+00
1.213999999999999886e-07 1.149985222899849946e+00
1.263999999999999936e-07 1.149985222901467985e+00
1.314000000000001046e-07 1.149985222900522963e+00
1.364000000000001097e-07 1.149985222899841952e+00
1.414000000000000883e-07 1.149985222899418957e+00
1.464000000000000933e-07 1.149985222898032067e+00
1.514000000000000984e-07 1.149985222898471937e+00
1.564000000000001035e-07 1.149985222901128035e+00
1.614000000000001085e-07 1.149985222897992987e+00
1.664000000000000871e-07 1.149985222891372949e+00
1.714000000000000922e-07 1.149985222889229997e+00
1.764000000000000973e-07 1.149985222888139980e+00
1.814000000000001023e-07 1.149985222888705083e+00
1.864000000000001074e-07 1.149985222891749981e+00
1.914000000000001125e-07 1.149985222890963055e+00
1.964000000000000911e-07 1.149985222887057956e+00
2.014000000000000961e-07 1.149985222884972069e+00
2.064000000000001012e-07 1.149985222887665914e+00
2.114000000000001063e-07 1.149985222892289993e+00
2.164000000000001113e-07 1.149985222895518966e+00
2.214000000000000899e-07 1.149985222897867976e+00
2.264000000000000950e-07 1.149985222902421000e+00
2.314000000000002059e-07 1.149985222907629945e+00
2.364000000000002110e-07 1.149985222906642957e+00
2.414000000000000837e-07 1.149985222901305892e+00
2.464000000000000888e-07 1.149985222895028025e+00
2.514000000000000939e-07 1.149985222890411052e+00
2.564000000000002048e-07 1.149985222890169911e+00
2.614000000000002099e-07 1.149985222889059910e+00
2.664000000000002149e-07 1.149985222883809000e+00
2.714000000000002200e-07 1.149985222881295011e+00
2.764000000000002251e-07 1.149985222883235014e+00
2.814000000000001772e-07 1.149985222883483038e+00
2.864000000000001823e-07 1.149985222883532998e+00
2.914000000000001873e-07 1.149985222886986014e+00
2.964000000000001924e-07 1.149985222891765968e+00
3.014000000000001975e-07 1.149985222894543968e+00
3.064000000000002026e-07 1.149985222893378900e+00
3.114000000000002076e-07 1.149985222890782088e+00
3.164000000000002127e-07 1.149985222890558045e+00
3.214000000000002178e-07 1.149985222892039971e+00
3.264000000000002228e-07 1.149985222893515013e+00
3.314000000000001750e-07 1.149985222894154946e+00
3.364000000000001800e-07 1.149985222894960968e+00
3.414000000000001851e-07 1.149985222897639936e+00
3.464000000000001902e-07 1.149985222900747894e+00
3.514000000000001952e-07 1.149985222904128968e+00
3.564000000000003062e-07 1.149985222906487081e+00
3.614000000000003112e-07 1.149985222903495030e+00
3.664000000000003163e-07 1.149985222899186921e+00
3.714000000000003214e-07 1.149985222898818105e+00
3.764000000000003264e-07 1.149985222900669957e+00
3.814000000000002786e-07 1.149985222901396043e+00
3.864000000000002836e-07 1.149985222897405013e+00
3.914000000000002887e-07 1.149985222890677061e+00
3.964000000000002938e-07 1.149985222888505021e+00
4.014000000000002988e-07 1.149985222889231107e+00
4.064000000000003039e-07 1.149985222885721026e+00
4.114000000000003090e-07 1.149985222879001956e+00
4.164000000000003140e-07 1.149985222873791013e+00
4.214000000000003191e-07 1.149985222875107072e+00
4.264000000000003242e-07 1.149985222882695002e+00
4.314000000000002763e-07 1.149985222891316106e+00
4.364000000000002814e-07 1.149985222897980996e+00
4.414000000000002864e-07 1.149985222900592907e+00
4.464000000000002915e-07 1.149985222900544946e+00
4.514000000000002966e-07 1.149985222899720938e+00
4.564000000000004075e-07 1.149985222899668091e+00
4.614000000000004126e-07 1.149985222899571946e+00
4.664000000000004177e-07 1.149985222896714010e+00
4.714000000000004227e-07 1.149985222895864023e+00
4.764000000000003749e-07 1.149985222899555959e+00
4.814000000000003799e-07 1.149985222904019055e+00
4.864000000000003320e-07 1.149985222904851945e+00
4.914000000000002842e-07 1.149985222904529092e+00
4.964000000000002363e-07 1.149985222907033089e+00
5.014000000000001884e-07 1.149985222908397109e+00
5.064000000000001406e-07 1.149985222909547078e+00
5.114000000000000927e-07 1.149985222911972027e+00
5.164000000000000448e-07 1.149985222910999028e+00
5.213999999999999969e-07 1.149985222906168003e+00
5.263999999999999491e-07 1.149985222901374948e+00
5.313999999999999012e-07 1.149985222899112980e+00
5.363999999999998533e-07 1.149985222894384096e+00
5.413999999999998055e-07 1.149985222883604052e+00
5.463999999999997576e-07 1.149985222877077051e+00
5.513999999999997097e-07 1.149985222879724045e+00
5.563999999999996618e-07 1.149985222886225955e+00
5.613999999999996140e-07 1.149985222893123993e+00
5.663999999999995661e-07 1.149985222897474069e+00
5.713999999999995182e-07 1.149985222896718895e+00
5.763999999999994704e-07 1.149985222893709080e+00
5.813999999999994225e-07 1.149985222893967096e+00
5.863999999999993746e-07 1.149985222896257930e+00
5.913999999999993267e-07 1.149985222898628034e+00
5.963999999999992789e-07 1.149985222899728043e+00
6.013999999999992310e-07 1.149985222898070925e+00
6.063999999999991831e-07 1.149985222896680037e+00
6.113999999999991353e-07 1.149985222896755088e+00
6.163999999999990874e-07 1.149985222896193982e+00
6.213999999999990395e-07 1.149985222892057957e+00
6.263999999999989916e-07 1.149985222886620972e+00
6.313999999999989438e-07 1.149985222886126035e+00
6.363999999999988959e-07 1.149985222888082026e+00
6.413999999999988480e-07 1.149985222889500891e+00
6.463999999999988001e-07 1.149985222889021053e+00
6.513999999999987523e-07 1.149985222885754999e+00
6.563999999999987044e-07 1.149985222882947022e+00
6.613999999999986565e-07 1.149985222881878988e+00
6.663999999999986087e-07 1.149985222884067904e+00
6.713999999999985608e-07 1.149985222889231107e+00
6.763999999999985129e-07 1.149985222893574077e+00
6.813999999999984650e-07 1.149985222896003023e+00
6.863999999999984172e-07 1.149985222897857984e+00
6.913999999999983693e-07 1.149985222898517012e+00
6.963999999999983214e-07 1.149985222900238080e+00
7.013999999999982736e-07 1.149985222903580073e+00
7.063999999999982257e-07 1.149985222902200954e+00
7.113999999999981778e-07 1.149985222898092019e+00
7.163999999999981299e-07 1.149985222896606096e+00
7.213999999999980821e-07 1.149985222895643089e+00
7.263999999999980342e-07 1.149985222893010972e+00
7.313999999999979863e-07 1.149985222891988901e+00
7.363999999999979385e-07 1.149985222894315928e+00
7.413999999999978906e-07 1.149985222897407899e+00
7.463999999999978427e-07 1.149985222901088067e+00
7.513999999999977948e-07 1.149985222903014082e+00
7.563999999999977470e-07 1.149985222902393023e+00
7.613999999999976991e-07 1.149985222899515103e+00
7.663999999999976512e-07 1.149985222894440051e+00
7.713999999999976034e-07 1.149985222891950043e+00
7.763999999999975555e-07 1.149985222892738079e+00
7.813999999999975076e-07 1.149985222892246917e+00
7.863999999999974597e-07 1.149985222891076075e+00
7.913999999999974119e-07 1.149985222889797098e+00
7.963999999999973640e-07 1.149985222886211966e+00
8.013999999999973161e-07 1.149985222884478908e+00
8.063999999999972683e-07 1.149985222883245894e+00
8.113999999999972204e-07 1.149985222880059110e+00
8.163999999999971725e-07 1.149985222880355984e+00
8.213999999999971246e-07 1.149985222883826097e+00
8.263999999999970768e-07 1.149985222888550096e+00
8.313999999999970289e-07 1.149985222893074921e+00
8.363999999999969810e-07 1.149985222895864023e+00
8.413999999999969331e-07 1.149985222896718895e+00
8.463999999999968853e-07 1.149985222892468961e+00
8.513999999999968374e-07 1.149985222888457947e+00
8.563999999999967895e-07 1.149985222891185987e+00
8.613999999999967417e-07 1.149985222893616932e+00
8.663999999999966938e-07 1.149985222891289016e+00
8.713999999999966459e-07 1.149985222885713032e+00
8.763999999999965980e-07 1.149985222881982017e+00
8.813999999999965502e-07 1.149985222888876057e+00
8.863999999999965023e-07 1.149985222901181103e+00
8.913999999999964544e-07 1.149985222905564930e+00
8.963999999999964066e-07 1.149985222902015991e+00
9.013999999999963587e-07 1.149985222896926951e+00
9.063999999999963108e-07 1.149985222891976022e+00
9.113999999999962629e-07 1.149985222887806913e+00
9.163999999999962151e-07 1.149985222885747005e+00
9.213999999999961672e-07 1.149985222887583092e+00
9.263999999999961193e-07 1.149985222894251979e+00
9.313999999999960715e-07 1.149985222901432902e+00
9.363999999999960236e-07 1.149985222900832937e+00
9.413999999999959757e-07 1.149985222893179948e+00
9.463999999999959278e-07 1.149985222888429082e+00
9.513999999999958800e-07 1.149985222889067904e+00
9.563999999999958321e-07 1.149985222890862024e+00
9.613999999999957842e-07 1.149985222891013903e+00
9.663999999999957364e-07 1.149985222889674974e+00
9.713999999999956885e-07 1.149985222889575942e+00
9.763999999999956406e-07 1.149985222891126924e+00
9.813999999999955927e-07 1.149985222892184078e+00
9.863999999999955449e-07 1.149985222892186076e+00
9.913999999999954970e-07 1.149985222895514969e+00
9.956999999999977259e-07 1.149985222907885962e+00
9.999999999999999547e-07 1.149985222926227957e+00
1.000099999999999962e-06 1.150068666790794003e+00
1.000299999999999977e-06 1.150140745657207031e+00
1.000649999999999898e-06 1.150050372905933038e+00
1.001000000000000030e-06 1.150384952581301023e+00
1.001070000000000056e-06 1.150528217938219022e+00
1.001209999999999897e-06 1.150888418691434989e+00
1.001490000000000003e-06 1.151859981354494966e+00
1.002050000000000003e-06 1.154284267751465975e+00
1.003017502078192082e-06 1.159874308988827929e+00
1.004952506234576028e-06 1.176163998265105093e+00
1.008822514547344979e-06 1.223277810005862998e+00
1.013822514547344931e-06 1.300001592312648890e+00
1.018822514547344036e-06 1.384133633516807960e+00
1.023822514547343988e-06 1.470805223200009060e+00
1.028822514547343940e-06 1.558284555468401056e+00
1.033822514547344104e-06 1.646074288104738104e+00
1.038822514547344056e-06 1.733998715038985949e+00
1.043822514547344008e-06 1.821926446106912900e+00
1.048822514547343960e-06 1.909422385110498999e+00
1.053822514547343912e-06 1.994553190085148087e+00
1.058822514547344076e-06 2.070929771746214954e+00
1.063822514547344028e-06 2.127905678644609111e+00
1.068822514547343981e-06 2.159807937358212193e+00
1.073822514547343933e-06 2.171256456833153159e+00
1.078822514547344097e-06 2.170498733600244812e+00
1.083822514547344049e-06 2.164239583558663860e+00
1.088822514547344001e-06 2.157079892433666046e+00
1.093822514547343953e-06 2.151500131855677900e+00
1.098822514547343905e-06 2.148320701622492113e+00
1.103822514547344069e-06 2.147240281875415935e+00
1.108822514547344021e-06 2.147507448688159126e+00
1.113822514547343973e-06 2.148355340071010033e+00
1.118822514547343925e-06 2.149240609692007808e+00
1.123822514547343030e-06 2.149885845120453887e+00
1.128822514547342983e-06 2.150227376260883005e+00
1.133822514547342935e-06 2.150321866947535909e+00
1.138822514547343099e-06 2.150269012044164096e+00
1.143822514547343051e-06 2.150159661791207100e+00
1.148822514547343003e-06 2.150054605477877079e+00
1.153822514547342955e-06 2.149982040928942961e+00
1.158822514547342907e-06 2.149946388375531203e+00
1.163822514547343071e-06 2.149939018326676887e+00
1.168822514547343023e-06 2.149947581089099113e+00
1.173822514547342975e-06 2.149961399595127887e+00
1.178822514547342927e-06 2.149973781180270826e+00
1.183822514547343091e-06 2.149981861794914018e+00
1.188822514547343043e-06 2.149985511958361961e+00
1.193822514547342996e-06 2.149985940725449129e+00
1.198822514547342948e-06 2.149984681252775864e+00
1.203822514547342900e-06 2.149982961670331871e+00
1.208822514547343064e-06 2.149981519768425997e+00
1.213822514547343016e-06 2.149980628954918149e+00
1.218822514547342968e-06 2.149980266832896891e+00
1.223822514547342073e-06 2.149980265438931948e+00
1.228822514547342025e-06 2.149980441473633874e+00
1.233822514547341977e-06 2.149980651677847909e+00
1.238822514547341929e-06 2.149980818574419139e+00
1.243822514547342093e-06 2.149980915009641169e+00
1.248822514547342045e-06 2.149980950062730045e+00
1.253822514547341998e-06 2.149980944296116192e+00
1.258822514547341950e-06 2.149980920947998086e+00
1.263822514547341902e-06 2.149980895245822143e+00
1.268822514547342066e-06 2.149980876400729990e+00
1.273822514547342018e-06 2.149980865877019198e+00
1.278822514547341970e-06 2.149980862873907217e+00
1.283822514547341922e-06 2.149980864000335945e+00
1.288822514547342086e-06 2.149980867218336922e+00
1.293822514547342038e-06 2.149980870172984115e+00
1.298822514547341990e-06 2.149980872434122947e+00
1.303822514547341942e-06 2.149980873413939175e+00
1.308822514547341894e-06 2.149980873760798161e+00
1.313822514547342058e-06 2.149980873444958807e+00
1.318822514547342010e-06 2.149980873131192016e+00
1.323822514547341963e-06 2.149980872685508970e+00
1.328822514547341068e-06 2.149980872509645202e+00
1.333822514547341020e-06 2.149980872345778060e+00
1.338822514547340972e-06 2.149980872402034837e+00
1.343822514547340924e-06 2.149980872392866171e+00
1.348822514547341088e-06 2.149980872518058916e+00
1.353822514547341040e-06 2.149980872491546791e+00
1.358822514547340992e-06 2.149980872572860857e+00
1.363822514547340944e-06 2.149980872522696096e+00
1.368822514547340896e-06 2.149980872537426979e+00
1.373822514547341060e-06 2.149980872459555936e+00
1.378822514547341013e-06 2.149980872509658081e+00
1.383822514547340965e-06 2.149980872489615003e+00
1.388822514547340917e-06 2.149980872540761201e+00
1.393822514547341081e-06 2.149980872521395803e+00
1.398822514547341033e-06 2.149980872590106173e+00
1.403822514547340985e-06 2.149980872553121092e+00
1.408822514547340937e-06 2.149980872596978010e+00
1.413822514547341101e-06 2.149980872541293220e+00
1.418822514547341053e-06 2.149980872540568022e+00
1.423822514547341005e-06 2.149980872479872129e+00
1.428822514547340957e-06 2.149980872508412855e+00
1.433822514547340062e-06 2.149980872441740853e+00
1.438822514547340015e-06 2.149980872494908990e+00
1.443822514547339967e-06 2.149980872482343930e+00
1.448822514547339919e-06 2.149980872521544129e+00
1.453822514547340083e-06 2.149980872495996120e+00
1.458822514547340035e-06 2.149980872519246855e+00
1.463822514547339987e-06 2.149980872471457083e+00
1.468822514547339939e-06 2.149980872517622821e+00
1.473822514547340103e-06 2.149980872495730111e+00
1.478822514547340055e-06 2.149980872505246943e+00
1.483822514547340007e-06 2.149980872445977909e+00
1.488822514547339959e-06 2.149980872485517835e+00
1.493822514547339911e-06 2.149980872456251024e+00
1.498822514547340075e-06 2.149980872502689877e+00
1.503822514547340027e-06 2.149980872470739879e+00
1.508822514547339980e-06 2.149980872519575037e+00
1.513822514547339932e-06 2.149980872519546171e+00
1.518822514547340096e-06 2.149980872562489154e+00
1.523822514547340048e-06 2.149980872509274832e+00
1.528822514547340000e-06 2.149980872527990972e+00
1.533822514547339952e-06 2.149980872481395799e+00
1.538822514547339057e-06 2.149980872512724073e+00
1.543822514547339009e-06 2.149980872473065130e+00
1.548822514547338961e-06 2.149980872479917871e+00
1.553822514547338913e-06 2.149980872433573165e+00
1.558822514547339077e-06 2.149980872475087956e+00
1.563822514547339029e-06 2.149980872457064152e+00
1.568822514547338982e-06 2.149980872512287089e+00
1.573822514547338934e-06 2.149980872489174022e+00
1.578822514547339098e-06 2.149980872528811204e+00
1.583822514547339050e-06 2.149980872494330786e+00
1.588822514547339002e-06 2.149980872521647157e+00
1.593822514547338954e-06 2.149980872476116911e+00
1.598822514547338906e-06 2.149980872507437191e+00
1.603822514547339070e-06 2.149980872475607985e+00
1.608822514547339022e-06 2.149980872515246055e+00
1.613822514547338974e-06 2.149980872481811911e+00
1.618822514547338926e-06 2.149980872514718033e+00
1.623822514547339090e-06 2.149980872474703819e+00
1.628822514547339042e-06 2.149980872508185037e+00
1.633822514547338995e-06 2.149980872475619975e+00
1.638822514547338947e-06 2.149980872515358854e+00
1.643822514547338052e-06 2.149980872490611983e+00
1.648822514547338004e-06 2.149980872532093024e+00
1.653822514547337956e-06 2.149980872494482220e+00
1.658822514547337908e-06 2.149980872519678954e+00
1.663822514547338072e-06 2.149980872476664029e+00
1.668822514547338024e-06 2.149980872503931106e+00
1.673822514547337976e-06 2.149980872462010861e+00
1.678822514547337928e-06 2.149980872496541906e+00
1.683822514547338092e-06 2.149980872467112114e+00
1.688822514547338044e-06 2.149980872511509045e+00
1.693822514547337997e-06 2.149980872490123929e+00
1.698822514547337949e-06 2.149980872529424936e+00
1.703822514547337901e-06 2.149980872490131034e+00
1.708822514547338065e-06 2.149980872523364006e+00
1.713822514547338017e-06 2.149980872491096928e+00
1.718822514547337969e-06 2.149980872526549014e+00
1.723822514547337921e-06 2.149980872490432127e+00
1.728822514547338085e-06 2.149980872525786069e+00
1.733822514547338037e-06 2.149980872494186013e+00
1.738822514547337989e-06 2.149980872525543152e+00
1.743822514547337941e-06 2.149980872478749916e+00
1.748822514547337046e-06 2.149980872504003049e+00
1.753822514547336999e-06 2.149980872469000825e+00
1.758822514547336951e-06 2.149980872507391894e+00
1.763822514547336903e-06 2.149980872474066995e+00
1.768822514547337067e-06 2.149980872508999941e+00
1.773822514547337019e-06 2.149980872479065219e+00
1.778822514547336971e-06 2.149980872517387009e+00
1.783822514547336923e-06 2.149980872483181038e+00
1.788822514547337087e-06 2.149980872519551056e+00
1.793822514547337039e-06 2.149980872484420047e+00
1.798822514547336991e-06 2.149980872516418007e+00
1.803822514547336943e-06 2.149980872480062200e+00
1.808822514547336896e-06 2.149980872513599817e+00
1.813822514547337059e-06 2.149980872478836069e+00
1.818822514547337012e-06 2.149980872513081120e+00
1.823822514547336964e-06 2.149980872479778871e+00
1.828822514547336916e-06 2.149980872520405040e+00
1.833822514547337080e-06 2.149980872492606832e+00
1.838822514547337032e-06 2.149980872530660836e+00
1.843822514547336984e-06 2.149980872492065043e+00
1.848822514547336936e-06 2.149980872515933950e+00
1.853822514547336041e-06 2.149980872476027205e+00
1.858822514547335993e-06 2.149980872514941854e+00
1.863822514547335945e-06 2.149980872485090178e+00
1.868822514547335898e-06 2.149980872519606123e+00
1.873822514547336061e-06 2.149980872485185213e+00
1.878822514547336014e-06 2.149980872525143916e+00
1.883822514547335966e-06 2.149980872494722028e+00
1.888822514547335918e-06 2.149980872526001008e+00
1.893822514547336082e-06 2.149980872486330075e+00
1.898822514547336034e-06 2.149980872518102881e+00
1.903822514547335986e-06 2.149980872478733929e+00
1.908822514547336150e-06 2.149980872508835184e+00
1.913822514547336102e-06 2.149980872475119931e+00
1.918822514547336054e-06 2.149980872518490127e+00
1.923822514547336006e-06 2.149980872493165052e+00
1.928822514547335958e-06 2.149980872529019926e+00
1.933822514547335910e-06 2.149980872489158923e+00
1.938822514547335863e-06 2.149980872516520147e+00
1.943822514547335815e-06 2.149980872472947002e+00
1.948822514547336190e-06 2.149980872499126949e+00
1.953822514547336143e-06 2.149980872464873016e+00
1.958822514547336095e-06 2.149980872508951979e+00
1.963822514547336047e-06 2.149980872481946914e+00
1.968822514547335999e-06 2.149980872519670072e+00
1.973822514547335951e-06 2.149980872485881989e+00
1.978822514547335056e-06 2.149980872517426089e+00
1.983822514547335008e-06 2.149980872476640048e+00
1.988822514547334960e-06 2.149980872503843177e+00
1.993822514547334913e-06 2.149980872461077830e+00
1.998822514547334865e-06 2.149980872489348993e+00
2.003822514547334817e-06 2.149980872455246939e+00
2.008822514547335192e-06 2.149980872500790952e+00
2.013822514547335145e-06 2.149980872480572014e+00
2.018822514547335097e-06 2.149980872521835007e+00
2.023822514547335049e-06 2.149980872482657013e+00
2.028822514547335001e-06 2.149980872508908014e+00
2.033822514547334953e-06 2.149980872470885984e+00
2.038822514547334905e-06 2.149980872507251117e+00
2.043822514547334857e-06 2.149980872475001803e+00
2.048822514547334809e-06 2.149980872512799124e+00
2.053822514547335185e-06 2.149980872482660121e+00
2.058822514547335137e-06 2.149980872524554165e+00
2.063822514547335089e-06 2.149980872497102791e+00
2.068822514547335041e-06 2.149980872530584008e+00
2.073822514547334994e-06 2.149980872487880834e+00
2.078822514547334946e-06 2.149980872513522101e+00
2.083822514547334051e-06 2.149980872473261861e+00
2.088822514547334003e-06 2.149980872507847085e+00
2.093822514547333955e-06 2.149980872479028804e+00
2.098822514547333907e-06 2.149980872522644137e+00
2.103822514547333859e-06 2.149980872494214879e+00
2.108822514547333811e-06 2.149980872528566955e+00
2.113822514547334187e-06 2.149980872488856054e+00
2.118822514547334139e-06 2.149980872520972142e+00
2.123822514547334091e-06 2.149980872485969030e+00
2.128822514547334043e-06 2.149980872518154840e+00
2.133822514547333996e-06 2.149980872481988214e+00
2.138822514547333948e-06 2.149980872517129882e+00
2.143822514547333900e-06 2.149980872482521121e+00
2.148822514547333852e-06 2.149980872517232022e+00
2.153822514547333804e-06 2.149980872481103145e+00
2.158822514547334180e-06 2.149980872513272967e+00
2.163822514547334132e-06 2.149980872481794147e+00
2.168822514547334084e-06 2.149980872524047903e+00
2.173822514547334036e-06 2.149980872495377060e+00
2.178822514547333988e-06 2.149980872530310005e+00
2.183822514547333940e-06 2.149980872488249872e+00
2.188822514547333046e-06 2.149980872512061048e+00
2.193822514547332998e-06 2.149980872473432836e+00
2.198822514547332950e-06 2.149980872508800989e+00
2.203822514547332902e-06 2.149980872471426885e+00
2.208822514547332854e-06 2.149980872504543949e+00
2.213822514547332806e-06 2.149980872474697158e+00
2.218822514547333182e-06 2.149980872518003849e+00
2.223822514547333134e-06 2.149980872490345973e+00
2.228822514547333086e-06 2.149980872526970899e+00
2.233822514547333038e-06 2.149980872489332118e+00
2.238822514547332990e-06 2.149980872518474140e+00
2.243822514547332942e-06 2.149980872479861027e+00
2.248822514547332895e-06 2.149980872512423868e+00
2.253822514547332847e-06 2.149980872479555938e+00
2.258822514547332799e-06 2.149980872519326791e+00
2.263822514547333174e-06 2.149980872483631789e+00
2.268822514547333127e-06 2.149980872515769192e+00
2.273822514547333079e-06 2.149980872485229177e+00
2.278822514547333031e-06 2.149980872521346065e+00
2.283822514547332983e-06 2.149980872481827010e+00
2.288822514547332935e-06 2.149980872509385854e+00
2.293822514547332040e-06 2.149980872470432125e+00
2.298822514547331992e-06 2.149980872504979157e+00
2.303822514547331944e-06 2.149980872467073034e+00
2.308822514547331897e-06 2.149980872497098794e+00
2.313822514547331849e-06 2.149980872466330961e+00
2.318822514547331801e-06 2.149980872513537200e+00
2.323822514547332176e-06 2.149980872491088935e+00
2.328822514547332129e-06 2.149980872526962905e+00
2.333822514547332081e-06 2.149980872484802852e+00
2.338822514547332033e-06 2.149980872513166830e+00
2.343822514547331985e-06 2.149980872479619887e+00
2.348822514547331937e-06 2.149980872516148889e+00
2.353822514547331889e-06 2.149980872475529825e+00
2.358822514547331841e-06 2.149980872501433993e+00
2.363822514547331794e-06 2.149980872467720960e+00
2.368822514547332169e-06 2.149980872513390207e+00
2.373822514547332121e-06 2.149980872487919914e+00
2.378822514547332073e-06 2.149980872524929865e+00
2.383822514547332026e-06 2.149980872482590843e+00
2.388822514547331978e-06 2.149980872503788110e+00
2.393822514547331930e-06 2.149980872464567039e+00
2.398822514547331035e-06 2.149980872504981821e+00
2.403822514547330987e-06 2.149980872479511973e+00
2.408822514547330939e-06 2.149980872518868047e+00
2.413822514547330891e-06 2.149980872479448024e+00
2.418822514547330843e-06 2.149980872508643781e+00
2.423822514547330796e-06 2.149980872474515081e+00
2.428822514547331171e-06 2.149980872509689167e+00
2.433822514547331123e-06 2.149980872468728155e+00
2.438822514547331075e-06 2.149980872493240991e+00
2.443822514547331028e-06 2.149980872457032177e+00
2.448822514547330980e-06 2.149980872501923823e+00
2.453822514547330932e-06 2.149980872478995053e+00
2.458822514547330884e-06 2.149980872518062913e+00
2.463822514547330836e-06 2.149980872480960148e+00
2.468822514547331212e-06 2.149980872510352192e+00
2.473822514547331164e-06 2.149980872472354143e+00
2.478822514547331116e-06 2.149980872507902152e+00
2.483822514547331068e-06 2.149980872478984839e+00
2.488822514547331020e-06 2.149980872516740860e+00
2.493822514547330972e-06 2.149980872477200045e+00
2.498822514547330924e-06 2.149980872506832785e+00
2.503822514547330030e-06 2.149980872470945936e+00
2.508822514547329982e-06 2.149980872510123042e+00
2.513822514547329934e-06 2.149980872483089112e+00
2.518822514547329886e-06 2.149980872521587205e+00
2.523822514547329838e-06 2.149980872486283001e+00
2.528822514547329790e-06 2.149980872518581165e+00
2.533822514547330166e-06 2.149980872486873196e+00
2.538822514547330118e-06 2.149980872525175002e+00
2.543822514547330070e-06 2.149980872483700178e+00
2.548822514547330022e-06 2.149980872505877993e+00
2.553822514547329974e-06 2.149980872466460191e+00
2.558822514547329927e-06 2.149980872505011131e+00
2.563822514547329879e-06 2.149980872477021965e+00
2.568822514547329831e-06 2.149980872516836783e+00
2.573822514547330206e-06 2.149980872484646977e+00
2.578822514547330159e-06 2.149980872520527164e+00
2.583822514547330111e-06 2.149980872485135919e+00
2.588822514547330063e-06 2.149980872514539953e+00
2.593822514547330015e-06 2.149980872471611182e+00
2.598822514547329967e-06 2.149980872499801077e+00
2.603822514547329072e-06 2.149980872464606119e+00
2.608822514547329024e-06 2.149980872507975871e+00
2.613822514547328976e-06 2.149980872486215056e+00
2.618822514547328929e-06 2.149980872521997100e+00
2.623822514547328881e-06 2.149980872476202176e+00
2.628822514547328833e-06 2.149980872501108919e+00
2.633822514547329208e-06 2.149980872466072945e+00
2.638822514547329161e-06 2.149980872511216834e+00
2.643822514547329113e-06 2.149980872486918937e+00
2.648822514547329065e-06 2.149980872523479913e+00
2.653822514547329017e-06 2.149980872490350858e+00
2.658822514547328969e-06 2.149980872526084053e+00
2.663822514547328921e-06 2.149980872484762884e+00
2.668822514547328873e-06 2.149980872507819107e+00
2.673822514547328825e-06 2.149980872468917781e+00
2.678822514547329201e-06 2.149980872510805163e+00
2.683822514547329153e-06 2.149980872485846906e+00
2.688822514547329105e-06 2.149980872523883146e+00
2.693822514547329057e-06 2.149980872488446160e+00
2.698822514547329010e-06 2.149980872520822039e+00
2.703822514547328962e-06 2.149980872482290195e+00
2.708822514547328067e-06 2.149980872516608077e+00
2.713822514547328019e-06 2.149980872483061134e+00
2.718822514547327971e-06 2.149980872517652131e+00
2.723822514547327923e-06 2.149980872486796812e+00
2.728822514547327875e-06 2.149980872525839803e+00
2.733822514547327827e-06 2.149980872491496164e+00
2.738822514547328203e-06 2.149980872521621844e+00
2.743822514547328155e-06 2.149980872479909877e+00
2.748822514547328107e-06 2.149980872509718921e+00
2.753822514547328060e-06 2.149980872473228999e+00
2.758822514547328012e-06 2.149980872508149954e+00
2.763822514547327964e-06 2.149980872478781002e+00
2.768822514547327916e-06 2.149980872520019126e+00
2.773822514547327868e-06 2.149980872488394201e+00
2.778822514547327820e-06 2.149980872523217013e+00
2.783822514547328196e-06 2.149980872487228023e+00
2.788822514547328148e-06 2.149980872520982800e+00
2.793822514547328100e-06 2.149980872483442162e+00
2.798822514547328052e-06 2.149980872514455132e+00
2.803822514547328004e-06 2.149980872477808003e+00
2.808822514547327956e-06 2.149980872507355922e+00
2.813822514547327062e-06 2.149980872466878079e+00
2.818822514547327014e-06 2.149980872499828166e+00
2.823822514547326966e-06 2.149980872466395798e+00
2.828822514547326918e-06 2.149980872502994078e+00
2.833822514547326870e-06 2.149980872470290016e+00
2.838822514547326822e-06 2.149980872507772034e+00
2.843822514547327198e-06 2.149980872475969917e+00
2.848822514547327150e-06 2.149980872511120022e+00
2.853822514547327102e-06 2.149980872477004201e+00
2.858822514547327054e-06 2.149980872513537200e+00
2.863822514547327006e-06 2.149980872481963790e+00
2.868822514547326958e-06 2.149980872520143027e+00
2.873822514547326911e-06 2.149980872485221184e+00
2.878822514547326863e-06 2.149980872515659058e+00
2.883822514547326815e-06 2.149980872477088134e+00
2.888822514547327190e-06 2.149980872509710039e+00
2.893822514547327143e-06 2.149980872476040972e+00
2.898822514547327095e-06 2.149980872515952157e+00
2.903822514547327047e-06 2.149980872485047989e+00
2.908822514547326999e-06 2.149980872516275010e+00
2.913822514547326951e-06 2.149980872478868932e+00
2.918822514547326056e-06 2.149980872512088137e+00
2.923822514547326008e-06 2.149980872474204219e+00
2.928822514547325960e-06 2.149980872508551855e+00
2.933822514547325913e-06 2.149980872476605853e+00
2.938822514547325865e-06 2.149980872513658881e+00
2.943822514547325817e-06 2.149980872478994165e+00
2.948822514547326193e-06 2.149980872511425112e+00
2.953822514547326145e-06 2.149980872475527161e+00
2.958822514547326097e-06 2.149980872509804186e+00
2.963822514547326049e-06 2.149980872474793081e+00
2.968822514547326001e-06 2.149980872513229002e+00
2.973822514547325953e-06 2.149980872484920091e+00
2.978822514547325905e-06 2.149980872520786068e+00
2.983822514547325857e-06 2.149980872488276074e+00
2.988822514547325810e-06 2.149980872527028186e+00
2.993822514547326185e-06 2.149980872488523875e+00
2.997411257273663168e-06 2.149980872518538089e+00
3.001000000000000151e-06 2.149980872488983952e+00
3.001099999999999947e-06 2.149891038088531214e+00
3.001299999999999962e-06 2.149827111081366038e+00
3.001649999999999882e-06 2.149901586094096206e+00
3.001999999999999803e-06 2.149854333438116161e+00
3.002070000000000041e-06 2.149828870038588136e+00
3.002210000000000094e-06 2.149751649171045997e+00
3.002490000000000200e-06 2.149449964136529001e+00
3.003049999999999988e-06 2.148309868675239986e+00
3.004169999999999140e-06 2.144115107769133832e+00
3.006409999999999139e-06 2.129613803527297122e+00
3.010889999999997866e-06 2.084709275560935993e+00
3.015889999999997818e-06 2.019742515248597048e+00
3.020889999999998194e-06 1.946622199783401008e+00
3.025889999999998146e-06 1.868987403894488031e+00
3.030889999999998098e-06 1.788715170560492895e+00
3.035889999999998050e-06 1.706864665574578055e+00
3.040889999999998002e-06 1.624049667053216961e+00
3.045889999999997954e-06 1.540661306920295015e+00
3.050889999999997060e-06 1.456985150178013999e+00
3.055889999999997012e-06 1.373429563868916903e+00
3.060889999999996964e-06 1.291411808686873997e+00
3.065889999999996916e-06 1.215490907934468012e+00
3.070889999999996868e-06 1.154714881725259046e+00
3.075889999999996820e-06 1.118136274040449907e+00
3.080889999999997196e-06 1.106945621822045922e+00
3.085889999999997148e-06 1.113379455815590946e+00
3.090889999999997100e-06 1.126977966120205066e+00
3.095889999999997052e-06 1.140073369572919937e+00
3.100889999999997004e-06 1.149138524827989949e+00
3.105889999999996956e-06 1.153711672094194007e+00
3.110889999999996909e-06 1.154858041959959891e+00
3.115889999999996861e-06 1.154036390706842052e+00
3.120889999999996813e-06 1.152489974156531982e+00
3.125889999999997188e-06 1.151025457442095057e+00
3.130889999999997141e-06 1.150015337929207959e+00
3.135889999999997093e-06 1.149512885079271962e+00
3.140889999999997045e-06 1.149401055412103023e+00
3.145889999999996997e-06 1.149511877161289997e+00
3.150889999999996949e-06 1.149700047110850054e+00
3.155889999999996054e-06 1.149872641537343032e+00
3.160889999999996006e-06 1.149988734767072085e+00
3.165889999999995958e-06 1.150044380759714047e+00
3.170889999999995911e-06 1.150054778628154084e+00
3.175889999999995863e-06 1.150040155989193957e+00
3.180889999999995815e-06 1.150017464685239910e+00
3.185889999999996190e-06 1.149997261316817010e+00
3.190889999999996143e-06 1.149983992686735013e+00
3.195889999999996095e-06 1.149977865885071004e+00
3.200889999999996047e-06 1.149976959204944027e+00
3.205889999999995999e-06 1.149978856896834989e+00
3.210889999999995951e-06 1.149981585624151981e+00
3.215889999999995903e-06 1.149983947331645995e+00
3.220889999999995855e-06 1.149985461001806986e+00
3.225889999999995808e-06 1.149986132290498064e+00
3.230889999999996183e-06 1.149986202316289008e+00
3.235889999999996135e-06 1.149985959195350071e+00
3.240889999999996087e-06 1.149985632014286052e+00
3.245889999999996040e-06 1.149985356541703085e+00
3.250889999999995992e-06 1.149985184247503067e+00
3.255889999999995944e-06 1.149985111143444039e+00
3.260889999999995049e-06 1.149985107096815895e+00
3.265889999999995001e-06 1.149985137938335900e+00
3.270889999999994953e-06 1.149985177031874972e+00
3.275889999999994905e-06 1.149985209107631912e+00
3.280889999999994857e-06 1.149985228646881907e+00
3.285889999999994810e-06 1.149985236564037949e+00
3.290889999999995185e-06 1.149985236551706036e+00
3.295889999999995137e-06 1.149985232701919102e+00
3.300889999999995089e-06 1.149985228034495099e+00
3.305889999999995042e-06 1.149985224307340959e+00
3.310889999999994994e-06 1.149985222099694893e+00
3.315889999999994946e-06 1.149985221259711032e+00
3.320889999999994898e-06 1.149985221297781912e+00
3.325889999999994850e-06 1.149985221758436982e+00
3.330889999999994802e-06 1.149985222285146991e+00
3.335889999999995178e-06 1.149985222723209910e+00
3.340889999999995130e-06 1.149985222983263000e+00
3.345889999999995082e-06 1.149985223072212959e+00
3.350889999999995034e-06 1.149985223055906891e+00
3.355889999999994986e-06 1.149985222994384104e+00
3.360889999999994938e-06 1.149985222914952976e+00
3.365889999999994044e-06 1.149985222862494938e+00
3.370889999999993996e-06 1.149985222829319031e+00
3.375889999999993948e-06 1.149985222830691045e+00
3.380889999999993900e-06 1.149985222844799981e+00
3.385889999999993852e-06 1.149985222869976953e+00
3.390889999999993804e-06 1.149985222880852032e+00
3.395889999999994180e-06 1.149985222890332892e+00
3.400889999999994132e-06 1.149985222905214988e+00
3.405889999999994084e-06 1.149985222915296035e+00
3.410889999999994036e-06 1.149985222913342042e+00
3.415889999999993988e-06 1.149985222898364023e+00
3.420889999999993941e-06 1.149985222891712011e+00
3.425889999999993893e-06 1.149985222896271031e+00
3.430889999999993845e-06 1.149985222896763082e+00
3.435889999999993797e-06 1.149985222897845993e+00
3.440889999999994173e-06 1.149985222895197001e+00
3.445889999999994125e-06 1.149985222897144999e+00
3.450889999999994077e-06 1.149985222894865933e+00
3.455889999999994029e-06 1.149985222896590997e+00
3.460889999999993981e-06 1.149985222896386050e+00
3.465889999999993933e-06 1.149985222897937920e+00
3.470889999999993038e-06 1.149985222893703973e+00
3.475889999999992990e-06 1.149985222889829961e+00
3.480889999999992943e-06 1.149985222882732971e+00
3.485889999999992895e-06 1.149985222879861047e+00
3.490889999999992847e-06 1.149985222871404922e+00
3.495889999999992799e-06 1.149985222866269918e+00
3.500889999999993175e-06 1.149985222864575940e+00
3.505889999999993127e-06 1.149985222865820056e+00
3.510889999999993079e-06 1.149985222861972911e+00
3.515889999999993031e-06 1.149985222867274892e+00
3.520889999999992983e-06 1.149985222878554092e+00
3.525889999999992935e-06 1.149985222893926018e+00
3.530889999999992887e-06 1.149985222901241055e+00
3.535889999999992839e-06 1.149985222904901905e+00
3.540889999999992792e-06 1.149985222902708992e+00
3.545889999999993167e-06 1.149985222900079984e+00
3.550889999999993119e-06 1.149985222890621994e+00
3.555889999999993071e-06 1.149985222888266101e+00
3.560889999999993024e-06 1.149985222890028025e+00
3.565889999999992976e-06 1.149985222892210945e+00
3.570889999999992928e-06 1.149985222890341108e+00
3.575889999999992033e-06 1.149985222892226044e+00
3.580889999999991985e-06 1.149985222887718095e+00
3.585889999999991937e-06 1.149985222885341996e+00
3.590889999999991889e-06 1.149985222884188918e+00
3.595889999999991841e-06 1.149985222883455060e+00
3.600889999999991794e-06 1.149985222875991919e+00
3.605889999999992169e-06 1.149985222876769075e+00
3.610889999999992121e-06 1.149985222884877922e+00
3.615889999999992074e-06 1.149985222896094061e+00
3.620889999999992026e-06 1.149985222898955994e+00
3.625889999999991978e-06 1.149985222902345949e+00
3.630889999999991930e-06 1.149985222903187054e+00
3.635889999999991882e-06 1.149985222904921001e+00
3.640889999999991834e-06 1.149985222901106940e+00
3.645889999999992210e-06 1.149985222896303005e+00
3.650889999999992162e-06 1.149985222888205927e+00
3.655889999999992114e-06 1.149985222888654013e+00
3.660889999999992066e-06 1.149985222891340975e+00
3.665889999999992018e-06 1.149985222891878989e+00
3.670889999999991970e-06 1.149985222885365976e+00
3.675889999999991076e-06 1.149985222887508041e+00
3.680889999999991028e-06 1.149985222890403946e+00
3.685889999999990980e-06 1.149985222890701042e+00
3.690889999999990932e-06 1.149985222886213077e+00
3.695889999999990884e-06 1.149985222886946046e+00
3.700889999999990836e-06 1.149985222889382985e+00
3.705889999999990788e-06 1.149985222892053960e+00
3.710889999999991164e-06 1.149985222883709968e+00
3.715889999999991116e-06 1.149985222880375080e+00
3.720889999999991068e-06 1.149985222885228087e+00
3.725889999999991020e-06 1.149985222896326098e+00
3.730889999999990972e-06 1.149985222901156900e+00
3.735889999999990925e-06 1.149985222906332982e+00
3.740889999999990877e-06 1.149985222908906923e+00
3.745889999999990829e-06 1.149985222907917048e+00
3.750889999999991204e-06 1.149985222898908033e+00
3.755889999999991157e-06 1.149985222898695092e+00
3.760889999999991109e-06 1.149985222897166981e+00
3.765889999999991061e-06 1.149985222891422909e+00
3.770889999999991013e-06 1.149985222883306069e+00
3.775889999999990965e-06 1.149985222881422020e+00
3.780889999999990070e-06 1.149985222882669911e+00
3.785889999999990022e-06 1.149985222890256065e+00
3.790889999999989974e-06 1.149985222893691095e+00
3.795889999999989927e-06 1.149985222900965054e+00
3.800889999999989879e-06 1.149985222904613913e+00
3.805889999999989831e-06 1.149985222904160054e+00
3.810889999999990207e-06 1.149985222897011994e+00
3.815889999999990159e-06 1.149985222893439074e+00
3.820889999999990111e-06 1.149985222886731107e+00
3.825889999999990063e-06 1.149985222880482105e+00
3.830889999999990015e-06 1.149985222871203971e+00
3.835889999999989967e-06 1.149985222868592061e+00
3.840889999999989919e-06 1.149985222875613999e+00
3.845889999999989871e-06 1.149985222893008974e+00
3.850889999999989824e-06 1.149985222900693937e+00
3.855889999999989776e-06 1.149985222903316062e+00
3.860889999999989728e-06 1.149985222903997961e+00
3.865889999999989680e-06 1.149985222903286086e+00
3.870889999999989632e-06 1.149985222892776049e+00
3.875889999999989584e-06 1.149985222888195935e+00
3.880889999999990383e-06 1.149985222885884895e+00
3.885889999999988641e-06 1.149985222888554981e+00
3.890889999999988594e-06 1.149985222893421088e+00
3.895889999999989393e-06 1.149985222898568082e+00
3.900889999999989345e-06 1.149985222893143089e+00
3.905889999999989297e-06 1.149985222890040015e+00
3.910889999999989249e-06 1.149985222888670000e+00
3.915889999999989201e-06 1.149985222889061909e+00
3.920889999999989153e-06 1.149985222882079050e+00
3.925889999999989105e-06 1.149985222876390933e+00
3.930889999999989058e-06 1.149985222871797941e+00
3.935889999999989010e-06 1.149985222873890933e+00
3.940889999999988962e-06 1.149985222876559021e+00
3.945889999999988914e-06 1.149985222882744962e+00
3.950889999999988866e-06 1.149985222885536951e+00
3.955889999999988818e-06 1.149985222891982906e+00
3.960889999999988770e-06 1.149985222896630965e+00
3.965889999999988722e-06 1.149985222899315929e+00
3.970889999999988675e-06 1.149985222894811088e+00
3.975889999999988627e-06 1.149985222896996895e+00
3.980889999999988579e-06 1.149985222900933080e+00
3.985889999999989378e-06 1.149985222901743986e+00
3.990889999999987636e-06 1.149985222892550008e+00
3.995889999999987588e-06 1.149985222891344083e+00
4.000889999999988387e-06 1.149985222895872017e+00
4.005889999999988340e-06 1.149985222899752024e+00
4.010889999999988292e-06 1.149985222895901993e+00
4.015889999999988244e-06 1.149985222896316106e+00
4.020889999999988196e-06 1.149985222893785908e+00
4.025889999999988148e-06 1.149985222890405945e+00
4.030889999999988100e-06 1.149985222886027003e+00
4.035889999999988052e-06 1.149985222885627989e+00
4.040889999999988004e-06 1.149985222882724090e+00
4.045889999999987957e-06 1.149985222886013014e+00
4.050889999999987909e-06 1.149985222888830982e+00
4.055889999999987861e-06 1.149985222891640069e+00
4.060889999999987813e-06 1.149985222888076919e+00
4.065889999999987765e-06 1.149985222887270897e+00
4.070889999999987717e-06 1.149985222884783109e+00
4.075889999999987669e-06 1.149985222883803893e+00
4.080889999999987621e-06 1.149985222882434988e+00
4.085889999999988421e-06 1.149985222886841019e+00
4.090889999999988373e-06 1.149985222889365000e+00
4.095889999999986631e-06 1.149985222893183945e+00
4.100889999999986583e-06 1.149985222889724934e+00
4.105889999999987382e-06 1.149985222884448932e+00
4.110889999999987334e-06 1.149985222878419977e+00
4.115889999999987286e-06 1.149985222883707969e+00
4.120889999999987238e-06 1.149985222890792080e+00
4.125889999999987191e-06 1.149985222896056092e+00
4.130889999999987143e-06 1.149985222895592019e+00
4.135889999999987095e-06 1.149985222898799897e+00
4.140889999999987047e-06 1.149985222897589088e+00
4.145889999999986999e-06 1.149985222892627057e+00
4.150889999999986951e-06 1.149985222880768987e+00
4.155889999999986903e-06 1.149985222876920954e+00
4.160889999999986855e-06 1.149985222881638069e+00
4.165889999999986808e-06 1.149985222892105030e+00
4.170889999999986760e-06 1.149985222895560932e+00
4.175889999999986712e-06 1.149985222898882053e+00
4.180889999999986664e-06 1.149985222896416914e+00
4.185889999999986616e-06 1.149985222895917092e+00
4.190889999999987415e-06 1.149985222899964077e+00
4.195889999999987367e-06 1.149985222908098903e+00
4.200889999999985625e-06 1.149985222907635052e+00
4.205889999999985578e-06 1.149985222907000004e+00
4.210889999999986377e-06 1.149985222904243098e+00
4.215889999999986329e-06 1.149985222902099036e+00
4.220889999999986281e-06 1.149985222890365977e+00
4.225889999999986233e-06 1.149985222883334046e+00
4.230889999999986185e-06 1.149985222883809000e+00
4.235889999999986137e-06 1.149985222886287017e+00
4.240889999999986090e-06 1.149985222881924951e+00
4.245889999999986042e-06 1.149985222884212899e+00
4.250889999999985994e-06 1.149985222888934899e+00
4.255889999999985946e-06 1.149985222890353986e+00
4.260889999999985898e-06 1.149985222882508040e+00
4.265889999999985850e-06 1.149985222883076919e+00
4.270889999999985802e-06 1.149985222885856029e+00
4.275889999999985754e-06 1.149985222886213077e+00
4.280889999999985707e-06 1.149985222880197000e+00
4.285889999999985659e-06 1.149985222881870994e+00
4.290889999999985611e-06 1.149985222885637093e+00
4.295889999999986410e-06 1.149985222888201042e+00
4.300889999999986362e-06 1.149985222884271074e+00
4.305889999999984620e-06 1.149985222881062974e+00
4.310889999999985419e-06 1.149985222874839952e+00
4.315889999999985371e-06 1.149985222880355096e+00
4.320889999999985324e-06 1.149985222891110936e+00
4.325889999999985276e-06 1.149985222902931037e+00
4.330889999999985228e-06 1.149985222907125015e+00
4.335889999999985180e-06 1.149985222909412075e+00
4.340889999999985132e-06 1.149985222905604010e+00
4.345889999999985084e-06 1.149985222902069948e+00
4.350889999999985036e-06 1.149985222899476911e+00
4.355889999999984988e-06 1.149985222899498893e+00
4.360889999999984941e-06 1.149985222891672043e+00
4.365889999999984893e-06 1.149985222890234082e+00
4.370889999999984845e-06 1.149985222890655967e+00
4.375889999999984797e-06 1.149985222888062930e+00
4.380889999999984749e-06 1.149985222879100100e+00
4.385889999999984701e-06 1.149985222876857893e+00
4.390889999999984653e-06 1.149985222879245983e+00
4.395889999999984606e-06 1.149985222890210990e+00
4.400889999999985405e-06 1.149985222902059068e+00
4.405889999999985357e-06 1.149985222912843108e+00
4.410889999999983615e-06 1.149985222910971938e+00
4.415889999999984414e-06 1.149985222909216009e+00
4.420889999999984366e-06 1.149985222906870996e+00
4.425889999999984318e-06 1.149985222903159965e+00
4.430889999999984270e-06 1.149985222894601922e+00
4.435889999999984223e-06 1.149985222889382985e+00
4.440889999999984175e-06 1.149985222881561020e+00
4.445889999999984127e-06 1.149985222883830982e+00
4.450889999999984079e-06 1.149985222892851100e+00
4.455889999999984031e-06 1.149985222904885918e+00
4.460889999999983983e-06 1.149985222905665960e+00
4.465889999999983935e-06 1.149985222899190029e+00
4.470889999999983887e-06 1.149985222890133052e+00
4.475889999999983840e-06 1.149985222888761927e+00
4.480889999999983792e-06 1.149985222887546898e+00
4.485889999999983744e-06 1.149985222891203085e+00
4.490889999999983696e-06 1.149985222893699088e+00
4.495889999999983648e-06 1.149985222897397907e+00
4.500889999999983600e-06 1.149985222898280979e+00
4.505889999999984399e-06 1.149985222898814996e+00
4.510889999999984351e-06 1.149985222891152015e+00
4.515889999999982610e-06 1.149985222889065017e+00
4.520889999999983409e-06 1.149985222888461056e+00
4.525889999999983361e-06 1.149985222890641090e+00
4.530889999999983313e-06 1.149985222891227066e+00
4.535889999999983265e-06 1.149985222891662051e+00
4.540889999999983217e-06 1.149985222884265967e+00
4.545889999999983169e-06 1.149985222880911984e+00
4.550889999999983121e-06 1.149985222880804958e+00
4.555889999999983074e-06 1.149985222886229064e+00
4.560889999999983026e-06 1.149985222892843106e+00
4.565889999999982978e-06 1.149985222905802962e+00
4.570889999999982930e-06 1.149985222913489036e+00
4.575889999999982882e-06 1.149985222915737015e+00
4.580889999999982834e-06 1.149985222908256999e+00
4.585889999999982786e-06 1.149985222902492055e+00
4.590889999999982739e-06 1.149985222894229997e+00
4.595889999999982691e-06 1.149985222887188074e+00
4.600889999999982643e-06 1.149985222876295010e+00
4.605889999999982595e-06 1.149985222873983082e+00
4.610889999999983394e-06 1.149985222881467983e+00
4.615889999999981652e-06 1.149985222894827075e+00
4.620889999999981604e-06 1.149985222897337067e+00
4.625889999999982403e-06 1.149985222894434944e+00
4.630889999999982356e-06 1.149985222889128966e+00
4.635889999999982308e-06 1.149985222887329073e+00
4.640889999999982260e-06 1.149985222882955904e+00
4.645889999999982212e-06 1.149985222883592062e+00
4.650889999999982164e-06 1.149985222884716940e+00
4.655889999999982116e-06 1.149985222890927972e+00
4.660889999999982068e-06 1.149985222891779957e+00
4.665889999999982020e-06 1.149985222893167069e+00
4.670889999999981973e-06 1.149985222892381920e+00
4.675889999999981925e-06 1.149985222893918912e+00
4.680889999999981877e-06 1.149985222892017989e+00
4.685889999999981829e-06 1.149985222890895997e+00
4.690889999999981781e-06 1.149985222886211966e+00
4.695889999999981733e-06 1.149985222886253045e+00
4.700889999999981685e-06 1.149985222887969893e+00
4.705889999999981637e-06 1.149985222890272052e+00
4.710889999999981590e-06 1.149985222885951064e+00
4.715889999999982389e-06 1.149985222887156988e+00
4.720889999999980647e-06 1.149985222888121994e+00
4.725889999999980599e-06 1.149985222886940939e+00
4.730889999999981398e-06 1.149985222881291902e+00
4.735889999999981350e-06 1.149985222884720937e+00
4.740889999999981302e-06 1.149985222888399994e+00
4.745889999999981254e-06 1.149985222889621905e+00
4.750889999999981207e-06 1.149985222885751890e+00
4.755889999999981159e-06 1.149985222888419978e+00
4.760889999999981111e-06 1.149985222890149927e+00
4.765889999999981063e-06 1.149985222892456971e+00
4.770889999999981015e-06 1.149985222891575010e+00
4.775889999999980967e-06 1.149985222893209036e+00
4.780889999999980919e-06 1.149985222891696024e+00
4.785889999999980872e-06 1.149985222891982906e+00
4.790889999999980824e-06 1.149985222889992942e+00
4.795889999999980776e-06 1.149985222892252024e+00
4.800889999999980728e-06 1.149985222893940895e+00
4.805889999999980680e-06 1.149985222893850967e+00
4.810889999999980632e-06 1.149985222880091973e+00
4.815889999999980584e-06 1.149985222867704104e+00
4.820889999999981383e-06 1.149985222860119949e+00
4.825889999999979641e-06 1.149985222861003020e+00
4.830889999999979594e-06 1.149985222863932011e+00
4.835889999999980393e-06 1.149985222872387913e+00
4.840889999999980345e-06 1.149985222877051960e+00
4.845889999999980297e-06 1.149985222882178970e+00
4.850889999999980249e-06 1.149985222887063063e+00
4.855889999999980201e-06 1.149985222893092018e+00
4.860889999999980153e-06 1.149985222890445025e+00
4.865889999999980106e-06 1.149985222889656988e+00
4.870889999999980058e-06 1.149985222887000891e+00
4.875889999999980010e-06 1.149985222883330049e+00
4.880889999999979962e-06 1.149985222876086954e+00
4.885889999999979914e-06 1.149985222878469937e+00
4.890889999999979866e-06 1.149985222888413983e+00
4.895889999999979818e-06 1.149985222904643001e+00
4.900889999999979770e-06 1.149985222910004934e+00
4.905889999999979723e-06 1.149985222910054006e+00
4.910889999999979675e-06 1.149985222906942051e+00
4.915889999999979627e-06 1.149985222905060001e+00
4.920889999999979579e-06 1.149985222897933035e+00
4.925889999999980378e-06 1.149985222896251047e+00
4.930889999999978636e-06 1.149985222895298920e+00
4.935889999999978588e-06 1.149985222893884051e+00
4.940889999999979387e-06 1.149985222889033931e+00
4.945889999999979340e-06 1.149985222890838044e+00
4.950889999999979292e-06 1.149985222892164982e+00
4.955889999999979244e-06 1.149985222893820991e+00
4.960889999999979196e-06 1.149985222887389025e+00
4.965889999999979148e-06 1.149985222884980951e+00
4.970889999999979100e-06 1.149985222889611913e+00
4.975889999999979052e-06 1.149985222899641002e+00
4.980889999999979004e-06 1.149985222901312998e+00
4.985889999999978957e-06 1.149985222902550008e+00
4.990889999999978909e-06 1.149985222900886006e+00
4.995444999999989235e-06 1.149985222892500936e+00
5.000000000000000409e-06 1.149985222885905989e+00
