# freq_hz rev(vout) imv(vout) rev(vinp) imv(vinp) rev(vinn) imv(vinn) rev(vdd) imv(vdd) rev(vss) imv(vss)
1.000000000000e-01 1.083170063740e-01 -6.206637136363e-06 0.000000000000e+00 0.000000000000e+00 -9.878169802298e-24 -1.723918698534e-19 0.000000000000e+00 0.000000000000e+00 1.000000000000e+00 0.000000000000e+00
1.122018454302e-01 1.083170062793e-01 -6.963961400240e-06 0.000000000000e+00 0.000000000000e+00 -9.878169793908e-24 -1.536444155991e-19 0.000000000000e+00 0.000000000000e+00 1.000000000000e+00 0.000000000000e+00
1.258925411794e-01 1.083170061606e-01 -7.813693197634e-06 0.000000000000e+00 0.000000000000e+00 -9.878169783185e-24 -1.369357293916e-19 0.000000000000e+00 0.000000000000e+00 1.000000000000e+00 0.000000000000e+00
1.412537544623e-01 1.083170060111e-01 -8.767107951863e-06 0.000000000000e+00 0.000000000000e+00 -9.878169769511e-24 -1.220440971159e-19 0.000000000000e+00 0.000000000000e+00 1.000000000000e+00 0.000000000000e+00
1.584893192461e-01 1.083170058225e-01 -9.836856895523e-06 0.000000000000e+00 0.000000000000e+00 -9.878169752114e-24 -1.087719158589e-19 0.000000000000e+00 0.000000000000e+00 1.000000000000e+00 0.000000000000e+00
1.778279410039e-01 1.083170055857e-01 -1.103713494457e-05 0.000000000000e+00 0.000000000000e+00 -9.878169730160e-24 -9.694307183986e-20 0.000000000000e+00 0.000000000000e+00 1.000000000000e+00 0.000000000000e+00
1.995262314969e-01 1.083170052871e-01 -1.238386905562e-05 0.000000000000e+00 0.000000000000e+00 -9.878169702387e-24 -8.640060348463e-20 0.000000000000e+00 0.000000000000e+00 1.000000000000e+00 0.000000000000e+00
2.238721138568e-01 1.083170049112e-01 -1.389492956680e-05 0.000000000000e+00 0.000000000000e+00 -9.878169667366e-24 -7.700461864380e-20 0.000000000000e+00 0.000000000000e+00 1.000000000000e+00 0.000000000000e+00
2.511886431510e-01 1.083170044382e-01 -1.559036732552e-05 0.000000000000e+00 0.000000000000e+00 -9.878169623235e-24 -6.863043830721e-20 0.000000000000e+00 0.000000000000e+00 1.000000000000e+00 0.000000000000e+00
2.818382931264e-01 1.083170038423e-01 -1.749267975006e-05 0.000000000000e+00 0.000000000000e+00 -9.878169567600e-24 -6.116694218934e-20 0.000000000000e+00 0.000000000000e+00 1.000000000000e+00 0.000000000000e+00
3.162277660168e-01 1.083170030924e-01 -1.962710935558e-05 0.000000000000e+00 0.000000000000e+00 -9.878169497549e-24 -5.451509423160e-20 0.000000000000e+00 0.000000000000e+00 1.000000000000e+00 0.000000000000e+00
3.548133892336e-01 1.083170021486e-01 -2.202197870494e-05 0.000000000000e+00 0.000000000000e+00 -9.878169409354e-24 -4.858662845300e-20 0.000000000000e+00 0.000000000000e+00 1.000000000000e+00 0.000000000000e+00
3.981071705535e-01 1.083170009597e-01 -2.470906622924e-05 0.000000000000e+00 0.000000000000e+00 -9.878169298236e-24 -4.330287771419e-20 0.000000000000e+00 0.000000000000e+00 1.000000000000e+00 0.000000000000e+00
4.466835921510e-01 1.083169994639e-01 -2.772402790537e-05 0.000000000000e+00 0.000000000000e+00 -9.878169158421e-24 -3.859372985371e-20 0.000000000000e+00 0.000000000000e+00 1.000000000000e+00 0.000000000000e+00
5.011872336273e-01 1.083169975802e-01 -3.110687038291e-05 0.000000000000e+00 0.000000000000e+00 -9.878168982334e-24 -3.439669734004e-20 0.000000000000e+00 0.000000000000e+00 1.000000000000e+00 0.000000000000e+00
5.623413251903e-01 1.083169952085e-01 -3.490248184179e-05 0.000000000000e+00 0.000000000000e+00 -9.878168760612e-24 -3.065608810176e-20 0.000000000000e+00 0.000000000000e+00 1.000000000000e+00 0.000000000000e+00
6.309573444802e-01 1.083169922236e-01 -3.916122762112e-05 0.000000000000e+00 0.000000000000e+00 -9.878168481553e-24 -2.732226652727e-20 0.000000000000e+00 0.000000000000e+00 1.000000000000e+00 0.000000000000e+00
7.079457843841e-01 1.083169884647e-01 -4.393961852087e-05 0.000000000000e+00 0.000000000000e+00 -9.878168130137e-24 -2.435099482934e-20 0.000000000000e+00 0.000000000000e+00 1.000000000000e+00 0.000000000000e+00
7.943282347243e-01 1.083169837330e-01 -4.930106064753e-05 0.000000000000e+00 0.000000000000e+00 -9.878167687758e-24 -2.170284603806e-20 0.000000000000e+00 0.000000000000e+00 1.000000000000e+00 0.000000000000e+00
8.912509381337e-01 1.083169777767e-01 -5.531669674481e-05 0.000000000000e+00 0.000000000000e+00 -9.878167130895e-24 -1.934268082796e-20 0.000000000000e+00 0.000000000000e+00 1.000000000000e+00 0.000000000000e+00
1.000000000000e+00 1.083169702777e-01 -6.206635017353e-05 0.000000000000e+00 0.000000000000e+00 -9.878166429790e-24 -1.723918124043e-20 0.000000000000e+00 0.000000000000e+00 1.000000000000e+00 0.000000000000e+00
1.122018454302e+00 1.083169608371e-01 -6.963958406347e-05 0.000000000000e+00 0.000000000000e+00 -9.878165547161e-24 -1.536443511408e-20 0.000000000000e+00 0.000000000000e+00 1.000000000000e+00 0.000000000000e+00
1.258925411794e+00 1.083169489523e-01 -7.813688967987e-05 0.000000000000e+00 0.000000000000e+00 -9.878164436012e-24 -1.369356570682e-20 0.000000000000e+00 0.000000000000e+00 1.000000000000e+00 0.000000000000e+00
1.412537544623e+00 1.083169339898e-01 -8.767101976700e-05 0.000000000000e+00 0.000000000000e+00 -9.878163037113e-24 -1.220440159673e-20 0.000000000000e+00 0.000000000000e+00 1.000000000000e+00 0.000000000000e+00
1.584893192461e+00 1.083169151538e-01 -9.836848454929e-05 0.000000000000e+00 0.000000000000e+00 -9.878161276071e-24 -1.087718248093e-20 0.000000000000e+00 0.000000000000e+00 1.000000000000e+00 0.000000000000e+00
1.778279410039e+00 1.083168914400e-01 -1.103712302140e-04 0.000000000000e+00 0.000000000000e+00 -9.878159058986e-24 -9.694296968015e-21 0.000000000000e+00 0.000000000000e+00 1.000000000000e+00 0.000000000000e+00
1.995262314969e+00 1.083168615863e-01 -1.238385221328e-04 0.000000000000e+00 0.000000000000e+00 -9.878156267854e-24 -8.640048885964e-21 0.000000000000e+00 0.000000000000e+00 1.000000000000e+00 0.000000000000e+00
2.238721138568e+00 1.083168240029e-01 -1.389490577602e-04 0.000000000000e+00 0.000000000000e+00 -9.878152754048e-24 -7.700449003261e-21 0.000000000000e+00 0.000000000000e+00 1.000000000000e+00 0.000000000000e+00
2.511886431510e+00 1.083167766876e-01 -1.559033371975e-04 0.000000000000e+00 0.000000000000e+00 -9.878148330373e-24 -6.863029400276e-21 0.000000000000e+00 0.000000000000e+00 1.000000000000e+00 0.000000000000e+00
2.818382931264e+00 1.083167171220e-01 -1.749263228046e-04 0.000000000000e+00 0.000000000000e+00 -9.878142761373e-24 -6.116678027749e-21 0.000000000000e+00 0.000000000000e+00 1.000000000000e+00 0.000000000000e+00
3.162277660168e+00 1.083166421328e-01 -1.962704230271e-04 0.000000000000e+00 0.000000000000e+00 -9.878135750366e-24 -5.451491256347e-21 0.000000000000e+00 0.000000000000e+00 1.000000000000e+00 0.000000000000e+00
3.548133892336e+00 1.083165477280e-01 -2.202188399014e-04 0.000000000000e+00 0.000000000000e+00 -9.878126924122e-24 -4.858642461828e-21 0.000000000000e+00 0.000000000000e+00 1.000000000000e+00 0.000000000000e+00
3.981071705535e+00 1.083164288788e-01 -2.470893244099e-04 0.000000000000e+00 0.000000000000e+00 -9.878115812483e-24 -4.330264900817e-21 0.000000000000e+00 0.000000000000e+00 1.000000000000e+00 0.000000000000e+00
4.466835921510e+00 1.083162792571e-01 -2.772383892437e-04 0.000000000000e+00 0.000000000000e+00 -9.878101823820e-24 -3.859347324149e-21 0.000000000000e+00 0.000000000000e+00 1.000000000000e+00 0.000000000000e+00
5.011872336273e+00 1.083160908950e-01 -3.110660344038e-04 0.000000000000e+00 0.000000000000e+00 -9.878084213169e-24 -3.439640941682e-21 0.000000000000e+00 0.000000000000e+00 1.000000000000e+00 0.000000000000e+00
5.623413251903e+00 1.083158537617e-01 -3.490210477606e-04 0.000000000000e+00 0.000000000000e+00 -9.878062042732e-24 -3.065576504725e-21 0.000000000000e+00 0.000000000000e+00 1.000000000000e+00 0.000000000000e+00
6.309573444802e+00 1.083155552320e-01 -3.916069500327e-04 0.000000000000e+00 0.000000000000e+00 -9.878034132117e-24 -2.732190405536e-21 0.000000000000e+00 0.000000000000e+00 1.000000000000e+00 0.000000000000e+00
7.079457843841e+00 1.083151794063e-01 -4.393886618086e-04 0.000000000000e+00 0.000000000000e+00 -9.877998994825e-24 -2.435058813069e-21 0.000000000000e+00 0.000000000000e+00 1.000000000000e+00 0.000000000000e+00
7.943282347243e+00 1.083147062743e-01 -4.929999794406e-04 0.000000000000e+00 0.000000000000e+00 -9.877954760026e-24 -2.170238971688e-21 0.000000000000e+00 0.000000000000e+00 1.000000000000e+00 0.000000000000e+00
8.912509381337e+00 1.083141106415e-01 -5.531519564420e-04 0.000000000000e+00 0.000000000000e+00 -9.877899072178e-24 -1.934216882991e-21 0.000000000000e+00 0.000000000000e+00 1.000000000000e+00 0.000000000000e+00
1.000000000000e+01 1.083133607949e-01 -6.206422982810e-04 0.000000000000e+00 0.000000000000e+00 -9.877828966333e-24 -1.723860677341e-21 0.000000000000e+00 0.000000000000e+00 1.000000000000e+00 0.000000000000e+00
1.122018454302e+01 1.083124168084e-01 -6.963658902279e-04 0.000000000000e+00 0.000000000000e+00 -9.877740709649e-24 -1.536379055727e-21 0.000000000000e+00 0.000000000000e+00 1.000000000000e+00 0.000000000000e+00
1.258925411794e+01 1.083112284231e-01 -7.813265911979e-04 0.000000000000e+00 0.000000000000e+00 -9.877629603255e-24 -1.369284251029e-21 0.000000000000e+00 0.000000000000e+00 1.000000000000e+00 0.000000000000e+00
1.412537544623e+01 1.083097323740e-01 -8.766504402812e-04 0.000000000000e+00 0.000000000000e+00 -9.877489732261e-24 -1.220359016856e-21 0.000000000000e+00 0.000000000000e+00 1.000000000000e+00 0.000000000000e+00
1.584893192461e+01 1.083078490189e-01 -9.836004374474e-04 0.000000000000e+00 0.000000000000e+00 -9.877313650646e-24 -1.087627205985e-21 0.000000000000e+00 0.000000000000e+00 1.000000000000e+00 0.000000000000e+00
1.778279410039e+01 1.083054781117e-01 -1.103593075314e-03 0.000000000000e+00 0.000000000000e+00 -9.877091986037e-24 -9.693275481965e-22 0.000000000000e+00 0.000000000000e+00 1.000000000000e+00 0.000000000000e+00
1.995262314969e+01 1.083024934674e-01 -1.238216813767e-03 0.000000000000e+00 0.000000000000e+00 -9.876812940938e-24 -8.638902792477e-22 0.000000000000e+00 0.000000000000e+00 1.000000000000e+00 0.000000000000e+00
2.238721138568e+01 1.082987362623e-01 -1.389252704140e-03 0.000000000000e+00 0.000000000000e+00 -9.876461666372e-24 -7.699163111387e-22 0.000000000000e+00 0.000000000000e+00 1.000000000000e+00 0.000000000000e+00
2.511886431510e+01 1.082940066017e-01 -1.558697381983e-03 0.000000000000e+00 0.000000000000e+00 -9.876019473455e-24 -6.861586671148e-22 0.000000000000e+00 0.000000000000e+00 1.000000000000e+00 0.000000000000e+00
2.818382931264e+01 1.082880529124e-01 -1.748788656557e-03 0.000000000000e+00 0.000000000000e+00 -9.875462841707e-24 -6.115059351098e-22 0.000000000000e+00 0.000000000000e+00 1.000000000000e+00 0.000000000000e+00
3.162277660168e+01 1.082805586179e-01 -1.962033928280e-03 0.000000000000e+00 0.000000000000e+00 -9.874762173261e-24 -5.449675201473e-22 0.000000000000e+00 0.000000000000e+00 1.000000000000e+00 0.000000000000e+00
3.548133892336e+01 1.082711253714e-01 -2.201241657685e-03 0.000000000000e+00 0.000000000000e+00 -9.873880225240e-24 -4.856604998531e-22 0.000000000000e+00 0.000000000000e+00 1.000000000000e+00 0.000000000000e+00
3.981071705535e+01 1.082592520128e-01 -2.469556088275e-03 0.000000000000e+00 0.000000000000e+00 -9.872770142402e-24 -4.327979088977e-22 0.000000000000e+00 0.000000000000e+00 1.000000000000e+00 0.000000000000e+00
4.466835921510e+01 1.082443081369e-01 -2.770495379621e-03 0.000000000000e+00 0.000000000000e+00 -9.871372985891e-24 -3.856782967691e-22 0.000000000000e+00 0.000000000000e+00 1.000000000000e+00 0.000000000000e+00
5.011872336273e+01 1.082255009231e-01 -3.107993228688e-03 0.000000000000e+00 0.000000000000e+00 -9.869614632077e-24 -3.436764204036e-22 0.000000000000e+00 0.000000000000e+00 1.000000000000e+00 0.000000000000e+00
5.623413251903e+01 1.082018335701e-01 -3.486443930178e-03 0.000000000000e+00 0.000000000000e+00 -9.867401886439e-24 -3.062349482933e-22 0.000000000000e+00 0.000000000000e+00 1.000000000000e+00 0.000000000000e+00
6.309573444802e+01 1.081720532220e-01 -3.910750626869e-03 0.000000000000e+00 0.000000000000e+00 -9.864617614979e-24 -2.728570659378e-22 0.000000000000e+00 0.000000000000e+00 1.000000000000e+00 0.000000000000e+00
7.079457843841e+01 1.081345858731e-01 -4.386376204241e-03 0.000000000000e+00 0.000000000000e+00 -9.861114658277e-24 -2.430998847726e-22 0.000000000000e+00 0.000000000000e+00 1.000000000000e+00 0.000000000000e+00
7.943282347243e+01 1.080874550942e-01 -4.919395840744e-03 0.000000000000e+00 0.000000000000e+00 -9.856708232862e-24 -2.165685671545e-22 0.000000000000e+00 0.000000000000e+00 1.000000000000e+00 0.000000000000e+00
8.912509381337e+01 1.080281808172e-01 -5.516549587479e-03 0.000000000000e+00 0.000000000000e+00 -9.851166468305e-24 -1.929110897351e-22 0.000000000000e+00 0.000000000000e+00 1.000000000000e+00 0.000000000000e+00
1.000000000000e+02 1.079536536259e-01 -6.185292434459e-03 0.000000000000e+00 0.000000000000e+00 -9.844198654131e-24 -1.718135759939e-22 0.000000000000e+00 0.000000000000e+00 1.000000000000e+00 0.000000000000e+00
1.122018454302e+02 1.078599792245e-01 -6.933838029606e-03 0.000000000000e+00 0.000000000000e+00 -9.835440698674e-24 -1.529961364678e-22 0.000000000000e+00 0.000000000000e+00 1.000000000000e+00 0.000000000000e+00
1.258925411794e+02 1.077422868693e-01 -7.771190407823e-03 0.000000000000e+00 0.000000000000e+00 -9.824437218649e-24 -1.362091619935e-22 0.000000000000e+00 0.000000000000e+00 1.000000000000e+00 0.000000000000e+00
1.412537544623e+02 1.075944948843e-01 -8.707155602534e-03 0.000000000000e+00 0.000000000000e+00 -9.810619616371e-24 -1.212300216408e-22 0.000000000000e+00 0.000000000000e+00 1.000000000000e+00 0.000000000000e+00
1.584893192461e+02 1.074090258655e-01 -9.752321628033e-03 0.000000000000e+00 0.000000000000e+00 -9.793279453193e-24 -1.078601225653e-22 0.000000000000e+00 0.000000000000e+00 1.000000000000e+00 0.000000000000e+00
1.778279410039e+02 1.071764643676e-01 -1.091799081306e-02 0.000000000000e+00 0.000000000000e+00 -9.771536445398e-24 -9.592229427458e-23 0.000000000000e+00 0.000000000000e+00 1.000000000000e+00 0.000000000000e+00
1.995262314969e+02 1.068851510249e-01 -1.221604257448e-02 0.000000000000e+00 0.000000000000e+00 -9.744300517101e-24 -8.525846451928e-23 0.000000000000e+00 0.000000000000e+00 1.000000000000e+00 0.000000000000e+00
2.238721138568e+02 1.065207102389e-01 -1.365869727972e-02 0.000000000000e+00 0.000000000000e+00 -9.710227642081e-24 -7.572759860134e-23 0.000000000000e+00 0.000000000000e+00 1.000000000000e+00 0.000000000000e+00
2.511886431510e+02 1.060655145197e-01 -1.525814280763e-02 0.000000000000e+00 0.000000000000e+00 -9.667669763144e-24 -6.720387799241e-23 0.000000000000e+00 0.000000000000e+00 1.000000000000e+00 0.000000000000e+00
2.818382931264e+02 1.054980993328e-01 -1.702597519690e-02 0.000000000000e+00 0.000000000000e+00 -9.614620084047e-24 -5.957509822159e-23 0.000000000000e+00 0.000000000000e+00 1.000000000000e+00 0.000000000000e+00
3.162277660168e+02 1.047925595388e-01 -1.897239444291e-02 0.000000000000e+00 0.000000000000e+00 -9.548656640472e-24 -5.274126955999e-23 0.000000000000e+00 0.000000000000e+00 1.000000000000e+00 0.000000000000e+00
3.548133892336e+02 1.039179850454e-01 -2.110508851888e-02 0.000000000000e+00 0.000000000000e+00 -9.466889537137e-24 -4.661340721063e-23 0.000000000000e+00 0.000000000000e+00 1.000000000000e+00 0.000000000000e+00
3.981071705535e+02 1.028380313101e-01 -2.342773748586e-02 0.000000000000e+00 0.000000000000e+00 -9.365920792510e-24 -4.111249992832e-23 0.000000000000e+00 0.000000000000e+00 1.000000000000e+00 0.000000000000e+00
4.466835921510e+02 1.015107712763e-01 -2.593808249830e-02 0.000000000000e+00 0.000000000000e+00 -9.241830495835e-24 -3.616864668769e-23 0.000000000000e+00 0.000000000000e+00 1.000000000000e+00 0.000000000000e+00
5.011872336273e+02 9.988903729665e-02 -2.862554250842e-02 0.000000000000e+00 0.000000000000e+00 -9.090208774732e-24 -3.172034916252e-23 0.000000000000e+00 0.000000000000e+00 1.000000000000e+00 0.000000000000e+00
5.623413251903e+02 9.792152605317e-02 -3.146843853198e-02 0.000000000000e+00 0.000000000000e+00 -8.906259098160e-24 -2.771394206390e-23 0.000000000000e+00 0.000000000000e+00 1.000000000000e+00 0.000000000000e+00
6.309573444802e+02 9.555498695457e-02 -3.443101575068e-02 0.000000000000e+00 0.000000000000e+00 -8.685002877509e-24 -2.410313255554e-23 0.000000000000e+00 0.000000000000e+00 1.000000000000e+00 0.000000000000e+00
7.079457843841e+02 9.273780965925e-02 -3.746064453950e-02 0.000000000000e+00 0.000000000000e+00 -8.421614876987e-24 -2.084860330318e-23 0.000000000000e+00 0.000000000000e+00 1.000000000000e+00 0.000000000000e+00
7.943282347243e+02 8.942521853447e-02 -4.048581917465e-02 0.000000000000e+00 0.000000000000e+00 -8.111908862219e-24 -1.791761257457e-23 0.000000000000e+00 0.000000000000e+00 1.000000000000e+00 0.000000000000e+00
8.912509381337e+02 8.558601489194e-02 -4.341580493747e-02 0.000000000000e+00 0.000000000000e+00 -7.752967956007e-24 -1.528350405792e-23 0.000000000000e+00 0.000000000000e+00 1.000000000000e+00 0.000000000000e+00
1.000000000000e+03 8.121035020834e-02 -4.614290478137e-02 0.000000000000e+00 0.000000000000e+00 -7.343871384573e-24 -1.292502866588e-23 0.000000000000e+00 0.000000000000e+00 1.000000000000e+00 0.000000000000e+00
1.122018454302e+03 7.631740675342e-02 -4.854817471575e-02 0.000000000000e+00 0.000000000000e+00 -6.886412566991e-24 -1.082539461111e-23 0.000000000000e+00 0.000000000000e+00 1.000000000000e+00 0.000000000000e+00
1.258925411794e+03 7.096127156957e-02 -5.051087168676e-02 0.000000000000e+00 0.000000000000e+00 -6.385648294581e-24 -8.971013717396e-24 0.000000000000e+00 0.000000000000e+00 1.000000000000e+00 0.000000000000e+00
1.412537544623e+03 6.523300810360e-02 -5.192094581202e-02 0.000000000000e+00 0.000000000000e+00 -5.850092415205e-24 -7.350003355284e-24 0.000000000000e+00 0.000000000000e+00 1.000000000000e+00 0.000000000000e+00
1.584893192461e+03 5.925728007320e-02 -5.269270291662e-02 0.000000000000e+00 0.000000000000e+00 -5.291400186426e-24 -5.950614894866e-24 0.000000000000e+00 0.000000000000e+00 1.000000000000e+00 0.000000000000e+00
1.778279410039e+03 5.318300688464e-02 -5.277682902997e-02 0.000000000000e+00 0.000000000000e+00 -4.723494616997e-24 -4.759847291937e-24 0.000000000000e+00 0.000000000000e+00 1.000000000000e+00 0.000000000000e+00
1.995262314969e+03 4.716919077702e-02 -5.216783078957e-02 0.000000000000e+00 0.000000000000e+00 -4.161241395807e-24 -3.762517748913e-24 0.000000000000e+00 0.000000000000e+00 1.000000000000e+00 0.000000000000e+00
2.238721138568e+03 4.136861955752e-02 -5.090488672045e-02 0.000000000000e+00 0.000000000000e+00 -3.618925202213e-24 -2.940973834587e-24 0.000000000000e+00 0.000000000000e+00 1.000000000000e+00 0.000000000000e+00
2.511886431510e+03 3.591288677593e-02 -4.906587217638e-02 0.000000000000e+00 0.000000000000e+00 -3.108849188413e-24 -2.275466509707e-24 0.000000000000e+00 0.000000000000e+00 1.000000000000e+00 0.000000000000e+00
2.818382931264e+03 3.090170963109e-02 -4.675618952224e-02 0.000000000000e+00 0.000000000000e+00 -2.640336272285e-24 -1.745028960835e-24 0.000000000000e+00 0.000000000000e+00 1.000000000000e+00 0.000000000000e+00
3.162277660168e+03 2.639810130100e-02 -4.409522200663e-02 0.000000000000e+00 0.000000000000e+00 -2.219277781166e-24 -1.328595639534e-24 0.000000000000e+00 0.000000000000e+00 1.000000000000e+00 0.000000000000e+00
3.548133892336e+03 2.242924752074e-02 -4.120334308179e-02 0.000000000000e+00 0.000000000000e+00 -1.848215406286e-24 -1.006085373630e-24 0.000000000000e+00 0.000000000000e+00 1.000000000000e+00 0.000000000000e+00
3.981071705535e+03 1.899164437374e-02 -3.819162613935e-02 0.000000000000e+00 0.000000000000e+00 -1.526821553187e-24 -7.592463294048e-25 0.000000000000e+00 0.000000000000e+00 1.000000000000e+00 0.000000000000e+00
4.466835921510e+03 1.605851788388e-02 -3.515522304757e-02 0.000000000000e+00 0.000000000000e+00 -1.252593025989e-24 -5.721706695431e-25 0.000000000000e+00 0.000000000000e+00 1.000000000000e+00 0.000000000000e+00
5.011872336273e+03 1.358770224632e-02 -3.217032715961e-02 0.000000000000e+00 0.000000000000e+00 -1.021587591384e-24 -4.314854474867e-25 0.000000000000e+00 0.000000000000e+00 1.000000000000e+00 0.000000000000e+00
5.623413251903e+03 1.152869974498e-02 -2.929398271612e-02 0.000000000000e+00 0.000000000000e+00 -8.290840354906e-25 -3.262875178548e-25 0.000000000000e+00 0.000000000000e+00 1.000000000000e+00 0.000000000000e+00
6.309573444802e+03 9.828268563323e-03 -2.656577315960e-02 0.000000000000e+00 0.000000000000e+00 -6.701045882732e-25 -2.479117705138e-25 0.000000000000e+00 0.000000000000e+00 1.000000000000e+00 0.000000000000e+00
7.079457843841e+03 8.434386477125e-03 -2.401049342994e-02 0.000000000000e+00 0.000000000000e+00 -5.397855033171e-25 -1.896154097379e-25 0.000000000000e+00 0.000000000000e+00 1.000000000000e+00 0.000000000000e+00
7.943282347243e+03 7.298750250492e-03 -2.164112801586e-02 0.000000000000e+00 0.000000000000e+00 -4.336107351144e-25 -1.462408271515e-25 0.000000000000e+00 0.000000000000e+00 1.000000000000e+00 0.000000000000e+00
8.912509381337e+03 6.378111848656e-03 -1.946169890335e-02 0.000000000000e+00 0.000000000000e+00 -3.475368663197e-25 -1.138969940870e-25 0.000000000000e+00 0.000000000000e+00 1.000000000000e+00 0.000000000000e+00
1.000000000000e+04 5.634777377032e-03 -1.746975303961e-02 0.000000000000e+00 0.000000000000e+00 -2.780397550849e-25 -8.968026727771e-26 0.000000000000e+00 0.000000000000e+00 1.000000000000e+00 0.000000000000e+00
1.122018454302e+04 5.036555753963e-03 -1.565840293237e-02 0.000000000000e+00 0.000000000000e+00 -2.221097360794e-25 -7.144202854488e-26 0.000000000000e+00 0.000000000000e+00 1.000000000000e+00 0.000000000000e+00
1.258925411794e+04 4.556381563653e-03 -1.401792328169e-02 0.000000000000e+00 0.000000000000e+00 -1.772163593857e-25 -5.760235210715e-26 0.000000000000e+00 0.000000000000e+00 1.000000000000e+00 0.000000000000e+00
1.412537544623e+04 4.171772817868e-03 -1.253695252462e-02 0.000000000000e+00 0.000000000000e+00 -1.412576942254e-25 -4.700464550111e-26 0.000000000000e+00 0.000000000000e+00 1.000000000000e+00 0.000000000000e+00
1.584893192461e+04 3.864230350965e-03 -1.120336566473e-02 0.000000000000e+00 0.000000000000e+00 -1.125041758832e-25 -3.880459355415e-26 0.000000000000e+00 0.000000000000e+00 1.000000000000e+00 0.000000000000e+00
1.778279410039e+04 3.618644554289e-03 -1.000488682872e-02 0.000000000000e+00 0.000000000000e+00 -8.954313843353e-26 -3.238665222442e-26 0.000000000000e+00 0.000000000000e+00 1.000000000000e+00 0.000000000000e+00
1.995262314969e+04 3.422745975622e-03 -8.929502366674e-03 0.000000000000e+00 0.000000000000e+00 -7.122744865901e-26 -2.730202123707e-26 0.000000000000e+00 0.000000000000e+00 1.000000000000e+00 0.000000000000e+00
2.238721138568e+04 3.266617111470e-03 -7.965725966711e-03 0.000000000000e+00 0.000000000000e+00 -5.662986073059e-26 -2.322300225438e-26 0.000000000000e+00 0.000000000000e+00 1.000000000000e+00 0.000000000000e+00
2.511886431510e+04 3.142270597613e-03 -7.102756355697e-03 0.000000000000e+00 0.000000000000e+00 -4.500357856176e-26 -1.990965403010e-26 0.000000000000e+00 0.000000000000e+00 1.000000000000e+00 0.000000000000e+00
2.818382931264e+04 3.043292030075e-03 -6.330559112937e-03 0.000000000000e+00 0.000000000000e+00 -3.574886024829e-26 -1.718556284477e-26 0.000000000000e+00 0.000000000000e+00 1.000000000000e+00 0.000000000000e+00
3.162277660168e+04 2.964541934065e-03 -5.639896007994e-03 0.000000000000e+00 0.000000000000e+00 -2.838515224336e-26 -1.492030597922e-26 0.000000000000e+00 0.000000000000e+00 1.000000000000e+00 0.000000000000e+00
3.548133892336e+04 2.901909836890e-03 -5.022319324923e-03 0.000000000000e+00 0.000000000000e+00 -2.252809422086e-26 -1.301679443230e-26 0.000000000000e+00 0.000000000000e+00 1.000000000000e+00 0.000000000000e+00
3.981071705535e+04 2.852113026506e-03 -4.470143498878e-03 0.000000000000e+00 0.000000000000e+00 -1.787070132868e-26 -1.140215298795e-26 0.000000000000e+00 0.000000000000e+00 1.000000000000e+00 0.000000000000e+00
4.466835921510e+04 2.812532950762e-03 -3.976403044923e-03 0.000000000000e+00 0.000000000000e+00 -1.416806463111e-26 -1.002115433807e-26 0.000000000000e+00 0.000000000000e+00 1.000000000000e+00 0.000000000000e+00
5.011872336273e+04 2.781082879532e-03 -3.534802841430e-03 0.000000000000e+00 0.000000000000e+00 -1.122497356921e-26 -8.831491660758e-27 0.000000000000e+00 0.000000000000e+00 1.000000000000e+00 0.000000000000e+00
5.623413251903e+04 2.756101283898e-03 -3.139665037888e-03 0.000000000000e+00 0.000000000000e+00 -8.885941474488e-27 -7.800371826591e-27 0.000000000000e+00 0.000000000000e+00 1.000000000000e+00 0.000000000000e+00
6.309573444802e+04 2.736266204790e-03 -2.785875363362e-03 0.000000000000e+00 0.000000000000e+00 -7.027191913937e-27 -6.902055993443e-27 0.000000000000e+00 0.000000000000e+00 1.000000000000e+00 0.000000000000e+00
7.079457843841e+04 2.720526658326e-03 -2.468830661574e-03 0.000000000000e+00 0.000000000000e+00 -5.550235796491e-27 -6.116079437672e-27 0.000000000000e+00 0.000000000000e+00 1.000000000000e+00 0.000000000000e+00
7.943282347243e+04 2.708047805936e-03 -2.184388724178e-03 0.000000000000e+00 0.000000000000e+00 -4.376733041698e-27 -5.425958383481e-27 0.000000000000e+00 0.000000000000e+00 1.000000000000e+00 0.000000000000e+00
8.912509381337e+04 2.698167218457e-03 -1.928821101643e-03 0.000000000000e+00 0.000000000000e+00 -3.444388101394e-27 -4.818246261879e-27 0.000000000000e+00 0.000000000000e+00 1.000000000000e+00 0.000000000000e+00
1.000000000000e+05 2.690360052846e-03 -1.698769117821e-03 0.000000000000e+00 0.000000000000e+00 -2.703675022730e-27 -4.281841011075e-27 0.000000000000e+00 0.000000000000e+00 1.000000000000e+00 0.000000000000e+00
1.122018454302e+05 2.684211391195e-03 -1.491203222418e-03 0.000000000000e+00 0.000000000000e+00 -2.115226920667e-27 -3.807473126438e-27 0.000000000000e+00 0.000000000000e+00 1.000000000000e+00 0.000000000000e+00
1.258925411794e+05 2.679394325670e-03 -1.303385559642e-03 0.000000000000e+00 0.000000000000e+00 -1.647756512246e-27 -3.387324200685e-27 0.000000000000e+00 0.000000000000e+00 1.000000000000e+00 0.000000000000e+00
1.412537544623e+05 2.675652663549e-03 -1.132835609851e-03 0.000000000000e+00 0.000000000000e+00 -1.276400671293e-27 -3.014740026004e-27 0.000000000000e+00 0.000000000000e+00 1.000000000000e+00 0.000000000000e+00
1.584893192461e+05 2.672787356656e-03 -9.772986872711e-04 0.000000000000e+00 0.000000000000e+00 -9.814031487819e-28 -2.684012535789e-27 0.000000000000e+00 0.000000000000e+00 1.000000000000e+00 0.000000000000e+00
1.778279410039e+05 2.670645946674e-03 -8.347170353239e-04 0.000000000000e+00 0.000000000000e+00 -7.470667517423e-28 -2.390212141365e-27 0.000000000000e+00 0.000000000000e+00 1.000000000000e+00 0.000000000000e+00
1.995262314969e+05 2.669114472127e-03 -7.032032409694e-04 0.000000000000e+00 0.000000000000e+00 -5.609200903504e-28 -2.129057210825e-27 0.000000000000e+00 0.000000000000e+00 1.000000000000e+00 0.000000000000e+00
2.238721138568e+05 2.668111418727e-03 -5.810157663319e-04 0.000000000000e+00 0.000000000000e+00 -4.130551573976e-28 -1.896811146751e-27 0.000000000000e+00 0.000000000000e+00 1.000000000000e+00 0.000000000000e+00
2.511886431510e+05 2.667583385979e-03 -4.665362477452e-04 0.000000000000e+00 0.000000000000e+00 -2.956007446387e-28 -1.690200148632e-27 0.000000000000e+00 0.000000000000e+00 1.000000000000e+00 0.000000000000e+00
2.818382931264e+05 2.667502247435e-03 -3.582483923928e-04 0.000000000000e+00 0.000000000000e+00 -2.023039590240e-28 -1.506346648919e-27 0.000000000000e+00 0.000000000000e+00 1.000000000000e+00 0.000000000000e+00
3.162277660168e+05 2.667863666519e-03 -2.547181806400e-04 0.000000000000e+00 0.000000000000e+00 -1.281976534030e-28 -1.342714763381e-27 0.000000000000e+00 0.000000000000e+00 1.000000000000e+00 0.000000000000e+00
3.548133892336e+05 2.668686793546e-03 -1.545751993756e-04 0.000000000000e+00 0.000000000000e+00 -6.933618574312e-29 -1.197065014019e-27 0.000000000000e+00 0.000000000000e+00 1.000000000000e+00 0.000000000000e+00
3.981071705535e+05 2.670015372297e-03 -5.649485862263e-05 0.000000000000e+00 0.000000000000e+00 -2.258546611097e-29 -1.067416454825e-27 0.000000000000e+00 0.000000000000e+00 1.000000000000e+00 0.000000000000e+00
4.466835921510e+05 2.671919979470e-03 4.081867707992e-05 0.000000000000e+00 0.000000000000e+00 1.454383895423e-29 -9.520145350110e-28 0.000000000000e+00 0.000000000000e+00 1.000000000000e+00 0.000000000000e+00
5.011872336273e+05 2.674501761773e-03 1.386490046188e-04 0.000000000000e+00 0.000000000000e+00 4.402880392651e-29 -8.493037075455e-28 0.000000000000e+00 0.000000000000e+00 1.000000000000e+00 0.000000000000e+00
5.623413251903e+05 2.677897776697e-03 2.382835967182e-04 0.000000000000e+00 0.000000000000e+00 6.743949017544e-29 -7.579038729047e-28 0.000000000000e+00 0.000000000000e+00 1.000000000000e+00 0.000000000000e+00
6.309573444802e+05 2.682288115512e-03 3.410295918757e-04 0.000000000000e+00 0.000000000000e+00 8.602252713667e-29 -6.765899725472e-28 0.000000000000e+00 0.000000000000e+00 1.000000000000e+00 0.000000000000e+00
7.079457843841e+05 2.687905521664e-03 4.482293568079e-04 0.000000000000e+00 0.000000000000e+00 1.007674872122e-28 -6.042743099446e-28 0.000000000000e+00 0.000000000000e+00 1.000000000000e+00 0.000000000000e+00
7.943282347243e+05 2.695047310346e-03 5.612757828426e-04 0.000000000000e+00 0.000000000000e+00 1.124595744833e-28 -5.399910044201e-28 0.000000000000e+00 0.000000000000e+00 1.000000000000e+00 0.000000000000e+00
8.912509381337e+05 2.704091003237e-03 6.816272273953e-04 0.000000000000e+00 0.000000000000e+00 1.217214343843e-28 -4.828824647710e-28 0.000000000000e+00 0.000000000000e+00 1.000000000000e+00 0.000000000000e+00
1.000000000000e+06 2.715513758206e-03 8.108218986169e-04 0.000000000000e+00 0.000000000000e+00 1.290463131320e-28 -4.321874376525e-28 0.000000000000e+00 0.000000000000e+00 1.000000000000e+00 0.000000000000e+00
1.122018454302e+06 2.729916775005e-03 9.504912698641e-04 0.000000000000e+00 0.000000000000e+00 1.348243278750e-28 -3.872304838710e-28 0.000000000000e+00 0.000000000000e+00 1.000000000000e+00 0.000000000000e+00
1.258925411794e+06 2.748055913041e-03 1.102371903911e-03 0.000000000000e+00 0.000000000000e+00 1.393632505860e-28 -3.474127048004e-28 0.000000000000e+00 0.000000000000e+00 1.000000000000e+00 0.000000000000e+00
1.412537544623e+06 2.770879422616e-03 1.268314716564e-03 0.000000000000e+00 0.000000000000e+00 1.429049141425e-28 -3.122034939884e-28 0.000000000000e+00 0.000000000000e+00 1.000000000000e+00 0.000000000000e+00
1.584893192461e+06 2.799574812048e-03 1.450290213699e-03 0.000000000000e+00 0.000000000000e+00 1.456381146224e-28 -2.811332473459e-28 0.000000000000e+00 0.000000000000e+00 1.000000000000e+00 0.000000000000e+00
1.778279410039e+06 2.835626085725e-03 1.650387645914e-03 0.000000000000e+00 0.000000000000e+00 1.477087067320e-28 -2.537868378589e-28 0.000000000000e+00 0.000000000000e+00 1.000000000000e+00 0.000000000000e+00
1.995262314969e+06 2.880883320136e-03 1.870805097200e-03 0.000000000000e+00 0.000000000000e+00 1.492274356846e-28 -2.297977651514e-28 0.000000000000e+00 0.000000000000e+00 1.000000000000e+00 0.000000000000e+00
2.238721138568e+06 2.937646839756e-03 2.113826318904e-03 0.000000000000e+00 0.000000000000e+00 1.502759328509e-28 -2.088429003286e-28 0.000000000000e+00 0.000000000000e+00 1.000000000000e+00 0.000000000000e+00
2.511886431510e+06 3.008766678020e-03 2.381778672086e-03 0.000000000000e+00 0.000000000000e+00 1.509112212472e-28 -1.906376352888e-28 0.000000000000e+00 0.000000000000e+00 1.000000000000e+00 0.000000000000e+00
2.818382931264e+06 3.097758549775e-03 2.676964457868e-03 0.000000000000e+00 0.000000000000e+00 1.511689987989e-28 -1.749313694150e-28 0.000000000000e+00 0.000000000000e+00 1.000000000000e+00 0.000000000000e+00
3.162277660168e+06 3.208935772740e-03 3.001555419507e-03 0.000000000000e+00 0.000000000000e+00 1.510659193517e-28 -1.615032091359e-28 0.000000000000e+00 0.000000000000e+00 1.000000000000e+00 0.000000000000e+00
3.548133892336e+06 3.347553260688e-03 3.357437403338e-03 0.000000000000e+00 0.000000000000e+00 1.506010694853e-28 -1.501577068026e-28 0.000000000000e+00 0.000000000000e+00 1.000000000000e+00 0.000000000000e+00
3.981071705535e+06 3.519955848424e-03 3.745988974800e-03 0.000000000000e+00 0.000000000000e+00 1.497568258513e-28 -1.407204929173e-28 0.000000000000e+00 0.000000000000e+00 1.000000000000e+00 0.000000000000e+00
4.466835921510e+06 3.733716039994e-03 4.167774999265e-03 0.000000000000e+00 0.000000000000e+00 1.484992967021e-28 -1.330336225257e-28 0.000000000000e+00 0.000000000000e+00 1.000000000000e+00 0.000000000000e+00
5.011872336273e+06 3.997735723985e-03 4.622134794418e-03 0.000000000000e+00 0.000000000000e+00 1.467785990566e-28 -1.269504406652e-28 0.000000000000e+00 0.000000000000e+00 1.000000000000e+00 0.000000000000e+00
5.623413251903e+06 4.322272508618e-03 5.106646096990e-03 0.000000000000e+00 0.000000000000e+00 1.445292978747e-28 -1.223298029722e-28 0.000000000000e+00 0.000000000000e+00 1.000000000000e+00 0.000000000000e+00
6.309573444802e+06 4.718831191142e-03 5.616454442294e-03 0.000000000000e+00 0.000000000000e+00 1.416714608304e-28 -1.190294900688e-28 0.000000000000e+00 0.000000000000e+00 1.000000000000e+00 0.000000000000e+00
7.079457843841e+06 5.199841102839e-03 6.143475372743e-03 0.000000000000e+00 0.000000000000e+00 1.381129028385e-28 -1.168988407113e-28 0.000000000000e+00 0.000000000000e+00 1.000000000000e+00 0.000000000000e+00
7.943282347243e+06 5.778016442458e-03 6.675512094291e-03 0.000000000000e+00 0.000000000000e+00 1.337533655523e-28 -1.157707655202e-28 0.000000000000e+00 0.000000000000e+00 1.000000000000e+00 0.000000000000e+00
8.912509381337e+06 6.465288247665e-03 7.195385183827e-03 0.000000000000e+00 0.000000000000e+00 1.284914349548e-28 -1.154537447427e-28 0.000000000000e+00 0.000000000000e+00 1.000000000000e+00 0.000000000000e+00
1.000000000000e+07 7.271207430889e-03 7.680249176965e-03 0.000000000000e+00 0.000000000000e+00 1.222349620691e-28 -1.157248604872e-28 0.000000000000e+00 0.000000000000e+00 1.000000000000e+00 0.000000000000e+00
1.122018454302e+07 8.200777662583e-03 8.101362377221e-03 0.000000000000e+00 0.000000000000e+00 1.149153887059e-28 -1.163255646281e-28 0.000000000000e+00 0.000000000000e+00 1.000000000000e+00 0.000000000000e+00
1.258925411794e+07 9.251801294812e-03 8.424659071241e-03 0.000000000000e+00 0.000000000000e+00 1.065056056928e-28 -1.169624423162e-28 0.000000000000e+00 0.000000000000e+00 1.000000000000e+00 0.000000000000e+00
1.412537544623e+07 1.041202323881e-02 8.612500615114e-03 0.000000000000e+00 0.000000000000e+00 9.703968935165e-29 -1.173154633909e-28 0.000000000000e+00 0.000000000000e+00 1.000000000000e+00 0.000000000000e+00
1.584893192461e+07 1.165661437413e-02 8.626890217526e-03 0.000000000000e+00 0.000000000000e+00 8.663121452988e-29 -1.170556985280e-28 0.000000000000e+00 0.000000000000e+00 1.000000000000e+00 0.000000000000e+00
1.778279410039e+07 1.294677255815e-02 8.434169111799e-03 0.000000000000e+00 0.000000000000e+00 7.548530885742e-29 -1.158728396721e-28 0.000000000000e+00 0.000000000000e+00 1.000000000000e+00 0.000000000000e+00
1.995262314969e+07 1.423030947055e-02 8.010762218223e-03 0.000000000000e+00 0.000000000000e+00 6.389898688503e-29 -1.135100922307e-28 0.000000000000e+00 0.000000000000e+00 1.000000000000e+00 0.000000000000e+00
2.238721138568e+07 1.544489347683e-02 7.349006816400e-03 0.000000000000e+00 0.000000000000e+00 5.224548701024e-29 -1.098006848650e-28 0.000000000000e+00 0.000000000000e+00 1.000000000000e+00 0.000000000000e+00
2.511886431510e+07 1.652407028224e-02 6.461678996082e-03 0.000000000000e+00 0.000000000000e+00 4.094166599250e-29 -1.046977057731e-28 0.000000000000e+00 0.000000000000e+00 1.000000000000e+00 0.000000000000e+00
2.818382931264e+07 1.740537713355e-02 5.383779456262e-03 0.000000000000e+00 0.000000000000e+00 3.040236667188e-29 -9.828869513984e-29 0.000000000000e+00 0.000000000000e+00 1.000000000000e+00 0.000000000000e+00
3.162277660168e+07 1.803907688490e-02 4.170593220837e-03 0.000000000000e+00 0.000000000000e+00 2.099026708131e-29 -9.078925267094e-29 0.000000000000e+00 0.000000000000e+00 1.000000000000e+00 0.000000000000e+00
3.548133892336e+07 1.839559957921e-02 2.891935298977e-03 0.000000000000e+00 0.000000000000e+00 1.297205268743e-29 -8.251522329794e-29 0.000000000000e+00 0.000000000000e+00 1.000000000000e+00 0.000000000000e+00
3.981071705535e+07 1.846992385140e-02 1.623537630670e-03 0.000000000000e+00 0.000000000000e+00 6.490564810916e-30 -7.383890311232e-29 0.000000000000e+00 0.000000000000e+00 1.000000000000e+00 0.000000000000e+00
4.466835921510e+07 1.828184990066e-02 4.373489436438e-04 0.000000000000e+00 0.000000000000e+00 1.558289748270e-30 -6.513887753394e-29 0.000000000000e+00 0.000000000000e+00 1.000000000000e+00 0.000000000000e+00
5.011872336273e+07 1.787217205911e-02 -6.071937985746e-04 0.000000000000e+00 0.000000000000e+00 -1.928179490098e-30 -5.675412971736e-29 0.000000000000e+00 0.000000000000e+00 1.000000000000e+00 0.000000000000e+00
5.623413251903e+07 1.729578826410e-02 -1.469193695625e-03 0.000000000000e+00 0.000000000000e+00 -4.158140768671e-30 -4.895087864955e-29 0.000000000000e+00 0.000000000000e+00 1.000000000000e+00 0.000000000000e+00
6.309573444802e+07 1.661344547057e-02 -2.128706445155e-03 0.000000000000e+00 0.000000000000e+00 -5.369525469540e-30 -4.190635058867e-29 0.000000000000e+00 0.000000000000e+00 1.000000000000e+00 0.000000000000e+00
7.079457843841e+07 1.588392340263e-02 -2.585611176290e-03 0.000000000000e+00 0.000000000000e+00 -5.812772795563e-30 -3.570901869867e-29 0.000000000000e+00 0.000000000000e+00 1.000000000000e+00 0.000000000000e+00
7.943282347243e+07 1.515803426899e-02 -2.855831798197e-03 0.000000000000e+00 0.000000000000e+00 -5.722064600660e-30 -3.037127444303e-29 0.000000000000e+00 0.000000000000e+00 1.000000000000e+00 0.000000000000e+00
8.912509381337e+07 1.447509150111e-02 -2.966203626241e-03 0.000000000000e+00 0.000000000000e+00 -5.296891696091e-30 -2.584886327226e-29 0.000000000000e+00 0.000000000000e+00 1.000000000000e+00 0.000000000000e+00
1.000000000000e+08 1.386178204751e-02 -2.949225349586e-03 0.000000000000e+00 0.000000000000e+00 -4.693837926785e-30 -2.206171132923e-29 0.000000000000e+00 0.000000000000e+00 1.000000000000e+00 0.000000000000e+00
1.122018454302e+08 1.333289608008e-02 -2.838569745367e-03 0.000000000000e+00 0.000000000000e+00 -4.026425809255e-30 -1.891231208131e-29 0.000000000000e+00 0.000000000000e+00 1.000000000000e+00 0.000000000000e+00
1.258925411794e+08 1.289319838091e-02 -2.665768536385e-03 0.000000000000e+00 0.000000000000e+00 -3.370098305506e-30 -1.629974449131e-29 0.000000000000e+00 0.000000000000e+00 1.000000000000e+00 0.000000000000e+00
1.412537544623e+08 1.253979804135e-02 -2.458114737852e-03 0.000000000000e+00 0.000000000000e+00 -2.769633364475e-30 -1.412897555363e-29 0.000000000000e+00 0.000000000000e+00 1.000000000000e+00 0.000000000000e+00
1.584893192461e+08 1.226455783823e-02 -2.237612891325e-03 0.000000000000e+00 0.000000000000e+00 -2.247010423633e-30 -1.231606655941e-29 0.000000000000e+00 0.000000000000e+00 1.000000000000e+00 0.000000000000e+00
1.778279410039e+08 1.205627082633e-02 -2.020735299899e-03 0.000000000000e+00 0.000000000000e+00 -1.808546001509e-30 -1.079029024592e-29 0.000000000000e+00 0.000000000000e+00 1.000000000000e+00 0.000000000000e+00
1.995262314969e+08 1.190246563435e-02 -1.818749757390e-03 0.000000000000e+00 0.000000000000e+00 -1.450751672922e-30 -9.494171400306e-30 0.000000000000e+00 0.000000000000e+00 1.000000000000e+00 0.000000000000e+00
2.238721138568e+08 1.179078284733e-02 -1.638415654369e-03 0.000000000000e+00 0.000000000000e+00 -1.164780846259e-30 -8.382291750175e-30 0.000000000000e+00 0.000000000000e+00 1.000000000000e+00 0.000000000000e+00
2.511886431510e+08 1.170991518736e-02 -1.482874343596e-03 0.000000000000e+00 0.000000000000e+00 -9.395599212086e-31 -7.419487051156e-30 0.000000000000e+00 0.000000000000e+00 1.000000000000e+00 0.000000000000e+00
2.818382931264e+08 1.165014439038e-02 -1.352585415811e-03 0.000000000000e+00 0.000000000000e+00 -7.638091066065e-31 -6.578872043592e-30 0.000000000000e+00 0.000000000000e+00 1.000000000000e+00 0.000000000000e+00
3.162277660168e+08 1.160354229806e-02 -1.246191792522e-03 0.000000000000e+00 0.000000000000e+00 -6.271985104870e-31 -5.839971414825e-30 0.000000000000e+00 0.000000000000e+00 1.000000000000e+00 0.000000000000e+00
3.548133892336e+08 1.156392715110e-02 -1.161236557645e-03 0.000000000000e+00 0.000000000000e+00 -5.208837768141e-31 -5.187110248652e-30 0.000000000000e+00 0.000000000000e+00 1.000000000000e+00 0.000000000000e+00
3.981071705535e+08 1.152667245234e-02 -1.094697901710e-03 0.000000000000e+00 0.000000000000e+00 -4.376373879606e-31 -4.608123223806e-30 0.000000000000e+00 0.000000000000e+00 1.000000000000e+00 0.000000000000e+00
4.466835921510e+08 1.148845539701e-02 -1.043346642541e-03 0.000000000000e+00 0.000000000000e+00 -3.717480973930e-31 -4.093377274325e-30 0.000000000000e+00 0.000000000000e+00 1.000000000000e+00 0.000000000000e+00
5.011872336273e+08 1.144701042220e-02 -1.003957461721e-03 0.000000000000e+00 0.000000000000e+00 -3.188125753534e-31 -3.635065241253e-30 0.000000000000e+00 0.000000000000e+00 1.000000000000e+00 0.000000000000e+00
5.623413251903e+08 1.140092773817e-02 -9.734189336013e-04 0.000000000000e+00 0.000000000000e+00 -2.754989328402e-31 -3.226712894966e-30 0.000000000000e+00 0.000000000000e+00 1.000000000000e+00 0.000000000000e+00
6.309573444802e+08 1.134951155188e-02 -9.487902522148e-04 0.000000000000e+00 0.000000000000e+00 -2.393262554409e-31 -2.862841491525e-30 0.000000000000e+00 0.000000000000e+00 1.000000000000e+00 0.000000000000e+00
7.079457843841e+08 1.129269089490e-02 -9.273463359110e-04 0.000000000000e+00 0.000000000000e+00 -2.084788928389e-31 -2.538736180619e-30 0.000000000000e+00 0.000000000000e+00 1.000000000000e+00 0.000000000000e+00
7.943282347243e+08 1.123095973236e-02 -9.066393007883e-04 0.000000000000e+00 0.000000000000e+00 -1.816580602500e-31 -2.250282287513e-30 0.000000000000e+00 0.000000000000e+00 1.000000000000e+00 0.000000000000e+00
8.912509381337e+08 1.116531509473e-02 -8.845852192627e-04 0.000000000000e+00 0.000000000000e+00 -1.579646137893e-31 -1.993843722876e-30 0.000000000000e+00 0.000000000000e+00 1.000000000000e+00 0.000000000000e+00
1.000000000000e+09 1.109716490585e-02 -8.595646868290e-04 0.000000000000e+00 0.000000000000e+00 -1.368039688161e-31 -1.766168649071e-30 0.000000000000e+00 0.000000000000e+00 1.000000000000e+00 0.000000000000e+00
