# freq_hz rev(vout) imv(vout) rev(vinp) imv(vinp) rev(vinn) imv(vinn) rev(vdd) imv(vdd) rev(vss) imv(vss)
1.000000000000e-01 6.555036189255e-01 -4.790596305378e-05 0.000000000000e+00 0.000000000000e+00 -7.624470823586e-23 -1.043266411666e-18 0.000000000000e+00 0.000000000000e+00 1.000000000000e+00 0.000000000000e+00
1.122018454302e-01 6.555036179819e-01 -5.375137453954e-05 0.000000000000e+00 0.000000000000e+00 -7.624470812536e-23 -9.298121667825e-19 0.000000000000e+00 0.000000000000e+00 1.000000000000e+00 0.000000000000e+00
1.258925411794e-01 6.555036167940e-01 -6.031003406605e-05 0.000000000000e+00 0.000000000000e+00 -7.624470798451e-23 -8.286959644313e-19 0.000000000000e+00 0.000000000000e+00 1.000000000000e+00 0.000000000000e+00
1.412537544623e-01 6.555036152987e-01 -6.766897104311e-05 0.000000000000e+00 0.000000000000e+00 -7.624470780584e-23 -7.385760540422e-19 0.000000000000e+00 0.000000000000e+00 1.000000000000e+00 0.000000000000e+00
1.584893192461e-01 6.555036134159e-01 -7.592583406888e-05 0.000000000000e+00 0.000000000000e+00 -7.624470757977e-23 -6.582565991575e-19 0.000000000000e+00 0.000000000000e+00 1.000000000000e+00 0.000000000000e+00
1.778279410039e-01 6.555036110463e-01 -8.519018666469e-05 0.000000000000e+00 0.000000000000e+00 -7.624470729440e-23 -5.866718094111e-19 0.000000000000e+00 0.000000000000e+00 1.000000000000e+00 0.000000000000e+00
1.995262314969e-01 6.555036080627e-01 -9.558496111189e-05 0.000000000000e+00 0.000000000000e+00 -7.624470693439e-23 -5.228717981344e-19 0.000000000000e+00 0.000000000000e+00 1.000000000000e+00 0.000000000000e+00
2.238721138568e-01 6.555036043067e-01 -1.072480896830e-04 0.000000000000e+00 0.000000000000e+00 -7.624470648063e-23 -4.660099779407e-19 0.000000000000e+00 0.000000000000e+00 1.000000000000e+00 0.000000000000e+00
2.511886431510e-01 6.555035995780e-01 -1.203343349107e-04 0.000000000000e+00 0.000000000000e+00 -7.624470590893e-23 -4.153318270232e-19 0.000000000000e+00 0.000000000000e+00 1.000000000000e+00 0.000000000000e+00
2.818382931264e-01 6.555035936249e-01 -1.350173431808e-04 0.000000000000e+00 0.000000000000e+00 -7.624470518885e-23 -3.701648771095e-19 0.000000000000e+00 0.000000000000e+00 1.000000000000e+00 0.000000000000e+00
3.162277660168e-01 6.555035861306e-01 -1.514919488980e-04 0.000000000000e+00 0.000000000000e+00 -7.624470428207e-23 -3.299097902162e-19 0.000000000000e+00 0.000000000000e+00 1.000000000000e+00 0.000000000000e+00
3.548133892336e-01 6.555035766957e-01 -1.699767597962e-04 0.000000000000e+00 0.000000000000e+00 -7.624470314027e-23 -2.940324057976e-19 0.000000000000e+00 0.000000000000e+00 1.000000000000e+00 0.000000000000e+00
3.981071705535e-01 6.555035648177e-01 -1.907170576977e-04 0.000000000000e+00 0.000000000000e+00 -7.624470170264e-23 -2.620566527602e-19 0.000000000000e+00 0.000000000000e+00 1.000000000000e+00 0.000000000000e+00
4.466835921510e-01 6.555035498645e-01 -2.139880532071e-04 0.000000000000e+00 0.000000000000e+00 -7.624469989267e-23 -2.335582322889e-19 0.000000000000e+00 0.000000000000e+00 1.000000000000e+00 0.000000000000e+00
5.011872336273e-01 6.555035310392e-01 -2.400985375226e-04 0.000000000000e+00 0.000000000000e+00 -7.624469761390e-23 -2.081589876582e-19 0.000000000000e+00 0.000000000000e+00 1.000000000000e+00 0.000000000000e+00
5.623413251903e-01 6.555035073400e-01 -2.693949798149e-04 0.000000000000e+00 0.000000000000e+00 -7.624469474507e-23 -1.855218863240e-19 0.000000000000e+00 0.000000000000e+00 1.000000000000e+00 0.000000000000e+00
6.309573444802e-01 6.555034775042e-01 -3.022661245301e-04 0.000000000000e+00 0.000000000000e+00 -7.624469113333e-23 -1.653465477047e-19 0.000000000000e+00 0.000000000000e+00 1.000000000000e+00 0.000000000000e+00
7.079457843841e-01 6.555034399427e-01 -3.391481496072e-04 0.000000000000e+00 0.000000000000e+00 -7.624468658629e-23 -1.473652573147e-19 0.000000000000e+00 0.000000000000e+00 1.000000000000e+00 0.000000000000e+00
7.943282347243e-01 6.555033926563e-01 -3.805304540320e-04 0.000000000000e+00 0.000000000000e+00 -7.624468086197e-23 -1.313394143555e-19 0.000000000000e+00 0.000000000000e+00 1.000000000000e+00 0.000000000000e+00
8.912509381337e-01 6.555033331263e-01 -4.269621514921e-04 0.000000000000e+00 0.000000000000e+00 -7.624467365545e-23 -1.170563656278e-19 0.000000000000e+00 0.000000000000e+00 1.000000000000e+00 0.000000000000e+00
1.000000000000e+00 6.555032581819e-01 -4.790593562579e-04 0.000000000000e+00 0.000000000000e+00 -7.624466458287e-23 -1.043265837525e-19 0.000000000000e+00 0.000000000000e+00 1.000000000000e+00 0.000000000000e+00
1.122018454302e+00 6.555031638333e-01 -5.375133579067e-04 0.000000000000e+00 0.000000000000e+00 -7.624465316125e-23 -9.298115225863e-20 0.000000000000e+00 0.000000000000e+00 1.000000000000e+00 0.000000000000e+00
1.258925411794e+00 6.555030450549e-01 -6.030997932660e-04 0.000000000000e+00 0.000000000000e+00 -7.624463878220e-23 -8.286952416315e-20 0.000000000000e+00 0.000000000000e+00 1.000000000000e+00 0.000000000000e+00
1.412537544623e+00 6.555028955223e-01 -6.766889371697e-04 0.000000000000e+00 0.000000000000e+00 -7.624462068010e-23 -7.385752430480e-20 0.000000000000e+00 0.000000000000e+00 1.000000000000e+00 0.000000000000e+00
1.584893192461e+00 6.555027072712e-01 -7.592572483866e-04 0.000000000000e+00 0.000000000000e+00 -7.624459789081e-23 -6.582556892072e-20 0.000000000000e+00 0.000000000000e+00 1.000000000000e+00 0.000000000000e+00
1.778279410039e+00 6.555024702774e-01 -8.519003236915e-04 0.000000000000e+00 0.000000000000e+00 -7.624456920081e-23 -5.866707884298e-20 0.000000000000e+00 0.000000000000e+00 1.000000000000e+00 0.000000000000e+00
1.995262314969e+00 6.555021719207e-01 -9.558474316049e-04 0.000000000000e+00 0.000000000000e+00 -7.624453308235e-23 -5.228706525753e-20 0.000000000000e+00 0.000000000000e+00 1.000000000000e+00 0.000000000000e+00
2.238721138568e+00 6.555017963122e-01 -1.072477818157e-03 0.000000000000e+00 0.000000000000e+00 -7.624448761192e-23 -4.660086926030e-20 0.000000000000e+00 0.000000000000e+00 1.000000000000e+00 0.000000000000e+00
2.511886431510e+00 6.555013234497e-01 -1.203339000343e-03 0.000000000000e+00 0.000000000000e+00 -7.624443036812e-23 -4.153303848519e-20 0.000000000000e+00 0.000000000000e+00 1.000000000000e+00 0.000000000000e+00
2.818382931264e+00 6.555007281514e-01 -1.350167288997e-03 0.000000000000e+00 0.000000000000e+00 -7.624435830247e-23 -3.701632589679e-20 0.000000000000e+00 0.000000000000e+00 1.000000000000e+00 0.000000000000e+00
3.162277660168e+00 6.554999787175e-01 -1.514910812019e-03 0.000000000000e+00 0.000000000000e+00 -7.624426757747e-23 -3.299079746336e-20 0.000000000000e+00 0.000000000000e+00 1.000000000000e+00 0.000000000000e+00
3.548133892336e+00 6.554990352387e-01 -1.699755341429e-03 0.000000000000e+00 0.000000000000e+00 -7.624415336176e-23 -2.940303686835e-20 0.000000000000e+00 0.000000000000e+00 1.000000000000e+00 0.000000000000e+00
3.981071705535e+00 6.554978474736e-01 -1.907153264183e-03 0.000000000000e+00 0.000000000000e+00 -7.624400957324e-23 -2.620543670853e-20 0.000000000000e+00 0.000000000000e+00 1.000000000000e+00 0.000000000000e+00
4.466835921510e+00 6.554963521718e-01 -2.139856077143e-03 0.000000000000e+00 0.000000000000e+00 -7.624382855493e-23 -2.335556677255e-20 0.000000000000e+00 0.000000000000e+00 1.000000000000e+00 0.000000000000e+00
5.011872336273e+00 6.554944697083e-01 -2.400950831813e-03 0.000000000000e+00 0.000000000000e+00 -7.624360066756e-23 -2.081561101795e-20 0.000000000000e+00 0.000000000000e+00 1.000000000000e+00 0.000000000000e+00
5.623413251903e+00 6.554920998439e-01 -2.693901004455e-03 0.000000000000e+00 0.000000000000e+00 -7.624331377640e-23 -1.855186577521e-20 0.000000000000e+00 0.000000000000e+00 1.000000000000e+00 0.000000000000e+00
6.309573444802e+00 6.554891163858e-01 -3.022592322695e-03 0.000000000000e+00 0.000000000000e+00 -7.624295260479e-23 -1.653429252047e-20 0.000000000000e+00 0.000000000000e+00 1.000000000000e+00 0.000000000000e+00
7.079457843841e+00 6.554853604750e-01 -3.391384140881e-03 0.000000000000e+00 0.000000000000e+00 -7.624249792154e-23 -1.473611928274e-20 0.000000000000e+00 0.000000000000e+00 1.000000000000e+00 0.000000000000e+00
7.943282347243e+00 6.554806321288e-01 -3.805167023500e-03 0.000000000000e+00 0.000000000000e+00 -7.624192551717e-23 -1.313348539606e-20 0.000000000000e+00 0.000000000000e+00 1.000000000000e+00 0.000000000000e+00
8.912509381337e+00 6.554746795927e-01 -4.269427269091e-03 0.000000000000e+00 0.000000000000e+00 -7.624120491475e-23 -1.170512488292e-20 0.000000000000e+00 0.000000000000e+00 1.000000000000e+00 0.000000000000e+00
1.000000000000e+01 6.554671859548e-01 -4.790319186351e-03 0.000000000000e+00 0.000000000000e+00 -7.624029774956e-23 -1.043208426792e-20 0.000000000000e+00 0.000000000000e+00 1.000000000000e+00 0.000000000000e+00
1.122018454302e+01 6.554577522762e-01 -5.374746018194e-03 0.000000000000e+00 0.000000000000e+00 -7.623915572682e-23 -9.297471076584e-21 0.000000000000e+00 0.000000000000e+00 1.000000000000e+00 0.000000000000e+00
1.258925411794e+01 6.554458763800e-01 -6.030450498791e-03 0.000000000000e+00 0.000000000000e+00 -7.623771805399e-23 -8.286229682695e-21 0.000000000000e+00 0.000000000000e+00 1.000000000000e+00 0.000000000000e+00
1.412537544623e+01 6.554309261512e-01 -6.766116119349e-03 0.000000000000e+00 0.000000000000e+00 -7.623590820843e-23 -7.384941529474e-21 0.000000000000e+00 0.000000000000e+00 1.000000000000e+00 0.000000000000e+00
1.584893192461e+01 6.554121059365e-01 -7.591480268865e-03 0.000000000000e+00 0.000000000000e+00 -7.623362986993e-23 -6.581647073648e-21 0.000000000000e+00 0.000000000000e+00 1.000000000000e+00 0.000000000000e+00
1.778279410039e+01 6.553884142893e-01 -8.517460500845e-03 0.000000000000e+00 0.000000000000e+00 -7.623076180530e-23 -5.865687090029e-21 0.000000000000e+00 0.000000000000e+00 1.000000000000e+00 0.000000000000e+00
1.995262314969e+01 6.553585908067e-01 -9.556295247654e-03 0.000000000000e+00 0.000000000000e+00 -7.622715143264e-23 -5.227561230527e-21 0.000000000000e+00 0.000000000000e+00 1.000000000000e+00 0.000000000000e+00
2.238721138568e+01 6.553210492835e-01 -1.072170035099e-02 0.000000000000e+00 0.000000000000e+00 -7.622260672904e-23 -4.658801961031e-21 0.000000000000e+00 0.000000000000e+00 1.000000000000e+00 0.000000000000e+00
2.511886431510e+01 6.552737936711e-01 -1.202904278174e-02 0.000000000000e+00 0.000000000000e+00 -7.621688605672e-23 -4.151862203366e-21 0.000000000000e+00 0.000000000000e+00 1.000000000000e+00 0.000000000000e+00
2.818382931264e+01 6.552143124633e-01 -1.349553286205e-02 0.000000000000e+00 0.000000000000e+00 -7.620968537767e-23 -3.700015191559e-21 0.000000000000e+00 0.000000000000e+00 1.000000000000e+00 0.000000000000e+00
3.162277660168e+01 6.551394460414e-01 -1.514043614202e-02 0.000000000000e+00 0.000000000000e+00 -7.620062219459e-23 -3.297265213784e-21 0.000000000000e+00 0.000000000000e+00 1.000000000000e+00 0.000000000000e+00
3.548133892336e+01 6.550452201143e-01 -1.698530577155e-02 0.000000000000e+00 0.000000000000e+00 -7.618921538755e-23 -2.938268055642e-21 0.000000000000e+00 0.000000000000e+00 1.000000000000e+00 0.000000000000e+00
3.981071705535e+01 6.549266368060e-01 -1.905423567895e-02 0.000000000000e+00 0.000000000000e+00 -7.617485992343e-23 -2.618260089747e-21 0.000000000000e+00 0.000000000000e+00 1.000000000000e+00 0.000000000000e+00
4.466835921510e+01 6.547774127897e-01 -2.137413401409e-02 0.000000000000e+00 0.000000000000e+00 -7.615679515493e-23 -2.332995070819e-21 0.000000000000e+00 0.000000000000e+00 1.000000000000e+00 0.000000000000e+00
5.011872336273e+01 6.545896514916e-01 -2.397501500748e-02 0.000000000000e+00 0.000000000000e+00 -7.613406513824e-23 -2.078687798524e-21 0.000000000000e+00 0.000000000000e+00 1.000000000000e+00 0.000000000000e+00
5.623413251903e+01 6.543534333301e-01 -2.689030543198e-02 0.000000000000e+00 0.000000000000e+00 -7.610546902812e-23 -1.851963901255e-21 0.000000000000e+00 0.000000000000e+00 1.000000000000e+00 0.000000000000e+00
6.309573444802e+01 6.540563044791e-01 -3.015715897452e-02 0.000000000000e+00 0.000000000000e+00 -7.606949918868e-23 -1.649815075915e-21 0.000000000000e+00 0.000000000000e+00 1.000000000000e+00 0.000000000000e+00
7.079457843841e+01 6.536826405449e-01 -3.381676765943e-02 0.000000000000e+00 0.000000000000e+00 -7.602426416128e-23 -1.469559191550e-21 0.000000000000e+00 0.000000000000e+00 1.000000000000e+00 0.000000000000e+00
7.943282347243e+01 6.532128569490e-01 -3.791465352292e-02 0.000000000000e+00 0.000000000000e+00 -7.596739307502e-23 -1.308804729958e-21 0.000000000000e+00 0.000000000000e+00 1.000000000000e+00 0.000000000000e+00
8.912509381337e+01 6.526224329024e-01 -4.250091536605e-02 0.000000000000e+00 0.000000000000e+00 -7.589591749099e-23 -1.165419094947e-21 0.000000000000e+00 0.000000000000e+00 1.000000000000e+00 0.000000000000e+00
1.000000000000e+02 6.518807109741e-01 -4.763039375824e-02 0.000000000000e+00 0.000000000000e+00 -7.580612608037e-23 -1.037500374578e-21 0.000000000000e+00 0.000000000000e+00 1.000000000000e+00 0.000000000000e+00
1.122018454302e+02 6.509494301888e-01 -5.336270145441e-02 0.000000000000e+00 0.000000000000e+00 -7.569338704407e-23 -9.233521883725e-22 0.000000000000e+00 0.000000000000e+00 1.000000000000e+00 0.000000000000e+00
1.258925411794e+02 6.497809484802e-01 -5.976204472413e-02 0.000000000000e+00 0.000000000000e+00 -7.555193292642e-23 -8.214612947575e-22 0.000000000000e+00 0.000000000000e+00 1.000000000000e+00 0.000000000000e+00
1.412537544623e+02 6.483161124435e-01 -6.689673232951e-02 0.000000000000e+00 0.000000000000e+00 -7.537460273158e-23 -7.304776738452e-22 0.000000000000e+00 0.000000000000e+00 1.000000000000e+00 0.000000000000e+00
1.584893192461e+02 6.464817418302e-01 -7.483823160600e-02 0.000000000000e+00 0.000000000000e+00 -7.515253740131e-23 -6.491968374927e-22 0.000000000000e+00 0.000000000000e+00 1.000000000000e+00 0.000000000000e+00
1.778279410039e+02 6.441877182247e-01 -8.365958434349e-02 0.000000000000e+00 0.000000000000e+00 -7.487482737591e-23 -5.765441530491e-22 0.000000000000e+00 0.000000000000e+00 1.000000000000e+00 0.000000000000e+00
1.995262314969e+02 6.413237092321e-01 -9.343293926847e-02 0.000000000000e+00 0.000000000000e+00 -7.452811603077e-23 -5.115609996770e-22 0.000000000000e+00 0.000000000000e+00 1.000000000000e+00 0.000000000000e+00
2.238721138568e+02 6.377556314590e-01 -1.042258959620e-01 0.000000000000e+00 0.000000000000e+00 -7.409617149165e-23 -4.533926065320e-22 0.000000000000e+00 0.000000000000e+00 1.000000000000e+00 0.000000000000e+00
2.511886431510e+02 6.333220707253e-01 -1.160962952172e-01 0.000000000000e+00 0.000000000000e+00 -7.355945327263e-23 -4.012774497315e-22 0.000000000000e+00 0.000000000000e+00 1.000000000000e+00 0.000000000000e+00
2.818382931264e+02 6.278310513919e-01 -1.290850500485e-01 0.000000000000e+00 0.000000000000e+00 -7.289472117708e-23 -3.545381081724e-22 0.000000000000e+00 0.000000000000e+00 1.000000000000e+00 0.000000000000e+00
3.162277660168e+02 6.210577920127e-01 -1.432066201468e-01 0.000000000000e+00 0.000000000000e+00 -7.207476360136e-23 -3.125734934335e-22 0.000000000000e+00 0.000000000000e+00 1.000000000000e+00 0.000000000000e+00
3.548133892336e+02 6.127444063071e-01 -1.584368393637e-01 0.000000000000e+00 0.000000000000e+00 -7.106836133511e-23 -2.748523704992e-22 0.000000000000e+00 0.000000000000e+00 1.000000000000e+00 0.000000000000e+00
3.981071705535e+02 6.026028882010e-01 -1.746980809567e-01 0.000000000000e+00 0.000000000000e+00 -6.984064892445e-23 -2.409080656480e-22 0.000000000000e+00 0.000000000000e+00 1.000000000000e+00 0.000000000000e+00
4.466835921510e+02 5.903230931796e-01 -1.918422751571e-01 0.000000000000e+00 0.000000000000e+00 -6.835408087908e-23 -2.103342051326e-22 0.000000000000e+00 0.000000000000e+00 1.000000000000e+00 0.000000000000e+00
5.011872336273e+02 5.755876581742e-01 -2.096331580979e-01 0.000000000000e+00 0.000000000000e+00 -6.657023784461e-23 -1.827812339076e-22 0.000000000000e+00 0.000000000000e+00 1.000000000000e+00 0.000000000000e+00
5.623413251903e+02 5.580956544055e-01 -2.277303512257e-01 0.000000000000e+00 0.000000000000e+00 -6.445268996968e-23 -1.579533250320e-22 0.000000000000e+00 0.000000000000e+00 1.000000000000e+00 0.000000000000e+00
6.309573444802e+02 5.375959222635e-01 -2.456793188696e-01 0.000000000000e+00 0.000000000000e+00 -6.197103236155e-23 -1.356051231716e-22 0.000000000000e+00 0.000000000000e+00 1.000000000000e+00 0.000000000000e+00
7.079457843841e+02 5.139291746978e-01 -2.629125429880e-01 0.000000000000e+00 0.000000000000e+00 -5.910598204042e-23 -1.155376165188e-22 0.000000000000e+00 0.000000000000e+00 1.000000000000e+00 0.000000000000e+00
7.943282347243e+02 4.870749634588e-01 -2.787676787968e-01 0.000000000000e+00 0.000000000000e+00 -5.585506358107e-23 -9.759238649962e-23 0.000000000000e+00 0.000000000000e+00 1.000000000000e+00 0.000000000000e+00
8.912509381337e+02 4.571958861859e-01 -2.925270846655e-01 0.000000000000e+00 0.000000000000e+00 -5.223796073670e-23 -8.164365627500e-23 0.000000000000e+00 0.000000000000e+00 1.000000000000e+00 0.000000000000e+00
1.000000000000e+03 4.246681587971e-01 -3.034792167593e-01 0.000000000000e+00 0.000000000000e+00 -4.830021747291e-23 -6.758803664629e-23 0.000000000000e+00 0.000000000000e+00 1.000000000000e+00 0.000000000000e+00
1.122018454302e+03 3.900867582398e-01 -3.109960938295e-01 0.000000000000e+00 0.000000000000e+00 -4.411386053898e-23 -5.533263340770e-23 0.000000000000e+00 0.000000000000e+00 1.000000000000e+00 0.000000000000e+00
1.258925411794e+03 3.542365470449e-01 -3.146140316243e-01 0.000000000000e+00 0.000000000000e+00 -3.977390386275e-23 -4.478303238446e-23 0.000000000000e+00 0.000000000000e+00 1.000000000000e+00 0.000000000000e+00
1.412537544623e+03 3.180285123571e-01 -3.141001611987e-01 0.000000000000e+00 0.000000000000e+00 -3.539062977196e-23 -3.583324916104e-23 0.000000000000e+00 0.000000000000e+00 1.000000000000e+00 0.000000000000e+00
1.584893192461e+03 2.824104234520e-01 -3.094879454138e-01 0.000000000000e+00 0.000000000000e+00 -3.107877336735e-23 -2.835964914662e-23 0.000000000000e+00 0.000000000000e+00 1.000000000000e+00 0.000000000000e+00
1.778279410039e+03 2.482696919700e-01 -3.010719902885e-01 0.000000000000e+00 0.000000000000e+00 -2.694576297201e-23 -2.221998886894e-23 0.000000000000e+00 0.000000000000e+00 1.000000000000e+00 0.000000000000e+00
1.995262314969e+03 2.163489484837e-01 -2.893635988851e-01 0.000000000000e+00 0.000000000000e+00 -2.308149999522e-23 -1.725738231289e-23 0.000000000000e+00 0.000000000000e+00 1.000000000000e+00 0.000000000000e+00
2.238721138568e+03 1.871904313804e-01 -2.750190428800e-01 0.000000000000e+00 0.000000000000e+00 -1.955162675899e-23 -1.330772374479e-23 0.000000000000e+00 0.000000000000e+00 1.000000000000e+00 0.000000000000e+00
2.511886431510e+03 1.611159577373e-01 -2.587581194949e-01 0.000000000000e+00 0.000000000000e+00 -1.639510181121e-23 -1.020842374210e-23 0.000000000000e+00 0.000000000000e+00 1.000000000000e+00 0.000000000000e+00
2.818382931264e+03 1.382393490877e-01 -2.412897224435e-01 0.000000000000e+00 0.000000000000e+00 -1.362570416466e-23 -7.806418174424e-24 0.000000000000e+00 0.000000000000e+00 1.000000000000e+00 0.000000000000e+00
3.162277660168e+03 1.185014908325e-01 -2.232555816257e-01 0.000000000000e+00 0.000000000000e+00 -1.123627752115e-23 -5.964086666809e-24 0.000000000000e+00 0.000000000000e+00 1.000000000000e+00 0.000000000000e+00
3.548133892336e+03 1.017161298635e-01 -2.051962538435e-01 0.000000000000e+00 0.000000000000e+00 -9.204274442316e-24 -4.562574398595e-24 0.000000000000e+00 0.000000000000e+00 1.000000000000e+00 0.000000000000e+00
3.981071705535e+03 8.761620089435e-02 -1.875376610806e-01 0.000000000000e+00 0.000000000000e+00 -7.497364525078e-24 -3.502712962412e-24 0.000000000000e+00 0.000000000000e+00 1.000000000000e+00 0.000000000000e+00
4.466835921510e+03 7.589399427682e-02 -1.705932283855e-01 0.000000000000e+00 0.000000000000e+00 -6.078297039031e-24 -2.704129847703e-24 0.000000000000e+00 0.000000000000e+00 1.000000000000e+00 0.000000000000e+00
5.011872336273e+03 6.623209333353e-02 -1.545758323208e-01 0.000000000000e+00 0.000000000000e+00 -4.908646139758e-24 -2.103238937087e-24 0.000000000000e+00 0.000000000000e+00 1.000000000000e+00 0.000000000000e+00
5.623413251903e+03 5.832473474739e-02 -1.396144927918e-01 0.000000000000e+00 0.000000000000e+00 -3.951396715787e-24 -1.650718064590e-24 0.000000000000e+00 0.000000000000e+00 1.000000000000e+00 0.000000000000e+00
6.309573444802e+03 5.189083327848e-02 -1.257721231925e-01 0.000000000000e+00 0.000000000000e+00 -3.172521135440e-24 -1.308912985906e-24 0.000000000000e+00 0.000000000000e+00 1.000000000000e+00 0.000000000000e+00
7.079457843841e+03 4.668055335126e-02 -1.130620710086e-01 0.000000000000e+00 0.000000000000e+00 -2.541774790408e-24 -1.049436408267e-24 0.000000000000e+00 0.000000000000e+00 1.000000000000e+00 0.000000000000e+00
7.943282347243e+03 4.247733729102e-02 -1.014623174672e-01 0.000000000000e+00 0.000000000000e+00 -2.032941629989e-24 -8.510937800912e-25 0.000000000000e+00 0.000000000000e+00 1.000000000000e+00 0.000000000000e+00
8.912509381337e+03 3.909701670805e-02 -9.092698070106e-02 0.000000000000e+00 0.000000000000e+00 -1.623726586959e-24 -6.981741284068e-25 0.000000000000e+00 0.000000000000e+00 1.000000000000e+00 0.000000000000e+00
1.000000000000e+04 3.638524907381e-02 -8.139522589553e-02 0.000000000000e+00 0.000000000000e+00 -1.295445254535e-24 -5.790892245726e-25 0.000000000000e+00 0.000000000000e+00 1.000000000000e+00 0.000000000000e+00
1.122018454302e+04 3.421415241153e-02 -7.279791212182e-02 0.000000000000e+00 0.000000000000e+00 -1.032616488306e-24 -4.853174615013e-25 0.000000000000e+00 0.000000000000e+00 1.000000000000e+00 0.000000000000e+00
1.258925411794e+04 3.247870744146e-02 -6.506238148198e-02 0.000000000000e+00 0.000000000000e+00 -8.225268570464e-25 -4.105999280114e-25 0.000000000000e+00 0.000000000000e+00 1.000000000000e+00 0.000000000000e+00
1.412537544623e+04 3.109327008409e-02 -5.811578995949e-02 0.000000000000e+00 0.000000000000e+00 -6.548084529826e-25 -3.503374228609e-25 0.000000000000e+00 0.000000000000e+00 1.000000000000e+00 0.000000000000e+00
1.584893192461e+04 2.998837945564e-02 -5.188733084011e-02 0.000000000000e+00 0.000000000000e+00 -5.210524738405e-25 -3.011432472790e-25 0.000000000000e+00 0.000000000000e+00 1.000000000000e+00 0.000000000000e+00
1.778279410039e+04 2.910794341883e-02 -4.630964044747e-02 0.000000000000e+00 0.000000000000e+00 -4.144685108771e-25 -2.605143518051e-25 0.000000000000e+00 0.000000000000e+00 1.000000000000e+00 0.000000000000e+00
1.995262314969e+04 2.840682031144e-02 -4.131961472311e-02 0.000000000000e+00 0.000000000000e+00 -3.295917975546e-25 -2.265910520222e-25 0.000000000000e+00 0.000000000000e+00 1.000000000000e+00 0.000000000000e+00
2.238721138568e+04 2.784877936622e-02 -3.685881167557e-02 0.000000000000e+00 0.000000000000e+00 -2.620363016008e-25 -1.979822684858e-25 0.000000000000e+00 0.000000000000e+00 1.000000000000e+00 0.000000000000e+00
2.511886431510e+04 2.740480396598e-02 -3.287357004214e-02 0.000000000000e+00 0.000000000000e+00 -2.082893200765e-25 -1.736388222388e-25 0.000000000000e+00 0.000000000000e+00 1.000000000000e+00 0.000000000000e+00
2.818382931264e+04 2.705169461723e-02 -2.931493965107e-02 0.000000000000e+00 0.000000000000e+00 -1.655423576460e-25 -1.527617439626e-25 0.000000000000e+00 0.000000000000e+00 1.000000000000e+00 0.000000000000e+00
3.162277660168e+04 2.677092771786e-02 -2.613849199246e-02 0.000000000000e+00 0.000000000000e+00 -1.315529707580e-25 -1.347359699346e-25 0.000000000000e+00 0.000000000000e+00 1.000000000000e+00 0.000000000000e+00
3.548133892336e+04 2.654772892079e-02 -2.330405947148e-02 0.000000000000e+00 0.000000000000e+00 -1.045325901315e-25 -1.190823800290e-25 0.000000000000e+00 0.000000000000e+00 1.000000000000e+00 0.000000000000e+00
3.981071705535e+04 2.637032426439e-02 -2.077543686489e-02 0.000000000000e+00 0.000000000000e+00 -8.305586325771e-26 -1.054230561027e-25 0.000000000000e+00 0.000000000000e+00 1.000000000000e+00 0.000000000000e+00
4.466835921510e+04 2.622933718274e-02 -1.852006786421e-02 0.000000000000e+00 0.000000000000e+00 -6.598765656004e-26 -9.345605569604e-26 0.000000000000e+00 0.000000000000e+00 1.000000000000e+00 0.000000000000e+00
5.011872336273e+04 2.611730436693e-02 -1.650873180219e-02 0.000000000000e+00 0.000000000000e+00 -5.242444528129e-26 -8.293703054144e-26 0.000000000000e+00 0.000000000000e+00 1.000000000000e+00 0.000000000000e+00
5.623413251903e+04 2.602828793140e-02 -1.471524030787e-02 0.000000000000e+00 0.000000000000e+00 -4.164736128879e-26 -7.366577021705e-26 0.000000000000e+00 0.000000000000e+00 1.000000000000e+00 0.000000000000e+00
6.309573444802e+04 2.595756527522e-02 -1.311614969079e-02 0.000000000000e+00 0.000000000000e+00 -3.308464630588e-26 -6.547629345031e-26 0.000000000000e+00 0.000000000000e+00 1.000000000000e+00 0.000000000000e+00
7.079457843841e+04 2.590138142644e-02 -1.169049236795e-02 0.000000000000e+00 0.000000000000e+00 -2.628166857659e-26 -5.822949974216e-26 0.000000000000e+00 0.000000000000e+00 1.000000000000e+00 0.000000000000e+00
7.943282347243e+04 2.585675150294e-02 -1.041952879520e-02 0.000000000000e+00 0.000000000000e+00 -2.087700575091e-26 -5.180767388207e-26 0.000000000000e+00 0.000000000000e+00 1.000000000000e+00 0.000000000000e+00
8.912509381337e+04 2.582130328714e-02 -9.286520166567e-03 0.000000000000e+00 0.000000000000e+00 -1.658338325822e-26 -4.611033637539e-26 0.000000000000e+00 0.000000000000e+00 1.000000000000e+00 0.000000000000e+00
1.000000000000e+05 2.579315186600e-02 -8.276521467908e-03 0.000000000000e+00 0.000000000000e+00 -1.317249303224e-26 -4.105107617394e-26 0.000000000000e+00 0.000000000000e+00 1.000000000000e+00 0.000000000000e+00
1.122018454302e+05 2.577079986074e-02 -7.376193879048e-03 0.000000000000e+00 0.000000000000e+00 -1.046290916654e-26 -3.655510450423e-26 0.000000000000e+00 0.000000000000e+00 1.000000000000e+00 0.000000000000e+00
1.258925411794e+05 2.575305807449e-02 -6.573635415271e-03 0.000000000000e+00 0.000000000000e+00 -8.310473048068e-27 -3.255734179237e-26 0.000000000000e+00 0.000000000000e+00 1.000000000000e+00 0.000000000000e+00
1.412537544623e+05 2.573898240358e-02 -5.858228351517e-03 0.000000000000e+00 0.000000000000e+00 -6.600645791359e-27 -2.900090192491e-26 0.000000000000e+00 0.000000000000e+00 1.000000000000e+00 0.000000000000e+00
1.584893192461e+05 2.572782371606e-02 -5.220502174393e-03 0.000000000000e+00 0.000000000000e+00 -5.242427252693e-27 -2.583587549549e-26 0.000000000000e+00 0.000000000000e+00 1.000000000000e+00 0.000000000000e+00
1.778279410039e+05 2.571898805414e-02 -4.652010661213e-03 0.000000000000e+00 0.000000000000e+00 -4.163521704568e-27 -2.301834040832e-26 0.000000000000e+00 0.000000000000e+00 1.000000000000e+00 0.000000000000e+00
1.995262314969e+05 2.571200506299e-02 -4.145221537641e-03 0.000000000000e+00 0.000000000000e+00 -3.306495055698e-27 -2.050954740075e-26 0.000000000000e+00 0.000000000000e+00 1.000000000000e+00 0.000000000000e+00
2.238721138568e+05 2.570650298413e-02 -3.693418192282e-03 0.000000000000e+00 0.000000000000e+00 -2.625721230216e-27 -1.827524182912e-26 0.000000000000e+00 0.000000000000e+00 1.000000000000e+00 0.000000000000e+00
2.511886431510e+05 2.570218887924e-02 -3.290611322993e-03 0.000000000000e+00 0.000000000000e+00 -2.084955160707e-27 -1.628509297673e-26 0.000000000000e+00 0.000000000000e+00 1.000000000000e+00 0.000000000000e+00
2.818382931264e+05 2.569883304574e-02 -2.931460225059e-03 0.000000000000e+00 0.000000000000e+00 -1.655404523352e-27 -1.451220934370e-26 0.000000000000e+00 0.000000000000e+00 1.000000000000e+00 0.000000000000e+00
3.162277660168e+05 2.569625680484e-02 -2.611202437483e-03 0.000000000000e+00 0.000000000000e+00 -1.314197613238e-27 -1.293272359022e-26 0.000000000000e+00 0.000000000000e+00 1.000000000000e+00 0.000000000000e+00
3.548133892336e+05 2.569432293940e-02 -2.325590961029e-03 0.000000000000e+00 0.000000000000e+00 -1.043166093188e-27 -1.152543457855e-26 0.000000000000e+00 0.000000000000e+00 1.000000000000e+00 0.000000000000e+00
3.981071705535e+05 2.569292846534e-02 -2.070838130471e-03 0.000000000000e+00 0.000000000000e+00 -8.278778911452e-28 -1.027149689889e-26 0.000000000000e+00 0.000000000000e+00 1.000000000000e+00 0.000000000000e+00
4.466835921510e+05 2.569199909250e-02 -1.843565767119e-03 0.000000000000e+00 0.000000000000e+00 -6.568690005808e-28 -9.154150108343e-27 0.000000000000e+00 0.000000000000e+00 1.000000000000e+00 0.000000000000e+00
5.011872336273e+05 2.569148527362e-02 -1.640760532415e-03 0.000000000000e+00 0.000000000000e+00 -5.210331222405e-28 -8.158481705682e-27 0.000000000000e+00 0.000000000000e+00 1.000000000000e+00 0.000000000000e+00
5.623413251903e+05 2.569135956915e-02 -1.459734199287e-03 0.000000000000e+00 0.000000000000e+00 -4.131368316888e-28 -7.271218896812e-27 0.000000000000e+00 0.000000000000e+00 1.000000000000e+00 0.000000000000e+00
6.309573444802e+05 2.569161510292e-02 -1.298088444256e-03 0.000000000000e+00 0.000000000000e+00 -3.274344839333e-28 -6.480545119914e-27 0.000000000000e+00 0.000000000000e+00 1.000000000000e+00 0.000000000000e+00
7.079457843841e+05 2.569226530272e-02 -1.153683359410e-03 0.000000000000e+00 0.000000000000e+00 -2.593622470295e-28 -5.775938090675e-27 0.000000000000e+00 0.000000000000e+00 1.000000000000e+00 0.000000000000e+00
7.943282347243e+05 2.569334438960e-02 -1.024609735959e-03 0.000000000000e+00 0.000000000000e+00 -2.052951123847e-28 -5.148026452297e-27 0.000000000000e+00 0.000000000000e+00 1.000000000000e+00 0.000000000000e+00
8.912509381337e+05 2.569490924861e-02 -9.091645107966e-04 0.000000000000e+00 0.000000000000e+00 -1.623538554473e-28 -4.588462849506e-27 0.000000000000e+00 0.000000000000e+00 1.000000000000e+00 0.000000000000e+00
1.000000000000e+06 2.569704233162e-02 -8.058293811078e-04 0.000000000000e+00 0.000000000000e+00 -1.282517292920e-28 -4.089811309919e-27 0.000000000000e+00 0.000000000000e+00 1.000000000000e+00 0.000000000000e+00
1.122018454302e+06 2.569985576238e-02 -7.132522386409e-04 0.000000000000e+00 0.000000000000e+00 -1.011726848305e-28 -3.645447243447e-27 0.000000000000e+00 0.000000000000e+00 1.000000000000e+00 0.000000000000e+00
1.258925411794e+06 2.570349702093e-02 -6.302314974116e-04 0.000000000000e+00 0.000000000000e+00 -7.967466314173e-29 -3.249468608151e-27 0.000000000000e+00 0.000000000000e+00 1.000000000000e+00 0.000000000000e+00
1.412537544623e+06 2.570815639033e-02 -5.557033665921e-04 0.000000000000e+00 0.000000000000e+00 -6.261280489330e-29 -2.896616930911e-27 0.000000000000e+00 0.000000000000e+00 1.000000000000e+00 0.000000000000e+00
1.584893192461e+06 2.571407623484e-02 -4.887321855177e-04 0.000000000000e+00 0.000000000000e+00 -4.907847641926e-29 -2.582207027756e-27 0.000000000000e+00 0.000000000000e+00 1.000000000000e+00 0.000000000000e+00
1.778279410039e+06 2.572156269718e-02 -4.285042766912e-04 0.000000000000e+00 0.000000000000e+00 -3.835087635072e-29 -2.302064469843e-27 0.000000000000e+00 0.000000000000e+00 1.000000000000e+00 0.000000000000e+00
1.995262314969e+06 2.573099994881e-02 -3.743259059882e-04 0.000000000000e+00 0.000000000000e+00 -2.985863954750e-29 -2.052469894222e-27 0.000000000000e+00 0.000000000000e+00 1.000000000000e+00 0.000000000000e+00
2.238721138568e+06 2.574286780365e-02 -3.256263179948e-04 0.000000000000e+00 0.000000000000e+00 -2.314939418620e-29 -1.830109427087e-27 0.000000000000e+00 0.000000000000e+00 1.000000000000e+00 0.000000000000e+00
2.511886431510e+06 2.575776236229e-02 -2.819671578959e-04 0.000000000000e+00 0.000000000000e+00 -1.786564328935e-29 -1.632030473799e-27 0.000000000000e+00 0.000000000000e+00 1.000000000000e+00 0.000000000000e+00
2.818382931264e+06 2.577642007681e-02 -2.430601764307e-04 0.000000000000e+00 0.000000000000e+00 -1.372568224091e-29 -1.455602297661e-27 0.000000000000e+00 0.000000000000e+00 1.000000000000e+00 0.000000000000e+00
3.162277660168e+06 2.579974548782e-02 -2.087958740108e-04 0.000000000000e+00 0.000000000000e+00 -1.050853182963e-29 -1.298480862898e-27 0.000000000000e+00 0.000000000000e+00 1.000000000000e+00 0.000000000000e+00
3.548133892336e+06 2.582884076595e-02 -1.792863699835e-04 0.000000000000e+00 0.000000000000e+00 -8.042061792967e-30 -1.158577383766e-27 0.000000000000e+00 0.000000000000e+00 1.000000000000e+00 0.000000000000e+00
3.981071705535e+06 2.586503618199e-02 -1.549270891437e-04 0.000000000000e+00 0.000000000000e+00 -6.193661877975e-30 -1.034030197419e-27 0.000000000000e+00 0.000000000000e+00 1.000000000000e+00 0.000000000000e+00
4.466835921510e+06 2.590991689029e-02 -1.364826363494e-04 0.000000000000e+00 0.000000000000e+00 -4.862924585303e-30 -9.231794990124e-28 0.000000000000e+00 0.000000000000e+00 1.000000000000e+00 0.000000000000e+00
5.011872336273e+06 2.596534022078e-02 -1.252034078956e-04 0.000000000000e+00 0.000000000000e+00 -3.975907589331e-30 -8.245445948994e-28 0.000000000000e+00 0.000000000000e+00 1.000000000000e+00 0.000000000000e+00
5.623413251903e+06 2.603343279931e-02 -1.229799656637e-04 0.000000000000e+00 0.000000000000e+00 -3.480603071458e-30 -7.368033132294e-28 0.000000000000e+00 0.000000000000e+00 1.000000000000e+00 0.000000000000e+00
6.309573444802e+06 2.611655089343e-02 -1.325413808769e-04 0.000000000000e+00 0.000000000000e+00 -3.343271318628e-30 -6.587732447467e-28 0.000000000000e+00 0.000000000000e+00 1.000000000000e+00 0.000000000000e+00
7.079457843841e+06 2.621718041339e-02 -1.577010292530e-04 0.000000000000e+00 0.000000000000e+00 -3.545313622869e-30 -5.893945481084e-28 0.000000000000e+00 0.000000000000e+00 1.000000000000e+00 0.000000000000e+00
7.943282347243e+06 2.633774246941e-02 -2.036459751706e-04 0.000000000000e+00 0.000000000000e+00 -4.080336336076e-30 -5.277140759504e-28 0.000000000000e+00 0.000000000000e+00 1.000000000000e+00 0.000000000000e+00
8.912509381337e+06 2.648026079682e-02 -2.772524201160e-04 0.000000000000e+00 0.000000000000e+00 -4.951029082567e-30 -4.728706831996e-28 0.000000000000e+00 0.000000000000e+00 1.000000000000e+00 0.000000000000e+00
1.000000000000e+07 2.664583931765e-02 -3.873863733121e-04 0.000000000000e+00 0.000000000000e+00 -6.165445619907e-30 -4.240817040236e-28 0.000000000000e+00 0.000000000000e+00 1.000000000000e+00 0.000000000000e+00
1.122018454302e+07 2.683389821100e-02 -5.451128835555e-04 0.000000000000e+00 0.000000000000e+00 -7.732262301774e-30 -3.806307753969e-28 0.000000000000e+00 0.000000000000e+00 1.000000000000e+00 0.000000000000e+00
1.258925411794e+07 2.704113618588e-02 -7.636899304986e-04 0.000000000000e+00 0.000000000000e+00 -9.654664707668e-30 -3.418574643489e-28 0.000000000000e+00 0.000000000000e+00 1.000000000000e+00 0.000000000000e+00
1.412537544623e+07 2.726023677489e-02 -1.058169837135e-03 0.000000000000e+00 0.000000000000e+00 -1.192272452168e-29 -3.071494594317e-28 0.000000000000e+00 0.000000000000e+00 1.000000000000e+00 0.000000000000e+00
1.584893192461e+07 2.747843306768e-02 -1.444391360700e-03 0.000000000000e+00 0.000000000000e+00 -1.450457519208e-29 -2.759383706072e-28 0.000000000000e+00 0.000000000000e+00 1.000000000000e+00 0.000000000000e+00
1.778279410039e+07 2.767619226936e-02 -1.937153310511e-03 0.000000000000e+00 0.000000000000e+00 -1.733740621154e-29 -2.477002646921e-28 0.000000000000e+00 0.000000000000e+00 1.000000000000e+00 0.000000000000e+00
1.995262314969e+07 2.782645880470e-02 -2.547463317643e-03 0.000000000000e+00 0.000000000000e+00 -2.032020433135e-29 -2.219617157246e-28 0.000000000000e+00 0.000000000000e+00 1.000000000000e+00 0.000000000000e+00
2.238721138568e+07 2.789503970248e-02 -3.278994806868e-03 0.000000000000e+00 0.000000000000e+00 -2.331099764482e-29 -1.983111420136e-28 0.000000000000e+00 0.000000000000e+00 1.000000000000e+00 0.000000000000e+00
2.511886431510e+07 2.784272274790e-02 -4.124262575688e-03 0.000000000000e+00 0.000000000000e+00 -2.613162630665e-29 -1.764135073496e-28 0.000000000000e+00 0.000000000000e+00 1.000000000000e+00 0.000000000000e+00
2.818382931264e+07 2.762946348465e-02 -5.061450128729e-03 0.000000000000e+00 0.000000000000e+00 -2.858216313562e-29 -1.560244223657e-28 0.000000000000e+00 0.000000000000e+00 1.000000000000e+00 0.000000000000e+00
3.162277660168e+07 2.722041105258e-02 -6.053098092667e-03 0.000000000000e+00 0.000000000000e+00 -3.046476577951e-29 -1.369981841437e-28 0.000000000000e+00 0.000000000000e+00 1.000000000000e+00 0.000000000000e+00
3.548133892336e+07 2.659277116376e-02 -7.047744168134e-03 0.000000000000e+00 0.000000000000e+00 -3.161333129025e-29 -1.192844213226e-28 0.000000000000e+00 0.000000000000e+00 1.000000000000e+00 0.000000000000e+00
3.981071705535e+07 2.574183659473e-02 -7.984955784510e-03 0.000000000000e+00 0.000000000000e+00 -3.192218772920e-29 -1.029104934889e-28 0.000000000000e+00 0.000000000000e+00 1.000000000000e+00 0.000000000000e+00
4.466835921510e+07 2.468434056720e-02 -8.803132071990e-03 0.000000000000e+00 0.000000000000e+00 -3.136587079909e-29 -8.795117813294e-29 0.000000000000e+00 0.000000000000e+00 1.000000000000e+00 0.000000000000e+00
5.011872336273e+07 2.345784814386e-02 -9.448391230825e-03 0.000000000000e+00 0.000000000000e+00 -3.000392004738e-29 -7.449177145585e-29 0.000000000000e+00 0.000000000000e+00 1.000000000000e+00 0.000000000000e+00
5.623413251903e+07 2.211606858819e-02 -9.882324254934e-03 0.000000000000e+00 0.000000000000e+00 -2.796914763249e-29 -6.259333041865e-29 0.000000000000e+00 0.000000000000e+00 1.000000000000e+00 0.000000000000e+00
6.309573444802e+07 2.072125896379e-02 -1.008669865339e-02 0.000000000000e+00 0.000000000000e+00 -2.544305037749e-29 -5.226804664414e-29 0.000000000000e+00 0.000000000000e+00 1.000000000000e+00 0.000000000000e+00
7.079457843841e+07 1.933571114352e-02 -1.006421327208e-02 0.000000000000e+00 0.000000000000e+00 -2.262559260771e-29 -4.346906323293e-29 0.000000000000e+00 0.000000000000e+00 1.000000000000e+00 0.000000000000e+00
7.943282347243e+07 1.801434221390e-02 -9.835647962026e-03 0.000000000000e+00 0.000000000000e+00 -1.970711757730e-29 -3.609429307125e-29 0.000000000000e+00 0.000000000000e+00 1.000000000000e+00 0.000000000000e+00
8.912509381337e+07 1.679974197201e-02 -9.434671014309e-03 0.000000000000e+00 0.000000000000e+00 -1.684794331345e-29 -3.000010281182e-29 0.000000000000e+00 0.000000000000e+00 1.000000000000e+00 0.000000000000e+00
1.000000000000e+08 1.572008148473e-02 -8.901866696415e-03 0.000000000000e+00 0.000000000000e+00 -1.416776087480e-29 -2.501928674102e-29 0.000000000000e+00 0.000000000000e+00 1.000000000000e+00 0.000000000000e+00
1.122018454302e+08 1.478948727682e-02 -8.279283751127e-03 0.000000000000e+00 0.000000000000e+00 -1.174391498821e-29 -2.097844288457e-29 0.000000000000e+00 0.000000000000e+00 1.000000000000e+00 0.000000000000e+00
1.258925411794e+08 1.401007055828e-02 -7.606262254984e-03 0.000000000000e+00 0.000000000000e+00 -9.615932961499e-30 -1.771170842630e-29 0.000000000000e+00 0.000000000000e+00 1.000000000000e+00 0.000000000000e+00
1.412537544623e+08 1.337476075647e-02 -6.916761929465e-03 0.000000000000e+00 0.000000000000e+00 -7.793328081472e-30 -1.506975368667e-29 0.000000000000e+00 0.000000000000e+00 1.000000000000e+00 0.000000000000e+00
1.584893192461e+08 1.287027678987e-02 -6.238054585202e-03 0.000000000000e+00 0.000000000000e+00 -6.264253182704e-30 -1.292432941104e-29 0.000000000000e+00 0.000000000000e+00 1.000000000000e+00 0.000000000000e+00
1.778279410039e+08 1.247981411907e-02 -5.590479334207e-03 0.000000000000e+00 0.000000000000e+00 -5.003445551184e-30 -1.116935895847e-29 0.000000000000e+00 0.000000000000e+00 1.000000000000e+00 0.000000000000e+00
1.995262314969e+08 1.218523098610e-02 -4.987930596407e-03 0.000000000000e+00 0.000000000000e+00 -3.978693950474e-30 -9.719723214362e-30 0.000000000000e+00 0.000000000000e+00 1.000000000000e+00 0.000000000000e+00
2.238721138568e+08 1.196865681290e-02 -4.438782182940e-03 0.000000000000e+00 0.000000000000e+00 -3.155614665679e-30 -8.508745734907e-30 0.000000000000e+00 0.000000000000e+00 1.000000000000e+00 0.000000000000e+00
2.511886431510e+08 1.181353496691e-02 -3.947000310608e-03 0.000000000000e+00 0.000000000000e+00 -2.500847976001e-30 -7.485141293761e-30 0.000000000000e+00 0.000000000000e+00 1.000000000000e+00 0.000000000000e+00
2.818382931264e+08 1.170517331903e-02 -3.513250965583e-03 0.000000000000e+00 0.000000000000e+00 -1.983943527660e-30 -6.609947047316e-30 0.000000000000e+00 0.000000000000e+00 1.000000000000e+00 0.000000000000e+00
3.162277660168e+08 1.163091816657e-02 -3.135865248638e-03 0.000000000000e+00 0.000000000000e+00 -1.578256272298e-30 -5.853749473752e-30 0.000000000000e+00 0.000000000000e+00 1.000000000000e+00 0.000000000000e+00
3.548133892336e+08 1.158008742732e-02 -2.811590810875e-03 0.000000000000e+00 0.000000000000e+00 -1.261165979303e-30 -5.194359095283e-30 0.000000000000e+00 0.000000000000e+00 1.000000000000e+00 0.000000000000e+00
3.981071705535e+08 1.154379292467e-02 -2.536120365732e-03 0.000000000000e+00 0.000000000000e+00 -1.013888023974e-30 -4.614967631544e-30 0.000000000000e+00 0.000000000000e+00 1.000000000000e+00 0.000000000000e+00
4.466835921510e+08 1.151475170240e-02 -2.304437129662e-03 0.000000000000e+00 0.000000000000e+00 -8.210790964228e-31 -4.102746740905e-30 0.000000000000e+00 0.000000000000e+00 1.000000000000e+00 0.000000000000e+00
5.011872336273e+08 1.148714313454e-02 -2.111042740105e-03 0.000000000000e+00 0.000000000000e+00 -6.703739932368e-31 -3.647809619241e-30 0.000000000000e+00 0.000000000000e+00 1.000000000000e+00 0.000000000000e+00
5.623413251903e+08 1.145652597396e-02 -1.950134699330e-03 0.000000000000e+00 0.000000000000e+00 -5.519309415653e-31 -3.242448416535e-30 0.000000000000e+00 0.000000000000e+00 1.000000000000e+00 0.000000000000e+00
6.309573444802e+08 1.141979797326e-02 -1.815784389610e-03 0.000000000000e+00 0.000000000000e+00 -4.580199655709e-31 -2.880570790492e-30 0.000000000000e+00 0.000000000000e+00 1.000000000000e+00 0.000000000000e+00
7.079457843841e+08 1.137516416203e-02 -1.702142946505e-03 0.000000000000e+00 0.000000000000e+00 -3.826627261026e-31 -2.557277188172e-30 0.000000000000e+00 0.000000000000e+00 1.000000000000e+00 0.000000000000e+00
7.943282347243e+08 1.132207636065e-02 -1.603678402878e-03 0.000000000000e+00 0.000000000000e+00 -3.213197438919e-31 -2.268538798054e-30 0.000000000000e+00 0.000000000000e+00 1.000000000000e+00 0.000000000000e+00
8.912509381337e+08 1.126111254834e-02 -1.515427029747e-03 0.000000000000e+00 0.000000000000e+00 -2.706170533569e-31 -2.010950732389e-30 0.000000000000e+00 0.000000000000e+00 1.000000000000e+00 0.000000000000e+00
1.000000000000e+09 1.119377837615e-02 -1.433226209182e-03 0.000000000000e+00 0.000000000000e+00 -2.281050357602e-31 -1.781545160439e-30 0.000000000000e+00 0.000000000000e+00 1.000000000000e+00 0.000000000000e+00
