# freq_hz rev(vout) imv(vout) rev(vinp) imv(vinp) rev(vinn) imv(vinn) rev(vdd) imv(vdd) rev(vss) imv(vss)
1.000000000000e-01 4.146499304920e-01 2.505479755391e-04 0.000000000000e+00 0.000000000000e+00 3.987594878872e-22 -6.599358609050e-19 1.000000000000e+00 0.000000000000e+00 1.000000000000e+00 0.000000000000e+00
1.122018454302e-01 4.146499583471e-01 2.811194388149e-04 0.000000000000e+00 0.000000000000e+00 3.987594688400e-22 -5.881684946515e-19 1.000000000000e+00 0.000000000000e+00 1.000000000000e+00 0.000000000000e+00
1.258925411794e-01 4.146499934095e-01 3.154211792535e-04 0.000000000000e+00 0.000000000000e+00 3.987594448708e-22 -5.242057669651e-19 1.000000000000e+00 0.000000000000e+00 1.000000000000e+00 0.000000000000e+00
1.412537544623e-01 4.146500375539e-01 3.539083572211e-04 0.000000000000e+00 0.000000000000e+00 3.987594146980e-22 -4.671989313216e-19 1.000000000000e+00 0.000000000000e+00 1.000000000000e+00 0.000000000000e+00
1.584893192461e-01 4.146500931291e-01 3.970916701108e-04 0.000000000000e+00 0.000000000000e+00 3.987593767161e-22 -4.163915416441e-19 1.000000000000e+00 0.000000000000e+00 1.000000000000e+00 0.000000000000e+00
1.778279410039e-01 4.146501630894e-01 4.455441284946e-04 0.000000000000e+00 0.000000000000e+00 3.987593289062e-22 -3.711094147353e-19 1.000000000000e+00 0.000000000000e+00 1.000000000000e+00 0.000000000000e+00
1.995262314969e-01 4.146502511712e-01 4.999086589175e-04 0.000000000000e+00 0.000000000000e+00 3.987592687150e-22 -3.307516842928e-19 1.000000000000e+00 0.000000000000e+00 1.000000000000e+00 0.000000000000e+00
2.238721138568e-01 4.146503620524e-01 5.609066341913e-04 0.000000000000e+00 0.000000000000e+00 3.987591929456e-22 -2.947828277428e-19 1.000000000000e+00 0.000000000000e+00 1.000000000000e+00 0.000000000000e+00
2.511886431510e-01 4.146505016462e-01 6.293474441550e-04 0.000000000000e+00 0.000000000000e+00 3.987590975573e-22 -2.627255602192e-19 1.000000000000e+00 0.000000000000e+00 1.000000000000e+00 0.000000000000e+00
2.818382931264e-01 4.146506773824e-01 7.061392338599e-04 0.000000000000e+00 0.000000000000e+00 3.987589774733e-22 -2.341545012558e-19 1.000000000000e+00 0.000000000000e+00 1.000000000000e+00 0.000000000000e+00
3.162277660168e-01 4.146508986268e-01 7.923009513156e-04 0.000000000000e+00 0.000000000000e+00 3.987588262935e-22 -2.086905302630e-19 1.000000000000e+00 0.000000000000e+00 1.000000000000e+00 0.000000000000e+00
3.548133892336e-01 4.146511771527e-01 8.889758644451e-04 0.000000000000e+00 0.000000000000e+00 3.987586359732e-22 -1.859957558120e-19 1.000000000000e+00 0.000000000000e+00 1.000000000000e+00 0.000000000000e+00
3.981071705535e-01 4.146515277956e-01 9.974467260102e-04 0.000000000000e+00 0.000000000000e+00 3.987583963751e-22 -1.657690320361e-19 1.000000000000e+00 0.000000000000e+00 1.000000000000e+00 0.000000000000e+00
4.466835921510e-01 4.146519692272e-01 1.119152787201e-03 0.000000000000e+00 0.000000000000e+00 3.987580947407e-22 -1.477419625993e-19 1.000000000000e+00 0.000000000000e+00 1.000000000000e+00 0.000000000000e+00
5.011872336273e-01 4.146525249574e-01 1.255708884616e-03 0.000000000000e+00 0.000000000000e+00 3.987577150053e-22 -1.316753392437e-19 1.000000000000e+00 0.000000000000e+00 1.000000000000e+00 0.000000000000e+00
5.623413251903e-01 4.146532245834e-01 1.408926852641e-03 0.000000000000e+00 0.000000000000e+00 3.987572369448e-22 -1.173559676396e-19 1.000000000000e+00 0.000000000000e+00 1.000000000000e+00 0.000000000000e+00
6.309573444802e-01 4.146541053498e-01 1.580839543498e-03 0.000000000000e+00 0.000000000000e+00 3.987566351099e-22 -1.045938384220e-19 1.000000000000e+00 0.000000000000e+00 1.000000000000e+00 0.000000000000e+00
7.079457843841e-01 4.146552141673e-01 1.773727770888e-03 0.000000000000e+00 0.000000000000e+00 3.987558774459e-22 -9.321960589250e-20 1.000000000000e+00 0.000000000000e+00 1.000000000000e+00 0.000000000000e+00
7.943282347243e-01 4.146566100836e-01 1.990150531310e-03 0.000000000000e+00 0.000000000000e+00 3.987549236051e-22 -8.308234089581e-20 1.000000000000e+00 0.000000000000e+00 1.000000000000e+00 0.000000000000e+00
8.912509381337e-01 4.146583674243e-01 2.232978898587e-03 0.000000000000e+00 0.000000000000e+00 3.987537228002e-22 -7.404752808248e-20 1.000000000000e+00 0.000000000000e+00 1.000000000000e+00 0.000000000000e+00
1.000000000000e+00 4.146605797732e-01 2.505434033894e-03 0.000000000000e+00 0.000000000000e+00 3.987522110849e-22 -6.599528097626e-20 1.000000000000e+00 0.000000000000e+00 1.000000000000e+00 0.000000000000e+00
1.122018454302e+00 4.146633649294e-01 2.811129805361e-03 0.000000000000e+00 0.000000000000e+00 3.987503079658e-22 -5.881875114852e-20 1.000000000000e+00 0.000000000000e+00 1.000000000000e+00 0.000000000000e+00
1.258925411794e+00 4.146668712036e-01 3.154120567618e-03 0.000000000000e+00 0.000000000000e+00 3.987479121013e-22 -5.242271040860e-20 1.000000000000e+00 0.000000000000e+00 1.000000000000e+00 0.000000000000e+00
1.412537544623e+00 4.146712852739e-01 3.538954714755e-03 0.000000000000e+00 0.000000000000e+00 3.987448959327e-22 -4.672228717803e-20 1.000000000000e+00 0.000000000000e+00 1.000000000000e+00 0.000000000000e+00
1.584893192461e+00 4.146768421536e-01 3.970734687104e-03 0.000000000000e+00 0.000000000000e+00 3.987410988734e-22 -4.164184030092e-20 1.000000000000e+00 0.000000000000e+00 1.000000000000e+00 0.000000000000e+00
1.778279410039e+00 4.146838377129e-01 4.455184186546e-03 0.000000000000e+00 0.000000000000e+00 3.987363187533e-22 -3.711395533218e-20 1.000000000000e+00 0.000000000000e+00 1.000000000000e+00 0.000000000000e+00
1.995262314969e+00 4.146926443613e-01 4.998723433712e-03 0.000000000000e+00 0.000000000000e+00 3.987303011017e-22 -3.307854998253e-20 1.000000000000e+00 0.000000000000e+00 1.000000000000e+00 0.000000000000e+00
2.238721138568e+00 4.147037309002e-01 5.608553381065e-03 0.000000000000e+00 0.000000000000e+00 3.987227255835e-22 -2.948207686717e-20 1.000000000000e+00 0.000000000000e+00 1.000000000000e+00 0.000000000000e+00
2.511886431510e+00 4.147176874234e-01 6.292749882677e-03 0.000000000000e+00 0.000000000000e+00 3.987131889825e-22 -2.627681296141e-20 1.000000000000e+00 0.000000000000e+00 1.000000000000e+00 0.000000000000e+00
2.818382931264e+00 4.147352566921e-01 7.060368903201e-03 0.000000000000e+00 0.000000000000e+00 3.987011837645e-22 -2.342022634497e-20 1.000000000000e+00 0.000000000000e+00 1.000000000000e+00 0.000000000000e+00
3.162277660168e+00 4.147573735878e-01 7.921563927720e-03 0.000000000000e+00 0.000000000000e+00 3.986860711175e-22 -2.087441182720e-20 1.000000000000e+00 0.000000000000e+00 1.000000000000e+00 0.000000000000e+00
3.548133892336e+00 4.147852147269e-01 8.887716799221e-03 0.000000000000e+00 0.000000000000e+00 3.986670470504e-22 -1.860558796493e-20 1.000000000000e+00 0.000000000000e+00 1.000000000000e+00 0.000000000000e+00
3.981071705535e+00 4.148202608723e-01 9.971583251997e-03 0.000000000000e+00 0.000000000000e+00 3.986430997465e-22 -1.658364880007e-20 1.000000000000e+00 0.000000000000e+00 1.000000000000e+00 0.000000000000e+00
4.466835921510e+00 4.148643753716e-01 1.118745441327e-02 0.000000000000e+00 0.000000000000e+00 3.986129559657e-22 -1.478176436595e-20 1.000000000000e+00 0.000000000000e+00 1.000000000000e+00 0.000000000000e+00
5.011872336273e+00 4.149199027399e-01 1.255133548603e-02 0.000000000000e+00 0.000000000000e+00 3.985750136827e-22 -1.317602466255e-20 1.000000000000e+00 0.000000000000e+00 1.000000000000e+00 0.000000000000e+00
5.623413251903e+00 4.149897925319e-01 1.408114267278e-02 0.000000000000e+00 0.000000000000e+00 3.985272574439e-22 -1.174512237595e-20 1.000000000000e+00 0.000000000000e+00 1.000000000000e+00 0.000000000000e+00
6.309573444802e+00 4.150777547482e-01 1.579691911014e-02 0.000000000000e+00 0.000000000000e+00 3.984671521769e-22 -1.047007012655e-20 1.000000000000e+00 0.000000000000e+00 1.000000000000e+00 0.000000000000e+00
7.079457843841e+00 4.151884549003e-01 1.772107007737e-02 0.000000000000e+00 0.000000000000e+00 3.983915099014e-22 -9.333948498550e-21 1.000000000000e+00 0.000000000000e+00 1.000000000000e+00 0.000000000000e+00
7.943282347243e+00 4.153277583931e-01 1.987861694983e-02 0.000000000000e+00 0.000000000000e+00 3.982963227405e-22 -8.321681499146e-21 1.000000000000e+00 0.000000000000e+00 1.000000000000e+00 0.000000000000e+00
8.912509381337e+00 4.155030364828e-01 2.229746813226e-02 0.000000000000e+00 0.000000000000e+00 3.981765538575e-22 -7.419836467653e-21 1.000000000000e+00 0.000000000000e+00 1.000000000000e+00 0.000000000000e+00
1.000000000000e+01 4.157235486818e-01 2.500870336939e-02 0.000000000000e+00 0.000000000000e+00 3.980258761557e-22 -6.616445773242e-21 1.000000000000e+00 0.000000000000e+00 1.000000000000e+00 0.000000000000e+00
1.122018454302e+01 4.160009199187e-01 2.804686512345e-02 0.000000000000e+00 0.000000000000e+00 3.978363462307e-22 -5.900847930084e-21 1.000000000000e+00 0.000000000000e+00 1.000000000000e+00 0.000000000000e+00
1.258925411794e+01 4.163497342295e-01 3.145024681699e-02 0.000000000000e+00 0.000000000000e+00 3.975979986972e-22 -5.263546008115e-21 1.000000000000e+00 0.000000000000e+00 1.000000000000e+00 0.000000000000e+00
1.412537544623e+01 4.167882716039e-01 3.526116214628e-02 0.000000000000e+00 0.000000000000e+00 3.972983426961e-22 -4.696081452915e-21 1.000000000000e+00 0.000000000000e+00 1.000000000000e+00 0.000000000000e+00
1.584893192461e+01 4.173394184348e-01 3.952617186064e-02 0.000000000000e+00 0.000000000000e+00 3.969217397768e-22 -4.190921615851e-21 1.000000000000e+00 0.000000000000e+00 1.000000000000e+00 0.000000000000e+00
1.778279410039e+01 4.180317872511e-01 4.429623345508e-02 0.000000000000e+00 0.000000000000e+00 3.964486387758e-22 -3.741359481247e-21 1.000000000000e+00 0.000000000000e+00 1.000000000000e+00 0.000000000000e+00
1.995262314969e+01 4.189010846349e-01 4.962672426400e-02 0.000000000000e+00 0.000000000000e+00 3.958546411076e-22 -3.341424222070e-21 1.000000000000e+00 0.000000000000e+00 1.000000000000e+00 0.000000000000e+00
2.238721138568e+01 4.199917682541e-01 5.557726817193e-02 0.000000000000e+00 0.000000000000e+00 3.951093685015e-22 -2.985801349886e-21 1.000000000000e+00 0.000000000000e+00 1.000000000000e+00 0.000000000000e+00
2.511886431510e+01 4.213590318961e-01 6.221126926414e-02 0.000000000000e+00 0.000000000000e+00 3.941751066133e-22 -2.669761335602e-21 1.000000000000e+00 0.000000000000e+00 1.000000000000e+00 0.000000000000e+00
2.818382931264e+01 4.230711482483e-01 6.959502091814e-02 0.000000000000e+00 0.000000000000e+00 3.930052041841e-22 -2.389095668170e-21 1.000000000000e+00 0.000000000000e+00 1.000000000000e+00 0.000000000000e+00
3.162277660168e+01 4.252121780963e-01 7.779621525011e-02 0.000000000000e+00 0.000000000000e+00 3.915422218249e-22 -2.140059390083e-21 1.000000000000e+00 0.000000000000e+00 1.000000000000e+00 0.000000000000e+00
3.548133892336e+01 4.278850155135e-01 8.688162574229e-02 0.000000000000e+00 0.000000000000e+00 3.897158512145e-22 -1.919319207233e-21 1.000000000000e+00 0.000000000000e+00 1.000000000000e+00 0.000000000000e+00
3.981071705535e+01 4.312146703384e-01 9.691367842772e-02 0.000000000000e+00 0.000000000000e+00 3.874406721573e-22 -1.723906309517e-21 1.000000000000e+00 0.000000000000e+00 1.000000000000e+00 0.000000000000e+00
4.466835921510e+01 4.353515814282e-01 1.079455717921e-01 0.000000000000e+00 0.000000000000e+00 3.846138886112e-22 -1.551173076081e-21 1.000000000000e+00 0.000000000000e+00 1.000000000000e+00 0.000000000000e+00
5.011872336273e+01 4.404745911636e-01 1.200145687612e-01 0.000000000000e+00 0.000000000000e+00 3.811132961857e-22 -1.398752876898e-21 1.000000000000e+00 0.000000000000e+00 1.000000000000e+00 0.000000000000e+00
5.623413251903e+01 4.467929822451e-01 1.331330942084e-01 0.000000000000e+00 0.000000000000e+00 3.767958903823e-22 -1.264522247925e-21 1.000000000000e+00 0.000000000000e+00 1.000000000000e+00 0.000000000000e+00
6.309573444802e+01 4.545466774962e-01 1.472773742938e-01 0.000000000000e+00 0.000000000000e+00 3.714977300687e-22 -1.146564838691e-21 1.000000000000e+00 0.000000000000e+00 1.000000000000e+00 0.000000000000e+00
7.079457843841e+01 4.640033503720e-01 1.623736152648e-01 0.000000000000e+00 0.000000000000e+00 3.650359118895e-22 -1.043136754987e-21 1.000000000000e+00 0.000000000000e+00 1.000000000000e+00 0.000000000000e+00
7.943282347243e+01 4.754508495306e-01 1.782822193621e-01 0.000000000000e+00 0.000000000000e+00 3.572137466160e-22 -9.526333018528e-22 1.000000000000e+00 0.000000000000e+00 1.000000000000e+00 0.000000000000e+00
8.912509381337e+01 4.891831357493e-01 1.947813472012e-01 0.000000000000e+00 0.000000000000e+00 3.478303685614e-22 -8.735577243233e-22 1.000000000000e+00 0.000000000000e+00 1.000000000000e+00 0.000000000000e+00
1.000000000000e+02 5.054780816405e-01 2.115522764583e-01 0.000000000000e+00 0.000000000000e+00 3.366959052068e-22 -8.044933531771e-22 1.000000000000e+00 0.000000000000e+00 1.000000000000e+00 0.000000000000e+00
1.122018454302e+02 5.245662948885e-01 2.281703511573e-01 0.000000000000e+00 0.000000000000e+00 3.236527805266e-22 -7.440815121249e-22 1.000000000000e+00 0.000000000000e+00 1.000000000000e+00 0.000000000000e+00
1.258925411794e+02 5.465918852492e-01 2.441064983946e-01 0.000000000000e+00 0.000000000000e+00 3.086025232026e-22 -6.910083756856e-22 1.000000000000e+00 0.000000000000e+00 1.000000000000e+00 0.000000000000e+00
1.412537544623e+02 5.715688994850e-01 2.587446426361e-01 0.000000000000e+00 0.000000000000e+00 2.915355349729e-22 -6.440042320781e-22 1.000000000000e+00 0.000000000000e+00 1.000000000000e+00 0.000000000000e+00
1.584893192461e+02 5.993405991394e-01 2.714190101955e-01 0.000000000000e+00 0.000000000000e+00 2.725589164443e-22 -6.018577113109e-22 1.000000000000e+00 0.000000000000e+00 1.000000000000e+00 0.000000000000e+00
1.778279410039e+02 6.295517302814e-01 2.814716197699e-01 0.000000000000e+00 0.000000000000e+00 2.519154153929e-22 -5.634450314202e-22 1.000000000000e+00 0.000000000000e+00 1.000000000000e+00 0.000000000000e+00
1.995262314969e+02 6.616446846265e-01 2.883243771239e-01 0.000000000000e+00 0.000000000000e+00 2.299860498988e-22 -5.277703154055e-22 1.000000000000e+00 0.000000000000e+00 1.000000000000e+00 0.000000000000e+00
2.238721138568e+02 6.948873397675e-01 2.915537212775e-01 0.000000000000e+00 0.000000000000e+00 2.072710849009e-22 -4.940086244359e-22 1.000000000000e+00 0.000000000000e+00 1.000000000000e+00 0.000000000000e+00
2.511886431510e+02 7.284330949259e-01 2.909515508135e-01 0.000000000000e+00 0.000000000000e+00 1.843490092997e-22 -4.615404833391e-22 1.000000000000e+00 0.000000000000e+00 1.000000000000e+00 0.000000000000e+00
2.818382931264e+02 7.614041786355e-01 2.865569998670e-01 0.000000000000e+00 0.000000000000e+00 1.618196111696e-22 -4.299672602200e-22 1.000000000000e+00 0.000000000000e+00 1.000000000000e+00 0.000000000000e+00
3.162277660168e+02 7.929815676774e-01 2.786503694085e-01 0.000000000000e+00 0.000000000000e+00 1.402425354495e-22 -3.991013751458e-22 1.000000000000e+00 0.000000000000e+00 1.000000000000e+00 0.000000000000e+00
3.548133892336e+02 8.224825418467e-01 2.677109058671e-01 0.000000000000e+00 0.000000000000e+00 1.200842901684e-22 -3.689324194457e-22 1.000000000000e+00 0.000000000000e+00 1.000000000000e+00 0.000000000000e+00
3.981071705535e+02 8.494111878657e-01 2.543497797398e-01 0.000000000000e+00 0.000000000000e+00 1.016837367276e-22 -3.395768759413e-22 1.000000000000e+00 0.000000000000e+00 1.000000000000e+00 0.000000000000e+00
4.466835921510e+02 8.734758926549e-01 2.392346079719e-01 0.000000000000e+00 0.000000000000e+00 8.524013661222e-23 -3.112225486461e-22 1.000000000000e+00 0.000000000000e+00 1.000000000000e+00 0.000000000000e+00
5.011872336273e+02 8.945769843114e-01 2.230209083999e-01 0.000000000000e+00 0.000000000000e+00 7.082159640778e-23 -2.840781637612e-22 1.000000000000e+00 0.000000000000e+00 1.000000000000e+00 0.000000000000e+00
5.623413251903e+02 9.127737516550e-01 2.063006133842e-01 0.000000000000e+00 0.000000000000e+00 5.838760359978e-23 -2.583350146839e-22 1.000000000000e+00 0.000000000000e+00 1.000000000000e+00 0.000000000000e+00
6.309573444802e+02 9.282418595756e-01 1.895712227419e-01 0.000000000000e+00 0.000000000000e+00 4.781812499892e-23 -2.341430551981e-22 1.000000000000e+00 0.000000000000e+00 1.000000000000e+00 0.000000000000e+00
7.079457843841e+02 9.412305310321e-01 1.732238804505e-01 0.000000000000e+00 0.000000000000e+00 3.894286461391e-23 -2.116002311294e-22 1.000000000000e+00 0.000000000000e+00 1.000000000000e+00 0.000000000000e+00
7.943282347243e+02 9.520255775076e-01 1.575457335770e-01 0.000000000000e+00 0.000000000000e+00 3.156652522935e-23 -1.907518453789e-22 1.000000000000e+00 0.000000000000e+00 1.000000000000e+00 0.000000000000e+00
8.912509381337e+02 9.609210265587e-01 1.427312135486e-01 0.000000000000e+00 0.000000000000e+00 2.548819552137e-23 -1.715962640309e-22 1.000000000000e+00 0.000000000000e+00 1.000000000000e+00 0.000000000000e+00
1.000000000000e+03 9.681996036959e-01 1.288975795701e-01 0.000000000000e+00 0.000000000000e+00 2.051468694116e-23 -1.540937528278e-22 1.000000000000e+00 0.000000000000e+00 1.000000000000e+00 0.000000000000e+00
1.122018454302e+03 9.741208864507e-01 1.161013558343e-01 0.000000000000e+00 0.000000000000e+00 1.646862813160e-23 -1.381761179179e-22 1.000000000000e+00 0.000000000000e+00 1.000000000000e+00 0.000000000000e+00
1.258925411794e+03 9.789153789944e-01 1.043535973778e-01 0.000000000000e+00 0.000000000000e+00 1.319251378716e-23 -1.237557205344e-22 1.000000000000e+00 0.000000000000e+00 1.000000000000e+00 0.000000000000e+00
1.412537544623e+03 9.827827421140e-01 9.363296861692e-02 0.000000000000e+00 0.000000000000e+00 1.054991412333e-23 -1.107331497051e-22 1.000000000000e+00 0.000000000000e+00 1.000000000000e+00 0.000000000000e+00
1.584893192461e+03 9.858926832084e-01 8.389631937681e-02 0.000000000000e+00 0.000000000000e+00 8.424866735216e-24 -9.900332378050e-23 1.000000000000e+00 0.000000000000e+00 1.000000000000e+00 0.000000000000e+00
1.778279410039e+03 9.883873665744e-01 7.508686660117e-02 0.000000000000e+00 0.000000000000e+00 6.720229629491e-24 -8.846007786620e-23 1.000000000000e+00 0.000000000000e+00 1.000000000000e+00 0.000000000000e+00
1.995262314969e+03 9.903845455710e-01 6.714029050228e-02 0.000000000000e+00 0.000000000000e+00 5.355540990224e-24 -7.899943521556e-23 1.000000000000e+00 0.000000000000e+00 1.000000000000e+00 0.000000000000e+00
2.238721138568e+03 9.919808970885e-01 5.998912123679e-02 0.000000000000e+00 0.000000000000e+00 4.264740709368e-24 -7.052180841305e-23 1.000000000000e+00 0.000000000000e+00 1.000000000000e+00 0.000000000000e+00
2.511886431510e+03 9.932552461714e-01 5.356578580940e-02 0.000000000000e+00 0.000000000000e+00 3.393966974472e-24 -6.293337158764e-23 1.000000000000e+00 0.000000000000e+00 1.000000000000e+00 0.000000000000e+00
2.818382931264e+03 9.942715131052e-01 4.780463838308e-02 0.000000000000e+00 0.000000000000e+00 2.699542498994e-24 -5.614681537089e-23 1.000000000000e+00 0.000000000000e+00 1.000000000000e+00 0.000000000000e+00
3.162277660168e+03 9.950813093622e-01 4.264324036713e-02 0.000000000000e+00 0.000000000000e+00 2.146200689260e-24 -5.008165828011e-23 1.000000000000e+00 0.000000000000e+00 1.000000000000e+00 0.000000000000e+00
3.548133892336e+03 9.957261665542e-01 3.802310049190e-02 0.000000000000e+00 0.000000000000e+00 1.705562579822e-24 -4.466425061223e-23 1.000000000000e+00 0.000000000000e+00 1.000000000000e+00 0.000000000000e+00
3.981071705535e+03 9.962394153900e-01 3.389003526772e-02 0.000000000000e+00 0.000000000000e+00 1.354852922372e-24 -3.982757387712e-23 1.000000000000e+00 0.000000000000e+00 1.000000000000e+00 0.000000000000e+00
4.466835921510e+03 9.966477481739e-01 3.019426991609e-02 0.000000000000e+00 0.000000000000e+00 1.075832512015e-24 -3.551091162302e-23 1.000000000000e+00 0.000000000000e+00 1.000000000000e+00 0.000000000000e+00
5.011872336273e+03 9.969725049458e-01 2.689036661667e-02 0.000000000000e+00 0.000000000000e+00 8.539193501841e-25 -3.165944613961e-23 1.000000000000e+00 0.000000000000e+00 1.000000000000e+00 0.000000000000e+00
5.623413251903e+03 9.972307238811e-01 2.393704333880e-02 0.000000000000e+00 0.000000000000e+00 6.774708881810e-25 -2.822381923560e-23 1.000000000000e+00 0.000000000000e+00 1.000000000000e+00 0.000000000000e+00
6.309573444802e+03 9.974359940292e-01 2.129692736025e-02 0.000000000000e+00 0.000000000000e+00 5.372013324999e-25 -2.515968317926e-23 1.000000000000e+00 0.000000000000e+00 1.000000000000e+00 0.000000000000e+00
7.079457843841e+03 9.975991443609e-01 1.893627421819e-02 0.000000000000e+00 0.000000000000e+00 4.257107976411e-25 -2.242725905733e-23 1.000000000000e+00 0.000000000000e+00 1.000000000000e+00 0.000000000000e+00
7.943282347243e+03 9.977287985211e-01 1.682467304444e-02 0.000000000000e+00 0.000000000000e+00 3.371062193019e-25 -1.999091347985e-23 1.000000000000e+00 0.000000000000e+00 1.000000000000e+00 0.000000000000e+00
8.912509381337e+03 9.978318202004e-01 1.493475171412e-02 0.000000000000e+00 0.000000000000e+00 2.666970050129e-25 -1.781876010047e-23 1.000000000000e+00 0.000000000000e+00 1.000000000000e+00 0.000000000000e+00
1.000000000000e+04 9.979136698726e-01 1.324189101268e-02 0.000000000000e+00 0.000000000000e+00 2.107512410553e-25 -1.588228933392e-23 1.000000000000e+00 0.000000000000e+00 1.000000000000e+00 0.000000000000e+00
1.122018454302e+04 9.979786900362e-01 1.172395289124e-02 0.000000000000e+00 0.000000000000e+00 1.663007455949e-25 -1.415602756003e-23 1.000000000000e+00 0.000000000000e+00 1.000000000000e+00 0.000000000000e+00
1.258925411794e+04 9.980303329683e-01 1.036102550966e-02 0.000000000000e+00 0.000000000000e+00 1.309853951564e-25 -1.261722571961e-23 1.000000000000e+00 0.000000000000e+00 1.000000000000e+00 0.000000000000e+00
1.412537544623e+04 9.980713423496e-01 9.135186829816e-03 0.000000000000e+00 0.000000000000e+00 1.029289554510e-25 -1.124557632454e-23 1.000000000000e+00 0.000000000000e+00 1.000000000000e+00 0.000000000000e+00
1.584893192461e+04 9.981038979815e-01 8.030286254879e-03 0.000000000000e+00 0.000000000000e+00 8.064011871505e-26 -1.002295737269e-23 1.000000000000e+00 0.000000000000e+00 1.000000000000e+00 0.000000000000e+00
1.778279410039e+04 9.981297309837e-01 7.031744262825e-03 0.000000000000e+00 0.000000000000e+00 6.293369037891e-26 -8.933201365109e-24 1.000000000000e+00 0.000000000000e+00 1.000000000000e+00 0.000000000000e+00
1.995262314969e+04 9.981502154266e-01 6.126368739046e-03 0.000000000000e+00 0.000000000000e+00 4.886785365053e-26 -7.961887494270e-24 1.000000000000e+00 0.000000000000e+00 1.000000000000e+00 0.000000000000e+00
2.238721138568e+04 9.981664411507e-01 5.302186958836e-03 0.000000000000e+00 0.000000000000e+00 3.769425540138e-26 -7.096155050341e-24 1.000000000000e+00 0.000000000000e+00 1.000000000000e+00 0.000000000000e+00
2.511886431510e+04 9.981792715849e-01 4.548291597693e-03 0.000000000000e+00 0.000000000000e+00 2.881830489285e-26 -6.324536140319e-24 1.000000000000e+00 0.000000000000e+00 1.000000000000e+00 0.000000000000e+00
2.818382931264e+04 9.981893895870e-01 3.854699500209e-03 0.000000000000e+00 0.000000000000e+00 2.176760555808e-26 -5.636805904987e-24 1.000000000000e+00 0.000000000000e+00 1.000000000000e+00 0.000000000000e+00
3.162277660168e+04 9.981973337184e-01 3.212221725263e-03 0.000000000000e+00 0.000000000000e+00 1.616685885383e-26 -5.023848533085e-24 1.000000000000e+00 0.000000000000e+00 1.000000000000e+00 0.000000000000e+00
3.548133892336e+04 9.982035268702e-01 2.612343329403e-03 0.000000000000e+00 0.000000000000e+00 1.171791613685e-26 -4.477537498129e-24 1.000000000000e+00 0.000000000000e+00 1.000000000000e+00 0.000000000000e+00
3.981071705535e+04 9.982082987470e-01 2.047111660843e-03 0.000000000000e+00 0.000000000000e+00 8.183925434696e-27 -3.990628572705e-24 1.000000000000e+00 0.000000000000e+00 1.000000000000e+00 0.000000000000e+00
4.466835921510e+04 9.982119034044e-01 1.509031690944e-03 0.000000000000e+00 0.000000000000e+00 5.376733265269e-27 -3.556664302688e-24 1.000000000000e+00 0.000000000000e+00 1.000000000000e+00 0.000000000000e+00
5.011872336273e+04 9.982145327624e-01 9.909672057660e-04 0.000000000000e+00 0.000000000000e+00 3.146874434518e-27 -3.169888746078e-24 1.000000000000e+00 0.000000000000e+00 1.000000000000e+00 0.000000000000e+00
5.623413251903e+04 9.982163268189e-01 4.860465692644e-04 0.000000000000e+00 0.000000000000e+00 1.375618518638e-27 -2.825171396295e-24 1.000000000000e+00 0.000000000000e+00 1.000000000000e+00 0.000000000000e+00
6.309573444802e+04 9.982173810987e-01 -1.242812531643e-05 0.000000000000e+00 0.000000000000e+00 -3.134914887551e-29 -2.517939316690e-24 1.000000000000e+00 0.000000000000e+00 1.000000000000e+00 0.000000000000e+00
7.079457843841e+04 9.982177517370e-01 -5.110696886277e-04 0.000000000000e+00 0.000000000000e+00 -1.148947687844e-27 -2.244116611404e-24 1.000000000000e+00 0.000000000000e+00 1.000000000000e+00 0.000000000000e+00
7.943282347243e+04 9.982174584674e-01 -1.016493379325e-03 0.000000000000e+00 0.000000000000e+00 -2.036688850712e-27 -2.000070447588e-24 1.000000000000e+00 0.000000000000e+00 1.000000000000e+00 0.000000000000e+00
8.912509381337e+04 9.982164856723e-01 -1.535404520439e-03 0.000000000000e+00 0.000000000000e+00 -2.741845294248e-27 -1.782562925580e-24 1.000000000000e+00 0.000000000000e+00 1.000000000000e+00 0.000000000000e+00
1.000000000000e+05 9.982147815503e-01 -2.074687305281e-03 0.000000000000e+00 0.000000000000e+00 -3.301967400080e-27 -1.588708167511e-24 1.000000000000e+00 0.000000000000e+00 1.000000000000e+00 0.000000000000e+00
1.122018454302e+05 9.982122553615e-01 -2.641494985795e-03 0.000000000000e+00 0.000000000000e+00 -3.746881190145e-27 -1.415934061392e-24 1.000000000000e+00 0.000000000000e+00 1.000000000000e+00 0.000000000000e+00
1.258925411794e+05 9.982087725858e-01 -3.243348668718e-03 0.000000000000e+00 0.000000000000e+00 -4.100282415142e-27 -1.261948157582e-24 1.000000000000e+00 0.000000000000e+00 1.000000000000e+00 0.000000000000e+00
1.412537544623e+05 9.982041477786e-01 -3.888230547858e-03 0.000000000000e+00 0.000000000000e+00 -4.380988766820e-27 -1.124707268409e-24 1.000000000000e+00 0.000000000000e+00 1.000000000000e+00 0.000000000000e+00
1.584893192461e+05 9.981981346898e-01 -4.584693791628e-03 0.000000000000e+00 0.000000000000e+00 -4.603948600241e-27 -1.002390369753e-24 1.000000000000e+00 0.000000000000e+00 1.000000000000e+00 0.000000000000e+00
1.778279410039e+05 9.981904131364e-01 -5.341976957055e-03 0.000000000000e+00 0.000000000000e+00 -4.781037410647e-27 -8.933744466745e-25 1.000000000000e+00 0.000000000000e+00 1.000000000000e+00 0.000000000000e+00
1.995262314969e+05 9.981805720687e-01 -6.170115003471e-03 0.000000000000e+00 0.000000000000e+00 -4.921680196525e-27 -7.962129638353e-25 1.000000000000e+00 0.000000000000e+00 1.000000000000e+00 0.000000000000e+00
2.238721138568e+05 9.981680875330e-01 -7.080089767797e-03 0.000000000000e+00 0.000000000000e+00 -5.033370457210e-27 -7.096166754786e-25 1.000000000000e+00 0.000000000000e+00 1.000000000000e+00 0.000000000000e+00
2.511886431510e+05 9.981522949285e-01 -8.083959866369e-03 0.000000000000e+00 0.000000000000e+00 -5.122055505183e-27 -6.324365214271e-25 1.000000000000e+00 0.000000000000e+00 1.000000000000e+00 0.000000000000e+00
2.818382931264e+05 9.981323536343e-01 -9.195023283254e-03 0.000000000000e+00 0.000000000000e+00 -5.192457671870e-27 -5.636483821224e-25 1.000000000000e+00 0.000000000000e+00 1.000000000000e+00 0.000000000000e+00
3.162277660168e+05 9.981072023062e-01 -1.042799380478e-02 0.000000000000e+00 0.000000000000e+00 -5.248327120254e-27 -5.023394908789e-25 1.000000000000e+00 0.000000000000e+00 1.000000000000e+00 0.000000000000e+00
3.548133892336e+05 9.980755024962e-01 -1.179918688615e-02 0.000000000000e+00 0.000000000000e+00 -5.292638255423e-27 -4.476963232541e-25 1.000000000000e+00 0.000000000000e+00 1.000000000000e+00 0.000000000000e+00
3.981071705535e+05 9.980355675762e-01 -1.332673745901e-02 0.000000000000e+00 0.000000000000e+00 -5.327751667819e-27 -3.989938029512e-25 1.000000000000e+00 0.000000000000e+00 1.000000000000e+00 0.000000000000e+00
4.466835921510e+05 9.979852733396e-01 -1.503082544501e-02 0.000000000000e+00 0.000000000000e+00 -5.355536246150e-27 -3.555856811755e-25 1.000000000000e+00 0.000000000000e+00 1.000000000000e+00 0.000000000000e+00
5.011872336273e+05 9.979219452094e-01 -1.693394183056e-02 0.000000000000e+00 0.000000000000e+00 -5.377472464445e-27 -3.168959617157e-25 1.000000000000e+00 0.000000000000e+00 1.000000000000e+00 0.000000000000e+00
5.623413251903e+05 9.978422168873e-01 -1.906116313327e-02 0.000000000000e+00 0.000000000000e+00 -5.394727717575e-27 -2.824112583041e-25 1.000000000000e+00 0.000000000000e+00 1.000000000000e+00 0.000000000000e+00
6.309573444802e+05 9.977418520448e-01 -2.144047293199e-02 0.000000000000e+00 0.000000000000e+00 -5.408221774751e-27 -2.516739825153e-25 1.000000000000e+00 0.000000000000e+00 1.000000000000e+00 0.000000000000e+00
7.079457843841e+05 9.976155212197e-01 -2.410309471465e-02 0.000000000000e+00 0.000000000000e+00 -5.418672943984e-27 -2.242762722931e-25 1.000000000000e+00 0.000000000000e+00 1.000000000000e+00 0.000000000000e+00
7.943282347243e+05 9.974565209200e-01 -2.708386985970e-02 0.000000000000e+00 0.000000000000e+00 -5.426637978851e-27 -1.998545801142e-25 1.000000000000e+00 0.000000000000e+00 1.000000000000e+00 0.000000000000e+00
8.912509381337e+05 9.972564219878e-01 -3.042166019792e-02 0.000000000000e+00 0.000000000000e+00 -5.432541375722e-27 -1.780848493937e-25 1.000000000000e+00 0.000000000000e+00 1.000000000000e+00 0.000000000000e+00
1.000000000000e+06 9.970046290924e-01 -3.415977809016e-02 0.000000000000e+00 0.000000000000e+00 -5.436697537971e-27 -1.586782150056e-25 1.000000000000e+00 0.000000000000e+00 1.000000000000e+00 0.000000000000e+00
1.122018454302e+06 9.966878290897e-01 -3.834645044715e-02 0.000000000000e+00 0.000000000000e+00 -5.439328662815e-27 -1.413771708575e-25 1.000000000000e+00 0.000000000000e+00 1.000000000000e+00 0.000000000000e+00
1.258925411794e+06 9.962893029548e-01 -4.303528815140e-02 0.000000000000e+00 0.000000000000e+00 -5.440575567474e-27 -1.259521539794e-25 1.000000000000e+00 0.000000000000e+00 1.000000000000e+00 0.000000000000e+00
1.412537544623e+06 9.957880677464e-01 -4.828577172286e-02 0.000000000000e+00 0.000000000000e+00 -5.440506186866e-27 -1.121984996838e-25 1.000000000000e+00 0.000000000000e+00 1.000000000000e+00 0.000000000000e+00
1.584893192461e+06 9.951578106334e-01 -5.416371236760e-02 0.000000000000e+00 0.000000000000e+00 -5.439118926446e-27 -9.993372769358e-26 1.000000000000e+00 0.000000000000e+00 1.000000000000e+00 0.000000000000e+00
1.778279410039e+06 9.943655684299e-01 -6.074167351451e-02 0.000000000000e+00 0.000000000000e+00 -5.436343432271e-27 -8.899512335496e-26 1.000000000000e+00 0.000000000000e+00 1.000000000000e+00 0.000000000000e+00
1.995262314969e+06 9.933700996381e-01 -6.809929530007e-02 0.000000000000e+00 0.000000000000e+00 -5.432037375121e-27 -7.923758219207e-26 1.000000000000e+00 0.000000000000e+00 1.000000000000e+00 0.000000000000e+00
2.238721138568e+06 9.921198891213e-01 -7.632346260175e-02 0.000000000000e+00 0.000000000000e+00 -5.425980099838e-27 -7.053168962099e-26 1.000000000000e+00 0.000000000000e+00 1.000000000000e+00 0.000000000000e+00
2.511886431510e+06 9.905507195507e-01 -8.550821997333e-02 0.000000000000e+00 0.000000000000e+00 -5.417862731782e-27 -6.276201082267e-26 1.000000000000e+00 0.000000000000e+00 1.000000000000e+00 0.000000000000e+00
2.818382931264e+06 9.885827451404e-01 -9.575430010738e-02 0.000000000000e+00 0.000000000000e+00 -5.407274510266e-27 -5.582556891013e-26 1.000000000000e+00 0.000000000000e+00 1.000000000000e+00 0.000000000000e+00
3.162277660168e+06 9.861170108064e-01 -1.071680884224e-01 0.000000000000e+00 0.000000000000e+00 -5.393685453043e-27 -4.963049219672e-26 1.000000000000e+00 0.000000000000e+00 1.000000000000e+00 0.000000000000e+00
3.548133892336e+06 9.830313820505e-01 -1.198597755071e-01 0.000000000000e+00 0.000000000000e+00 -5.376424996544e-27 -4.409481389802e-26 1.000000000000e+00 0.000000000000e+00 1.000000000000e+00 0.000000000000e+00
3.981071705535e+06 9.791758986468e-01 -1.339403831534e-01 0.000000000000e+00 0.000000000000e+00 -5.354657146428e-27 -3.914541006871e-26 1.000000000000e+00 0.000000000000e+00 1.000000000000e+00 0.000000000000e+00
4.466835921510e+06 9.743676492305e-01 -1.495172482686e-01 0.000000000000e+00 0.000000000000e+00 -5.327352416251e-27 -3.471706382075e-26 1.000000000000e+00 0.000000000000e+00 1.000000000000e+00 0.000000000000e+00
5.011872336273e+06 9.683854005888e-01 -1.666874727655e-01 0.000000000000e+00 0.000000000000e+00 -5.293258379731e-27 -3.075164588816e-26 1.000000000000e+00 0.000000000000e+00 1.000000000000e+00 0.000000000000e+00
5.623413251903e+06 9.609644314024e-01 -1.855287565035e-01 0.000000000000e+00 0.000000000000e+00 -5.250871198773e-27 -2.719740352382e-26 1.000000000000e+00 0.000000000000e+00 1.000000000000e+00 0.000000000000e+00
6.309573444802e+06 9.517923266393e-01 -2.060870172087e-01 0.000000000000e+00 0.000000000000e+00 -5.198412821844e-27 -2.400835094587e-26 1.000000000000e+00 0.000000000000e+00 1.000000000000e+00 0.000000000000e+00
7.079457843841e+06 9.405069148761e-01 -2.283602738220e-01 0.000000000000e+00 0.000000000000e+00 -5.133820581503e-27 -2.114375532935e-26 1.000000000000e+00 0.000000000000e+00 1.000000000000e+00 0.000000000000e+00
7.943282347243e+06 9.266980472731e-01 -2.522785565247e-01 0.000000000000e+00 0.000000000000e+00 -5.054759172815e-27 -1.856771149880e-26 1.000000000000e+00 0.000000000000e+00 1.000000000000e+00 0.000000000000e+00
8.912509381337e+06 9.099154825311e-01 -2.776801965355e-01 0.000000000000e+00 0.000000000000e+00 -4.958668090705e-27 -1.624879600620e-26 1.000000000000e+00 0.000000000000e+00 1.000000000000e+00 0.000000000000e+00
1.000000000000e+07 8.896855914710e-01 -3.042858832119e-01 0.000000000000e+00 0.000000000000e+00 -4.842860242626e-27 -1.415978596803e-26 1.000000000000e+00 0.000000000000e+00 1.000000000000e+00 0.000000000000e+00
1.122018454302e+07 8.655396604693e-01 -3.316734174911e-01 0.000000000000e+00 0.000000000000e+00 -4.704687671000e-27 -1.227741975879e-26 1.000000000000e+00 0.000000000000e+00 1.000000000000e+00 0.000000000000e+00
1.258925411794e+07 8.370558399841e-01 -3.592580741478e-01 0.000000000000e+00 0.000000000000e+00 -4.541786019302e-27 -1.058216581613e-26 1.000000000000e+00 0.000000000000e+00 1.000000000000e+00 0.000000000000e+00
1.412537544623e+07 8.039147705529e-01 -3.862855096303e-01 0.000000000000e+00 0.000000000000e+00 -4.352397466282e-27 -9.057954604120e-27 1.000000000000e+00 0.000000000000e+00 1.000000000000e+00 0.000000000000e+00
1.584893192461e+07 7.659653167525e-01 -4.118454089264e-01 0.000000000000e+00 0.000000000000e+00 -4.135750783215e-27 -7.691822198366e-27 1.000000000000e+00 0.000000000000e+00 1.000000000000e+00 0.000000000000e+00
1.778279410039e+07 7.232918724805e-01 -4.349133183445e-01 0.000000000000e+00 0.000000000000e+00 -3.892448174357e-27 -6.473418977558e-27 1.000000000000e+00 0.000000000000e+00 1.000000000000e+00 0.000000000000e+00
1.995262314969e+07 6.762696007991e-01 -4.544241346351e-01 0.000000000000e+00 0.000000000000e+00 -3.624778894727e-27 -5.394360882902e-27 1.000000000000e+00 0.000000000000e+00 1.000000000000e+00 0.000000000000e+00
2.238721138568e+07 6.255910425251e-01 -4.693731329578e-01 0.000000000000e+00 0.000000000000e+00 -3.336862862363e-27 -4.447445689264e-27 1.000000000000e+00 0.000000000000e+00 1.000000000000e+00 0.000000000000e+00
2.511886431510e+07 5.722494861019e-01 -4.789306820226e-01 0.000000000000e+00 0.000000000000e+00 -3.034539479417e-27 -3.625814179035e-27 1.000000000000e+00 0.000000000000e+00 1.000000000000e+00 0.000000000000e+00
2.818382931264e+07 5.174728026971e-01 -4.825485261555e-01 0.000000000000e+00 0.000000000000e+00 -2.724966233914e-27 -2.922184687938e-27 1.000000000000e+00 0.000000000000e+00 1.000000000000e+00 0.000000000000e+00
3.162277660168e+07 4.626145820275e-01 -4.800332176229e-01 0.000000000000e+00 0.000000000000e+00 -2.415969362694e-27 -2.328302742149e-27 1.000000000000e+00 0.000000000000e+00 1.000000000000e+00 0.000000000000e+00
3.548133892336e+07 4.090224943620e-01 -4.715686227924e-01 0.000000000000e+00 0.000000000000e+00 -2.115266210404e-27 -1.834709562514e-27 1.000000000000e+00 0.000000000000e+00 1.000000000000e+00 0.000000000000e+00
3.981071705535e+07 3.579108928394e-01 -4.576828670976e-01 0.000000000000e+00 0.000000000000e+00 -1.829720639439e-27 -1.430853096733e-27 1.000000000000e+00 0.000000000000e+00 1.000000000000e+00 0.000000000000e+00
4.466835921510e+07 3.102623587160e-01 -4.391700659369e-01 0.000000000000e+00 0.000000000000e+00 -1.564778471385e-27 -1.105475753144e-27 1.000000000000e+00 0.000000000000e+00 1.000000000000e+00 0.000000000000e+00
5.011872336273e+07 2.667726463318e-01 -4.169873618327e-01 0.000000000000e+00 0.000000000000e+00 -1.324167803761e-27 -8.471521718165e-28 1.000000000000e+00 0.000000000000e+00 1.000000000000e+00 0.000000000000e+00
5.623413251903e+07 2.278405181806e-01 -3.921498117883e-01 0.000000000000e+00 0.000000000000e+00 -1.109870076817e-27 -6.448386963698e-28 1.000000000000e+00 0.000000000000e+00 1.000000000000e+00 0.000000000000e+00
6.309573444802e+07 1.935937261916e-01 -3.656406506031e-01 0.000000000000e+00 0.000000000000e+00 -9.223050884171e-28 -4.883277569318e-28 1.000000000000e+00 0.000000000000e+00 1.000000000000e+00 0.000000000000e+00
7.079457843841e+07 1.639376191853e-01 -3.383462578153e-01 0.000000000000e+00 0.000000000000e+00 -7.606441142211e-28 -3.685519855840e-28 1.000000000000e+00 0.000000000000e+00 1.000000000000e+00 0.000000000000e+00
7.943282347243e+07 1.386130812334e-01 -3.110175583113e-01 0.000000000000e+00 0.000000000000e+00 -6.231678496332e-28 -2.777309944567e-28 1.000000000000e+00 0.000000000000e+00 1.000000000000e+00 0.000000000000e+00
8.912509381337e+07 1.172535878365e-01 -2.842545539146e-01 0.000000000000e+00 0.000000000000e+00 -5.076069535100e-28 -2.093853403230e-28 1.000000000000e+00 0.000000000000e+00 1.000000000000e+00 0.000000000000e+00
1.000000000000e+08 9.943500778882e-02 -2.585083665672e-01 0.000000000000e+00 0.000000000000e+00 -4.114288436979e-28 -1.582557300597e-28 1.000000000000e+00 0.000000000000e+00 1.000000000000e+00 0.000000000000e+00
1.122018454302e+08 8.471513444779e-02 -2.340948165730e-01 0.000000000000e+00 0.000000000000e+00 -3.320564565309e-28 -1.201658702704e-28 1.000000000000e+00 0.000000000000e+00 1.000000000000e+00 0.000000000000e+00
1.258925411794e+08 7.266236389583e-02 -2.112142942956e-01 0.000000000000e+00 0.000000000000e+00 -2.670197826963e-28 -9.186067961153e-29 1.000000000000e+00 0.000000000000e+00 1.000000000000e+00 0.000000000000e+00
1.412537544623e+08 6.287445627726e-02 -1.899738746617e-01 0.000000000000e+00 0.000000000000e+00 -2.140493987280e-28 -7.084258077837e-29 1.000000000000e+00 0.000000000000e+00 1.000000000000e+00 0.000000000000e+00
1.584893192461e+08 5.498909092566e-02 -1.704088808951e-01 0.000000000000e+00 0.000000000000e+00 -1.711245645462e-28 -5.522003424949e-29 1.000000000000e+00 0.000000000000e+00 1.000000000000e+00 0.000000000000e+00
1.778279410039e+08 4.868816166185e-02 -1.525022110061e-01 0.000000000000e+00 0.000000000000e+00 -1.364885662908e-28 -4.357561334173e-29 1.000000000000e+00 0.000000000000e+00 1.000000000000e+00 0.000000000000e+00
1.995262314969e+08 4.369765429167e-02 -1.362005972447e-01 0.000000000000e+00 0.000000000000e+00 -1.086423481310e-28 -3.485605691975e-29 1.000000000000e+00 0.000000000000e+00 1.000000000000e+00 0.000000000000e+00
2.238721138568e+08 3.978467448275e-02 -1.214275581933e-01 0.000000000000e+00 0.000000000000e+00 -8.632516029399e-29 -2.828368167051e-29 1.000000000000e+00 0.000000000000e+00 1.000000000000e+00 0.000000000000e+00
2.511886431510e+08 3.675287640427e-02 -1.080931661141e-01 0.000000000000e+00 0.000000000000e+00 -6.848861272430e-29 -2.328688860774e-29 1.000000000000e+00 0.000000000000e+00 1.000000000000e+00 0.000000000000e+00
2.818382931264e+08 3.443725328107e-02 -9.610095816862e-02 0.000000000000e+00 0.000000000000e+00 -5.426850396636e-29 -1.944682188283e-29 1.000000000000e+00 0.000000000000e+00 1.000000000000e+00 0.000000000000e+00
3.162277660168e+08 3.269901036433e-02 -8.535243939108e-02 0.000000000000e+00 0.000000000000e+00 -4.295721025749e-29 -1.645715428233e-29 1.000000000000e+00 0.000000000000e+00 1.000000000000e+00 0.000000000000e+00
3.548133892336e+08 3.142103195230e-02 -7.574970430346e-02 0.000000000000e+00 0.000000000000e+00 -3.397825517151e-29 -1.409420473973e-29 1.000000000000e+00 0.000000000000e+00 1.000000000000e+00 0.000000000000e+00
3.981071705535e+08 3.050424743652e-02 -6.719675323688e-02 0.000000000000e+00 0.000000000000e+00 -2.686386035827e-29 -1.219496186936e-29 1.000000000000e+00 0.000000000000e+00 1.000000000000e+00 0.000000000000e+00
4.466835921510e+08 2.986498312481e-02 -5.960007800706e-02 0.000000000000e+00 0.000000000000e+00 -2.123571850448e-29 -1.064099907225e-29 1.000000000000e+00 0.000000000000e+00 1.000000000000e+00 0.000000000000e+00
5.011872336273e+08 2.943317656280e-02 -5.286901198317e-02 0.000000000000e+00 0.000000000000e+00 -1.678886457783e-29 -9.346677701590e-30 1.000000000000e+00 0.000000000000e+00 1.000000000000e+00 0.000000000000e+00
5.623413251903e+08 2.915117575089e-02 -4.691617890812e-02 0.000000000000e+00 0.000000000000e+00 -1.327830883082e-29 -8.250422847946e-30 1.000000000000e+00 0.000000000000e+00 1.000000000000e+00 0.000000000000e+00
6.309573444802e+08 2.897279122334e-02 -4.165817144954e-02 0.000000000000e+00 0.000000000000e+00 -1.050800654651e-29 -7.308200750342e-30 1.000000000000e+00 0.000000000000e+00 1.000000000000e+00 0.000000000000e+00
7.079457843841e+08 2.886232197650e-02 -3.701640884838e-02 0.000000000000e+00 0.000000000000e+00 -8.321745215074e-30 -6.488605925756e-30 1.000000000000e+00 0.000000000000e+00 1.000000000000e+00 0.000000000000e+00
7.943282347243e+08 2.879339878070e-02 -3.291801675828e-02 0.000000000000e+00 0.000000000000e+00 -6.595592168118e-30 -5.769166377367e-30 1.000000000000e+00 0.000000000000e+00 1.000000000000e+00 0.000000000000e+00
8.912509381337e+08 2.874762077926e-02 -2.929655522417e-02 0.000000000000e+00 0.000000000000e+00 -5.231625998908e-30 -5.133600149394e-30 1.000000000000e+00 0.000000000000e+00 1.000000000000e+00 0.000000000000e+00
1.000000000000e+09 2.871305687087e-02 -2.609246758295e-02 0.000000000000e+00 0.000000000000e+00 -4.152745193291e-30 -4.569824932278e-30 1.000000000000e+00 0.000000000000e+00 1.000000000000e+00 0.000000000000e+00
