# freq_hz rev(vout) imv(vout) rev(vinp) imv(vinp) rev(vinn) imv(vinn) rev(vdd) imv(vdd) rev(vss) imv(vss)
1.000000000000e-01 9.184232339976e-06 1.255612746350e-08 0.000000000000e+00 0.000000000000e+00 9.184236723472e-06 6.785501339602e-09 1.000000000000e+00 0.000000000000e+00 0.000000000000e+00 0.000000000000e+00
1.122018454302e-01 9.184231373638e-06 1.408820672855e-08 0.000000000000e+00 0.000000000000e+00 9.184236723474e-06 7.613457724732e-09 1.000000000000e+00 0.000000000000e+00 0.000000000000e+00 0.000000000000e+00
1.258925411794e-01 9.184229952552e-06 1.580722793735e-08 0.000000000000e+00 0.000000000000e+00 9.184236723558e-06 8.542440068210e-09 1.000000000000e+00 0.000000000000e+00 0.000000000000e+00 0.000000000000e+00
1.412537544623e-01 9.184228247250e-06 1.773600145737e-08 0.000000000000e+00 0.000000000000e+00 9.184236723569e-06 9.584775401316e-09 1.000000000000e+00 0.000000000000e+00 0.000000000000e+00 0.000000000000e+00
1.584893192461e-01 9.184226030357e-06 1.990012094103e-08 0.000000000000e+00 0.000000000000e+00 9.184236723755e-06 1.075429488064e-08 1.000000000000e+00 0.000000000000e+00 0.000000000000e+00 0.000000000000e+00
1.778279410039e-01 9.184223301872e-06 2.232830293873e-08 0.000000000000e+00 0.000000000000e+00 9.184236723787e-06 1.206651731912e-08 1.000000000000e+00 0.000000000000e+00 0.000000000000e+00 0.000000000000e+00
1.995262314969e-01 9.184219720737e-06 2.505276795067e-08 0.000000000000e+00 0.000000000000e+00 9.184236723905e-06 1.353885511125e-08 1.000000000000e+00 0.000000000000e+00 0.000000000000e+00 0.000000000000e+00
2.238721138568e-01 9.184215343794e-06 2.810966797241e-08 0.000000000000e+00 0.000000000000e+00 9.184236724079e-06 1.519084528501e-08 1.000000000000e+00 0.000000000000e+00 0.000000000000e+00 0.000000000000e+00
2.511886431510e-01 9.184209773139e-06 3.153956620980e-08 0.000000000000e+00 0.000000000000e+00 9.184236724225e-06 1.704440874632e-08 1.000000000000e+00 0.000000000000e+00 0.000000000000e+00 0.000000000000e+00
2.818382931264e-01 9.184202838242e-06 3.538797532863e-08 0.000000000000e+00 0.000000000000e+00 9.184236724543e-06 1.912414115617e-08 1.000000000000e+00 0.000000000000e+00 0.000000000000e+00 0.000000000000e+00
3.162277660168e-01 9.184194084355e-06 3.970596137970e-08 0.000000000000e+00 0.000000000000e+00 9.184236724850e-06 2.145763930009e-08 1.000000000000e+00 0.000000000000e+00 0.000000000000e+00 0.000000000000e+00
3.548133892336e-01 9.184183056732e-06 4.455082141413e-08 0.000000000000e+00 0.000000000000e+00 9.184236725224e-06 2.407586728072e-08 1.000000000000e+00 0.000000000000e+00 0.000000000000e+00 0.000000000000e+00
3.981071705535e-01 9.184169130094e-06 4.998684378292e-08 0.000000000000e+00 0.000000000000e+00 9.184236725722e-06 2.701356739267e-08 1.000000000000e+00 0.000000000000e+00 0.000000000000e+00 0.000000000000e+00
4.466835921510e-01 9.184151622321e-06 5.608616120037e-08 0.000000000000e+00 0.000000000000e+00 9.184236726299e-06 3.030972113164e-08 1.000000000000e+00 0.000000000000e+00 0.000000000000e+00 0.000000000000e+00
5.011872336273e-01 9.184129680762e-06 6.292970789888e-08 0.000000000000e+00 0.000000000000e+00 9.184236727021e-06 3.400806645520e-08 1.000000000000e+00 0.000000000000e+00 0.000000000000e+00 0.000000000000e+00
5.623413251903e-01 9.184101827486e-06 7.060829359216e-08 0.000000000000e+00 0.000000000000e+00 9.184236728029e-06 3.815767815893e-08 1.000000000000e+00 0.000000000000e+00 0.000000000000e+00 0.000000000000e+00
6.309573444802e-01 9.184066982471e-06 7.922380844253e-08 0.000000000000e+00 0.000000000000e+00 9.184236729192e-06 4.281361906913e-08 1.000000000000e+00 0.000000000000e+00 0.000000000000e+00 0.000000000000e+00
7.079457843841e-01 9.184023042508e-06 8.889057510203e-08 0.000000000000e+00 0.000000000000e+00 9.184236730805e-06 4.803767069314e-08 1.000000000000e+00 0.000000000000e+00 0.000000000000e+00 0.000000000000e+00
7.943282347243e-01 9.183967677018e-06 9.973686569079e-08 0.000000000000e+00 0.000000000000e+00 9.184236732625e-06 5.389915302238e-08 1.000000000000e+00 0.000000000000e+00 0.000000000000e+00 0.000000000000e+00
8.912509381337e-01 9.183898043830e-06 1.119066038967e-07 0.000000000000e+00 0.000000000000e+00 9.184236735126e-06 6.047584436657e-08 1.000000000000e+00 0.000000000000e+00 0.000000000000e+00 0.000000000000e+00
1.000000000000e+00 9.183810334434e-06 1.255612747581e-07 0.000000000000e+00 0.000000000000e+00 9.184236738202e-06 6.785501342477e-08 1.000000000000e+00 0.000000000000e+00 0.000000000000e+00 0.000000000000e+00
1.122018454302e+00 9.183700001358e-06 1.408820674560e-07 0.000000000000e+00 0.000000000000e+00 9.184236741929e-06 7.613457728793e-08 1.000000000000e+00 0.000000000000e+00 0.000000000000e+00 0.000000000000e+00
1.258925411794e+00 9.183561019199e-06 1.580722796182e-07 0.000000000000e+00 0.000000000000e+00 9.184236746906e-06 8.542440073946e-08 1.000000000000e+00 0.000000000000e+00 0.000000000000e+00 0.000000000000e+00
1.412537544623e+00 9.183386111999e-06 1.773600149160e-07 0.000000000000e+00 0.000000000000e+00 9.184236753037e-06 9.584775409420e-08 1.000000000000e+00 0.000000000000e+00 0.000000000000e+00 0.000000000000e+00
1.584893192461e+00 9.183165843751e-06 1.990012098909e-07 0.000000000000e+00 0.000000000000e+00 9.184236760604e-06 1.075429489209e-07 1.000000000000e+00 0.000000000000e+00 0.000000000000e+00 0.000000000000e+00
1.778279410039e+00 9.182888561554e-06 2.232830300644e-07 0.000000000000e+00 0.000000000000e+00 9.184236770211e-06 1.206651733529e-07 1.000000000000e+00 0.000000000000e+00 0.000000000000e+00 0.000000000000e+00
1.995262314969e+00 9.182539372432e-06 2.505276804647e-07 0.000000000000e+00 0.000000000000e+00 9.184236782312e-06 1.353885513409e-07 1.000000000000e+00 0.000000000000e+00 0.000000000000e+00 0.000000000000e+00
2.238721138568e+00 9.182099972804e-06 2.810966810785e-07 0.000000000000e+00 0.000000000000e+00 9.184236797643e-06 1.519084531728e-07 1.000000000000e+00 0.000000000000e+00 0.000000000000e+00 0.000000000000e+00
2.511886431510e+00 9.181546658965e-06 3.153956640136e-07 0.000000000000e+00 0.000000000000e+00 9.184236816861e-06 1.704440879190e-07 1.000000000000e+00 0.000000000000e+00 0.000000000000e+00 0.000000000000e+00
2.818382931264e+00 9.180850156554e-06 3.538797559901e-07 0.000000000000e+00 0.000000000000e+00 9.184236841063e-06 1.912414122055e-07 1.000000000000e+00 0.000000000000e+00 0.000000000000e+00 0.000000000000e+00
3.162277660168e+00 9.179973460505e-06 3.970596176208e-07 0.000000000000e+00 0.000000000000e+00 9.184236871468e-06 2.145763939103e-07 1.000000000000e+00 0.000000000000e+00 0.000000000000e+00 0.000000000000e+00
3.548133892336e+00 9.178869504467e-06 4.455082195515e-07 0.000000000000e+00 0.000000000000e+00 9.184236909904e-06 2.407586740917e-07 1.000000000000e+00 0.000000000000e+00 0.000000000000e+00 0.000000000000e+00
3.981071705535e+00 9.177479853406e-06 4.998684454624e-07 0.000000000000e+00 0.000000000000e+00 9.184236958145e-06 2.701356757411e-07 1.000000000000e+00 0.000000000000e+00 0.000000000000e+00 0.000000000000e+00
4.466835921510e+00 9.175730326660e-06 5.608616227715e-07 0.000000000000e+00 0.000000000000e+00 9.184237018995e-06 3.030972138794e-07 1.000000000000e+00 0.000000000000e+00 0.000000000000e+00 0.000000000000e+00
5.011872336273e+00 9.173527814710e-06 6.292970942279e-07 0.000000000000e+00 0.000000000000e+00 9.184237095494e-06 3.400806681722e-07 1.000000000000e+00 0.000000000000e+00 0.000000000000e+00 0.000000000000e+00
5.623413251903e+00 9.170754935894e-06 7.060829574166e-07 0.000000000000e+00 0.000000000000e+00 9.184237191895e-06 3.815767867029e-07 1.000000000000e+00 0.000000000000e+00 0.000000000000e+00 0.000000000000e+00
6.309573444802e+00 9.167264181542e-06 7.922381148086e-07 0.000000000000e+00 0.000000000000e+00 9.184237313229e-06 4.281361979146e-07 1.000000000000e+00 0.000000000000e+00 0.000000000000e+00 0.000000000000e+00
7.079457843841e+00 9.162869559987e-06 8.889057939304e-07 0.000000000000e+00 0.000000000000e+00 9.184237465851e-06 4.803767171345e-07 1.000000000000e+00 0.000000000000e+00 0.000000000000e+00 0.000000000000e+00
7.943282347243e+00 9.157337103716e-06 9.973687175105e-07 0.000000000000e+00 0.000000000000e+00 9.184237658119e-06 5.389915446360e-07 1.000000000000e+00 0.000000000000e+00 0.000000000000e+00 0.000000000000e+00
8.912509381337e+00 9.150372022759e-06 1.119066124575e-06 0.000000000000e+00 0.000000000000e+00 9.184237900444e-06 6.047584640237e-07 1.000000000000e+00 0.000000000000e+00 0.000000000000e+00 0.000000000000e+00
1.000000000000e+01 9.141603584339e-06 1.255612868487e-06 0.000000000000e+00 0.000000000000e+00 9.184238204933e-06 6.785501630041e-07 1.000000000000e+00 0.000000000000e+00 0.000000000000e+00 0.000000000000e+00
1.122018454302e+01 9.130564762927e-06 1.408820845386e-06 0.000000000000e+00 0.000000000000e+00 9.184238588640e-06 7.613458134988e-07 1.000000000000e+00 0.000000000000e+00 0.000000000000e+00 0.000000000000e+00
1.258925411794e+01 9.116667911258e-06 1.580723037423e-06 0.000000000000e+00 0.000000000000e+00 9.184239071507e-06 8.542440647711e-07 1.000000000000e+00 0.000000000000e+00 0.000000000000e+00 0.000000000000e+00
1.412537544623e+01 9.099172586957e-06 1.773600489918e-06 0.000000000000e+00 0.000000000000e+00 9.184239679567e-06 9.584776219885e-07 1.000000000000e+00 0.000000000000e+00 0.000000000000e+00 0.000000000000e+00
1.584893192461e+01 9.077147240077e-06 1.990012580298e-06 0.000000000000e+00 0.000000000000e+00 9.184240444921e-06 1.075429603690e-06 1.000000000000e+00 0.000000000000e+00 0.000000000000e+00 0.000000000000e+00
1.778279410039e+01 9.049418963514e-06 2.232830980629e-06 0.000000000000e+00 0.000000000000e+00 9.184241408546e-06 1.206651895238e-06 1.000000000000e+00 0.000000000000e+00 0.000000000000e+00 0.000000000000e+00
1.995262314969e+01 9.014511419991e-06 2.505277765144e-06 0.000000000000e+00 0.000000000000e+00 9.184242621811e-06 1.353885741829e-06 1.000000000000e+00 0.000000000000e+00 0.000000000000e+00 0.000000000000e+00
2.238721138568e+01 8.970565147592e-06 2.810968167503e-06 0.000000000000e+00 0.000000000000e+00 9.184244148958e-06 1.519084854379e-06 1.000000000000e+00 0.000000000000e+00 0.000000000000e+00 0.000000000000e+00
2.511886431510e+01 8.915240016449e-06 3.153958556490e-06 0.000000000000e+00 0.000000000000e+00 9.184246071503e-06 1.704441334948e-06 1.000000000000e+00 0.000000000000e+00 0.000000000000e+00 0.000000000000e+00
2.818382931264e+01 8.845590059536e-06 3.538800266906e-06 0.000000000000e+00 0.000000000000e+00 9.184248492161e-06 1.912414765830e-06 1.000000000000e+00 0.000000000000e+00 0.000000000000e+00 0.000000000000e+00
3.162277660168e+01 8.757905675338e-06 3.970599999958e-06 0.000000000000e+00 0.000000000000e+00 9.184251539373e-06 2.145764848459e-06 1.000000000000e+00 0.000000000000e+00 0.000000000000e+00 0.000000000000e+00
3.548133892336e+01 8.647517802274e-06 4.455087596639e-06 0.000000000000e+00 0.000000000000e+00 9.184255375559e-06 2.407588025418e-06 1.000000000000e+00 0.000000000000e+00 0.000000000000e+00 0.000000000000e+00
3.981071705535e+01 8.508547409747e-06 4.998692083952e-06 0.000000000000e+00 0.000000000000e+00 9.184260205125e-06 2.701358571817e-06 1.000000000000e+00 0.000000000000e+00 0.000000000000e+00 0.000000000000e+00
4.466835921510e+01 8.333594223586e-06 5.608627004466e-06 0.000000000000e+00 0.000000000000e+00 9.184266285146e-06 3.030974701709e-06 1.000000000000e+00 0.000000000000e+00 0.000000000000e+00 0.000000000000e+00
5.011872336273e+01 8.113340982163e-06 6.292986164891e-06 0.000000000000e+00 0.000000000000e+00 9.184273939575e-06 3.400810301938e-06 1.000000000000e+00 0.000000000000e+00 0.000000000000e+00 0.000000000000e+00
5.623413251903e+01 7.836058557587e-06 7.060851076657e-06 0.000000000000e+00 0.000000000000e+00 9.184283575721e-06 3.815772980721e-06 1.000000000000e+00 0.000000000000e+00 0.000000000000e+00 0.000000000000e+00
6.309573444802e+01 7.486980280191e-06 7.922411521200e-06 0.000000000000e+00 0.000000000000e+00 9.184295707037e-06 4.281369202430e-06 1.000000000000e+00 0.000000000000e+00 0.000000000000e+00 0.000000000000e+00
7.079457843841e+01 7.047516589864e-06 8.889100842346e-06 0.000000000000e+00 0.000000000000e+00 9.184310979486e-06 4.803777374511e-06 1.000000000000e+00 0.000000000000e+00 0.000000000000e+00 0.000000000000e+00
7.943282347243e+01 6.494263971035e-06 9.973747777503e-06 0.000000000000e+00 0.000000000000e+00 9.184330206347e-06 5.389929858723e-06 1.000000000000e+00 0.000000000000e+00 0.000000000000e+00 0.000000000000e+00
8.912509381337e+01 5.797759229154e-06 1.119074684877e-05 0.000000000000e+00 0.000000000000e+00 9.184354411608e-06 6.047604998255e-06 1.000000000000e+00 0.000000000000e+00 0.000000000000e+00 0.000000000000e+00
1.000000000000e+02 4.920910441797e-06 1.255624960250e-05 0.000000000000e+00 0.000000000000e+00 9.184384884199e-06 6.785530386531e-06 1.000000000000e+00 0.000000000000e+00 0.000000000000e+00 0.000000000000e+00
1.122018454302e+02 3.817021081431e-06 1.408837925493e-05 0.000000000000e+00 0.000000000000e+00 9.184423247179e-06 7.613498754655e-06 1.000000000000e+00 0.000000000000e+00 0.000000000000e+00 0.000000000000e+00
1.258925411794e+02 2.427303002150e-06 1.580747163799e-05 0.000000000000e+00 0.000000000000e+00 9.184471543509e-06 8.542498024598e-06 1.000000000000e+00 0.000000000000e+00 0.000000000000e+00 0.000000000000e+00
1.412537544623e+02 6.777461294405e-07 1.773634569419e-05 0.000000000000e+00 0.000000000000e+00 9.184532345104e-06 9.584857267036e-06 1.000000000000e+00 0.000000000000e+00 0.000000000000e+00 0.000000000000e+00
1.584893192461e+02 -1.524824142507e-06 1.990060718976e-05 0.000000000000e+00 0.000000000000e+00 9.184608890544e-06 1.075441051930e-05 1.000000000000e+00 0.000000000000e+00 0.000000000000e+00 0.000000000000e+00
1.778279410039e+02 -4.297709722323e-06 2.232898978610e-05 0.000000000000e+00 0.000000000000e+00 9.184705255956e-06 1.206668066352e-05 1.000000000000e+00 0.000000000000e+00 0.000000000000e+00 0.000000000000e+00
1.995262314969e+02 -7.788587709001e-06 2.505373815387e-05 0.000000000000e+00 0.000000000000e+00 9.184826574442e-06 1.353908584216e-05 1.000000000000e+00 0.000000000000e+00 0.000000000000e+00 0.000000000000e+00
2.238721138568e+02 -1.218337746423e-05 2.811103842904e-05 0.000000000000e+00 0.000000000000e+00 9.184979306979e-06 1.519117120252e-05 1.000000000000e+00 0.000000000000e+00 0.000000000000e+00 0.000000000000e+00
2.511886431510e+02 -1.771614529389e-05 3.154150204654e-05 0.000000000000e+00 0.000000000000e+00 9.185171588792e-06 1.704486911959e-05 1.000000000000e+00 0.000000000000e+00 0.000000000000e+00 0.000000000000e+00
2.818382931264e+02 -2.468157452995e-05 3.539070979863e-05 0.000000000000e+00 0.000000000000e+00 9.185413662334e-06 1.912479145525e-05 1.000000000000e+00 0.000000000000e+00 0.000000000000e+00 0.000000000000e+00
3.162277660168e+02 -3.345066897964e-05 3.970982397028e-05 0.000000000000e+00 0.000000000000e+00 9.185718422164e-06 2.145855788004e-05 1.000000000000e+00 0.000000000000e+00 0.000000000000e+00 0.000000000000e+00
3.548133892336e+02 -4.449052454447e-05 4.455627755584e-05 0.000000000000e+00 0.000000000000e+00 9.186102104282e-06 2.407716482378e-05 1.000000000000e+00 0.000000000000e+00 0.000000000000e+00 0.000000000000e+00
3.981071705535e+02 -5.838922709245e-05 4.999455094157e-05 0.000000000000e+00 0.000000000000e+00 9.186585150233e-06 2.701540024652e-05 1.000000000000e+00 0.000000000000e+00 0.000000000000e+00 0.000000000000e+00
4.466835921510e+02 -7.588720853846e-05 5.609704812470e-05 0.000000000000e+00 0.000000000000e+00 9.187193299218e-06 3.031231015200e-05 1.000000000000e+00 0.000000000000e+00 0.000000000000e+00 0.000000000000e+00
5.011872336273e+02 -9.791673625159e-05 6.294508657922e-05 0.000000000000e+00 0.000000000000e+00 9.187958961350e-06 3.401172362454e-05 1.000000000000e+00 0.000000000000e+00 0.000000000000e+00 0.000000000000e+00
5.623413251903e+02 -1.256516541730e-04 7.063001742336e-05 0.000000000000e+00 0.000000000000e+00 9.188922948587e-06 3.816284419178e-05 1.000000000000e+00 0.000000000000e+00 0.000000000000e+00 0.000000000000e+00
6.309573444802e+02 -1.605700434197e-04 7.925449571555e-05 0.000000000000e+00 0.000000000000e+00 9.190136656730e-06 4.282091654029e-05 1.000000000000e+00 0.000000000000e+00 0.000000000000e+00 0.000000000000e+00
7.079457843841e+02 -2.045331720524e-04 8.893392477516e-05 0.000000000000e+00 0.000000000000e+00 9.191664814940e-06 4.804797910006e-05 1.000000000000e+00 0.000000000000e+00 0.000000000000e+00 0.000000000000e+00
7.943282347243e+02 -2.598849901574e-04 9.979810361926e-05 0.000000000000e+00 0.000000000000e+00 9.193588953853e-06 5.391371484326e-05 1.000000000000e+00 0.000000000000e+00 0.000000000000e+00 0.000000000000e+00
8.912509381337e+02 -3.295775475749e-04 1.119931134648e-04 0.000000000000e+00 0.000000000000e+00 9.196011779562e-06 6.049641492423e-05 1.000000000000e+00 0.000000000000e+00 0.000000000000e+00 0.000000000000e+00
1.000000000000e+03 -4.173291452503e-04 1.256834882319e-04 0.000000000000e+00 0.000000000000e+00 9.199062694768e-06 6.788407266898e-05 1.000000000000e+00 0.000000000000e+00 0.000000000000e+00 0.000000000000e+00
1.122018454302e+03 -5.278238439246e-04 1.410547260878e-04 0.000000000000e+00 0.000000000000e+00 9.202904771505e-06 7.617562911335e-05 1.000000000000e+00 0.000000000000e+00 0.000000000000e+00 0.000000000000e+00
1.258925411794e+03 -6.669632794569e-04 1.583162153427e-04 0.000000000000e+00 0.000000000000e+00 9.207743565414e-06 8.548239608077e-05 1.000000000000e+00 0.000000000000e+00 0.000000000000e+00 0.000000000000e+00
1.412537544623e+03 -8.421847100522e-04 1.777046703300e-04 0.000000000000e+00 0.000000000000e+00 9.213838268900e-06 9.592968909383e-05 1.000000000000e+00 0.000000000000e+00 0.000000000000e+00 0.000000000000e+00
1.584893192461e+03 -1.062863048730e-03 1.994882034690e-04 0.000000000000e+00 0.000000000000e+00 9.221515840072e-06 1.076587108061e-04 1.000000000000e+00 0.000000000000e+00 0.000000000000e+00 0.000000000000e+00
1.778279410039e+03 -1.340819591007e-03 2.239712023586e-04 0.000000000000e+00 0.000000000000e+00 9.231188934693e-06 1.208287369480e-04 1.000000000000e+00 0.000000000000e+00 0.000000000000e+00 0.000000000000e+00
1.995262314969e+03 -1.690966591525e-03 2.515002401235e-04 0.000000000000e+00 0.000000000000e+00 9.243378706986e-06 1.356196721756e-04 1.000000000000e+00 0.000000000000e+00 0.000000000000e+00 0.000000000000e+00
2.238721138568e+03 -2.132125306446e-03 2.824713311753e-04 0.000000000000e+00 0.000000000000e+00 9.258743874703e-06 1.522350643899e-04 1.000000000000e+00 0.000000000000e+00 0.000000000000e+00 0.000000000000e+00
2.511886431510e+03 -2.688066301630e-03 3.173389634643e-04 0.000000000000e+00 0.000000000000e+00 9.278117886933e-06 1.709056954960e-04 1.000000000000e+00 0.000000000000e+00 0.000000000000e+00 0.000000000000e+00
2.818382931264e+03 -3.388835784506e-03 3.566275084559e-04 0.000000000000e+00 0.000000000000e+00 9.302556636326e-06 1.918939077793e-04 1.000000000000e+00 0.000000000000e+00 0.000000000000e+00 0.000000000000e+00
3.162277660168e+03 -4.272451955387e-03 4.009458554304e-04 0.000000000000e+00 0.000000000000e+00 9.333399992931e-06 2.154988833314e-04 1.000000000000e+00 0.000000000000e+00 0.000000000000e+00 0.000000000000e+00
3.548133892336e+03 -5.387083115295e-03 4.510064738135e-04 0.000000000000e+00 0.000000000000e+00 9.372351638250e-06 2.420631770961e-04 1.000000000000e+00 0.000000000000e+00 0.000000000000e+00 0.000000000000e+00
3.981071705535e+03 -6.793857909770e-03 5.076506318389e-04 0.000000000000e+00 0.000000000000e+00 9.421583365087e-06 2.719809238939e-04 1.000000000000e+00 0.000000000000e+00 0.000000000000e+00 0.000000000000e+00
4.466835921510e+03 -8.570512782796e-03 5.718822805321e-04 0.000000000000e+00 0.000000000000e+00 9.483872523515e-06 3.057083142082e-04 1.000000000000e+00 0.000000000000e+00 0.000000000000e+00 0.000000000000e+00
5.011872336273e+03 -1.081616061072e-02 6.449142885536e-04 0.000000000000e+00 0.000000000000e+00 9.562785020399e-06 3.437771905134e-04 1.000000000000e+00 0.000000000000e+00 0.000000000000e+00 0.000000000000e+00
5.623413251903e+03 -1.365758049394e-02 7.282325145574e-04 0.000000000000e+00 0.000000000000e+00 9.662921972138e-06 3.868129996219e-04 1.000000000000e+00 0.000000000000e+00 0.000000000000e+00 0.000000000000e+00
6.309573444802e+03 -1.725760295517e-02 8.236860122750e-04 0.000000000000e+00 0.000000000000e+00 9.790256997206e-06 4.355589182165e-04 1.000000000000e+00 0.000000000000e+00 0.000000000000e+00 0.000000000000e+00
7.079457843841e+03 -2.182643246545e-02 9.336161320626e-04 0.000000000000e+00 0.000000000000e+00 9.952605307104e-06 4.909088661771e-04 1.000000000000e+00 0.000000000000e+00 0.000000000000e+00 0.000000000000e+00
7.943282347243e+03 -2.763717036657e-02 1.061044565368e-03 0.000000000000e+00 0.000000000000e+00 1.016028897438e-05 5.539535351722e-04 1.000000000000e+00 0.000000000000e+00 0.000000000000e+00 0.000000000000e+00
8.912509381337e+03 -3.504748114966e-02 1.209952567383e-03 0.000000000000e+00 0.000000000000e+00 1.042710178661e-05 6.260458366933e-04 1.000000000000e+00 0.000000000000e+00 0.000000000000e+00 0.000000000000e+00
1.000000000000e+04 -4.453047390462e-02 1.385704629126e-03 0.000000000000e+00 0.000000000000e+00 1.077174481387e-05 7.088959416583e-04 1.000000000000e+00 0.000000000000e+00 0.000000000000e+00 0.000000000000e+00
1.122018454302e+04 -5.671980403093e-02 1.595707446462e-03 0.000000000000e+00 0.000000000000e+00 1.122002522005e-05 8.047125134688e-04 1.000000000000e+00 0.000000000000e+00 0.000000000000e+00 0.000000000000e+00
1.258925411794e+04 -7.247742831044e-02 1.850464843880e-03 0.000000000000e+00 0.000000000000e+00 1.180833709827e-05 9.164180995420e-04 1.000000000000e+00 0.000000000000e+00 0.000000000000e+00 0.000000000000e+00
1.412537544623e+04 -9.299877023318e-02 2.165324956501e-03 0.000000000000e+00 0.000000000000e+00 1.258938366431e-05 1.047987552831e-03 1.000000000000e+00 0.000000000000e+00 0.000000000000e+00 0.000000000000e+00
1.584893192461e+04 -1.199822640078e-01 2.563493538851e-03 0.000000000000e+00 0.000000000000e+00 1.364200297913e-05 1.204998651219e-03 1.000000000000e+00 0.000000000000e+00 0.000000000000e+00 0.000000000000e+00
1.778279410039e+04 -1.559151255639e-01 3.081490682476e-03 0.000000000000e+00 0.000000000000e+00 1.508892422784e-05 1.395566088944e-03 1.000000000000e+00 0.000000000000e+00 0.000000000000e+00 0.000000000000e+00
1.995262314969e+04 -2.045812310160e-01 3.779637856645e-03 0.000000000000e+00 0.000000000000e+00 1.713087571075e-05 1.632008002120e-03 1.000000000000e+00 0.000000000000e+00 0.000000000000e+00 0.000000000000e+00
2.238721138568e+04 -2.720237712811e-01 4.763755429153e-03 0.000000000000e+00 0.000000000000e+00 2.011718603389e-05 1.934011737396e-03 1.000000000000e+00 0.000000000000e+00 0.000000000000e+00 0.000000000000e+00
2.511886431510e+04 -3.685228582733e-01 6.234459962130e-03 0.000000000000e+00 0.000000000000e+00 2.470634792671e-05 2.335144055009e-03 1.000000000000e+00 0.000000000000e+00 0.000000000000e+00 0.000000000000e+00
2.818382931264e+04 -5.131048485036e-01 8.613798800937e-03 0.000000000000e+00 0.000000000000e+00 3.227897850446e-05 2.897700997859e-03 1.000000000000e+00 0.000000000000e+00 0.000000000000e+00 0.000000000000e+00
3.162277660168e+04 -7.453926291624e-01 1.293040645636e-02 0.000000000000e+00 0.000000000000e+00 4.619553090116e-05 3.751734871891e-03 1.000000000000e+00 0.000000000000e+00 0.000000000000e+00 0.000000000000e+00
3.548133892336e+04 -1.163931302750e+00 2.232436763720e-02 0.000000000000e+00 0.000000000000e+00 7.671758463892e-05 5.221269429405e-03 1.000000000000e+00 0.000000000000e+00 0.000000000000e+00 0.000000000000e+00
3.981071705535e+04 -2.100908794976e+00 5.103739479456e-02 0.000000000000e+00 0.000000000000e+00 1.704567039667e-04 8.399676606370e-03 1.000000000000e+00 0.000000000000e+00 0.000000000000e+00 0.000000000000e+00
4.466835921510e+04 -5.823048277022e+00 2.707217062397e-01 0.000000000000e+00 0.000000000000e+00 8.906548189992e-04 2.075090031412e-02 1.000000000000e+00 0.000000000000e+00 0.000000000000e+00 0.000000000000e+00
5.011872336273e+04 1.412590461351e+01 1.066391868251e+00 0.000000000000e+00 0.000000000000e+00 3.528802343104e-03 -4.484643198673e-02 1.000000000000e+00 0.000000000000e+00 0.000000000000e+00 0.000000000000e+00
5.623413251903e+04 3.810027196027e+00 4.819879940628e-02 0.000000000000e+00 0.000000000000e+00 1.669307110696e-04 -1.078274113163e-02 1.000000000000e+00 0.000000000000e+00 0.000000000000e+00 0.000000000000e+00
6.309573444802e+04 2.409816487048e+00 1.037262043384e-02 0.000000000000e+00 0.000000000000e+00 4.149690327451e-05 -6.078502846126e-03 1.000000000000e+00 0.000000000000e+00 0.000000000000e+00 0.000000000000e+00
7.079457843841e+04 1.865223685049e+00 1.986476362376e-03 0.000000000000e+00 0.000000000000e+00 1.389272322396e-05 -4.193221640699e-03 1.000000000000e+00 0.000000000000e+00 0.000000000000e+00 0.000000000000e+00
7.943282347243e+04 1.581340348891e+00 -1.069965825963e-03 0.000000000000e+00 0.000000000000e+00 4.204574109487e-06 -3.168431550784e-03 1.000000000000e+00 0.000000000000e+00 0.000000000000e+00 0.000000000000e+00
8.912509381337e+04 1.410778110431e+00 -2.556847250617e-03 0.000000000000e+00 0.000000000000e+00 -6.706050649257e-08 -2.519294072487e-03 1.000000000000e+00 0.000000000000e+00 0.000000000000e+00 0.000000000000e+00
1.000000000000e+05 1.299444087224e+00 -3.468097784435e-03 0.000000000000e+00 0.000000000000e+00 -2.228113086457e-06 -2.068133043684e-03 1.000000000000e+00 0.000000000000e+00 0.000000000000e+00 0.000000000000e+00
1.122018454302e+05 1.222789958250e+00 -4.151191640119e-03 0.000000000000e+00 0.000000000000e+00 -3.428010588831e-06 -1.734495640934e-03 1.000000000000e+00 0.000000000000e+00 0.000000000000e+00 0.000000000000e+00
1.258925411794e+05 1.168055462664e+00 -4.752275937221e-03 0.000000000000e+00 0.000000000000e+00 -4.141055222032e-06 -1.476675726903e-03 1.000000000000e+00 0.000000000000e+00 0.000000000000e+00 0.000000000000e+00
1.412537544623e+05 1.127947791358e+00 -5.342420936557e-03 0.000000000000e+00 0.000000000000e+00 -4.587509271029e-06 -1.270898584979e-03 1.000000000000e+00 0.000000000000e+00 0.000000000000e+00 0.000000000000e+00
1.584893192461e+05 1.097996881198e+00 -5.961150472672e-03 0.000000000000e+00 0.000000000000e+00 -4.878942219352e-06 -1.102613150724e-03 1.000000000000e+00 0.000000000000e+00 0.000000000000e+00 0.000000000000e+00
1.778279410039e+05 1.075312546711e+00 -6.633697218561e-03 0.000000000000e+00 0.000000000000e+00 -5.075774534515e-06 -9.624028375191e-04 1.000000000000e+00 0.000000000000e+00 0.000000000000e+00 0.000000000000e+00
1.995262314969e+05 1.057946561522e+00 -7.378611095092e-03 0.000000000000e+00 0.000000000000e+00 -5.212513192076e-06 -8.438903152099e-04 1.000000000000e+00 0.000000000000e+00 0.000000000000e+00 0.000000000000e+00
2.238721138568e+05 1.044541602902e+00 -8.211463507322e-03 0.000000000000e+00 0.000000000000e+00 -5.309765445084e-06 -7.425882642474e-04 1.000000000000e+00 0.000000000000e+00 0.000000000000e+00 0.000000000000e+00
2.511886431510e+05 1.034126766977e+00 -9.146769315464e-03 0.000000000000e+00 0.000000000000e+00 -5.380298503928e-06 -6.552336163952e-04 1.000000000000e+00 0.000000000000e+00 0.000000000000e+00 0.000000000000e+00
2.818382931264e+05 1.025992672733e+00 -1.019910315553e-02 0.000000000000e+00 0.000000000000e+00 -5.432284580254e-06 -5.793842568556e-04 1.000000000000e+00 0.000000000000e+00 0.000000000000e+00 0.000000000000e+00
3.162277660168e+05 1.019612038380e+00 -1.138380470150e-02 0.000000000000e+00 0.000000000000e+00 -5.471107081471e-06 -5.131654590042e-04 1.000000000000e+00 0.000000000000e+00 0.000000000000e+00 0.000000000000e+00
3.548133892336e+05 1.014587389260e+00 -1.271746827811e-02 0.000000000000e+00 0.000000000000e+00 -5.500400301544e-06 -4.551053554210e-04 1.000000000000e+00 0.000000000000e+00 0.000000000000e+00 0.000000000000e+00
3.981071705535e+05 1.010615573212e+00 -1.421834087861e-02 0.000000000000e+00 0.000000000000e+00 -5.522675256290e-06 -4.040252346617e-04 1.000000000000e+00 0.000000000000e+00 0.000000000000e+00 0.000000000000e+00
4.466835921510e+05 1.007463036154e+00 -1.590665712429e-02 0.000000000000e+00 0.000000000000e+00 -5.539697808354e-06 -3.589646153878e-04 1.000000000000e+00 0.000000000000e+00 0.000000000000e+00 0.000000000000e+00
5.011872336273e+05 1.004948187125e+00 -1.780497394394e-02 0.000000000000e+00 0.000000000000e+00 -5.552732548456e-06 -3.191289493139e-04 1.000000000000e+00 0.000000000000e+00 0.000000000000e+00 0.000000000000e+00
5.623413251903e+05 1.002928554057e+00 -1.993848895740e-02 0.000000000000e+00 0.000000000000e+00 -5.562693734564e-06 -2.838523777749e-04 1.000000000000e+00 0.000000000000e+00 0.000000000000e+00 0.000000000000e+00
6.309573444802e+05 1.001291245299e+00 -2.233539141292e-02 0.000000000000e+00 0.000000000000e+00 -5.570249882558e-06 -2.525706992571e-04 1.000000000000e+00 0.000000000000e+00 0.000000000000e+00 0.000000000000e+00
7.079457843841e+05 9.999457331936e-01 -2.502721539887e-02 0.000000000000e+00 0.000000000000e+00 -5.575888546552e-06 -2.248013862108e-04 1.000000000000e+00 0.000000000000e+00 0.000000000000e+00 0.000000000000e+00
7.943282347243e+05 9.988182871201e-01 -2.804923294011e-02 0.000000000000e+00 0.000000000000e+00 -5.579963585621e-06 -2.001285473375e-04 1.000000000000e+00 0.000000000000e+00 0.000000000000e+00 0.000000000000e+00
8.912509381337e+05 9.978475857921e-01 -3.144086838557e-02 0.000000000000e+00 0.000000000000e+00 -5.582725763909e-06 -1.781914132759e-04 1.000000000000e+00 0.000000000000e+00 0.000000000000e+00 0.000000000000e+00
1.000000000000e+06 9.969811689508e-01 -3.524613831761e-02 0.000000000000e+00 0.000000000000e+00 -5.584343168668e-06 -1.586753699839e-04 1.000000000000e+00 0.000000000000e+00 0.000000000000e+00 0.000000000000e+00
1.122018454302e+06 9.961724745408e-01 -3.951412402293e-02 0.000000000000e+00 0.000000000000e+00 -5.584915977957e-06 -1.413048615683e-04 1.000000000000e+00 0.000000000000e+00 0.000000000000e+00 0.000000000000e+00
1.258925411794e+06 9.953782665877e-01 -4.429944807115e-02 0.000000000000e+00 0.000000000000e+00 -5.584483704285e-06 -1.258376856069e-04 1.000000000000e+00 0.000000000000e+00 0.000000000000e+00 0.000000000000e+00
1.412537544623e+06 9.945562946514e-01 -4.966276553750e-02 0.000000000000e+00 0.000000000000e+00 -5.583030125975e-06 -1.120603410836e-04 1.000000000000e+00 0.000000000000e+00 0.000000000000e+00 0.000000000000e+00
1.584893192461e+06 9.936630526496e-01 -5.567122823117e-02 0.000000000000e+00 0.000000000000e+00 -5.580483313860e-06 -9.978418451838e-05 1.000000000000e+00 0.000000000000e+00 0.000000000000e+00 0.000000000000e+00
1.778279410039e+06 9.926515181500e-01 -6.239890567035e-02 0.000000000000e+00 0.000000000000e+00 -5.576713393377e-06 -8.884221599310e-05 1.000000000000e+00 0.000000000000e+00 0.000000000000e+00 0.000000000000e+00
1.995262314969e+06 9.914687639151e-01 -6.992710325124e-02 0.000000000000e+00 0.000000000000e+00 -5.571526645591e-06 -7.908636385826e-05 1.000000000000e+00 0.000000000000e+00 0.000000000000e+00 0.000000000000e+00
2.238721138568e+06 9.900533380930e-01 -7.834451519456e-02 0.000000000000e+00 0.000000000000e+00 -5.564656756475e-06 -7.038517018048e-05 1.000000000000e+00 0.000000000000e+00 0.000000000000e+00 0.000000000000e+00
2.511886431510e+06 9.883323141665e-01 -8.774711153987e-02 0.000000000000e+00 0.000000000000e+00 -5.555752759776e-06 -6.262180306776e-05 1.000000000000e+00 0.000000000000e+00 0.000000000000e+00 0.000000000000e+00
2.818382931264e+06 9.862179194995e-01 -9.823762006692e-02 0.000000000000e+00 0.000000000000e+00 -5.544363381837e-06 -5.569233957735e-05 1.000000000000e+00 0.000000000000e+00 0.000000000000e+00 0.000000000000e+00
3.162277660168e+06 9.836036649231e-01 -1.099244179134e-01 0.000000000000e+00 0.000000000000e+00 -5.529917833431e-06 -4.950427579507e-05 1.000000000000e+00 0.000000000000e+00 0.000000000000e+00 0.000000000000e+00
3.548133892336e+06 9.803599274627e-01 -1.229195745855e-01 0.000000000000e+00 0.000000000000e+00 -5.511702662907e-06 -4.397523047725e-05 1.000000000000e+00 0.000000000000e+00 0.000000000000e+00 0.000000000000e+00
3.981071705535e+06 9.763289896296e-01 -1.373357187625e-01 0.000000000000e+00 0.000000000000e+00 -5.488835171519e-06 -3.903181601645e-05 1.000000000000e+00 0.000000000000e+00 0.000000000000e+00 0.000000000000e+00
4.466835921510e+06 9.713196321593e-01 -1.532812971382e-01 0.000000000000e+00 0.000000000000e+00 -5.460233689553e-06 -3.460865644496e-05 1.000000000000e+00 0.000000000000e+00 0.000000000000e+00 0.000000000000e+00
5.011872336273e+06 9.651015209981e-01 -1.708537141911e-01 0.000000000000e+00 0.000000000000e+00 -5.424586587214e-06 -3.064753662827e-05 1.000000000000e+00 0.000000000000e+00 0.000000000000e+00 0.000000000000e+00
5.623413251903e+06 9.573998583869e-01 -1.901297495168e-01 0.000000000000e+00 0.000000000000e+00 -5.380322508776e-06 -2.709667055522e-05 1.000000000000e+00 0.000000000000e+00 0.000000000000e+00 0.000000000000e+00
6.309573444802e+06 9.478910904087e-01 -2.111526381054e-01 0.000000000000e+00 0.000000000000e+00 -5.325586743392e-06 -2.391007909878e-05 1.000000000000e+00 0.000000000000e+00 0.000000000000e+00 0.000000000000e+00
7.079457843841e+06 9.362009086667e-01 -2.339152793994e-01 0.000000000000e+00 0.000000000000e+00 -5.258230793536e-06 -2.104706921088e-05 1.000000000000e+00 0.000000000000e+00 0.000000000000e+00 0.000000000000e+00
7.943282347243e+06 9.219063245103e-01 -2.583393469787e-01 0.000000000000e+00 0.000000000000e+00 -5.175825608389e-06 -1.847180623293e-05 1.000000000000e+00 0.000000000000e+00 0.000000000000e+00 0.000000000000e+00
8.912509381337e+06 9.045441811813e-01 -2.842506955642e-01 0.000000000000e+00 0.000000000000e+00 -5.075712183400e-06 -1.615296874819e-05 1.000000000000e+00 0.000000000000e+00 0.000000000000e+00 0.000000000000e+00
1.000000000000e+07 8.836289311539e-01 -3.113525533661e-01 0.000000000000e+00 0.000000000000e+00 -4.955105964172e-06 -1.406347008818e-05 1.000000000000e+00 0.000000000000e+00 0.000000000000e+00 0.000000000000e+00
1.122018454302e+07 8.586825589856e-01 -3.391996099879e-01 0.000000000000e+00 0.000000000000e+00 -4.811271675156e-06 -1.218022208307e-05 1.000000000000e+00 0.000000000000e+00 0.000000000000e+00 0.000000000000e+00
1.258925411794e+07 8.292787362986e-01 -3.671781898840e-01 0.000000000000e+00 0.000000000000e+00 -4.641780585470e-06 -1.048390536951e-05 1.000000000000e+00 0.000000000000e+00 0.000000000000e+00 0.000000000000e+00
1.412537544623e+07 7.951011512556e-01 -3.944998139899e-01 0.000000000000e+00 0.000000000000e+00 -4.444849615724e-06 -8.958698930298e-06 1.000000000000e+00 0.000000000000e+00 0.000000000000e+00 0.000000000000e+00
1.584893192461e+07 7.560121381921e-01 -4.202167392913e-01 0.000000000000e+00 0.000000000000e+00 -4.219739428216e-06 -7.591914773530e-06 1.000000000000e+00 0.000000000000e+00 0.000000000000e+00 0.000000000000e+00
1.778279410039e+07 7.121224890680e-01 -4.432672226957e-01 0.000000000000e+00 0.000000000000e+00 -3.967158076063e-06 -6.373489170209e-06 1.000000000000e+00 0.000000000000e+00 0.000000000000e+00 0.000000000000e+00
1.995262314969e+07 6.638479682659e-01 -4.625539883949e-01 0.000000000000e+00 0.000000000000e+00 -3.689585593497e-06 -5.295307390620e-06 1.000000000000e+00 0.000000000000e+00 0.000000000000e+00 0.000000000000e+00
2.238721138568e+07 6.119350233840e-01 -4.770512936276e-01 0.000000000000e+00 0.000000000000e+00 -3.391417438987e-06 -4.350386562471e-06 1.000000000000e+00 0.000000000000e+00 0.000000000000e+00 0.000000000000e+00
2.511886431510e+07 5.574403659949e-01 -4.859256501485e-01 0.000000000000e+00 0.000000000000e+00 -3.078837724929e-06 -3.532002029485e-06 1.000000000000e+00 0.000000000000e+00 0.000000000000e+00 0.000000000000e+00
2.818382931264e+07 5.016580439163e-01 -4.886465189170e-01 0.000000000000e+00 0.000000000000e+00 -2.759385787450e-06 -2.832893845449e-06 1.000000000000e+00 0.000000000000e+00 0.000000000000e+00 0.000000000000e+00
3.162277660168e+07 4.460017015422e-01 -4.850609545248e-01 0.000000000000e+00 0.000000000000e+00 -2.441262268971e-06 -2.244703710269e-06 1.000000000000e+00 0.000000000000e+00 0.000000000000e+00 0.000000000000e+00
3.548133892336e+07 3.918637392547e-01 -4.754131002198e-01 0.000000000000e+00 0.000000000000e+00 -2.132503097450e-06 -1.757751889070e-06 1.000000000000e+00 0.000000000000e+00 0.000000000000e+00 0.000000000000e+00
3.981071705535e+07 3.404806350738e-01 -4.603040013284e-01 0.000000000000e+00 0.000000000000e+00 -1.840193945674e-06 -1.361177918491e-06 1.000000000000e+00 0.000000000000e+00 0.000000000000e+00 0.000000000000e+00
4.466835921510e+07 2.928310763350e-01 -4.406034682273e-01 0.000000000000e+00 0.000000000000e+00 -1.569882016847e-06 -1.043373071299e-06 1.000000000000e+00 0.000000000000e+00 0.000000000000e+00 0.000000000000e+00
5.011872336273e+07 2.495822615379e-01 -4.173367887828e-01 0.000000000000e+00 0.000000000000e+00 -1.325274912674e-06 -7.925673060021e-07 1.000000000000e+00 0.000000000000e+00 0.000000000000e+00 0.000000000000e+00
5.623413251903e+07 2.110853814929e-01 -3.915712285890e-01 0.000000000000e+00 0.000000000000e+00 -1.108230868483e-06 -5.974211169362e-07 1.000000000000e+00 0.000000000000e+00 0.000000000000e+00 0.000000000000e+00
6.309573444802e+07 1.774098905527e-01 -3.643215335890e-01 0.000000000000e+00 0.000000000000e+00 -9.189765715505e-07 -4.475073876472e-07 1.000000000000e+00 0.000000000000e+00 0.000000000000e+00 0.000000000000e+00
7.079457843841e+07 1.484008985949e-01 -3.364842625298e-01 0.000000000000e+00 0.000000000000e+00 -7.564573691576e-07 -3.336252222356e-07 1.000000000000e+00 0.000000000000e+00 0.000000000000e+00 0.000000000000e+00
7.943282347243e+07 1.237444987905e-01 -3.088020214275e-01 0.000000000000e+00 0.000000000000e+00 -6.187282100452e-07 -2.479409175657e-07 1.000000000000e+00 0.000000000000e+00 0.000000000000e+00 0.000000000000e+00
8.912509381337e+07 1.030297107816e-01 -2.818529327284e-01 0.000000000000e+00 0.000000000000e+00 -5.033179351297e-07 -1.839859815025e-07 1.000000000000e+00 0.000000000000e+00 0.000000000000e+00 0.000000000000e+00
1.000000000000e+08 8.580045676840e-02 -2.560582399958e-01 0.000000000000e+00 0.000000000000e+00 -4.075291288113e-07 -1.365563167451e-07 1.000000000000e+00 0.000000000000e+00 0.000000000000e+00 0.000000000000e+00
1.122018454302e+08 7.159501348752e-02 -2.317009281540e-01 0.000000000000e+00 0.000000000000e+00 -3.286606537547e-07 -1.015558394922e-07 1.000000000000e+00 0.000000000000e+00 0.000000000000e+00 0.000000000000e+00
1.258925411794e+08 5.997311858396e-02 -2.089494917086e-01 0.000000000000e+00 0.000000000000e+00 -2.641564947647e-07 -7.581910912007e-08 1.000000000000e+00 0.000000000000e+00 0.000000000000e+00 0.000000000000e+00
1.412537544623e+08 5.053241605888e-02 -1.878826356212e-01 0.000000000000e+00 0.000000000000e+00 -2.116930713263e-07 -5.693666355816e-08 1.000000000000e+00 0.000000000000e+00 0.000000000000e+00 0.000000000000e+00
1.584893192461e+08 4.291651950294e-02 -1.685122415304e-01 0.000000000000e+00 0.000000000000e+00 -1.692199163928e-07 -4.309693034124e-08 1.000000000000e+00 0.000000000000e+00 0.000000000000e+00 0.000000000000e+00
1.778279410039e+08 3.681699719505e-02 -1.508031618532e-01 0.000000000000e+00 0.000000000000e+00 -1.349678979749e-07 -3.295111297539e-08 1.000000000000e+00 0.000000000000e+00 0.000000000000e+00 0.000000000000e+00
1.995262314969e+08 3.197131291814e-02 -1.346892776775e-01 0.000000000000e+00 0.000000000000e+00 -1.074368021898e-07 -2.550245924550e-08 1.000000000000e+00 0.000000000000e+00 0.000000000000e+00 0.000000000000e+00
2.238721138568e+08 2.815837379883e-02 -1.200858200947e-01 0.000000000000e+00 0.000000000000e+00 -8.537127893256e-08 -2.001838411031e-08 1.000000000000e+00 0.000000000000e+00 0.000000000000e+00 0.000000000000e+00
2.511886431510e+08 2.519294804919e-02 -1.068982842024e-01 0.000000000000e+00 0.000000000000e+00 -6.773151677932e-08 -1.596247721471e-08 1.000000000000e+00 0.000000000000e+00 0.000000000000e+00 0.000000000000e+00
2.818382931264e+08 2.291987320844e-02 -9.502843628020e-02 0.000000000000e+00 0.000000000000e+00 -5.366284027830e-08 -1.294295255767e-08 1.000000000000e+00 0.000000000000e+00 0.000000000000e+00 0.000000000000e+00
3.162277660168e+08 2.120869339622e-02 -8.437799195977e-02 0.000000000000e+00 0.000000000000e+00 -4.246677317071e-08 -1.067418965717e-08 1.000000000000e+00 0.000000000000e+00 0.000000000000e+00 0.000000000000e+00
3.548133892336e+08 1.994913020294e-02 -7.485057127301e-02 0.000000000000e+00 0.000000000000e+00 -3.357493642758e-08 -8.948388426541e-09 1.000000000000e+00 0.000000000000e+00 0.000000000000e+00 0.000000000000e+00
3.981071705535e+08 1.904758235929e-02 -6.635253256170e-02 0.000000000000e+00 0.000000000000e+00 -2.652635549679e-08 -7.614836738604e-09 1.000000000000e+00 0.000000000000e+00 0.000000000000e+00 0.000000000000e+00
4.466835921510e+08 1.842464927111e-02 -5.879324160682e-02 0.000000000000e+00 0.000000000000e+00 -2.094823750352e-08 -6.564775137869e-09 1.000000000000e+00 0.000000000000e+00 0.000000000000e+00 0.000000000000e+00
5.011872336273e+08 1.801349473985e-02 -5.208522545305e-02 0.000000000000e+00 0.000000000000e+00 -1.653996675554e-08 -5.720296069545e-09 1.000000000000e+00 0.000000000000e+00 0.000000000000e+00 0.000000000000e+00
5.623413251903e+08 1.775874677701e-02 -4.614449106873e-02 0.000000000000e+00 0.000000000000e+00 -1.305990280482e-08 -5.026118986133e-09 1.000000000000e+00 0.000000000000e+00 0.000000000000e+00 0.000000000000e+00
6.309573444802e+08 1.761560351262e-02 -4.089109174665e-02 0.000000000000e+00 0.000000000000e+00 -1.031451449079e-08 -4.443425598756e-09 1.000000000000e+00 0.000000000000e+00 0.000000000000e+00 0.000000000000e+00
7.079457843841e+08 1.754888757466e-02 -3.624985759475e-02 0.000000000000e+00 0.000000000000e+00 -8.149414152810e-09 -3.945208181047e-09 1.000000000000e+00 0.000000000000e+00 0.000000000000e+00 0.000000000000e+00
7.943282347243e+08 1.753192359444e-02 -3.215111929338e-02 0.000000000000e+00 0.000000000000e+00 -6.441932665506e-09 -3.512771176010e-09 1.000000000000e+00 0.000000000000e+00 0.000000000000e+00 0.000000000000e+00
8.912509381337e+08 1.754524634113e-02 -2.853125716770e-02 0.000000000000e+00 0.000000000000e+00 -5.094962504857e-09 -3.133139472135e-09 1.000000000000e+00 0.000000000000e+00 0.000000000000e+00 0.000000000000e+00
1.000000000000e+09 1.757523365399e-02 -2.533297241218e-02 0.000000000000e+00 0.000000000000e+00 -4.031867337423e-09 -2.797185953719e-09 1.000000000000e+00 0.000000000000e+00 0.000000000000e+00 0.000000000000e+00
